   0.0000000e+00   1.1000000e+02   2.4103000e+03   9.3237756e+02   3.9798936e+00   1.9655294e+00   2.2475509e+04   0.0000000e+00
   6.6933895e+00   2.1304332e+02   2.4052728e+03   9.3237756e+02   3.9943383e+00   1.9726631e+00   1.3338594e+02   0.0000000e+00
   1.3386779e+01   2.1307851e+02   2.4010632e+03   9.3288633e+02   3.9927596e+00   1.9718834e+00   1.3326545e+02   0.0000000e+00
   2.0080168e+01   2.1311529e+02   2.3968624e+03   9.3336638e+02   3.9911851e+00   1.9711058e+00   1.3313963e+02   0.0000000e+00
   2.6773558e+01   2.1315375e+02   2.3926705e+03   9.3381286e+02   3.9896169e+00   1.9703314e+00   1.3300827e+02   0.0000000e+00
   3.3466947e+01   2.1319396e+02   2.3884872e+03   9.3422038e+02   3.9880573e+00   1.9695611e+00   1.3287112e+02   0.0000000e+00
   4.0160337e+01   2.1323600e+02   2.3843123e+03   9.3458299e+02   3.9865084e+00   1.9687962e+00   1.3272793e+02   0.0000000e+00
   4.6853726e+01   2.1327995e+02   2.3801458e+03   9.3489411e+02   3.9849723e+00   1.9680375e+00   1.3257845e+02   0.0000000e+00
   5.3547116e+01   2.1332590e+02   2.3759872e+03   9.3514651e+02   3.9834509e+00   1.9672862e+00   1.3242242e+02   0.0000000e+00
   6.0240505e+01   2.1337394e+02   2.3718365e+03   9.3533231e+02   3.9819462e+00   1.9665431e+00   1.3225955e+02   0.0000000e+00
   6.6933895e+01   2.1342417e+02   2.3676932e+03   9.3544300e+02   3.9804601e+00   1.9658091e+00   1.3208956e+02   0.0000000e+00
   7.3627284e+01   2.1347669e+02   2.3635572e+03   9.3546954e+02   3.9789942e+00   1.9650852e+00   1.3191214e+02   0.0000000e+00
   8.0320674e+01   2.1353160e+02   2.3594279e+03   9.3540253e+02   3.9775503e+00   1.9643721e+00   1.3172699e+02   0.0000000e+00
   8.7014063e+01   2.1358902e+02   2.3553051e+03   9.3523256e+02   3.9761300e+00   1.9636706e+00   1.3153379e+02   0.0000000e+00
   9.3707453e+01   2.1364905e+02   2.3511883e+03   9.3495062e+02   3.9747346e+00   1.9629815e+00   1.3133219e+02   0.0000000e+00
   1.0040084e+02   2.1371181e+02   2.3470770e+03   9.3454877e+02   3.9733655e+00   1.9623053e+00   1.3112185e+02   0.0000000e+00
   1.0709423e+02   2.1377744e+02   2.3429707e+03   9.3402103e+02   3.9720239e+00   1.9616428e+00   1.3090240e+02   0.0000000e+00
   1.1378762e+02   2.1384607e+02   2.3388689e+03   9.3336448e+02   3.9707109e+00   1.9609943e+00   1.3067349e+02   0.0000000e+00
   1.2048101e+02   2.1391782e+02   2.3347711e+03   9.3258044e+02   3.9694275e+00   1.9603605e+00   1.3043471e+02   0.0000000e+00
   1.2717440e+02   2.6000000e+02   2.3306767e+03   9.3167582e+02   3.9802538e+00   1.9657072e+00   4.9639996e+01   0.0000000e+00
   1.3089179e+02   2.6000000e+02   2.3288497e+03   1.1587656e+03   1.7417593e+00   0.0000000e+00   0.0000000e+00   4.9118922e-02
   1.3460918e+02   2.6000000e+02   2.3270256e+03   1.1599897e+03   1.7484349e+00   0.0000000e+00   0.0000000e+00   4.9138172e-02
   1.3832657e+02   2.6000000e+02   2.3252045e+03   1.1612047e+03   1.7550576e+00   0.0000000e+00   0.0000000e+00   4.9156737e-02
   1.4204396e+02   2.6000000e+02   2.3233863e+03   1.1624108e+03   1.7616276e+00   0.0000000e+00   0.0000000e+00   4.9174588e-02
   1.4576135e+02   2.6000000e+02   2.3215709e+03   1.1636082e+03   1.7681457e+00   0.0000000e+00   0.0000000e+00   4.9191695e-02
   1.4947874e+02   2.6000000e+02   2.3197584e+03   1.1647970e+03   1.7746123e+00   0.0000000e+00   0.0000000e+00   4.9208029e-02
   1.5319613e+02   2.6000000e+02   2.3179488e+03   1.1659773e+03   1.7810282e+00   0.0000000e+00   0.0000000e+00   4.9223560e-02
   1.5691352e+02   2.6000000e+02   2.3161420e+03   1.1671493e+03   1.7873942e+00   0.0000000e+00   0.0000000e+00   4.9238259e-02
   1.6063091e+02   2.6000000e+02   2.3143380e+03   1.1683133e+03   1.7937112e+00   0.0000000e+00   0.0000000e+00   4.9252097e-02
   1.6434830e+02   2.6000000e+02   2.3125367e+03   1.1694693e+03   1.7999800e+00   0.0000000e+00   0.0000000e+00   4.9265043e-02
   1.6806569e+02   2.6000000e+02   2.3107383e+03   1.1706175e+03   1.8062018e+00   0.0000000e+00   0.0000000e+00   4.9277069e-02
   1.7178308e+02   2.6000000e+02   2.3089425e+03   1.1717581e+03   1.8123776e+00   0.0000000e+00   0.0000000e+00   4.9288146e-02
   1.7550047e+02   2.6000000e+02   2.3071496e+03   1.1728912e+03   1.8185087e+00   0.0000000e+00   0.0000000e+00   4.9298243e-02
   1.7921786e+02   2.6000000e+02   2.3053593e+03   1.1740169e+03   1.8245963e+00   0.0000000e+00   0.0000000e+00   4.9307331e-02
   1.8293525e+02   2.6000000e+02   2.3035717e+03   1.1751353e+03   1.8306421e+00   0.0000000e+00   0.0000000e+00   4.9315381e-02
   1.8665264e+02   2.6000000e+02   2.3017869e+03   1.1762465e+03   1.8366476e+00   0.0000000e+00   0.0000000e+00   4.9322364e-02
   1.9037003e+02   2.6000000e+02   2.3000046e+03   1.1773506e+03   1.8426146e+00   0.0000000e+00   0.0000000e+00   4.9328249e-02
   1.9408742e+02   2.6000000e+02   2.2982251e+03   1.1784478e+03   1.8485449e+00   0.0000000e+00   0.0000000e+00   4.9333009e-02
   1.9780481e+02   2.6000000e+02   2.2964481e+03   1.1795381e+03   1.8544404e+00   0.0000000e+00   0.0000000e+00   4.9336612e-02
   2.0152220e+02   2.6000000e+02   2.2946738e+03   1.1806216e+03   1.8603028e+00   0.0000000e+00   0.0000000e+00   4.9339030e-02
   2.0523959e+02   2.6000000e+02   2.2929021e+03   1.1816985e+03   1.8661335e+00   0.0000000e+00   0.0000000e+00   4.9340261e-02
   2.0895699e+02   2.6000000e+02   2.2911330e+03   1.1827688e+03   1.8719338e+00   0.0000000e+00   0.0000000e+00   4.9340337e-02
   2.1267438e+02   2.6000000e+02   2.2893664e+03   1.1838327e+03   1.8777047e+00   0.0000000e+00   0.0000000e+00   4.9339294e-02
   2.1639177e+02   2.6000000e+02   2.2876024e+03   1.1848903e+03   1.8834471e+00   0.0000000e+00   0.0000000e+00   4.9337165e-02
   2.2010916e+02   2.6000000e+02   2.2858410e+03   1.1859416e+03   1.8891613e+00   0.0000000e+00   0.0000000e+00   4.9333987e-02
   2.2382655e+02   2.6000000e+02   2.2840820e+03   1.1869867e+03   1.8948479e+00   0.0000000e+00   0.0000000e+00   4.9329795e-02
   2.2754394e+02   2.6000000e+02   2.2823256e+03   1.1880257e+03   1.9005066e+00   0.0000000e+00   0.0000000e+00   4.9324623e-02
   2.3126133e+02   2.6000000e+02   2.2805717e+03   1.1890587e+03   1.9061372e+00   0.0000000e+00   0.0000000e+00   4.9318507e-02
   2.3497872e+02   2.6000000e+02   2.2788203e+03   1.1900858e+03   1.9117387e+00   0.0000000e+00   0.0000000e+00   4.9311482e-02
   2.3869611e+02   2.6000000e+02   2.2770714e+03   1.1911070e+03   1.9173089e+00   0.0000000e+00   0.0000000e+00   4.9303584e-02
   2.4241350e+02   2.6000000e+02   2.2753249e+03   1.1921225e+03   1.9228454e+00   0.0000000e+00   0.0000000e+00   4.9294846e-02
   2.4613089e+02   2.6000000e+02   2.2735809e+03   1.1931322e+03   1.9283448e+00   0.0000000e+00   0.0000000e+00   4.9285305e-02
   2.4984828e+02   2.6000000e+02   2.2718393e+03   1.1941364e+03   1.9338030e+00   0.0000000e+00   0.0000000e+00   4.9274996e-02
   2.5356567e+02   2.6000000e+02   2.2701001e+03   1.1951350e+03   1.9392163e+00   0.0000000e+00   0.0000000e+00   4.9263953e-02
   2.5728306e+02   2.6000000e+02   2.2683634e+03   1.1961282e+03   1.9445816e+00   0.0000000e+00   0.0000000e+00   4.9252212e-02
   2.6100045e+02   2.6000000e+02   2.2666290e+03   1.1971160e+03   1.9498964e+00   0.0000000e+00   0.0000000e+00   4.9239807e-02
   2.6471784e+02   2.6000000e+02   2.2648971e+03   1.1980986e+03   1.9551595e+00   0.0000000e+00   0.0000000e+00   4.9226775e-02
   2.6843523e+02   2.6000000e+02   2.2631675e+03   1.1990759e+03   1.9603723e+00   0.0000000e+00   0.0000000e+00   4.9213150e-02
   2.7215262e+02   2.6000000e+02   2.2614403e+03   1.2000482e+03   1.9655364e+00   0.0000000e+00   0.0000000e+00   4.9198967e-02
   2.7587001e+02   2.6000000e+02   2.2597154e+03   1.2010155e+03   1.9706548e+00   0.0000000e+00   0.0000000e+00   4.9184262e-02
   2.7958740e+02   2.6000000e+02   2.2579929e+03   1.2019779e+03   1.9757313e+00   0.0000000e+00   0.0000000e+00   4.9169069e-02
   2.8330479e+02   2.6000000e+02   2.2562727e+03   1.2029354e+03   1.9807697e+00   0.0000000e+00   0.0000000e+00   4.9153424e-02
   2.8702218e+02   2.6000000e+02   2.2545548e+03   1.2038883e+03   1.9857722e+00   0.0000000e+00   0.0000000e+00   4.9137362e-02
   2.9073957e+02   2.6000000e+02   2.2528392e+03   1.2048364e+03   1.9907404e+00   0.0000000e+00   0.0000000e+00   4.9120917e-02
   2.9445696e+02   2.6000000e+02   2.2511260e+03   1.2057800e+03   1.9956754e+00   0.0000000e+00   0.0000000e+00   4.9104126e-02
   2.9817435e+02   2.6000000e+02   2.2494150e+03   1.2067191e+03   2.0005775e+00   0.0000000e+00   0.0000000e+00   4.9087023e-02
   3.0189174e+02   2.6000000e+02   2.2477063e+03   1.2076538e+03   2.0054467e+00   0.0000000e+00   0.0000000e+00   4.9069643e-02
   3.0560913e+02   2.6000000e+02   2.2459999e+03   1.2085842e+03   2.0102846e+00   0.0000000e+00   0.0000000e+00   4.9052003e-02
   3.0932652e+02   2.6000000e+02   2.2442957e+03   1.2095101e+03   2.0150938e+00   0.0000000e+00   0.0000000e+00   4.9034103e-02
   3.1304391e+02   2.6000000e+02   2.2425938e+03   1.2104318e+03   2.0198774e+00   0.0000000e+00   0.0000000e+00   4.9015943e-02
   3.1676130e+02   2.6000000e+02   2.2408942e+03   1.2113492e+03   2.0246384e+00   0.0000000e+00   0.0000000e+00   4.8997521e-02
   3.2047869e+02   2.6000000e+02   2.2391967e+03   1.2122624e+03   2.0293805e+00   0.0000000e+00   0.0000000e+00   4.8978837e-02
   3.2419608e+02   2.6000000e+02   2.2375015e+03   1.2131715e+03   2.0341066e+00   0.0000000e+00   0.0000000e+00   4.8959890e-02
   3.2791347e+02   2.6000000e+02   2.2358085e+03   1.2140764e+03   2.0388188e+00   0.0000000e+00   0.0000000e+00   4.8940679e-02
   3.3163086e+02   2.6000000e+02   2.2341177e+03   1.2149772e+03   2.0435185e+00   0.0000000e+00   0.0000000e+00   4.8921204e-02
   3.3534825e+02   2.6000000e+02   2.2324291e+03   1.2158740e+03   2.0482070e+00   0.0000000e+00   0.0000000e+00   4.8901462e-02
   3.3906564e+02   2.6000000e+02   2.2307427e+03   1.2167668e+03   2.0528850e+00   0.0000000e+00   0.0000000e+00   4.8881454e-02
   3.4278303e+02   2.6000000e+02   2.2290585e+03   1.2176557e+03   2.0575530e+00   0.0000000e+00   0.0000000e+00   4.8861179e-02
   3.4650042e+02   2.6000000e+02   2.2273764e+03   1.2185406e+03   2.0622114e+00   0.0000000e+00   0.0000000e+00   4.8840636e-02
   3.5021781e+02   2.6000000e+02   2.2256965e+03   1.2194216e+03   2.0668604e+00   0.0000000e+00   0.0000000e+00   4.8819823e-02
   3.5393520e+02   2.6000000e+02   2.2240188e+03   1.2202988e+03   2.0714999e+00   0.0000000e+00   0.0000000e+00   4.8798741e-02
   3.5765259e+02   2.6000000e+02   2.2223432e+03   1.2211721e+03   2.0761299e+00   0.0000000e+00   0.0000000e+00   4.8777388e-02
   3.6136998e+02   2.6000000e+02   2.2206697e+03   1.2220416e+03   2.0807503e+00   0.0000000e+00   0.0000000e+00   4.8755763e-02
   3.6508737e+02   2.6000000e+02   2.2189983e+03   1.2229074e+03   2.0853609e+00   0.0000000e+00   0.0000000e+00   4.8733866e-02
   3.6880476e+02   2.6000000e+02   2.2173291e+03   1.2237694e+03   2.0899617e+00   0.0000000e+00   0.0000000e+00   4.8711696e-02
   3.7252215e+02   2.6000000e+02   2.2156620e+03   1.2246278e+03   2.0945522e+00   0.0000000e+00   0.0000000e+00   4.8689252e-02
   3.7623955e+02   2.6000000e+02   2.2139970e+03   1.2254824e+03   2.0991326e+00   0.0000000e+00   0.0000000e+00   4.8666532e-02
   3.7995694e+02   2.6000000e+02   2.2123340e+03   1.2263335e+03   2.1037025e+00   0.0000000e+00   0.0000000e+00   4.8643537e-02
   3.8367433e+02   2.6000000e+02   2.2106732e+03   1.2271809e+03   2.1082620e+00   0.0000000e+00   0.0000000e+00   4.8620265e-02
   3.8739172e+02   2.6000000e+02   2.2090145e+03   1.2280247e+03   2.1128111e+00   0.0000000e+00   0.0000000e+00   4.8596716e-02
   3.9110911e+02   2.6000000e+02   2.2073578e+03   1.2288650e+03   2.1173499e+00   0.0000000e+00   0.0000000e+00   4.8572888e-02
   3.9482650e+02   2.6000000e+02   2.2057032e+03   1.2297018e+03   2.1218784e+00   0.0000000e+00   0.0000000e+00   4.8548781e-02
   3.9854389e+02   2.6000000e+02   2.2040506e+03   1.2305351e+03   2.1263969e+00   0.0000000e+00   0.0000000e+00   4.8524395e-02
   4.0226128e+02   2.6000000e+02   2.2024001e+03   1.2313650e+03   2.1309056e+00   0.0000000e+00   0.0000000e+00   4.8499726e-02
   4.0597867e+02   2.6000000e+02   2.2007516e+03   1.2321914e+03   2.1354046e+00   0.0000000e+00   0.0000000e+00   4.8474764e-02
   4.0969606e+02   2.6000000e+02   2.1991052e+03   1.2330144e+03   2.1398943e+00   0.0000000e+00   0.0000000e+00   4.8449488e-02
   4.1341345e+02   2.6000000e+02   2.1974607e+03   1.2338340e+03   2.1443749e+00   0.0000000e+00   0.0000000e+00   4.8423876e-02
   4.1713084e+02   2.6000000e+02   2.1958184e+03   1.2346503e+03   2.1488466e+00   0.0000000e+00   0.0000000e+00   4.8397909e-02
   4.2084823e+02   2.6000000e+02   2.1941780e+03   1.2354633e+03   2.1533097e+00   0.0000000e+00   0.0000000e+00   4.8371564e-02
   4.2456562e+02   2.6000000e+02   2.1925396e+03   1.2362730e+03   2.1577645e+00   0.0000000e+00   0.0000000e+00   4.8344822e-02
   4.2828301e+02   2.6000000e+02   2.1909032e+03   1.2370794e+03   2.1622110e+00   0.0000000e+00   0.0000000e+00   4.8317661e-02
   4.3200040e+02   2.6000000e+02   2.1892688e+03   1.2378826e+03   2.1666496e+00   0.0000000e+00   0.0000000e+00   4.8290060e-02
   4.3571779e+02   2.6000000e+02   2.1876364e+03   1.2386825e+03   2.1710802e+00   0.0000000e+00   0.0000000e+00   4.8261999e-02
   4.3943518e+02   2.6000000e+02   2.1860060e+03   1.2394793e+03   2.1755028e+00   0.0000000e+00   0.0000000e+00   4.8233457e-02
   4.4315257e+02   2.6000000e+02   2.1843776e+03   1.2402729e+03   2.1799173e+00   0.0000000e+00   0.0000000e+00   4.8204412e-02
   4.4686996e+02   2.6000000e+02   2.1827511e+03   1.2410634e+03   2.1843235e+00   0.0000000e+00   0.0000000e+00   4.8174844e-02
   4.5058735e+02   2.6000000e+02   2.1811266e+03   1.2418507e+03   2.1887209e+00   0.0000000e+00   0.0000000e+00   4.8144732e-02
   4.5430474e+02   2.6000000e+02   2.1795040e+03   1.2426350e+03   2.1931088e+00   0.0000000e+00   0.0000000e+00   4.8114056e-02
   4.5802213e+02   2.6000000e+02   2.1778834e+03   1.2434162e+03   2.1974860e+00   0.0000000e+00   0.0000000e+00   4.8082793e-02
   4.6173952e+02   2.6000000e+02   2.1762647e+03   1.2441943e+03   2.2018512e+00   0.0000000e+00   0.0000000e+00   4.8050924e-02
   4.6545691e+02   2.6000000e+02   2.1746479e+03   1.2449695e+03   2.2062026e+00   0.0000000e+00   0.0000000e+00   4.8018427e-02
   4.6917430e+02   2.6000000e+02   2.1730331e+03   1.2457416e+03   2.2105385e+00   0.0000000e+00   0.0000000e+00   4.7985282e-02
   4.7289169e+02   2.6000000e+02   2.1714202e+03   1.2465108e+03   2.2148569e+00   0.0000000e+00   0.0000000e+00   4.7951467e-02
   4.7660908e+02   2.6000000e+02   2.1698092e+03   1.2472770e+03   2.2191569e+00   0.0000000e+00   0.0000000e+00   4.7916962e-02
   4.8032647e+02   2.6005584e+02   2.1682072e+03   1.2535721e+03   4.2199263e+00   2.2059226e+00   1.2398759e+02   0.0000000e+00
   4.8404386e+02   2.6024289e+02   2.1666068e+03   1.2540701e+03   4.2190883e+00   2.2054845e+00   1.2398759e+02   0.0000000e+00
   4.8776125e+02   2.6042850e+02   2.1650079e+03   1.2545647e+03   4.2182566e+00   2.2050498e+00   1.2398759e+02   0.0000000e+00
   4.9147864e+02   2.6061411e+02   2.1634106e+03   1.2550557e+03   4.2174313e+00   2.2046183e+00   1.2398759e+02   0.0000000e+00
   4.9519603e+02   2.6079972e+02   2.1618147e+03   1.2555432e+03   4.2166125e+00   2.2041903e+00   1.2398759e+02   0.0000000e+00
   4.9891342e+02   2.6098532e+02   2.1602204e+03   1.2560272e+03   4.2157999e+00   2.2037655e+00   1.2398759e+02   0.0000000e+00
   5.0263081e+02   2.6117093e+02   2.1586276e+03   1.2565077e+03   4.2149938e+00   2.2033442e+00   1.2398759e+02   0.0000000e+00
   5.0634820e+02   2.6135650e+02   2.1570364e+03   1.2569847e+03   4.2141940e+00   2.2029261e+00   1.2398759e+02   0.0000000e+00
   5.1006559e+02   2.6153401e+02   2.1554466e+03   1.2574586e+03   4.2133998e+00   2.2025109e+00   1.2398759e+02   0.0000000e+00
   5.1378298e+02   2.6171152e+02   2.1538584e+03   1.2579291e+03   4.2126118e+00   2.2020990e+00   1.2398759e+02   0.0000000e+00
   5.1750037e+02   2.6188902e+02   2.1522716e+03   1.2583960e+03   4.2118302e+00   2.2016904e+00   1.2398759e+02   0.0000000e+00
   5.2121776e+02   2.6206653e+02   2.1506864e+03   1.2588595e+03   4.2110549e+00   2.2012851e+00   1.2398759e+02   0.0000000e+00
   5.2493515e+02   2.6224404e+02   2.1491026e+03   3.5218515e+03   4.5668823e+00   2.6023422e+00   1.8914886e+14   0.0000000e+00
   7.0590030e+02   2.7757357e+02   2.1215500e+03   3.5218515e+03   4.5733485e+00   2.6030766e+00   4.8916975e+13   0.0000000e+00
   8.8359754e+02   2.9270530e+02   2.0939974e+03   3.5257899e+03   8.0143995e+00   4.5566201e+00   1.4657559e+13   0.0000000e+00
   1.0581966e+03   3.0763923e+02   2.0664448e+03   3.5296388e+03   8.0249525e+00   4.5576781e+00   4.9715478e+12   0.0000000e+00
   1.2296502e+03   3.2237536e+02   2.0388922e+03   3.5333642e+03   8.0350776e+00   4.5585908e+00   1.8728080e+12   0.0000000e+00
   1.3979079e+03   3.3691369e+02   2.0113396e+03   3.5369757e+03   8.0448018e+00   4.5593733e+00   7.7165386e+11   0.0000000e+00
   1.5629186e+03   3.5125422e+02   1.9837870e+03   3.5404781e+03   8.0541489e+00   4.5600387e+00   3.4345827e+11   0.0000000e+00
   1.7246298e+03   3.6539694e+02   1.9562344e+03   3.5438763e+03   8.0631236e+00   4.5605927e+00   1.6345739e+11   0.0000000e+00
   1.8829877e+03   3.7934187e+02   1.9286818e+03   3.5471706e+03   8.0735945e+00   4.5625495e+00   8.2476170e+10   0.0000000e+00
   2.0379366e+03   3.9308900e+02   1.9011292e+03   3.5509991e+03   8.2386813e+00   4.6901142e+00   4.3808873e+10   0.0000000e+00
   2.1894463e+03   4.0663833e+02   1.8735766e+03   3.6078298e+03   8.2464833e+00   4.6900462e+00   2.4351441e+10   0.0000000e+00
   2.3396655e+03   4.1998985e+02   1.8460240e+03   3.6107250e+03   8.2541727e+00   4.6899580e+00   1.4141564e+10   0.0000000e+00
   2.4861094e+03   4.3314358e+02   1.8184714e+03   3.6135844e+03   8.2615212e+00   4.6897912e+00   8.5080617e+09   0.0000000e+00
   2.6287117e+03   4.4609950e+02   1.7909188e+03   3.6163417e+03   8.4209794e+00   4.7774320e+00   5.2836079e+09   0.0000000e+00
   2.7674002e+03   4.5885763e+02   1.7633662e+03   3.6314701e+03   8.4431268e+00   4.7859417e+00   3.3761109e+09   0.0000000e+00
   2.9025637e+03   4.7141795e+02   1.7358136e+03   3.6352502e+03   8.4492308e+00   4.7853094e+00   2.2148919e+09   0.0000000e+00
   3.0336595e+03   4.8378048e+02   1.7082610e+03   3.6376510e+03   8.4550179e+00   4.7846156e+00   1.4873172e+09   0.0000000e+00
   3.1605531e+03   4.9594520e+02   1.6807084e+03   3.6399540e+03   8.4604530e+00   4.7838441e+00   1.0200512e+09   0.0000000e+00
   3.2831564e+03   5.0791213e+02   1.6531558e+03   3.6421512e+03   8.4655647e+00   4.7830139e+00   7.1317665e+08   0.0000000e+00
   3.4013762e+03   5.1968125e+02   1.6256032e+03   3.6442484e+03   8.4703529e+00   4.7821251e+00   5.0746944e+08   0.0000000e+00
   3.5151145e+03   5.3125257e+02   1.5980506e+03   3.6462441e+03   8.4747872e+00   4.7811619e+00   3.6696063e+08   0.0000000e+00
   3.6242676e+03   5.4262609e+02   1.5704980e+03   3.6481322e+03   8.4788855e+00   4.7801399e+00   2.6930978e+08   0.0000000e+00
   3.7287254e+03   5.5380182e+02   1.5429454e+03   3.6499156e+03   8.4826522e+00   4.7790601e+00   2.0035115e+08   0.0000000e+00
   3.8283715e+03   5.6477974e+02   1.5153929e+03   3.6515938e+03   8.4860467e+00   4.7779040e+00   1.5092891e+08   0.0000000e+00
   3.9230819e+03   5.7555986e+02   1.4878403e+03   3.6531588e+03   8.4890915e+00   4.7766875e+00   1.1501933e+08   0.0000000e+00
   4.0127245e+03   5.8614218e+02   1.4602877e+03   3.6546137e+03   8.4917743e+00   4.7754054e+00   8.8593303e+07   0.0000000e+00
   4.0971585e+03   5.9652670e+02   1.4327351e+03   3.6559552e+03   8.4940709e+00   4.7740490e+00   6.8914206e+07   0.0000000e+00
   4.1762333e+03   6.0671342e+02   1.4051825e+03   3.6571778e+03   8.4959988e+00   4.7726297e+00   5.4096369e+07   0.0000000e+00
   4.2497876e+03   6.1670234e+02   1.3776299e+03   3.6582835e+03   8.4975157e+00   4.7711278e+00   4.2822932e+07   0.0000000e+00
   4.3176482e+03   6.2649346e+02   1.3500773e+03   3.6592630e+03   8.4986348e+00   4.7695555e+00   3.4162630e+07   0.0000000e+00
   4.3796290e+03   6.3608678e+02   1.3225247e+03   3.6601178e+03   8.4993255e+00   4.7679002e+00   2.7449069e+07   0.0000000e+00
   4.4355295e+03   6.4548230e+02   1.2949721e+03   3.6608401e+03   8.4995807e+00   4.7661622e+00   2.2200073e+07   0.0000000e+00
   4.4851332e+03   6.5468002e+02   1.2674195e+03   3.6614275e+03   8.4993805e+00   4.7643378e+00   1.8063100e+07   0.0000000e+00
   4.5282057e+03   6.6367993e+02   1.2398669e+03   3.6618737e+03   8.4987043e+00   4.7624186e+00   1.4777844e+07   0.0000000e+00
   4.5644930e+03   6.7248205e+02   1.2123143e+03   3.6621736e+03   8.4975404e+00   4.7604052e+00   1.2150306e+07   0.0000000e+00
   4.5937194e+03   6.8108637e+02   1.1847617e+03   3.6623229e+03   8.4958521e+00   4.7582859e+00   1.0034636e+07   0.0000000e+00
   4.6155841e+03   6.8949288e+02   1.1572091e+03   3.6623118e+03   8.4936293e+00   4.7560589e+00   8.3202659e+06   0.0000000e+00
   4.6297592e+03   6.9770160e+02   1.1296565e+03   3.6621370e+03   8.4908272e+00   4.7537128e+00   6.9227169e+06   0.0000000e+00
   4.6358857e+03   7.0571252e+02   1.1021039e+03   3.6617861e+03   8.4874203e+00   4.7512412e+00   5.7769626e+06   0.0000000e+00
   4.6335701e+03   7.1352563e+02   1.0745513e+03   3.6612514e+03   8.4833813e+00   4.7486371e+00   4.8325965e+06   0.0000000e+00
   4.6223793e+03   7.2114095e+02   1.0469987e+03   3.6605245e+03   8.4786575e+00   4.7458852e+00   4.0502852e+06   0.0000000e+00
   4.6018360e+03   7.2855846e+02   1.0194461e+03   3.6595917e+03   8.4732167e+00   4.7429807e+00   3.3991426e+06   0.0000000e+00
   4.5714126e+03   7.3577818e+02   9.9189350e+02   3.6584429e+03   8.4669912e+00   4.7399007e+00   2.8547722e+06   0.0000000e+00
   4.5305237e+03   7.4280009e+02   9.6434090e+02   3.6570607e+03   8.4599458e+00   4.7366414e+00   2.3977961e+06   0.0000000e+00
   4.4785188e+03   7.4962420e+02   9.3678831e+02   3.6554328e+03   8.4520024e+00   4.7331787e+00   2.0127431e+06   0.0000000e+00
   4.4146715e+03   7.5625052e+02   9.0923571e+02   3.6535388e+03   8.4430956e+00   4.7294969e+00   1.6872013e+06   0.0000000e+00
   4.3381692e+03   7.6267903e+02   8.8168311e+02   3.6513599e+03   8.4331512e+00   4.7255785e+00   1.4111688e+06   0.0000000e+00
   4.2480990e+03   7.6890974e+02   8.5413052e+02   3.6488745e+03   8.4220536e+00   4.7213881e+00   1.1765536e+06   0.0000000e+00
   4.1434313e+03   7.7494265e+02   8.2657792e+02   3.6460526e+03   8.4097168e+00   4.7169082e+00   9.7678420e+05   0.0000000e+00
   4.0230014e+03   7.8077776e+02   7.9902532e+02   3.6428680e+03   8.3960141e+00   4.7121056e+00   8.0650668e+05   0.0000000e+00
   3.8854853e+03   7.8641508e+02   7.7147272e+02   3.6392865e+03   8.3807873e+00   4.7069347e+00   6.6134511e+05   0.0000000e+00
   3.7293717e+03   7.9185459e+02   7.4392013e+02   3.6352648e+03   8.3638875e+00   4.7013620e+00   5.3771204e+05   0.0000000e+00
   3.5529279e+03   7.9709630e+02   7.1636753e+02   3.6307601e+03   8.1813948e+00   4.6027068e+00   4.3265631e+05   0.0000000e+00
   3.3541569e+03   8.0214021e+02   6.8881493e+02   3.6117974e+03   7.9966713e+00   4.4687126e+00   3.4373924e+05   0.0000000e+00
   3.1316027e+03   8.0698632e+02   6.6126233e+02   3.5529057e+03   7.9725414e+00   4.4608184e+00   2.6910543e+05   0.0000000e+00
   2.8855395e+03   8.1163463e+02   6.3370974e+02   3.5463166e+03   7.9459697e+00   4.4522552e+00   2.0740854e+05   0.0000000e+00
   2.6097367e+03   8.1608513e+02   6.0615714e+02   3.5390327e+03   7.9162422e+00   4.4428195e+00   1.5642140e+05   0.0000000e+00
   2.3005520e+03   8.2033784e+02   5.7860454e+02   3.5308586e+03   7.8828541e+00   4.4323680e+00   1.1490233e+05   0.0000000e+00
   1.9536644e+03   8.2439275e+02   5.5105195e+02   3.5216572e+03   7.8452097e+00   4.4207372e+00   8.1744480e+04   0.0000000e+00
   1.5638995e+03   8.2824986e+02   5.2349935e+02   3.5112689e+03   7.8025427e+00   4.4077163e+00   5.5925899e+04   0.0000000e+00
   1.1250078e+03   8.3190917e+02   4.9594675e+02   3.4994910e+03   7.5075453e+00   4.2407481e+00   3.6468851e+04   0.0000000e+00
   6.2937122e+02   8.3537067e+02   4.6839415e+02   3.3969944e+03   7.4515942e+00   4.2225488e+00   2.2410433e+04   0.0000000e+00
   8.1962824e+01   8.3863438e+02   4.4084156e+02   3.3803127e+03   7.3113863e+00   4.1394698e+00   1.2963221e+04   0.0000000e+00
  -5.4075147e+02   8.4170028e+02   4.1328896e+02   3.2931716e+03   7.3129250e+00   4.1550813e+00   6.8558818e+03   0.0000000e+00
  -1.2385666e+03   8.4456839e+02   3.8573636e+02   3.2858746e+03   7.3200470e+00   4.1761328e+00   3.2836809e+03   0.0000000e+00
  -2.0452471e+03   8.4723870e+02   3.5818376e+02   3.2792001e+03   7.3296083e+00   4.2017487e+00   1.3579440e+03   0.0000000e+00
  -2.9863056e+03   8.4971120e+02   3.3063117e+02   3.2720812e+03   7.3420487e+00   4.2328690e+00   4.6223690e+02   0.0000000e+00
  -4.0957600e+03   8.5198590e+02   3.0307857e+02   3.2643521e+03   7.3504158e+00   4.2669785e+00   1.2094884e+02   0.0000000e+00
  -5.4204201e+03   8.5406281e+02   2.7552597e+02   3.2520241e+03   7.3577773e+00   4.3069277e+00   2.1984578e+01   0.0000000e+00
  -7.0246617e+03   8.5594191e+02   2.4797338e+02   3.2359212e+03   7.3651787e+00   4.3550508e+00   2.3831654e+00   0.0000000e+00
  -9.0028708e+03   8.5762322e+02   2.2042078e+02   3.2155924e+03   7.3729953e+00   4.4141868e+00   1.2077464e-01   0.0000000e+00
  -1.1498299e+04   8.5910672e+02   1.9286818e+02   3.1897972e+03   7.3818104e+00   4.4886484e+00   1.9038949e-03   0.0000000e+00
  -1.4738995e+04   8.6039242e+02   1.6531558e+02   3.1566600e+03   7.3925654e+00   4.5853043e+00   4.5222970e-06   0.0000000e+00
  -1.9111657e+04   8.6148032e+02   1.3776299e+02   3.1132011e+03   7.4068693e+00   4.7158047e+00   4.0065900e-10   0.0000000e+00
  -2.5329192e+04   8.6237043e+02   1.1021039e+02   3.0543744e+03   7.4277011e+00   4.9016315e+00   6.6674959e-17   0.0000000e+00
  -3.4868212e+04   8.6306273e+02   8.2657792e+01   2.9708826e+03   7.4612426e+00   5.1872817e+00   1.2530612e-29   0.0000000e+00
  -5.1370828e+04   8.6355723e+02   5.5105195e+01   2.8434750e+03   7.5227494e+00   5.6825105e+00   2.6506286e-58   0.0000000e+00
  -8.6917856e+04   8.6385393e+02   2.7552597e+01   2.6246725e+03   7.6628131e+00   6.7513720e+00  9.4729044e-149   0.0000000e+00
  -2.1817582e+05             NaN   0.0000000e+00   2.1569829e+03             NaN             NaN             NaN             NaN
  -2.1817582e+05             NaN   0.0000000e+00   8.0000000e+03             NaN             NaN   1.0000000e+04   0.0000000e+00
             NaN             NaN   0.0000000e+00             NaN             NaN             NaN   1.0000000e+04   0.0000000e+00
             NaN             NaN   0.0000000e+00             NaN             NaN             NaN   1.0000000e+04   0.0000000e+00
             NaN             NaN   0.0000000e+00             NaN             NaN             NaN   1.0000000e+04   0.0000000e+00
             NaN             NaN   0.0000000e+00             NaN             NaN             NaN   1.0000000e+04   0.0000000e+00
             NaN             NaN   0.0000000e+00             NaN             NaN             NaN   1.0000000e+04   0.0000000e+00
             NaN             NaN   0.0000000e+00             NaN             NaN             NaN   1.0000000e+04   0.0000000e+00
             NaN             NaN   0.0000000e+00             NaN             NaN             NaN   1.0000000e+04   0.0000000e+00
             NaN             NaN   0.0000000e+00             NaN             NaN             NaN   1.0000000e+04   0.0000000e+00
             NaN             NaN   0.0000000e+00             NaN             NaN             NaN   1.0000000e+04   0.0000000e+00
