P (MPa)		T (K)		r (km)		rho (kg m-3)	VP (km s-1)	VS (km s-1)	QS/gamma	k for 0.01 mol/kg MgSO4 (S m-1)	
0.00000e+00	1.10000e+02	2.41030e+03	9.32026e+02	3.87940e+00	1.96225e+00	1.65838e+04	0.00000e+00
1.97718e+00	1.29154e+02	2.40905e+03	9.32026e+02	3.88240e+00	1.96408e+00	3.60197e+03	0.00000e+00
3.95435e+00	1.51644e+02	2.40781e+03	9.32208e+02	3.88630e+00	1.96636e+00	9.81168e+02	0.00000e+00
5.93153e+00	1.78049e+02	2.40656e+03	9.32388e+02	3.89160e+00	1.96935e+00	3.24122e+02	0.00000e+00
7.90871e+00	2.09053e+02	2.40532e+03	9.32568e+02	3.89902e+00	1.97341e+00	1.26187e+02	0.00000e+00
9.88589e+00	2.45455e+02	2.40408e+03	9.32747e+02	3.90926e+00	1.97890e+00	5.65039e+01	0.00000e+00
1.18631e+01	2.45471e+02	2.40283e+03	9.32925e+02	3.91047e+00	1.97983e+00	5.64863e+01	0.00000e+00
1.38402e+01	2.45488e+02	2.40159e+03	9.33102e+02	3.91168e+00	1.98075e+00	5.64686e+01	0.00000e+00
1.58174e+01	2.45505e+02	2.40035e+03	9.33278e+02	3.91289e+00	1.98166e+00	5.64507e+01	0.00000e+00
1.77946e+01	2.45522e+02	2.39911e+03	9.33453e+02	3.91408e+00	1.98258e+00	5.64327e+01	0.00000e+00
1.97718e+01	2.45539e+02	2.39787e+03	9.33627e+02	3.91528e+00	1.98349e+00	5.64145e+01	0.00000e+00
2.17490e+01	2.45556e+02	2.39663e+03	9.33800e+02	3.91646e+00	1.98439e+00	5.63962e+01	0.00000e+00
2.37261e+01	2.45574e+02	2.39540e+03	9.33971e+02	3.91765e+00	1.98530e+00	5.63778e+01	0.00000e+00
2.57033e+01	2.45591e+02	2.39416e+03	9.34142e+02	3.91883e+00	1.98620e+00	5.63592e+01	0.00000e+00
2.76805e+01	2.45609e+02	2.39292e+03	9.34311e+02	3.92000e+00	1.98710e+00	5.63405e+01	0.00000e+00
2.96577e+01	2.45627e+02	2.39169e+03	9.34479e+02	3.92117e+00	1.98800e+00	5.63217e+01	0.00000e+00
3.16348e+01	2.45645e+02	2.39045e+03	9.34646e+02	3.92234e+00	1.98889e+00	5.63026e+01	0.00000e+00
3.36120e+01	2.45663e+02	2.38922e+03	9.34811e+02	3.92350e+00	1.98978e+00	5.62835e+01	0.00000e+00
3.55892e+01	2.45681e+02	2.38799e+03	9.34975e+02	3.92465e+00	1.99067e+00	5.62642e+01	0.00000e+00
3.75664e+01	2.45700e+02	2.38675e+03	9.35137e+02	3.92581e+00	1.99156e+00	5.62447e+01	0.00000e+00
3.95435e+01	2.45718e+02	2.38552e+03	9.35297e+02	3.92696e+00	1.99244e+00	5.62251e+01	0.00000e+00
4.15207e+01	2.45737e+02	2.38429e+03	9.35456e+02	3.92810e+00	1.99333e+00	5.62054e+01	0.00000e+00
4.34979e+01	2.45756e+02	2.38306e+03	9.35613e+02	3.92924e+00	1.99421e+00	5.61855e+01	0.00000e+00
4.54751e+01	2.45775e+02	2.38183e+03	9.35769e+02	3.93037e+00	1.99508e+00	5.61654e+01	0.00000e+00
4.74523e+01	2.45794e+02	2.38061e+03	9.35923e+02	3.93151e+00	1.99596e+00	5.61452e+01	0.00000e+00
4.94294e+01	2.45813e+02	2.37938e+03	9.36075e+02	3.93263e+00	1.99683e+00	5.61248e+01	0.00000e+00
5.14066e+01	2.45833e+02	2.37815e+03	9.36225e+02	3.93376e+00	1.99770e+00	5.61043e+01	0.00000e+00
5.33838e+01	2.45853e+02	2.37693e+03	9.36373e+02	3.93488e+00	1.99857e+00	5.60836e+01	0.00000e+00
5.53610e+01	2.45872e+02	2.37570e+03	9.36518e+02	3.93600e+00	1.99943e+00	5.60628e+01	0.00000e+00
5.73381e+01	2.45892e+02	2.37448e+03	9.36662e+02	3.93711e+00	2.00030e+00	5.60418e+01	0.00000e+00
5.93153e+01	2.45913e+02	2.37325e+03	9.36804e+02	3.93822e+00	2.00116e+00	5.60206e+01	0.00000e+00
6.12925e+01	2.45933e+02	2.37203e+03	9.36944e+02	3.93932e+00	2.00202e+00	5.59993e+01	0.00000e+00
6.32697e+01	2.45953e+02	2.37081e+03	9.37081e+02	3.94043e+00	2.00288e+00	5.59778e+01	0.00000e+00
6.52469e+01	2.45974e+02	2.36959e+03	9.37216e+02	3.94152e+00	2.00373e+00	5.59561e+01	0.00000e+00
6.72240e+01	2.45995e+02	2.36837e+03	9.37348e+02	3.94262e+00	2.00458e+00	5.59343e+01	0.00000e+00
6.92012e+01	2.46016e+02	2.36715e+03	9.37479e+02	3.94371e+00	2.00543e+00	5.59123e+01	0.00000e+00
7.11784e+01	2.46037e+02	2.36593e+03	9.37606e+02	3.94480e+00	2.00628e+00	5.58901e+01	0.00000e+00
7.31556e+01	2.46059e+02	2.36471e+03	9.37731e+02	3.94588e+00	2.00713e+00	5.58678e+01	0.00000e+00
7.51327e+01	2.46080e+02	2.36349e+03	9.37854e+02	3.94697e+00	2.00798e+00	5.58453e+01	0.00000e+00
7.71099e+01	2.46102e+02	2.36228e+03	9.37974e+02	3.94805e+00	2.00882e+00	5.58226e+01	0.00000e+00
7.90871e+01	2.46124e+02	2.36106e+03	9.38091e+02	3.94912e+00	2.00966e+00	5.57998e+01	0.00000e+00
8.10643e+01	2.46146e+02	2.35985e+03	9.38205e+02	3.95019e+00	2.01050e+00	5.57768e+01	0.00000e+00
8.30414e+01	2.46168e+02	2.35863e+03	9.38316e+02	3.95126e+00	2.01134e+00	5.57536e+01	0.00000e+00
8.50186e+01	2.46190e+02	2.35742e+03	9.38425e+02	3.95233e+00	2.01217e+00	5.57302e+01	0.00000e+00
8.69958e+01	2.46213e+02	2.35621e+03	9.38530e+02	3.95339e+00	2.01301e+00	5.57066e+01	0.00000e+00
8.89730e+01	2.46236e+02	2.35499e+03	9.38632e+02	3.95446e+00	2.01384e+00	5.56829e+01	0.00000e+00
9.09502e+01	2.46259e+02	2.35378e+03	9.38732e+02	3.95551e+00	2.01467e+00	5.56590e+01	0.00000e+00
9.29273e+01	2.46282e+02	2.35257e+03	9.38828e+02	3.95657e+00	2.01550e+00	5.56349e+01	0.00000e+00
9.49045e+01	2.46305e+02	2.35136e+03	9.38920e+02	3.95762e+00	2.01633e+00	5.56106e+01	0.00000e+00
9.68817e+01	2.46329e+02	2.35015e+03	9.39010e+02	3.95867e+00	2.01715e+00	5.55862e+01	0.00000e+00
9.88589e+01	2.46353e+02	2.34894e+03	9.39096e+02	3.95972e+00	2.01798e+00	5.55615e+01	0.00000e+00
1.00836e+02	2.46377e+02	2.34773e+03	9.39178e+02	3.96076e+00	2.01880e+00	5.55367e+01	0.00000e+00
1.02813e+02	2.46401e+02	2.34653e+03	9.39257e+02	3.96181e+00	2.01962e+00	5.55116e+01	0.00000e+00
1.04790e+02	2.46425e+02	2.34532e+03	9.39332e+02	3.96284e+00	2.02044e+00	5.54864e+01	0.00000e+00
1.06768e+02	2.46450e+02	2.34411e+03	9.39404e+02	3.96388e+00	2.02126e+00	5.54610e+01	0.00000e+00
1.08745e+02	2.46475e+02	2.34291e+03	9.39472e+02	3.96492e+00	2.02207e+00	5.54354e+01	0.00000e+00
1.10722e+02	2.46500e+02	2.34170e+03	9.39536e+02	3.96595e+00	2.02289e+00	5.54096e+01	0.00000e+00
1.12699e+02	2.46525e+02	2.34050e+03	9.39596e+02	3.96698e+00	2.02370e+00	5.53836e+01	0.00000e+00
1.14676e+02	2.46550e+02	2.33930e+03	9.39653e+02	3.96800e+00	2.02451e+00	5.53574e+01	0.00000e+00
1.16653e+02	2.46576e+02	2.33809e+03	9.39705e+02	3.96903e+00	2.02532e+00	5.53311e+01	0.00000e+00
1.18631e+02	2.46602e+02	2.33689e+03	9.39753e+02	3.97005e+00	2.02613e+00	5.53045e+01	0.00000e+00
1.20608e+02	2.46628e+02	2.33569e+03	9.39797e+02	3.97107e+00	2.02694e+00	5.52777e+01	0.00000e+00
1.22585e+02	2.46654e+02	2.33449e+03	9.39837e+02	3.97209e+00	2.02774e+00	5.52507e+01	0.00000e+00
1.24562e+02	2.46680e+02	2.33329e+03	9.39872e+02	3.97311e+00	2.02855e+00	5.52235e+01	0.00000e+00
1.26539e+02	2.46707e+02	2.33209e+03	9.39903e+02	3.97412e+00	2.02935e+00	5.51961e+01	0.00000e+00
1.28517e+02	2.46734e+02	2.33089e+03	9.39930e+02	3.97513e+00	2.03015e+00	5.51685e+01	0.00000e+00
1.30494e+02	2.46761e+02	2.32969e+03	9.39952e+02	3.97614e+00	2.03096e+00	5.51407e+01	0.00000e+00
1.32471e+02	2.46788e+02	2.32850e+03	9.39970e+02	3.97715e+00	2.03175e+00	5.51127e+01	0.00000e+00
1.34448e+02	2.46816e+02	2.32730e+03	9.39983e+02	3.97815e+00	2.03255e+00	5.50844e+01	0.00000e+00
1.36425e+02	2.46844e+02	2.32610e+03	9.39992e+02	3.97916e+00	2.03335e+00	5.50560e+01	0.00000e+00
1.38402e+02	2.46872e+02	2.32491e+03	9.39995e+02	3.98016e+00	2.03414e+00	5.50273e+01	0.00000e+00
1.40380e+02	2.46900e+02	2.32371e+03	9.39994e+02	3.98116e+00	2.03494e+00	5.49984e+01	0.00000e+00
1.42357e+02	2.46928e+02	2.32252e+03	9.39988e+02	3.98215e+00	2.03573e+00	5.49694e+01	0.00000e+00
1.44334e+02	2.46957e+02	2.32132e+03	9.39978e+02	3.98315e+00	2.03652e+00	5.49400e+01	0.00000e+00
1.46311e+02	2.46986e+02	2.32013e+03	9.39962e+02	3.98414e+00	2.03731e+00	5.49105e+01	0.00000e+00
1.48288e+02	2.47015e+02	2.31894e+03	9.39941e+02	3.98513e+00	2.03810e+00	5.48808e+01	0.00000e+00
1.50265e+02	2.47045e+02	2.31775e+03	9.39915e+02	3.98612e+00	2.03889e+00	5.48508e+01	0.00000e+00
1.52243e+02	2.47074e+02	2.31655e+03	9.39884e+02	3.98711e+00	2.03968e+00	5.48206e+01	0.00000e+00
1.54220e+02	2.47104e+02	2.31536e+03	9.39848e+02	3.98809e+00	2.04046e+00	5.47902e+01	0.00000e+00
1.56197e+02	2.47134e+02	2.31417e+03	9.39807e+02	3.98908e+00	2.04125e+00	5.47595e+01	0.00000e+00
1.58174e+02	2.47165e+02	2.31298e+03	9.39760e+02	3.99006e+00	2.04203e+00	5.47286e+01	0.00000e+00
1.60151e+02	2.47196e+02	2.31179e+03	9.39708e+02	3.99104e+00	2.04281e+00	5.46975e+01	0.00000e+00
1.62129e+02	2.47226e+02	2.31060e+03	9.39651e+02	3.99202e+00	2.04360e+00	5.46662e+01	0.00000e+00
1.64106e+02	2.47258e+02	2.30941e+03	9.39589e+02	3.99299e+00	2.04438e+00	5.46346e+01	0.00000e+00
1.66083e+02	2.47289e+02	2.30823e+03	9.39521e+02	3.99397e+00	2.04515e+00	5.46028e+01	0.00000e+00
1.68060e+02	2.47321e+02	2.30704e+03	9.39448e+02	3.99494e+00	2.04593e+00	5.45707e+01	0.00000e+00
1.70037e+02	2.47353e+02	2.30585e+03	9.39370e+02	3.99591e+00	2.04671e+00	5.45384e+01	0.00000e+00
1.72014e+02	2.47385e+02	2.30467e+03	9.39286e+02	3.99688e+00	2.04748e+00	5.45059e+01	0.00000e+00
1.73992e+02	2.47418e+02	2.30348e+03	9.39197e+02	3.99785e+00	2.04826e+00	5.44731e+01	0.00000e+00
1.75969e+02	2.47450e+02	2.30229e+03	9.39102e+02	3.99881e+00	2.04903e+00	5.44401e+01	0.00000e+00
1.77946e+02	2.47483e+02	2.30111e+03	9.39002e+02	3.99978e+00	2.04980e+00	5.44068e+01	0.00000e+00
1.79923e+02	2.47517e+02	2.29992e+03	9.38897e+02	4.00074e+00	2.05058e+00	5.43733e+01	0.00000e+00
1.81900e+02	2.47550e+02	2.29874e+03	9.38787e+02	4.00170e+00	2.05135e+00	5.43396e+01	0.00000e+00
1.83877e+02	2.47584e+02	2.29756e+03	9.38671e+02	4.00266e+00	2.05211e+00	5.43055e+01	0.00000e+00
1.85855e+02	2.47618e+02	2.29637e+03	9.38549e+02	4.00361e+00	2.05288e+00	5.42713e+01	0.00000e+00
1.87832e+02	2.47653e+02	2.29519e+03	9.38423e+02	4.00457e+00	2.05365e+00	5.42368e+01	0.00000e+00
1.89809e+02	2.47687e+02	2.29401e+03	9.38292e+02	4.00552e+00	2.05441e+00	5.42020e+01	0.00000e+00
1.91786e+02	2.47722e+02	2.29283e+03	9.38155e+02	4.00647e+00	2.05518e+00	5.41670e+01	0.00000e+00
1.93763e+02	2.53045e+02	2.29165e+03	9.37743e+02	4.00889e+00	2.05670e+00	4.92006e+01	0.00000e+00
1.95741e+02	2.53100e+02	2.29046e+03	9.37867e+02	4.00985e+00	2.05746e+00	4.91528e+01	0.00000e+00
1.97528e+02	2.53115e+02	2.28954e+03	1.08664e+03	1.68214e+00	0.00000e+00	0.00000e+00	2.51474e-02
1.99315e+02	2.53130e+02	2.28862e+03	1.08727e+03	1.68575e+00	0.00000e+00	0.00000e+00	2.52014e-02
2.01102e+02	2.53146e+02	2.28770e+03	1.08790e+03	1.68935e+00	0.00000e+00	0.00000e+00	2.52561e-02
2.02890e+02	2.53162e+02	2.28678e+03	1.08852e+03	1.69294e+00	0.00000e+00	0.00000e+00	2.53115e-02
2.04677e+02	2.53178e+02	2.28587e+03	1.08914e+03	1.69653e+00	0.00000e+00	0.00000e+00	2.53676e-02
2.06464e+02	2.53194e+02	2.28495e+03	1.08976e+03	1.70010e+00	0.00000e+00	0.00000e+00	2.54244e-02
2.08251e+02	2.53211e+02	2.28403e+03	1.09038e+03	1.70366e+00	0.00000e+00	0.00000e+00	2.54819e-02
2.10039e+02	2.53228e+02	2.28312e+03	1.09100e+03	1.70721e+00	0.00000e+00	0.00000e+00	2.55401e-02
2.11826e+02	2.53245e+02	2.28220e+03	1.09161e+03	1.71076e+00	0.00000e+00	0.00000e+00	2.55990e-02
2.13613e+02	2.53263e+02	2.28129e+03	1.09222e+03	1.71429e+00	0.00000e+00	0.00000e+00	2.56586e-02
2.15400e+02	2.53280e+02	2.28038e+03	1.09282e+03	1.71782e+00	0.00000e+00	0.00000e+00	2.57188e-02
2.17187e+02	2.53298e+02	2.27947e+03	1.09343e+03	1.72133e+00	0.00000e+00	0.00000e+00	2.57797e-02
2.18975e+02	2.53317e+02	2.27855e+03	1.09403e+03	1.72483e+00	0.00000e+00	0.00000e+00	2.58412e-02
2.20762e+02	2.53335e+02	2.27764e+03	1.09463e+03	1.72833e+00	0.00000e+00	0.00000e+00	2.59034e-02
2.22549e+02	2.53354e+02	2.27673e+03	1.09522e+03	1.73181e+00	0.00000e+00	0.00000e+00	2.59662e-02
2.24336e+02	2.53373e+02	2.27583e+03	1.09582e+03	1.73529e+00	0.00000e+00	0.00000e+00	2.60297e-02
2.26124e+02	2.53392e+02	2.27492e+03	1.09641e+03	1.73875e+00	0.00000e+00	0.00000e+00	2.60938e-02
2.27911e+02	2.53411e+02	2.27401e+03	1.09700e+03	1.74221e+00	0.00000e+00	0.00000e+00	2.61585e-02
2.29698e+02	2.53431e+02	2.27310e+03	1.09759e+03	1.74565e+00	0.00000e+00	0.00000e+00	2.62238e-02
2.31485e+02	2.53451e+02	2.27220e+03	1.09817e+03	1.74908e+00	0.00000e+00	0.00000e+00	2.62897e-02
2.33273e+02	2.53471e+02	2.27129e+03	1.09876e+03	1.75251e+00	0.00000e+00	0.00000e+00	2.63562e-02
2.35060e+02	2.53492e+02	2.27039e+03	1.09934e+03	1.75592e+00	0.00000e+00	0.00000e+00	2.64233e-02
2.36847e+02	2.53512e+02	2.26949e+03	1.09991e+03	1.75933e+00	0.00000e+00	0.00000e+00	2.64909e-02
2.38634e+02	2.53533e+02	2.26858e+03	1.10049e+03	1.76272e+00	0.00000e+00	0.00000e+00	2.65592e-02
2.40422e+02	2.53554e+02	2.26768e+03	1.10106e+03	1.76611e+00	0.00000e+00	0.00000e+00	2.66280e-02
2.42209e+02	2.53575e+02	2.26678e+03	1.10164e+03	1.76949e+00	0.00000e+00	0.00000e+00	2.66973e-02
2.43996e+02	2.53597e+02	2.26588e+03	1.10221e+03	1.77285e+00	0.00000e+00	0.00000e+00	2.67672e-02
2.45783e+02	2.53619e+02	2.26498e+03	1.10277e+03	1.77621e+00	0.00000e+00	0.00000e+00	2.68376e-02
2.47571e+02	2.53641e+02	2.26408e+03	1.10334e+03	1.77955e+00	0.00000e+00	0.00000e+00	2.69085e-02
2.49358e+02	2.53663e+02	2.26319e+03	1.10390e+03	1.78289e+00	0.00000e+00	0.00000e+00	2.69800e-02
2.51145e+02	2.53685e+02	2.26229e+03	1.10446e+03	1.78622e+00	0.00000e+00	0.00000e+00	2.70520e-02
2.52932e+02	2.53708e+02	2.26139e+03	1.10502e+03	1.78953e+00	0.00000e+00	0.00000e+00	2.71244e-02
2.54720e+02	2.53731e+02	2.26050e+03	1.10558e+03	1.79284e+00	0.00000e+00	0.00000e+00	2.71974e-02
2.56507e+02	2.53754e+02	2.25960e+03	1.10613e+03	1.79613e+00	0.00000e+00	0.00000e+00	2.72708e-02
2.58294e+02	2.53777e+02	2.25871e+03	1.10668e+03	1.79942e+00	0.00000e+00	0.00000e+00	2.73448e-02
2.60081e+02	2.53800e+02	2.25781e+03	1.10724e+03	1.80269e+00	0.00000e+00	0.00000e+00	2.74192e-02
2.61869e+02	2.53824e+02	2.25692e+03	1.10778e+03	1.80595e+00	0.00000e+00	0.00000e+00	2.74940e-02
2.63656e+02	2.53847e+02	2.25603e+03	1.10833e+03	1.80921e+00	0.00000e+00	0.00000e+00	2.75693e-02
2.65443e+02	2.53871e+02	2.25514e+03	1.10888e+03	1.81245e+00	0.00000e+00	0.00000e+00	2.76450e-02
2.67230e+02	2.53896e+02	2.25425e+03	1.10942e+03	1.81569e+00	0.00000e+00	0.00000e+00	2.77212e-02
2.69018e+02	2.53920e+02	2.25336e+03	1.10996e+03	1.81891e+00	0.00000e+00	0.00000e+00	2.77978e-02
2.70805e+02	2.53944e+02	2.25247e+03	1.11050e+03	1.82212e+00	0.00000e+00	0.00000e+00	2.78748e-02
2.72592e+02	2.53969e+02	2.25158e+03	1.11104e+03	1.82533e+00	0.00000e+00	0.00000e+00	2.79522e-02
2.74379e+02	2.53994e+02	2.25069e+03	1.11157e+03	1.82852e+00	0.00000e+00	0.00000e+00	2.80301e-02
2.76166e+02	2.54019e+02	2.24981e+03	1.11210e+03	1.83171e+00	0.00000e+00	0.00000e+00	2.81083e-02
2.77954e+02	2.54044e+02	2.24892e+03	1.11264e+03	1.83488e+00	0.00000e+00	0.00000e+00	2.81869e-02
2.79741e+02	2.54070e+02	2.24803e+03	1.11317e+03	1.83805e+00	0.00000e+00	0.00000e+00	2.82659e-02
2.81528e+02	2.54095e+02	2.24715e+03	1.11369e+03	1.84120e+00	0.00000e+00	0.00000e+00	2.83453e-02
2.83315e+02	2.54121e+02	2.24626e+03	1.11422e+03	1.84435e+00	0.00000e+00	0.00000e+00	2.84251e-02
2.85103e+02	2.54147e+02	2.24538e+03	1.11474e+03	1.84749e+00	0.00000e+00	0.00000e+00	2.85052e-02
2.86890e+02	2.54173e+02	2.24450e+03	1.11527e+03	1.85062e+00	0.00000e+00	0.00000e+00	2.85856e-02
2.88677e+02	2.54199e+02	2.24362e+03	1.11579e+03	1.85374e+00	0.00000e+00	0.00000e+00	2.86664e-02
2.90464e+02	2.54225e+02	2.24274e+03	1.11631e+03	1.85685e+00	0.00000e+00	0.00000e+00	2.87476e-02
2.92252e+02	2.54252e+02	2.24186e+03	1.11682e+03	1.85995e+00	0.00000e+00	0.00000e+00	2.88291e-02
2.94039e+02	2.54279e+02	2.24098e+03	1.11734e+03	1.86304e+00	0.00000e+00	0.00000e+00	2.89109e-02
2.95826e+02	2.54306e+02	2.24010e+03	1.11785e+03	1.86612e+00	0.00000e+00	0.00000e+00	2.89931e-02
2.97613e+02	2.54333e+02	2.23922e+03	1.11836e+03	1.86919e+00	0.00000e+00	0.00000e+00	2.90756e-02
2.99401e+02	2.54360e+02	2.23834e+03	1.11887e+03	1.87225e+00	0.00000e+00	0.00000e+00	2.91584e-02
3.01188e+02	2.54387e+02	2.23746e+03	1.11938e+03	1.87529e+00	0.00000e+00	0.00000e+00	2.92415e-02
3.02975e+02	2.54414e+02	2.23659e+03	1.11989e+03	1.87833e+00	0.00000e+00	0.00000e+00	2.93249e-02
3.04762e+02	2.54442e+02	2.23571e+03	1.12040e+03	1.88136e+00	0.00000e+00	0.00000e+00	2.94087e-02
3.06550e+02	2.54470e+02	2.23484e+03	1.12090e+03	1.88438e+00	0.00000e+00	0.00000e+00	2.94927e-02
3.08337e+02	2.54498e+02	2.23396e+03	1.12140e+03	1.88739e+00	0.00000e+00	0.00000e+00	2.95770e-02
3.10124e+02	2.54526e+02	2.23309e+03	1.12190e+03	1.89038e+00	0.00000e+00	0.00000e+00	2.96616e-02
3.11911e+02	2.54554e+02	2.23222e+03	1.12240e+03	1.89337e+00	0.00000e+00	0.00000e+00	2.97464e-02
3.13699e+02	2.54582e+02	2.23134e+03	1.12290e+03	1.89635e+00	0.00000e+00	0.00000e+00	2.98316e-02
3.15486e+02	2.54611e+02	2.23047e+03	1.12340e+03	1.89932e+00	0.00000e+00	0.00000e+00	2.99170e-02
3.17273e+02	2.54639e+02	2.22960e+03	1.12389e+03	1.90229e+00	0.00000e+00	0.00000e+00	3.00027e-02
3.19060e+02	2.55407e+02	2.22877e+03	1.17836e+03	3.73643e+00	2.01614e+00	8.64188e+01	0.00000e+00
3.20848e+02	2.55456e+02	2.22794e+03	1.17860e+03	3.73857e+00	2.01840e+00	8.63345e+01	0.00000e+00
3.22635e+02	2.55506e+02	2.22711e+03	1.17883e+03	3.74071e+00	2.02066e+00	8.62504e+01	0.00000e+00
3.24422e+02	2.55555e+02	2.22628e+03	1.17907e+03	3.74285e+00	2.02292e+00	8.61664e+01	0.00000e+00
3.26209e+02	2.55604e+02	2.22545e+03	1.17930e+03	3.74498e+00	2.02517e+00	8.60825e+01	0.00000e+00
3.27997e+02	2.55654e+02	2.22462e+03	1.17953e+03	3.74712e+00	2.02742e+00	8.59987e+01	0.00000e+00
3.29784e+02	2.55706e+02	2.22380e+03	1.17976e+03	3.74926e+00	2.02967e+00	8.59100e+01	0.00000e+00
3.31571e+02	2.55764e+02	2.22297e+03	1.17998e+03	3.75141e+00	2.03192e+00	8.58130e+01	0.00000e+00
3.33358e+02	2.55821e+02	2.22214e+03	1.18020e+03	3.75355e+00	2.03417e+00	8.57162e+01	0.00000e+00
3.35146e+02	2.55878e+02	2.22131e+03	1.18042e+03	3.75570e+00	2.03642e+00	8.56195e+01	0.00000e+00
3.36933e+02	2.55936e+02	2.22049e+03	1.18064e+03	3.75785e+00	2.03866e+00	8.55230e+01	0.00000e+00
3.38720e+02	2.55993e+02	2.21966e+03	1.18086e+03	3.75999e+00	2.04090e+00	8.54266e+01	0.00000e+00
3.40507e+02	2.56051e+02	2.21884e+03	1.18108e+03	3.76214e+00	2.04314e+00	8.53304e+01	0.00000e+00
3.42294e+02	2.56108e+02	2.21801e+03	1.18130e+03	3.76428e+00	2.04538e+00	8.52343e+01	0.00000e+00
3.44082e+02	2.56165e+02	2.21719e+03	1.18151e+03	3.76643e+00	2.04761e+00	8.51384e+01	0.00000e+00
3.45869e+02	2.56223e+02	2.21636e+03	1.18173e+03	3.76857e+00	2.04984e+00	8.50426e+01	0.00000e+00
3.47656e+02	2.56280e+02	2.21554e+03	1.18194e+03	3.77071e+00	2.05207e+00	8.49470e+01	0.00000e+00
3.49443e+02	2.56338e+02	2.21472e+03	1.18215e+03	3.77286e+00	2.05430e+00	8.48516e+01	0.00000e+00
3.51231e+02	2.56395e+02	2.21389e+03	1.18236e+03	3.77500e+00	2.05653e+00	8.47562e+01	0.00000e+00
3.53018e+02	2.56452e+02	2.21307e+03	1.18257e+03	3.77714e+00	2.05875e+00	8.46611e+01	0.00000e+00
3.54805e+02	2.56526e+02	2.21228e+03	1.23455e+03	4.17596e+00	2.20811e+00	1.23988e+02	0.00000e+00
3.56592e+02	2.56662e+02	2.21149e+03	1.23484e+03	4.17651e+00	2.20814e+00	1.23988e+02	0.00000e+00
3.58380e+02	2.56798e+02	2.21071e+03	1.23513e+03	4.17705e+00	2.20817e+00	1.23988e+02	0.00000e+00
3.60167e+02	2.56934e+02	2.20992e+03	1.23542e+03	4.17760e+00	2.20821e+00	1.23988e+02	0.00000e+00
3.61954e+02	2.57070e+02	2.20913e+03	1.23571e+03	4.17815e+00	2.20824e+00	1.23988e+02	0.00000e+00
3.63741e+02	2.57206e+02	2.20835e+03	1.23600e+03	4.17869e+00	2.20828e+00	1.23988e+02	0.00000e+00
3.65529e+02	2.57342e+02	2.20756e+03	1.23629e+03	4.17924e+00	2.20832e+00	1.23988e+02	0.00000e+00
3.67316e+02	2.57478e+02	2.20678e+03	1.23658e+03	4.17979e+00	2.20835e+00	1.23988e+02	0.00000e+00
3.69103e+02	2.57614e+02	2.20599e+03	1.23687e+03	4.18035e+00	2.20839e+00	1.23988e+02	0.00000e+00
3.70890e+02	2.57750e+02	2.20521e+03	1.23715e+03	4.18090e+00	2.20843e+00	1.23988e+02	0.00000e+00
3.72678e+02	2.57886e+02	2.20442e+03	1.23744e+03	4.18145e+00	2.20847e+00	1.23988e+02	0.00000e+00
3.74465e+02	2.58022e+02	2.20364e+03	1.23773e+03	4.18201e+00	2.20851e+00	1.23988e+02	0.00000e+00
3.76252e+02	2.58158e+02	2.20286e+03	1.23801e+03	4.18256e+00	2.20855e+00	1.23988e+02	0.00000e+00
3.78039e+02	2.58294e+02	2.20207e+03	1.23829e+03	4.18312e+00	2.20859e+00	1.23988e+02	0.00000e+00
3.79827e+02	2.58430e+02	2.20129e+03	1.23858e+03	4.18367e+00	2.20863e+00	1.23988e+02	0.00000e+00
3.81614e+02	2.58560e+02	2.20051e+03	1.23886e+03	4.18423e+00	2.20867e+00	1.23988e+02	0.00000e+00
3.83401e+02	2.58691e+02	2.19973e+03	1.23914e+03	4.18479e+00	2.20872e+00	1.23988e+02	0.00000e+00
3.85188e+02	2.58821e+02	2.19895e+03	1.23942e+03	4.18535e+00	2.20876e+00	1.23988e+02	0.00000e+00
3.86976e+02	2.58952e+02	2.19817e+03	1.23970e+03	4.18591e+00	2.20881e+00	1.23988e+02	0.00000e+00
3.88763e+02	2.59082e+02	2.19739e+03	1.23998e+03	4.18647e+00	2.20885e+00	1.23988e+02	0.00000e+00
3.90550e+02	2.59212e+02	2.19661e+03	1.24026e+03	4.18704e+00	2.20890e+00	1.23988e+02	0.00000e+00
3.92337e+02	2.59343e+02	2.19583e+03	1.24054e+03	4.18760e+00	2.20894e+00	1.23988e+02	0.00000e+00
3.94125e+02	2.59473e+02	2.19505e+03	1.24081e+03	4.18816e+00	2.20899e+00	1.23988e+02	0.00000e+00
3.95912e+02	2.59603e+02	2.19427e+03	1.24109e+03	4.18873e+00	2.20904e+00	1.23988e+02	0.00000e+00
3.97699e+02	2.59734e+02	2.19349e+03	1.24136e+03	4.18930e+00	2.20909e+00	1.23988e+02	0.00000e+00
3.99486e+02	2.59864e+02	2.19271e+03	1.24164e+03	4.18986e+00	2.20913e+00	1.23988e+02	0.00000e+00
4.01274e+02	2.59995e+02	2.19193e+03	1.24191e+03	4.19043e+00	2.20918e+00	1.23988e+02	0.00000e+00
4.03061e+02	2.60125e+02	2.19116e+03	1.24219e+03	4.19100e+00	2.20923e+00	1.23988e+02	0.00000e+00
4.04848e+02	2.60255e+02	2.19038e+03	1.24246e+03	4.19157e+00	2.20929e+00	1.23988e+02	0.00000e+00
4.06635e+02	2.60381e+02	2.18960e+03	1.24273e+03	4.19214e+00	2.20934e+00	1.23988e+02	0.00000e+00
4.08422e+02	2.60506e+02	2.18883e+03	1.24300e+03	4.19272e+00	2.20939e+00	1.23988e+02	0.00000e+00
4.10210e+02	2.60631e+02	2.18805e+03	1.24327e+03	4.19329e+00	2.20944e+00	1.23988e+02	0.00000e+00
4.11997e+02	2.60756e+02	2.18728e+03	1.24354e+03	4.19386e+00	2.20949e+00	1.23988e+02	0.00000e+00
4.13784e+02	2.60881e+02	2.18650e+03	1.24381e+03	4.19444e+00	2.20955e+00	1.23988e+02	0.00000e+00
4.15571e+02	2.61006e+02	2.18573e+03	1.24408e+03	4.19501e+00	2.20960e+00	1.23988e+02	0.00000e+00
4.17359e+02	2.61131e+02	2.18495e+03	1.24434e+03	4.19559e+00	2.20966e+00	1.23988e+02	0.00000e+00
4.19146e+02	2.61256e+02	2.18418e+03	1.24461e+03	4.19617e+00	2.20972e+00	1.23988e+02	0.00000e+00
4.20933e+02	2.61381e+02	2.18340e+03	1.24487e+03	4.19675e+00	2.20977e+00	1.23988e+02	0.00000e+00
4.22720e+02	2.61506e+02	2.18263e+03	1.24514e+03	4.19733e+00	2.20983e+00	1.23988e+02	0.00000e+00
4.24508e+02	2.61631e+02	2.18186e+03	1.24540e+03	4.19791e+00	2.20989e+00	1.23988e+02	0.00000e+00
4.26295e+02	2.61756e+02	2.18109e+03	1.24567e+03	4.19849e+00	2.20995e+00	1.23988e+02	0.00000e+00
4.28082e+02	2.61881e+02	2.18031e+03	1.24593e+03	4.19908e+00	2.21001e+00	1.23988e+02	0.00000e+00
4.29869e+02	2.62006e+02	2.17954e+03	1.24619e+03	4.19966e+00	2.21007e+00	1.23988e+02	0.00000e+00
4.31657e+02	2.62128e+02	2.17877e+03	1.24645e+03	4.20024e+00	2.21013e+00	1.23988e+02	0.00000e+00
4.33444e+02	2.62248e+02	2.17800e+03	1.24671e+03	4.20083e+00	2.21019e+00	1.23988e+02	0.00000e+00
4.35231e+02	2.62368e+02	2.17723e+03	1.24697e+03	4.20142e+00	2.21025e+00	1.23988e+02	0.00000e+00
4.37018e+02	2.62488e+02	2.17646e+03	1.24723e+03	4.20201e+00	2.21031e+00	1.23988e+02	0.00000e+00
4.38806e+02	2.62608e+02	2.17569e+03	1.24749e+03	4.20259e+00	2.21038e+00	1.23988e+02	0.00000e+00
4.40593e+02	2.62728e+02	2.17492e+03	1.24774e+03	4.20318e+00	2.21044e+00	1.23988e+02	0.00000e+00
4.42380e+02	2.62848e+02	2.17415e+03	1.24800e+03	4.20378e+00	2.21051e+00	1.23988e+02	0.00000e+00
4.44167e+02	2.62968e+02	2.17338e+03	1.24825e+03	4.20437e+00	2.21057e+00	1.23988e+02	0.00000e+00
4.45955e+02	2.63087e+02	2.17261e+03	1.24851e+03	4.20496e+00	2.21064e+00	1.23988e+02	0.00000e+00
4.47742e+02	2.63207e+02	2.17185e+03	1.24876e+03	4.20555e+00	2.21071e+00	1.23988e+02	0.00000e+00
4.49529e+02	2.63327e+02	2.17108e+03	1.24901e+03	4.20615e+00	2.21077e+00	1.23988e+02	0.00000e+00
4.51316e+02	2.63447e+02	2.17031e+03	1.24927e+03	4.20675e+00	2.21084e+00	1.23988e+02	0.00000e+00
4.53104e+02	2.63567e+02	2.16954e+03	1.24952e+03	4.20734e+00	2.21091e+00	1.23988e+02	0.00000e+00
4.54891e+02	2.63687e+02	2.16878e+03	1.24977e+03	4.20794e+00	2.21098e+00	1.23988e+02	0.00000e+00
4.56678e+02	2.63805e+02	2.16801e+03	1.25002e+03	4.20854e+00	2.21105e+00	1.23988e+02	0.00000e+00
4.58465e+02	2.63920e+02	2.16725e+03	1.25027e+03	4.20914e+00	2.21112e+00	1.23988e+02	0.00000e+00
4.60253e+02	2.64035e+02	2.16648e+03	1.25051e+03	4.20974e+00	2.21119e+00	1.23988e+02	0.00000e+00
4.62040e+02	2.64150e+02	2.16571e+03	1.25076e+03	4.21034e+00	2.21126e+00	1.23988e+02	0.00000e+00
4.63827e+02	2.64265e+02	2.16495e+03	1.25101e+03	4.21095e+00	2.21134e+00	1.23988e+02	0.00000e+00
4.65614e+02	2.64380e+02	2.16419e+03	1.25125e+03	4.21155e+00	2.21141e+00	1.23988e+02	0.00000e+00
4.67402e+02	2.64495e+02	2.16342e+03	1.25150e+03	4.21216e+00	2.21149e+00	1.23988e+02	0.00000e+00
4.69189e+02	2.64610e+02	2.16266e+03	1.25174e+03	4.21276e+00	2.21156e+00	1.23988e+02	0.00000e+00
4.70976e+02	2.64725e+02	2.16189e+03	1.25199e+03	4.21337e+00	2.21164e+00	1.23988e+02	0.00000e+00
4.72763e+02	2.64840e+02	2.16113e+03	1.25223e+03	4.21398e+00	2.21171e+00	1.23988e+02	0.00000e+00
4.74550e+02	2.64956e+02	2.16037e+03	1.25247e+03	4.21459e+00	2.21179e+00	1.23988e+02	0.00000e+00
4.76338e+02	2.65071e+02	2.15961e+03	1.25271e+03	4.21520e+00	2.21187e+00	1.23988e+02	0.00000e+00
4.78125e+02	2.65186e+02	2.15885e+03	1.25295e+03	4.21581e+00	2.21194e+00	1.23988e+02	0.00000e+00
4.79912e+02	2.65301e+02	2.15808e+03	1.25319e+03	4.21642e+00	2.21202e+00	1.23988e+02	0.00000e+00
4.81699e+02	2.65414e+02	2.15732e+03	1.25343e+03	4.21703e+00	2.21210e+00	1.23988e+02	0.00000e+00
4.83487e+02	2.65525e+02	2.15656e+03	1.25367e+03	4.21765e+00	2.21218e+00	1.23988e+02	0.00000e+00
4.85274e+02	2.65635e+02	2.15580e+03	1.25390e+03	4.21826e+00	2.21226e+00	1.23988e+02	0.00000e+00
4.87061e+02	2.65746e+02	2.15504e+03	1.25414e+03	4.21888e+00	2.21235e+00	1.23988e+02	0.00000e+00
4.88848e+02	2.65856e+02	2.15428e+03	1.25437e+03	4.21950e+00	2.21243e+00	1.23988e+02	0.00000e+00
4.90636e+02	2.65967e+02	2.15352e+03	1.25461e+03	4.22012e+00	2.21251e+00	1.23988e+02	0.00000e+00
4.92423e+02	2.66077e+02	2.15276e+03	1.25484e+03	4.22074e+00	2.21259e+00	1.23988e+02	0.00000e+00
4.94210e+02	2.66188e+02	2.15201e+03	1.25508e+03	4.22136e+00	2.21268e+00	1.23988e+02	0.00000e+00
4.95997e+02	2.66298e+02	2.15125e+03	1.25531e+03	4.22198e+00	2.21276e+00	1.23988e+02	0.00000e+00
4.97785e+02	2.66408e+02	2.15049e+03	1.25554e+03	4.22260e+00	2.21285e+00	1.23988e+02	0.00000e+00
4.99572e+02	2.66519e+02	2.14973e+03	1.25577e+03	4.22322e+00	2.21294e+00	1.23988e+02	0.00000e+00
5.01359e+02	2.66629e+02	2.14897e+03	1.25600e+03	4.22385e+00	2.21302e+00	1.23988e+02	0.00000e+00
5.03146e+02	2.66740e+02	2.14822e+03	1.25623e+03	4.22447e+00	2.21311e+00	1.23988e+02	0.00000e+00
5.04934e+02	2.66850e+02	2.14746e+03	1.25646e+03	4.22510e+00	2.21320e+00	1.23988e+02	0.00000e+00
5.06721e+02	2.66960e+02	2.14670e+03	1.25668e+03	4.22573e+00	2.21329e+00	1.23988e+02	0.00000e+00
5.08508e+02	2.67066e+02	2.14595e+03	1.25691e+03	4.22636e+00	2.21338e+00	1.23988e+02	0.00000e+00
5.10295e+02	2.67172e+02	2.14519e+03	1.25714e+03	4.22699e+00	2.21347e+00	1.23988e+02	0.00000e+00
5.12083e+02	2.67278e+02	2.14444e+03	1.25736e+03	4.22762e+00	2.21356e+00	1.23988e+02	0.00000e+00
5.13870e+02	2.67384e+02	2.14368e+03	1.25759e+03	4.22825e+00	2.21365e+00	1.23988e+02	0.00000e+00
5.15657e+02	2.67490e+02	2.14293e+03	1.25781e+03	4.22888e+00	2.21374e+00	1.23988e+02	0.00000e+00
5.17444e+02	2.67596e+02	2.14217e+03	1.25803e+03	4.22951e+00	2.21384e+00	1.23988e+02	0.00000e+00
5.19232e+02	2.67702e+02	2.14142e+03	1.25825e+03	4.23015e+00	2.21393e+00	1.23988e+02	0.00000e+00
5.21019e+02	2.67808e+02	2.14067e+03	1.25848e+03	4.23078e+00	2.21402e+00	1.23988e+02	0.00000e+00
5.22806e+02	2.67914e+02	2.13991e+03	1.25870e+03	4.23142e+00	2.21412e+00	1.23988e+02	0.00000e+00
5.24593e+02	2.68020e+02	2.13916e+03	1.25891e+03	4.23206e+00	2.21421e+00	1.23988e+02	0.00000e+00
5.26381e+02	2.68127e+02	2.13841e+03	1.25913e+03	4.23270e+00	2.21431e+00	1.23988e+02	0.00000e+00
5.28168e+02	2.68233e+02	2.13766e+03	1.25935e+03	4.23334e+00	2.21441e+00	1.23988e+02	0.00000e+00
5.29955e+02	2.68339e+02	2.13691e+03	1.25957e+03	4.23398e+00	2.21450e+00	1.23988e+02	0.00000e+00
5.31742e+02	2.68444e+02	2.13615e+03	1.25978e+03	4.23462e+00	2.21460e+00	1.23988e+02	0.00000e+00
5.33530e+02	2.68546e+02	2.13540e+03	1.26000e+03	4.23526e+00	2.21470e+00	1.23988e+02	0.00000e+00
5.35317e+02	2.68648e+02	2.13465e+03	1.26022e+03	4.23590e+00	2.21480e+00	1.23988e+02	0.00000e+00
5.37104e+02	2.68750e+02	2.13390e+03	1.26043e+03	4.23655e+00	2.21490e+00	1.23988e+02	0.00000e+00
5.38891e+02	2.68852e+02	2.13315e+03	1.26064e+03	4.23719e+00	2.21500e+00	1.23988e+02	0.00000e+00
5.40678e+02	2.68954e+02	2.13240e+03	1.26085e+03	4.23784e+00	2.21510e+00	1.23988e+02	0.00000e+00
5.42466e+02	2.69055e+02	2.13165e+03	1.26107e+03	4.23849e+00	2.21520e+00	1.23988e+02	0.00000e+00
5.44253e+02	2.69157e+02	2.13090e+03	1.26128e+03	4.23914e+00	2.21531e+00	1.23988e+02	0.00000e+00
5.46040e+02	2.69259e+02	2.13016e+03	1.26149e+03	4.23979e+00	2.21541e+00	1.23988e+02	0.00000e+00
5.47827e+02	2.69361e+02	2.12941e+03	1.26170e+03	4.24044e+00	2.21551e+00	1.23988e+02	0.00000e+00
5.49615e+02	2.69463e+02	2.12866e+03	1.26191e+03	4.24109e+00	2.21562e+00	1.23988e+02	0.00000e+00
5.51402e+02	2.69565e+02	2.12791e+03	1.26211e+03	4.24174e+00	2.21572e+00	1.23988e+02	0.00000e+00
5.53189e+02	2.69666e+02	2.12716e+03	1.26232e+03	4.24240e+00	2.21583e+00	1.23988e+02	0.00000e+00
5.54976e+02	2.69768e+02	2.12642e+03	1.26253e+03	4.24305e+00	2.21594e+00	1.23988e+02	0.00000e+00
5.56764e+02	2.69870e+02	2.12567e+03	1.26273e+03	4.24371e+00	2.21604e+00	1.23988e+02	0.00000e+00
5.58551e+02	2.69968e+02	2.12492e+03	1.26294e+03	4.24436e+00	2.21615e+00	1.23988e+02	0.00000e+00
5.60338e+02	2.70066e+02	2.12418e+03	1.26314e+03	4.24502e+00	2.21626e+00	1.23988e+02	0.00000e+00
5.62125e+02	2.70164e+02	2.12343e+03	1.26334e+03	4.24568e+00	2.21637e+00	1.23988e+02	0.00000e+00
5.63913e+02	2.70262e+02	2.12269e+03	1.26355e+03	4.24634e+00	2.21648e+00	1.23988e+02	0.00000e+00
5.65700e+02	2.70360e+02	2.12194e+03	1.26375e+03	4.24700e+00	2.21659e+00	1.23988e+02	0.00000e+00
5.67487e+02	2.70457e+02	2.12120e+03	1.26395e+03	4.24766e+00	2.21670e+00	1.23988e+02	0.00000e+00
5.69274e+02	2.70555e+02	2.12045e+03	1.26415e+03	4.24832e+00	2.21681e+00	1.23988e+02	0.00000e+00
5.71062e+02	2.70653e+02	2.11971e+03	1.26435e+03	4.24899e+00	2.21692e+00	1.23988e+02	0.00000e+00
5.72849e+02	2.70751e+02	2.11897e+03	1.26455e+03	4.24965e+00	2.21704e+00	1.23988e+02	0.00000e+00
5.74636e+02	2.70849e+02	2.11822e+03	1.26474e+03	4.25032e+00	2.21715e+00	1.23988e+02	0.00000e+00
5.76423e+02	2.70946e+02	2.11748e+03	1.26494e+03	4.25098e+00	2.21727e+00	1.23988e+02	0.00000e+00
5.78211e+02	2.71044e+02	2.11674e+03	1.26514e+03	4.25165e+00	2.21738e+00	1.23988e+02	0.00000e+00
5.79998e+02	2.71142e+02	2.11600e+03	1.26533e+03	4.25232e+00	2.21750e+00	1.23988e+02	0.00000e+00
5.81785e+02	2.71240e+02	2.11525e+03	1.26553e+03	4.25299e+00	2.21761e+00	1.23988e+02	0.00000e+00
5.83572e+02	2.71335e+02	2.11451e+03	1.26572e+03	4.25366e+00	2.21773e+00	1.23988e+02	0.00000e+00
5.85360e+02	2.71429e+02	2.11377e+03	1.26591e+03	4.25433e+00	2.21785e+00	1.23988e+02	0.00000e+00
5.87147e+02	2.71523e+02	2.11303e+03	1.26611e+03	4.25500e+00	2.21796e+00	1.23988e+02	0.00000e+00
5.88934e+02	2.71617e+02	2.11229e+03	1.26630e+03	4.25567e+00	2.21808e+00	1.23988e+02	0.00000e+00
5.90721e+02	2.71711e+02	2.11155e+03	1.26649e+03	4.25635e+00	2.21820e+00	1.23988e+02	0.00000e+00
5.92509e+02	2.71805e+02	2.11081e+03	1.26668e+03	4.25702e+00	2.21832e+00	1.23988e+02	0.00000e+00
5.94296e+02	2.71899e+02	2.11007e+03	1.26687e+03	4.25770e+00	2.21844e+00	1.23988e+02	0.00000e+00
5.96083e+02	2.71993e+02	2.10933e+03	1.26706e+03	4.25837e+00	2.21856e+00	1.23988e+02	0.00000e+00
5.97870e+02	2.72086e+02	2.10859e+03	1.26724e+03	4.25905e+00	2.21868e+00	1.23988e+02	0.00000e+00
5.99658e+02	2.72180e+02	2.10785e+03	1.26743e+03	4.25973e+00	2.21881e+00	1.23988e+02	0.00000e+00
6.01445e+02	2.72274e+02	2.10711e+03	1.26762e+03	4.26041e+00	2.21893e+00	1.23988e+02	0.00000e+00
6.03232e+02	2.72368e+02	2.10637e+03	1.26780e+03	4.26109e+00	2.21905e+00	1.23988e+02	0.00000e+00
6.05019e+02	2.72462e+02	2.10564e+03	1.26799e+03	4.26177e+00	2.21918e+00	1.23988e+02	0.00000e+00
6.06806e+02	2.72556e+02	2.10490e+03	1.26817e+03	4.26246e+00	2.21930e+00	1.23988e+02	0.00000e+00
6.08594e+02	2.72648e+02	2.10416e+03	1.26836e+03	4.26314e+00	2.21943e+00	1.23988e+02	0.00000e+00
6.10381e+02	2.72738e+02	2.10343e+03	1.26854e+03	4.26382e+00	2.21955e+00	1.23988e+02	0.00000e+00
6.12168e+02	2.72829e+02	2.10269e+03	1.26872e+03	4.26451e+00	2.21968e+00	1.23988e+02	0.00000e+00
6.13955e+02	2.72919e+02	2.10195e+03	1.26890e+03	4.26520e+00	2.21981e+00	1.23988e+02	0.00000e+00
6.15743e+02	2.73009e+02	2.10122e+03	1.26908e+03	4.26588e+00	2.21993e+00	1.23988e+02	0.00000e+00
6.17530e+02	2.73100e+02	2.10048e+03	1.26926e+03	4.26657e+00	2.22006e+00	1.23988e+02	0.00000e+00
6.19317e+02	2.73190e+02	2.09975e+03	1.26944e+03	4.26726e+00	2.22019e+00	1.23988e+02	0.00000e+00
6.21104e+02	2.73280e+02	2.09901e+03	1.26962e+03	4.26795e+00	2.22032e+00	1.23988e+02	0.00000e+00
6.22892e+02	2.73370e+02	2.09828e+03	1.26980e+03	4.26864e+00	2.22045e+00	1.23988e+02	0.00000e+00
6.24679e+02	2.73461e+02	2.09754e+03	1.26997e+03	4.26933e+00	2.22058e+00	1.23988e+02	0.00000e+00
6.26466e+02	2.73551e+02	2.09681e+03	1.27015e+03	4.27003e+00	2.22071e+00	1.23988e+02	0.00000e+00
6.28253e+02	2.73641e+02	2.09608e+03	1.27033e+03	4.27072e+00	2.22084e+00	1.23988e+02	0.00000e+00
6.30041e+02	2.73731e+02	2.09534e+03	1.27050e+03	4.27141e+00	2.22098e+00	1.23988e+02	0.00000e+00
6.31828e+02	2.73822e+02	2.09461e+03	1.27067e+03	4.27211e+00	2.22111e+00	1.23988e+02	0.00000e+00
6.33615e+02	2.73919e+02	2.09388e+03	1.27085e+03	4.27281e+00	2.22124e+00	1.23988e+02	0.00000e+00
6.35402e+02	2.74028e+02	2.09314e+03	1.27102e+03	4.27351e+00	2.22138e+00	1.23988e+02	0.00000e+00
6.37190e+02	2.74137e+02	2.09241e+03	1.27119e+03	4.27421e+00	2.22151e+00	1.23988e+02	0.00000e+00
6.38977e+02	2.74245e+02	2.09168e+03	1.27136e+03	4.27491e+00	2.22165e+00	1.23988e+02	0.00000e+00
6.40764e+02	2.74354e+02	2.09101e+03	1.39438e+03	4.35591e+00	2.22810e+00	1.07139e+02	0.00000e+00
6.42551e+02	2.74463e+02	2.09035e+03	1.39437e+03	4.35711e+00	2.22897e+00	1.06916e+02	0.00000e+00
6.44339e+02	2.74571e+02	2.08968e+03	1.39436e+03	4.35831e+00	2.22984e+00	1.06694e+02	0.00000e+00
6.46126e+02	2.74680e+02	2.08901e+03	1.39436e+03	4.35952e+00	2.23070e+00	1.06473e+02	0.00000e+00
6.47913e+02	2.74789e+02	2.08835e+03	1.39435e+03	4.36072e+00	2.23157e+00	1.06252e+02	0.00000e+00
6.49700e+02	2.74897e+02	2.08768e+03	1.39434e+03	4.36192e+00	2.23244e+00	1.06032e+02	0.00000e+00
6.51488e+02	2.75006e+02	2.08701e+03	1.39434e+03	4.36312e+00	2.23331e+00	1.05812e+02	0.00000e+00
6.53275e+02	2.75115e+02	2.08635e+03	1.39433e+03	4.36432e+00	2.23417e+00	1.05593e+02	0.00000e+00
6.55062e+02	2.75223e+02	2.08568e+03	1.39432e+03	4.36552e+00	2.23504e+00	1.05375e+02	0.00000e+00
6.56849e+02	2.75332e+02	2.08502e+03	1.39431e+03	4.36672e+00	2.23590e+00	1.05157e+02	0.00000e+00
6.58637e+02	2.75448e+02	2.08435e+03	1.39431e+03	4.36792e+00	2.23677e+00	1.04926e+02	0.00000e+00
6.60424e+02	2.75588e+02	2.08369e+03	1.39430e+03	4.36912e+00	2.23764e+00	1.04648e+02	0.00000e+00
6.62211e+02	2.75727e+02	2.08302e+03	1.39429e+03	4.37033e+00	2.23850e+00	1.04371e+02	0.00000e+00
6.63998e+02	2.75867e+02	2.08236e+03	1.39428e+03	4.37153e+00	2.23937e+00	1.04095e+02	0.00000e+00
6.65786e+02	2.76007e+02	2.08169e+03	1.39427e+03	4.37273e+00	2.24023e+00	1.03820e+02	0.00000e+00
6.67573e+02	2.76147e+02	2.08103e+03	1.39426e+03	4.37393e+00	2.24110e+00	1.03546e+02	0.00000e+00
6.69360e+02	2.76287e+02	2.08036e+03	1.39425e+03	4.37513e+00	2.24197e+00	1.03273e+02	0.00000e+00
6.71147e+02	2.76426e+02	2.07970e+03	1.39424e+03	4.37633e+00	2.24283e+00	1.03001e+02	0.00000e+00
6.72934e+02	2.76566e+02	2.07903e+03	1.39423e+03	4.37753e+00	2.24369e+00	1.02730e+02	0.00000e+00
6.74722e+02	2.76706e+02	2.07837e+03	1.39422e+03	4.37873e+00	2.24456e+00	1.02460e+02	0.00000e+00
6.76509e+02	2.76846e+02	2.07771e+03	1.39422e+03	4.37993e+00	2.24542e+00	1.02190e+02	0.00000e+00
6.78296e+02	2.76985e+02	2.07704e+03	1.39421e+03	4.38113e+00	2.24629e+00	1.01922e+02	0.00000e+00
6.80083e+02	2.77125e+02	2.07638e+03	1.39420e+03	4.38233e+00	2.24715e+00	1.01655e+02	0.00000e+00
6.81871e+02	2.77265e+02	2.07571e+03	1.39419e+03	4.38353e+00	2.24801e+00	1.01389e+02	0.00000e+00
6.83658e+02	2.77404e+02	2.07505e+03	1.39418e+03	4.38473e+00	2.24887e+00	1.01124e+02	0.00000e+00
6.85445e+02	2.77539e+02	2.07439e+03	1.39417e+03	4.38593e+00	2.24974e+00	1.00870e+02	0.00000e+00
6.87232e+02	2.77673e+02	2.07372e+03	1.39416e+03	4.38713e+00	2.25060e+00	1.00617e+02	0.00000e+00
6.89020e+02	2.77807e+02	2.07306e+03	1.39415e+03	4.38832e+00	2.25146e+00	1.00365e+02	0.00000e+00
6.90807e+02	2.77942e+02	2.07240e+03	1.39414e+03	4.38952e+00	2.25232e+00	1.00114e+02	0.00000e+00
6.92594e+02	2.78076e+02	2.07174e+03	1.39413e+03	4.39072e+00	2.25318e+00	9.98632e+01	0.00000e+00
6.94381e+02	2.78210e+02	2.07107e+03	1.39413e+03	4.39191e+00	2.25404e+00	9.96136e+01	0.00000e+00
6.96169e+02	2.78345e+02	2.07041e+03	1.39412e+03	4.39311e+00	2.25490e+00	9.93649e+01	0.00000e+00
6.97956e+02	2.78479e+02	2.06975e+03	1.39411e+03	4.39430e+00	2.25576e+00	9.91170e+01	0.00000e+00
6.99743e+02	2.78613e+02	2.06909e+03	1.39410e+03	4.39550e+00	2.25662e+00	9.88700e+01	0.00000e+00
7.01530e+02	2.78748e+02	2.06843e+03	1.39409e+03	4.39669e+00	2.25748e+00	9.86238e+01	0.00000e+00
7.03318e+02	2.78882e+02	2.06776e+03	1.39408e+03	4.39789e+00	2.25834e+00	9.83785e+01	0.00000e+00
7.05105e+02	2.79016e+02	2.06710e+03	1.39407e+03	4.39908e+00	2.25920e+00	9.81340e+01	0.00000e+00
7.06892e+02	2.79150e+02	2.06644e+03	1.39406e+03	4.40028e+00	2.26006e+00	9.78904e+01	0.00000e+00
7.08679e+02	2.79285e+02	2.06578e+03	1.39406e+03	4.40147e+00	2.26091e+00	9.76476e+01	0.00000e+00
7.10467e+02	2.79415e+02	2.06512e+03	1.39405e+03	4.40266e+00	2.26177e+00	9.74138e+01	0.00000e+00
7.12254e+02	2.79544e+02	2.06446e+03	1.39404e+03	4.40386e+00	2.26263e+00	9.71817e+01	0.00000e+00
7.14041e+02	2.79673e+02	2.06380e+03	1.39403e+03	4.40505e+00	2.26348e+00	9.69503e+01	0.00000e+00
7.15828e+02	2.79802e+02	2.06314e+03	1.39402e+03	4.40624e+00	2.26434e+00	9.67197e+01	0.00000e+00
7.17616e+02	2.79932e+02	2.06248e+03	1.39401e+03	4.40743e+00	2.26520e+00	9.64899e+01	0.00000e+00
7.19403e+02	2.80061e+02	2.06182e+03	1.39400e+03	4.40862e+00	2.26605e+00	9.62608e+01	0.00000e+00
7.21190e+02	2.80190e+02	2.06116e+03	1.39400e+03	4.40982e+00	2.26691e+00	9.60325e+01	0.00000e+00
7.22977e+02	2.80319e+02	2.06050e+03	1.39399e+03	4.41101e+00	2.26776e+00	9.58050e+01	0.00000e+00
7.24765e+02	2.80449e+02	2.05984e+03	1.39398e+03	4.41220e+00	2.26862e+00	9.55782e+01	0.00000e+00
7.26552e+02	2.80578e+02	2.05918e+03	1.39397e+03	4.41339e+00	2.26947e+00	9.53521e+01	0.00000e+00
7.28339e+02	2.80707e+02	2.05852e+03	1.39396e+03	4.41458e+00	2.27033e+00	9.51268e+01	0.00000e+00
7.30126e+02	2.80837e+02	2.05786e+03	1.39395e+03	4.41577e+00	2.27118e+00	9.49022e+01	0.00000e+00
7.31914e+02	2.80966e+02	2.05720e+03	1.39395e+03	4.41695e+00	2.27203e+00	9.46783e+01	0.00000e+00
7.33701e+02	2.81095e+02	2.05654e+03	1.39394e+03	4.41814e+00	2.27289e+00	9.44552e+01	0.00000e+00
7.35488e+02	2.81221e+02	2.05588e+03	1.39393e+03	4.41933e+00	2.27374e+00	9.42387e+01	0.00000e+00
7.37275e+02	2.81346e+02	2.05522e+03	1.39392e+03	4.42052e+00	2.27459e+00	9.40250e+01	0.00000e+00
7.39062e+02	2.81470e+02	2.05456e+03	1.39391e+03	4.42171e+00	2.27544e+00	9.38120e+01	0.00000e+00
7.40850e+02	2.81595e+02	2.05391e+03	1.39390e+03	4.42289e+00	2.27630e+00	9.35997e+01	0.00000e+00
7.42637e+02	2.81719e+02	2.05325e+03	1.39390e+03	4.42408e+00	2.27715e+00	9.33880e+01	0.00000e+00
7.44424e+02	2.81844e+02	2.05259e+03	1.39389e+03	4.42527e+00	2.27800e+00	9.31770e+01	0.00000e+00
7.46211e+02	2.81969e+02	2.05193e+03	1.39388e+03	4.42645e+00	2.27885e+00	9.29667e+01	0.00000e+00
7.47999e+02	2.82093e+02	2.05127e+03	1.39387e+03	4.42764e+00	2.27970e+00	9.27570e+01	0.00000e+00
7.49786e+02	2.82218e+02	2.05062e+03	1.39386e+03	4.42883e+00	2.28055e+00	9.25479e+01	0.00000e+00
7.51573e+02	2.82342e+02	2.04996e+03	1.39386e+03	4.43001e+00	2.28140e+00	9.23396e+01	0.00000e+00
7.53360e+02	2.82467e+02	2.04930e+03	1.39385e+03	4.43120e+00	2.28225e+00	9.21318e+01	0.00000e+00
7.55148e+02	2.82592e+02	2.04864e+03	1.39384e+03	4.43238e+00	2.28310e+00	9.19248e+01	0.00000e+00
7.56935e+02	2.82716e+02	2.04799e+03	1.39383e+03	4.43357e+00	2.28395e+00	9.17184e+01	0.00000e+00
7.58722e+02	2.82841e+02	2.04733e+03	1.39382e+03	4.43475e+00	2.28480e+00	9.15126e+01	0.00000e+00
7.60509e+02	2.82963e+02	2.04667e+03	1.39381e+03	4.43593e+00	2.28565e+00	9.13115e+01	0.00000e+00
7.62297e+02	2.83083e+02	2.04602e+03	1.39381e+03	4.43712e+00	2.28649e+00	9.11140e+01	0.00000e+00
7.64084e+02	2.83203e+02	2.04536e+03	1.39380e+03	4.43830e+00	2.28734e+00	9.09172e+01	0.00000e+00
7.65871e+02	2.83324e+02	2.04471e+03	1.39379e+03	4.43948e+00	2.28819e+00	9.07210e+01	0.00000e+00
7.67658e+02	2.83444e+02	2.04405e+03	1.39378e+03	4.44066e+00	2.28903e+00	9.05253e+01	0.00000e+00
7.69446e+02	2.83564e+02	2.04339e+03	1.39377e+03	4.44185e+00	2.28988e+00	9.03302e+01	0.00000e+00
7.71233e+02	2.83685e+02	2.04274e+03	1.39377e+03	4.44303e+00	2.29073e+00	9.01357e+01	0.00000e+00
7.73020e+02	2.83805e+02	2.04208e+03	1.39376e+03	4.44421e+00	2.29157e+00	8.99418e+01	0.00000e+00
7.74807e+02	2.83925e+02	2.04143e+03	1.39375e+03	4.44539e+00	2.29242e+00	8.97485e+01	0.00000e+00
7.76595e+02	2.84045e+02	2.04077e+03	1.39374e+03	4.44657e+00	2.29326e+00	8.95558e+01	0.00000e+00
7.78382e+02	2.84166e+02	2.04012e+03	1.39374e+03	4.44775e+00	2.29411e+00	8.93636e+01	0.00000e+00
7.80169e+02	2.84286e+02	2.03946e+03	1.39373e+03	4.44893e+00	2.29495e+00	8.91720e+01	0.00000e+00
7.81956e+02	2.84406e+02	2.03881e+03	1.39372e+03	4.45011e+00	2.29580e+00	8.89810e+01	0.00000e+00
7.83744e+02	2.84527e+02	2.03815e+03	1.39371e+03	4.45129e+00	2.29664e+00	8.87906e+01	0.00000e+00
7.85531e+02	2.84645e+02	2.03750e+03	1.39370e+03	4.45247e+00	2.29749e+00	8.86032e+01	0.00000e+00
7.87318e+02	2.84762e+02	2.03684e+03	1.39370e+03	4.45365e+00	2.29833e+00	8.84202e+01	0.00000e+00
7.89105e+02	2.84878e+02	2.03619e+03	1.39369e+03	4.45483e+00	2.29917e+00	8.82376e+01	0.00000e+00
7.90893e+02	2.84994e+02	2.03554e+03	1.39368e+03	4.45600e+00	2.30002e+00	8.80556e+01	0.00000e+00
7.92680e+02	2.85110e+02	2.03488e+03	1.39367e+03	4.45718e+00	2.30086e+00	8.78742e+01	0.00000e+00
7.94467e+02	2.85227e+02	2.03423e+03	1.39367e+03	4.45836e+00	2.30170e+00	8.76932e+01	0.00000e+00
7.96254e+02	2.85343e+02	2.03358e+03	1.39366e+03	4.45954e+00	2.30254e+00	8.75128e+01	0.00000e+00
7.98042e+02	2.85459e+02	2.03292e+03	1.39365e+03	4.46071e+00	2.30338e+00	8.73329e+01	0.00000e+00
7.99829e+02	2.85576e+02	2.03227e+03	1.39364e+03	4.46189e+00	2.30423e+00	8.71535e+01	0.00000e+00
8.01616e+02	2.85692e+02	2.03162e+03	1.39363e+03	4.46307e+00	2.30507e+00	8.69746e+01	0.00000e+00
8.03403e+02	2.85808e+02	2.03096e+03	1.39363e+03	4.46424e+00	2.30591e+00	8.67962e+01	0.00000e+00
8.05190e+02	2.85925e+02	2.03031e+03	1.39362e+03	4.46542e+00	2.30675e+00	8.66183e+01	0.00000e+00
8.06978e+02	2.86041e+02	2.02966e+03	1.39361e+03	4.46659e+00	2.30759e+00	8.64410e+01	0.00000e+00
8.08765e+02	2.86157e+02	2.02901e+03	1.39360e+03	4.46777e+00	2.30843e+00	8.62641e+01	0.00000e+00
8.10552e+02	2.86273e+02	2.02835e+03	1.39360e+03	4.46894e+00	2.30927e+00	8.60891e+01	0.00000e+00
8.12339e+02	2.86385e+02	2.02770e+03	1.39359e+03	4.47012e+00	2.31011e+00	8.59189e+01	0.00000e+00
8.14127e+02	2.86498e+02	2.02705e+03	1.39358e+03	4.47129e+00	2.31095e+00	8.57491e+01	0.00000e+00
8.15914e+02	2.86610e+02	2.02640e+03	1.39357e+03	4.47246e+00	2.31178e+00	8.55797e+01	0.00000e+00
8.17701e+02	2.86723e+02	2.02575e+03	1.39357e+03	4.47364e+00	2.31262e+00	8.54108e+01	0.00000e+00
8.19488e+02	2.86836e+02	2.02510e+03	1.39356e+03	4.47481e+00	2.31346e+00	8.52424e+01	0.00000e+00
8.21276e+02	2.86948e+02	2.02445e+03	1.39355e+03	4.47598e+00	2.31430e+00	8.50745e+01	0.00000e+00
8.23063e+02	2.87061e+02	2.02379e+03	1.39354e+03	4.47715e+00	2.31513e+00	8.49070e+01	0.00000e+00
8.24850e+02	2.87173e+02	2.02314e+03	1.39354e+03	4.47833e+00	2.31597e+00	8.47400e+01	0.00000e+00
8.26637e+02	2.87286e+02	2.02249e+03	1.39353e+03	4.47950e+00	2.31681e+00	8.45734e+01	0.00000e+00
8.28425e+02	2.87399e+02	2.02184e+03	1.39352e+03	4.48067e+00	2.31764e+00	8.44073e+01	0.00000e+00
8.30212e+02	2.87511e+02	2.02119e+03	1.39352e+03	4.48184e+00	2.31848e+00	8.42417e+01	0.00000e+00
8.31999e+02	2.87624e+02	2.02054e+03	1.39351e+03	4.48301e+00	2.31932e+00	8.40765e+01	0.00000e+00
8.33786e+02	2.87736e+02	2.01989e+03	1.39350e+03	4.48418e+00	2.32015e+00	8.39118e+01	0.00000e+00
8.35574e+02	2.87849e+02	2.01924e+03	1.39349e+03	4.48535e+00	2.32099e+00	8.37478e+01	0.00000e+00
8.37361e+02	2.87958e+02	2.01859e+03	1.39349e+03	4.48652e+00	2.32182e+00	8.35889e+01	0.00000e+00
8.39148e+02	2.88067e+02	2.01794e+03	1.39348e+03	4.48769e+00	2.32266e+00	8.34305e+01	0.00000e+00
8.40935e+02	2.88176e+02	2.01729e+03	1.39347e+03	4.48886e+00	2.32349e+00	8.32724e+01	0.00000e+00
8.42723e+02	2.88286e+02	2.01664e+03	1.39346e+03	4.49003e+00	2.32432e+00	8.31148e+01	0.00000e+00
8.44510e+02	2.88395e+02	2.01600e+03	1.39346e+03	4.49120e+00	2.32516e+00	8.29575e+01	0.00000e+00
8.46297e+02	2.88504e+02	2.01535e+03	1.39345e+03	4.49236e+00	2.32599e+00	8.28007e+01	0.00000e+00
8.48084e+02	2.88613e+02	2.01470e+03	1.39344e+03	4.49353e+00	2.32682e+00	8.26444e+01	0.00000e+00
8.49872e+02	2.88722e+02	2.01405e+03	1.39344e+03	4.49470e+00	2.32766e+00	8.24884e+01	0.00000e+00
8.51659e+02	2.88832e+02	2.01340e+03	1.39343e+03	4.49587e+00	2.32849e+00	8.23328e+01	0.00000e+00
8.53446e+02	2.88941e+02	2.01275e+03	1.39342e+03	4.49703e+00	2.32932e+00	8.21777e+01	0.00000e+00
8.55233e+02	2.89050e+02	2.01211e+03	1.39341e+03	4.49820e+00	2.33015e+00	8.20229e+01	0.00000e+00
8.57021e+02	2.89159e+02	2.01146e+03	1.39341e+03	4.49937e+00	2.33098e+00	8.18686e+01	0.00000e+00
8.58808e+02	2.89269e+02	2.01081e+03	1.39340e+03	4.50053e+00	2.33182e+00	8.17146e+01	0.00000e+00
8.60595e+02	2.89378e+02	2.01016e+03	1.39339e+03	4.50170e+00	2.33265e+00	8.15611e+01	0.00000e+00
8.62382e+02	2.89484e+02	2.00952e+03	1.39339e+03	4.50286e+00	2.33348e+00	8.14120e+01	0.00000e+00
8.64170e+02	2.89590e+02	2.00887e+03	1.39338e+03	4.50403e+00	2.33431e+00	8.12636e+01	0.00000e+00
8.65957e+02	2.89696e+02	2.00822e+03	1.39337e+03	4.50519e+00	2.33514e+00	8.11157e+01	0.00000e+00
8.67744e+02	2.89802e+02	2.00757e+03	1.39336e+03	4.50636e+00	2.33597e+00	8.09681e+01	0.00000e+00
8.69531e+02	2.89908e+02	2.00693e+03	1.39336e+03	4.50752e+00	2.33680e+00	8.08208e+01	0.00000e+00
8.71318e+02	2.90014e+02	2.00628e+03	1.39335e+03	4.50868e+00	2.33763e+00	8.06740e+01	0.00000e+00
8.73106e+02	2.90121e+02	2.00563e+03	1.39334e+03	4.50985e+00	2.33845e+00	8.05275e+01	0.00000e+00
8.74893e+02	2.90227e+02	2.00499e+03	1.39334e+03	4.51101e+00	2.33928e+00	8.03814e+01	0.00000e+00
8.76680e+02	2.90333e+02	2.00434e+03	1.39333e+03	4.51217e+00	2.34011e+00	8.02357e+01	0.00000e+00
8.78467e+02	2.90439e+02	2.00370e+03	1.39332e+03	4.51334e+00	2.34094e+00	8.00903e+01	0.00000e+00
8.80255e+02	2.90545e+02	2.00305e+03	1.39332e+03	4.51450e+00	2.34177e+00	7.99454e+01	0.00000e+00
8.82042e+02	2.90651e+02	2.00241e+03	1.39331e+03	4.51566e+00	2.34259e+00	7.98007e+01	0.00000e+00
8.83829e+02	2.90757e+02	2.00176e+03	1.39330e+03	4.51682e+00	2.34342e+00	7.96565e+01	0.00000e+00
8.85616e+02	2.90863e+02	2.00112e+03	1.39329e+03	4.51798e+00	2.34425e+00	7.95126e+01	0.00000e+00
8.87404e+02	2.90967e+02	2.00047e+03	1.39329e+03	4.51914e+00	2.34507e+00	7.93720e+01	0.00000e+00
8.89191e+02	2.91070e+02	1.99983e+03	1.39328e+03	4.52030e+00	2.34590e+00	7.92327e+01	0.00000e+00
8.90978e+02	2.91173e+02	1.99918e+03	1.39327e+03	4.52146e+00	2.34673e+00	7.90937e+01	0.00000e+00
8.92765e+02	2.91277e+02	1.99854e+03	1.39327e+03	4.52262e+00	2.34755e+00	7.89551e+01	0.00000e+00
8.94553e+02	2.91380e+02	1.99789e+03	1.39326e+03	4.52378e+00	2.34838e+00	7.88169e+01	0.00000e+00
8.96340e+02	2.91483e+02	1.99725e+03	1.39325e+03	4.52494e+00	2.34920e+00	7.86790e+01	0.00000e+00
8.98127e+02	2.91586e+02	1.99660e+03	1.39325e+03	4.52610e+00	2.35003e+00	7.85414e+01	0.00000e+00
8.99914e+02	2.91689e+02	1.99596e+03	1.39324e+03	4.52726e+00	2.35085e+00	7.84041e+01	0.00000e+00
9.01702e+02	2.91793e+02	1.99532e+03	1.39323e+03	4.52842e+00	2.35168e+00	7.82672e+01	0.00000e+00
9.03489e+02	2.91896e+02	1.99467e+03	1.39323e+03	4.52958e+00	2.35250e+00	7.81307e+01	0.00000e+00
9.05276e+02	2.91999e+02	1.99403e+03	1.39322e+03	4.53074e+00	2.35332e+00	7.79944e+01	0.00000e+00
9.07063e+02	2.92102e+02	1.99339e+03	1.39321e+03	4.53189e+00	2.35415e+00	7.78585e+01	0.00000e+00
9.08851e+02	2.92205e+02	1.99274e+03	1.39321e+03	4.53305e+00	2.35497e+00	7.77230e+01	0.00000e+00
9.10638e+02	2.92309e+02	1.99210e+03	3.53042e+03	4.58124e+00	2.60427e+00	1.63714e+13	0.00000e+00
9.99851e+02	3.01421e+02	1.97944e+03	3.53042e+03	4.58396e+00	2.60436e+00	7.97871e+12	0.00000e+00
1.08852e+03	3.10483e+02	1.96678e+03	3.53221e+03	4.58667e+00	2.60445e+00	4.06358e+12	0.00000e+00
1.17670e+03	3.19496e+02	1.95413e+03	3.53399e+03	8.03125e+00	4.55788e+00	2.15429e+12	0.00000e+00
1.26438e+03	3.28460e+02	1.94147e+03	3.53574e+03	8.03579e+00	4.55796e+00	1.18458e+12	0.00000e+00
1.35156e+03	3.37375e+02	1.92881e+03	3.53747e+03	8.04020e+00	4.55797e+00	6.73464e+11	0.00000e+00
1.43824e+03	3.46241e+02	1.91615e+03	3.53917e+03	8.04456e+00	4.55798e+00	3.94764e+11	0.00000e+00
1.52442e+03	3.55057e+02	1.90349e+03	3.54087e+03	8.04881e+00	4.55794e+00	2.37983e+11	0.00000e+00
1.61010e+03	3.63825e+02	1.89083e+03	3.54253e+03	8.05302e+00	4.55789e+00	1.47221e+11	0.00000e+00
1.69527e+03	3.72545e+02	1.87818e+03	3.54418e+03	8.05712e+00	4.55780e+00	9.32699e+10	0.00000e+00
1.77993e+03	3.81216e+02	1.86552e+03	3.54581e+03	8.06119e+00	4.55770e+00	6.04055e+10	0.00000e+00
1.86409e+03	3.89838e+02	1.85286e+03	3.54742e+03	8.06516e+00	4.55756e+00	3.99275e+10	0.00000e+00
1.94773e+03	3.98412e+02	1.84020e+03	3.54901e+03	8.06909e+00	4.55741e+00	2.68961e+10	0.00000e+00
2.03087e+03	4.06939e+02	1.82754e+03	3.55058e+03	8.14087e+00	4.61233e+00	1.84397e+10	0.00000e+00
2.11350e+03	4.15417e+02	1.81488e+03	3.57541e+03	8.22634e+00	4.67815e+00	1.28510e+10	0.00000e+00
2.19615e+03	4.23847e+02	1.80223e+03	3.60481e+03	8.23943e+00	4.68534e+00	9.10190e+09	0.00000e+00
2.27891e+03	4.32230e+02	1.78957e+03	3.60948e+03	8.24320e+00	4.68498e+00	6.54528e+09	0.00000e+00
2.36119e+03	4.40566e+02	1.77691e+03	3.61097e+03	8.24688e+00	4.68459e+00	4.77002e+09	0.00000e+00
2.44292e+03	4.48854e+02	1.76425e+03	3.61244e+03	8.25053e+00	4.68421e+00	3.51963e+09	0.00000e+00
2.52409e+03	4.57095e+02	1.75159e+03	3.61390e+03	8.25411e+00	4.68379e+00	2.62742e+09	0.00000e+00
2.60471e+03	4.65289e+02	1.73893e+03	3.61533e+03	8.34285e+00	4.73246e+00	1.98295e+09	0.00000e+00
2.68478e+03	4.73436e+02	1.72628e+03	3.62376e+03	8.40202e+00	4.76407e+00	1.51205e+09	0.00000e+00
2.76443e+03	4.81537e+02	1.71362e+03	3.62972e+03	8.43230e+00	4.77902e+00	1.16444e+09	0.00000e+00
2.84362e+03	4.89591e+02	1.70096e+03	3.63331e+03	8.43553e+00	4.77841e+00	9.05090e+08	0.00000e+00
2.92229e+03	4.97599e+02	1.68830e+03	3.63466e+03	8.43871e+00	4.77780e+00	7.09633e+08	0.00000e+00
3.00038e+03	5.05561e+02	1.67564e+03	3.63599e+03	8.44185e+00	4.77717e+00	5.60933e+08	0.00000e+00
3.07790e+03	5.13478e+02	1.66298e+03	3.63731e+03	8.44493e+00	4.77654e+00	4.46822e+08	0.00000e+00
3.15484e+03	5.21348e+02	1.65033e+03	3.63861e+03	8.44797e+00	4.77590e+00	3.58533e+08	0.00000e+00
3.23120e+03	5.29174e+02	1.63767e+03	3.63990e+03	8.45095e+00	4.77524e+00	2.89687e+08	0.00000e+00
3.30698e+03	5.36954e+02	1.62501e+03	3.64117e+03	8.45391e+00	4.77458e+00	2.35604e+08	0.00000e+00
3.38218e+03	5.44690e+02	1.61235e+03	3.64243e+03	8.45679e+00	4.77390e+00	1.92817e+08	0.00000e+00
3.45679e+03	5.52381e+02	1.59969e+03	3.64367e+03	8.45965e+00	4.77323e+00	1.58741e+08	0.00000e+00
3.53082e+03	5.60028e+02	1.58703e+03	3.64490e+03	8.46245e+00	4.77254e+00	1.31426e+08	0.00000e+00
3.60426e+03	5.67630e+02	1.57438e+03	3.64612e+03	8.46522e+00	4.77185e+00	1.09399e+08	0.00000e+00
3.67711e+03	5.75189e+02	1.56172e+03	3.64732e+03	8.46793e+00	4.77115e+00	9.15312e+07	0.00000e+00
3.74937e+03	5.82704e+02	1.54906e+03	3.64851e+03	8.47061e+00	4.77044e+00	7.69572e+07	0.00000e+00
3.82103e+03	5.90176e+02	1.53640e+03	3.64968e+03	8.47324e+00	4.76973e+00	6.50065e+07	0.00000e+00
3.89210e+03	5.97605e+02	1.52374e+03	3.65084e+03	8.47583e+00	4.76900e+00	5.51569e+07	0.00000e+00
3.96258e+03	6.04991e+02	1.51108e+03	3.65199e+03	8.47838e+00	4.76828e+00	4.69995e+07	0.00000e+00
4.03245e+03	6.12335e+02	1.49843e+03	3.65312e+03	8.48087e+00	4.76754e+00	4.02121e+07	0.00000e+00
4.10173e+03	6.19638e+02	1.48577e+03	3.65424e+03	8.48334e+00	4.76680e+00	3.45393e+07	0.00000e+00
4.17040e+03	6.26898e+02	1.47311e+03	3.65534e+03	8.48576e+00	4.76605e+00	2.97777e+07	0.00000e+00
4.23847e+03	6.34117e+02	1.46045e+03	3.65644e+03	8.48813e+00	4.76530e+00	2.57645e+07	0.00000e+00
4.30594e+03	6.41295e+02	1.44779e+03	3.65751e+03	8.49047e+00	4.76455e+00	2.23688e+07	0.00000e+00
4.37279e+03	6.48433e+02	1.43513e+03	3.65858e+03	8.49276e+00	4.76378e+00	1.94845e+07	0.00000e+00
4.43904e+03	6.55530e+02	1.42248e+03	3.65963e+03	8.49501e+00	4.76301e+00	1.70258e+07	0.00000e+00
4.50468e+03	6.62588e+02	1.40982e+03	3.66066e+03	8.49722e+00	4.76224e+00	1.49224e+07	0.00000e+00
4.56970e+03	6.69607e+02	1.39716e+03	3.66169e+03	8.49938e+00	4.76145e+00	1.31170e+07	0.00000e+00
4.63411e+03	6.76586e+02	1.38450e+03	3.66269e+03	8.50152e+00	4.76067e+00	1.15622e+07	0.00000e+00
4.69790e+03	6.83527e+02	1.37184e+03	3.66369e+03	8.50359e+00	4.75987e+00	1.02192e+07	0.00000e+00
4.76107e+03	6.90430e+02	1.35918e+03	3.66467e+03	8.50564e+00	4.75907e+00	9.05544e+06	0.00000e+00
4.82362e+03	6.97296e+02	1.34653e+03	3.66564e+03	8.50764e+00	4.75827e+00	8.04416e+06	0.00000e+00
4.88554e+03	7.04124e+02	1.33387e+03	3.66660e+03	8.50959e+00	4.75746e+00	7.16290e+06	0.00000e+00
4.94684e+03	7.10917e+02	1.32121e+03	3.66754e+03	8.51151e+00	4.75664e+00	6.39284e+06	0.00000e+00
5.00751e+03	7.17673e+02	1.30855e+03	3.66846e+03	8.51338e+00	4.75582e+00	5.71819e+06	0.00000e+00
5.06755e+03	7.24394e+02	1.29589e+03	3.66938e+03	8.51521e+00	4.75499e+00	5.12563e+06	0.00000e+00
5.12696e+03	7.31080e+02	1.28324e+03	3.67028e+03	8.51700e+00	4.75416e+00	4.60389e+06	0.00000e+00
5.18574e+03	7.37732e+02	1.27058e+03	3.67116e+03	8.51874e+00	4.75331e+00	4.14343e+06	0.00000e+00
5.24387e+03	7.44350e+02	1.25792e+03	3.67203e+03	8.52045e+00	4.75247e+00	3.73610e+06	0.00000e+00
5.30137e+03	7.50936e+02	1.24526e+03	3.67289e+03	8.52211e+00	4.75161e+00	3.37499e+06	0.00000e+00
5.35823e+03	7.57490e+02	1.23260e+03	3.67373e+03	8.52372e+00	4.75075e+00	3.05415e+06	0.00000e+00
5.41444e+03	7.64012e+02	1.21994e+03	3.67456e+03	8.52530e+00	4.74988e+00	2.76850e+06	0.00000e+00
5.47000e+03	7.70503e+02	1.20729e+03	3.67538e+03	8.52682e+00	4.74900e+00	2.51367e+06	0.00000e+00
5.52492e+03	7.76965e+02	1.19463e+03	3.67618e+03	8.52830e+00	4.74812e+00	2.28589e+06	0.00000e+00
5.57918e+03	7.83397e+02	1.18197e+03	3.67697e+03	8.52974e+00	4.74723e+00	2.08189e+06	0.00000e+00
5.63278e+03	7.89801e+02	1.16931e+03	3.67774e+03	8.53113e+00	4.74633e+00	1.89887e+06	0.00000e+00
5.68573e+03	7.96178e+02	1.15665e+03	3.67850e+03	8.53248e+00	4.74542e+00	1.73436e+06	0.00000e+00
5.73802e+03	8.02528e+02	1.14399e+03	3.67924e+03	8.53377e+00	4.74450e+00	1.58625e+06	0.00000e+00
5.78964e+03	8.08853e+02	1.13134e+03	3.67997e+03	8.53502e+00	4.74358e+00	1.45267e+06	0.00000e+00
5.84059e+03	8.15154e+02	1.11868e+03	3.68069e+03	8.53623e+00	4.74265e+00	1.33199e+06	0.00000e+00
5.89087e+03	8.21431e+02	1.10602e+03	3.68139e+03	8.53738e+00	4.74170e+00	1.22280e+06	0.00000e+00
5.94048e+03	8.27686e+02	1.09336e+03	3.68207e+03	8.53849e+00	4.74075e+00	1.12385e+06	0.00000e+00
5.98942e+03	8.33919e+02	1.08070e+03	3.68274e+03	8.53954e+00	4.73978e+00	1.03405e+06	0.00000e+00
6.03767e+03	8.40133e+02	1.06804e+03	3.68339e+03	8.54421e+00	4.74092e+00	9.52428e+05	0.00000e+00
6.08523e+03	8.46328e+02	1.05539e+03	3.68472e+03	8.54972e+00	4.74245e+00	8.78135e+05	0.00000e+00
6.13211e+03	8.52506e+02	1.04273e+03	3.68637e+03	8.55517e+00	4.74390e+00	8.10424e+05	0.00000e+00
6.17832e+03	8.58668e+02	1.03007e+03	3.68798e+03	8.56082e+00	4.74552e+00	7.48628e+05	0.00000e+00
6.22384e+03	8.64815e+02	1.01741e+03	3.68918e+03	8.56652e+00	4.74719e+00	6.92156e+05	0.00000e+00
6.26866e+03	8.70949e+02	1.00475e+03	3.69019e+03	8.57143e+00	4.74861e+00	6.40481e+05	0.00000e+00
6.31278e+03	8.77073e+02	9.92094e+02	3.69129e+03	8.57537e+00	4.74973e+00	5.93136e+05	0.00000e+00
6.35619e+03	8.83186e+02	9.79435e+02	3.69255e+03	8.57888e+00	4.75073e+00	5.49705e+05	0.00000e+00
6.39889e+03	8.89292e+02	9.66777e+02	3.69379e+03	8.58352e+00	4.75183e+00	5.09817e+05	0.00000e+00
6.44087e+03	8.95392e+02	9.54119e+02	3.69526e+03	8.58872e+00	4.75296e+00	4.73142e+05	0.00000e+00
6.48214e+03	9.01488e+02	9.41460e+02	3.69687e+03	8.59395e+00	4.75402e+00	4.39382e+05	0.00000e+00
6.52268e+03	9.07582e+02	9.28802e+02	3.69852e+03	8.59800e+00	4.75466e+00	4.08272e+05	0.00000e+00
6.56249e+03	9.13677e+02	9.16144e+02	3.69896e+03	8.60170e+00	4.75512e+00	3.79572e+05	0.00000e+00
6.60154e+03	9.19774e+02	9.03485e+02	3.69906e+03	8.60520e+00	4.75547e+00	3.53067e+05	0.00000e+00
6.63984e+03	9.25877e+02	8.90827e+02	3.69901e+03	8.60837e+00	4.75619e+00	3.28564e+05	0.00000e+00
6.67737e+03	9.31987e+02	8.78169e+02	3.70172e+03	8.61134e+00	4.75685e+00	3.05888e+05	0.00000e+00
6.71415e+03	9.38108e+02	8.65510e+02	3.70460e+03	8.61422e+00	4.75736e+00	2.84886e+05	0.00000e+00
6.75017e+03	9.44243e+02	8.52852e+02	3.70703e+03	8.61760e+00	4.75728e+00	2.65418e+05	0.00000e+00
6.78542e+03	9.50394e+02	8.40194e+02	3.70605e+03	8.62085e+00	4.75708e+00	2.47352e+05	0.00000e+00
6.81986e+03	9.56565e+02	8.27535e+02	3.70483e+03	8.62367e+00	4.75723e+00	2.30571e+05	0.00000e+00
6.85347e+03	9.62759e+02	8.14877e+02	3.70438e+03	8.62569e+00	4.75832e+00	2.14969e+05	0.00000e+00
6.88626e+03	9.68981e+02	8.02219e+02	3.70594e+03	8.62749e+00	4.75941e+00	2.00453e+05	0.00000e+00
6.91823e+03	9.75234e+02	7.89560e+02	3.70753e+03	8.63048e+00	4.75960e+00	1.86937e+05	0.00000e+00
6.94938e+03	9.81522e+02	7.76902e+02	3.70870e+03	8.63469e+00	4.75888e+00	1.74343e+05	0.00000e+00
6.97968e+03	9.87850e+02	7.64244e+02	3.70944e+03	8.63888e+00	4.75803e+00	1.62598e+05	0.00000e+00
7.00912e+03	9.94222e+02	7.51585e+02	3.71014e+03	8.63926e+00	4.75700e+00	1.51638e+05	0.00000e+00
7.03768e+03	1.00064e+03	7.38927e+02	3.71154e+03	8.63811e+00	4.75583e+00	1.41401e+05	0.00000e+00
7.03768e+03	1.00064e+03	7.38927e+02	7.02772e+03	2.82273e+00	0.00000e+00	1.00000e+04	0.00000e+00
7.37763e+03	1.00176e+03	6.56824e+02	7.04473e+03	2.81932e+00	0.00000e+00	1.00000e+04	0.00000e+00
7.49263e+03	1.00287e+03	5.74721e+02	7.06106e+03	2.85562e+00	0.00000e+00	1.00000e+04	0.00000e+00
7.31993e+03	1.00398e+03	4.92618e+02	7.07766e+03	2.86551e+00	0.00000e+00	1.00000e+04	0.00000e+00
6.75211e+03	1.00509e+03	4.10515e+02	7.09595e+03	2.84193e+00	0.00000e+00	1.00000e+04	0.00000e+00
5.58789e+03	1.00620e+03	3.28412e+02	7.11918e+03	2.77102e+00	0.00000e+00	1.00000e+04	0.00000e+00
3.39994e+03	1.00732e+03	2.46309e+02	7.16170e+03	2.62210e+00	0.00000e+00	1.00000e+04	0.00000e+00
-9.07913e+02	1.00843e+03	1.64206e+02	6.95967e+03	2.36854e+00	0.00000e+00	1.00000e+04	0.00000e+00
-1.07733e+04	1.00954e+03	8.21030e+01	6.92561e+03	1.65499e+00	0.00000e+00	1.00000e+04	0.00000e+00
-5.06772e+04	1.01065e+03	0.00000e+00	6.93068e+03	0.00000e+00-1.97388e+00i	0.00000e+00	1.00000e+04	0.00000e+00
