   0.0000000e+00   1.1000000e+02   2.4103000e+03   9.3245349e+02   3.9798936e+00   1.9655294e+00   3.0951647e+04
   7.3788719e+00   2.2464009e+02   2.4047584e+03   9.3245349e+02   3.9970043e+00   1.9739797e+00   1.1761324e+02
   1.4757744e+01   2.2467688e+02   2.4001189e+03   9.3303806e+02   3.9952633e+00   1.9731199e+00   1.1751030e+02
   2.2136616e+01   2.2471534e+02   2.3954904e+03   9.3359341e+02   3.9935279e+00   1.9722629e+00   1.1740281e+02
   2.9515488e+01   2.2475555e+02   2.3908726e+03   9.3411434e+02   3.9918011e+00   1.9714100e+00   1.1729059e+02
   3.6894360e+01   2.2479759e+02   2.3862655e+03   9.3459512e+02   3.9900856e+00   1.9705628e+00   1.1717343e+02
   4.4273231e+01   2.2484153e+02   2.3816689e+03   9.3502945e+02   3.9883844e+00   1.9697227e+00   1.1705112e+02
   5.1652103e+01   2.2488748e+02   2.3770824e+03   9.3541044e+02   3.9867001e+00   1.9688909e+00   1.1692344e+02
   5.9030975e+01   2.2493551e+02   2.3725059e+03   9.3573055e+02   3.9850355e+00   1.9680687e+00   1.1679017e+02
   6.6409847e+01   2.2498572e+02   2.3679391e+03   9.3598161e+02   3.9833929e+00   1.9672575e+00   1.1665106e+02
   7.3788719e+01   2.2503821e+02   2.3633816e+03   9.3615483e+02   3.9817747e+00   1.9664584e+00   1.1650586e+02
   8.1167591e+01   2.2509310e+02   2.3588331e+03   9.3624093e+02   3.9801832e+00   1.9656724e+00   1.1635434e+02
   8.8546463e+01   2.2515048e+02   2.3542932e+03   9.3623030e+02   3.9786205e+00   1.9649006e+00   1.1619620e+02
   9.5925335e+01   2.2521047e+02   2.3497614e+03   9.3611334e+02   3.9770884e+00   1.9641440e+00   1.1603119e+02
   1.0330421e+02   2.2527319e+02   2.3452372e+03   9.3588085e+02   3.9755887e+00   1.9634033e+00   1.1585901e+02
   1.1068308e+02   2.2533877e+02   2.3407201e+03   9.3552478e+02   3.9741229e+00   1.9626794e+00   1.1567936e+02
   1.1806195e+02   2.2540733e+02   2.3362095e+03   9.3503906e+02   3.9726924e+00   1.9619729e+00   1.1549194e+02
   1.2544082e+02   2.2547902e+02   2.3317049e+03   9.3442065e+02   3.9712985e+00   1.9612845e+00   1.1529642e+02
   1.3281969e+02   2.2555398e+02   2.3272057e+03   9.3367088e+02   3.9699421e+00   1.9606147e+00   1.1509247e+02
   1.4019857e+02   2.6000000e+02   2.3227111e+03   9.3279663e+02   3.9778618e+00   1.9645259e+00   5.6836658e+01
   1.4388701e+02   2.6000000e+02   2.3207462e+03   1.0655454e+03   1.6014438e+00   0.0000000e+00   0.0000000e+00
   1.4757546e+02   2.6000000e+02   2.3187853e+03   1.0669840e+03   1.6088655e+00   0.0000000e+00   0.0000000e+00
   1.5126391e+02   2.6000000e+02   2.3168283e+03   1.0684100e+03   1.6162716e+00   0.0000000e+00   0.0000000e+00
   1.5495236e+02   2.6000000e+02   2.3148753e+03   1.0698237e+03   1.6236601e+00   0.0000000e+00   0.0000000e+00
   1.5864080e+02   2.6000000e+02   2.3129262e+03   1.0712252e+03   1.6310290e+00   0.0000000e+00   0.0000000e+00
   1.6232925e+02   2.6000000e+02   2.3109810e+03   1.0726147e+03   1.6383769e+00   0.0000000e+00   0.0000000e+00
   1.6601770e+02   2.6000000e+02   2.3090397e+03   1.0739924e+03   1.6457023e+00   0.0000000e+00   0.0000000e+00
   1.6970615e+02   2.6000000e+02   2.3071021e+03   1.0753586e+03   1.6530044e+00   0.0000000e+00   0.0000000e+00
   1.7339459e+02   2.6000000e+02   2.3051683e+03   1.0767135e+03   1.6602821e+00   0.0000000e+00   0.0000000e+00
   1.7708304e+02   2.6000000e+02   2.3032383e+03   1.0780571e+03   1.6675346e+00   0.0000000e+00   0.0000000e+00
   1.8077149e+02   2.6000000e+02   2.3013119e+03   1.0793898e+03   1.6747611e+00   0.0000000e+00   0.0000000e+00
   1.8445994e+02   2.6000000e+02   2.2993893e+03   1.0807116e+03   1.6819607e+00   0.0000000e+00   0.0000000e+00
   1.8814839e+02   2.6000000e+02   2.2974703e+03   1.0820227e+03   1.6891330e+00   0.0000000e+00   0.0000000e+00
   1.9183683e+02   2.6000000e+02   2.2955550e+03   1.0833234e+03   1.6962774e+00   0.0000000e+00   0.0000000e+00
   1.9552528e+02   2.6000000e+02   2.2936432e+03   1.0846136e+03   1.7033934e+00   0.0000000e+00   0.0000000e+00
   1.9921373e+02   2.6000000e+02   2.2917350e+03   1.0858938e+03   1.7104803e+00   0.0000000e+00   0.0000000e+00
   2.0290218e+02   2.6000000e+02   2.2898304e+03   1.0871639e+03   1.7175374e+00   0.0000000e+00   0.0000000e+00
   2.0659062e+02   2.6000000e+02   2.2879292e+03   1.0884243e+03   1.7245639e+00   0.0000000e+00   0.0000000e+00
   2.1027907e+02   2.6000000e+02   2.2860316e+03   1.0896749e+03   1.7315591e+00   0.0000000e+00   0.0000000e+00
   2.1396752e+02   2.6000000e+02   2.2841374e+03   1.0909161e+03   1.7385219e+00   0.0000000e+00   0.0000000e+00
   2.1765597e+02   2.6000000e+02   2.2822466e+03   1.0921480e+03   1.7454498e+00   0.0000000e+00   0.0000000e+00
   2.2134441e+02   2.6000000e+02   2.2803593e+03   1.0933707e+03   1.7523402e+00   0.0000000e+00   0.0000000e+00
   2.2503286e+02   2.6000000e+02   2.2784754e+03   1.0945844e+03   1.7591898e+00   0.0000000e+00   0.0000000e+00
   2.2872131e+02   2.6000000e+02   2.2765948e+03   1.0957893e+03   1.7659945e+00   0.0000000e+00   0.0000000e+00
   2.3240976e+02   2.6000000e+02   2.2747175e+03   1.0969854e+03   1.7727500e+00   0.0000000e+00   0.0000000e+00
   2.3609820e+02   2.6000000e+02   2.2728436e+03   1.0981731e+03   1.7794550e+00   0.0000000e+00   0.0000000e+00
   2.3978665e+02   2.6000000e+02   2.2709730e+03   1.0993523e+03   1.7861096e+00   0.0000000e+00   0.0000000e+00
   2.4347510e+02   2.6000000e+02   2.2691056e+03   1.1005233e+03   1.7927143e+00   0.0000000e+00   0.0000000e+00
   2.4716355e+02   2.6000000e+02   2.2672415e+03   1.1016863e+03   1.7992715e+00   0.0000000e+00   0.0000000e+00
   2.5085200e+02   2.6000000e+02   2.2653806e+03   1.1028413e+03   1.8057839e+00   0.0000000e+00   0.0000000e+00
   2.5454044e+02   2.6000000e+02   2.2635229e+03   1.1039886e+03   1.8122537e+00   0.0000000e+00   0.0000000e+00
   2.5822889e+02   2.6000000e+02   2.2616684e+03   1.1051283e+03   1.8186819e+00   0.0000000e+00   0.0000000e+00
   2.6191734e+02   2.6000000e+02   2.2598171e+03   1.1062605e+03   1.8250695e+00   0.0000000e+00   0.0000000e+00
   2.6560579e+02   2.6000000e+02   2.2579689e+03   1.1073852e+03   1.8314173e+00   0.0000000e+00   0.0000000e+00
   2.6929423e+02   2.6000000e+02   2.2561238e+03   1.1085027e+03   1.8377261e+00   0.0000000e+00   0.0000000e+00
   2.7298268e+02   2.6000000e+02   2.2542819e+03   1.1096129e+03   1.8439968e+00   0.0000000e+00   0.0000000e+00
   2.7667113e+02   2.6000000e+02   2.2524430e+03   1.1107161e+03   1.8502296e+00   0.0000000e+00   0.0000000e+00
   2.8035958e+02   2.6000000e+02   2.2506072e+03   1.1118123e+03   1.8564249e+00   0.0000000e+00   0.0000000e+00
   2.8404802e+02   2.6000000e+02   2.2487745e+03   1.1129015e+03   1.8625834e+00   0.0000000e+00   0.0000000e+00
   2.8773647e+02   2.6000000e+02   2.2469448e+03   1.1139841e+03   1.8687083e+00   0.0000000e+00   0.0000000e+00
   2.9142492e+02   2.6000000e+02   2.2451181e+03   1.1150599e+03   1.8748029e+00   0.0000000e+00   0.0000000e+00
   2.9511337e+02   2.6000000e+02   2.2432944e+03   1.1161292e+03   1.8808711e+00   0.0000000e+00   0.0000000e+00
   2.9880181e+02   2.6000000e+02   2.2414737e+03   1.1171920e+03   1.8869172e+00   0.0000000e+00   0.0000000e+00
   3.0249026e+02   2.6000000e+02   2.2396559e+03   1.1182484e+03   1.8929452e+00   0.0000000e+00   0.0000000e+00
   3.0617871e+02   2.6000000e+02   2.2378411e+03   1.1192986e+03   1.8989545e+00   0.0000000e+00   0.0000000e+00
   3.0986716e+02   2.6000000e+02   2.2360292e+03   1.1203425e+03   1.9049414e+00   0.0000000e+00   0.0000000e+00
   3.1355560e+02   2.6000000e+02   2.2342203e+03   1.1213802e+03   1.9109021e+00   0.0000000e+00   0.0000000e+00
   3.1724405e+02   2.6000000e+02   2.2324142e+03   1.1224119e+03   1.9168330e+00   0.0000000e+00   0.0000000e+00
   3.2093250e+02   2.6000000e+02   2.2306110e+03   1.1234376e+03   1.9227301e+00   0.0000000e+00   0.0000000e+00
   3.2462095e+02   2.6000000e+02   2.2288107e+03   1.1244574e+03   1.9285908e+00   0.0000000e+00   0.0000000e+00
   3.2830940e+02   2.6000000e+02   2.2270132e+03   1.1254714e+03   1.9344146e+00   0.0000000e+00   0.0000000e+00
   3.3199784e+02   2.6000000e+02   2.2252186e+03   1.1264796e+03   1.9402012e+00   0.0000000e+00   0.0000000e+00
   3.3568629e+02   2.6000000e+02   2.2234268e+03   1.1274821e+03   1.9459500e+00   0.0000000e+00   0.0000000e+00
   3.3937474e+02   2.6000000e+02   2.2216378e+03   1.1284790e+03   1.9516603e+00   0.0000000e+00   0.0000000e+00
   3.4306319e+02   2.6000000e+02   2.2198516e+03   1.1294704e+03   1.9573314e+00   0.0000000e+00   0.0000000e+00
   3.4675163e+02   2.6000000e+02   2.2180681e+03   1.1304564e+03   1.9629630e+00   0.0000000e+00   0.0000000e+00
   3.5044008e+02   2.6000000e+02   2.2162875e+03   1.1314370e+03   1.9685553e+00   0.0000000e+00   0.0000000e+00
   3.5412853e+02   2.6000000e+02   2.2145095e+03   1.1324124e+03   1.9741083e+00   0.0000000e+00   0.0000000e+00
   3.5781698e+02   2.6000000e+02   2.2127344e+03   1.1333825e+03   1.9796223e+00   0.0000000e+00   0.0000000e+00
   3.6150542e+02   2.6000000e+02   2.2109619e+03   1.1343475e+03   1.9850976e+00   0.0000000e+00   0.0000000e+00
   3.6519387e+02   2.6000000e+02   2.2091921e+03   1.1353075e+03   1.9905347e+00   0.0000000e+00   0.0000000e+00
   3.6888232e+02   2.6000000e+02   2.2074251e+03   1.1362625e+03   1.9959340e+00   0.0000000e+00   0.0000000e+00
   3.7257077e+02   2.6000000e+02   2.2056607e+03   1.1372126e+03   2.0012960e+00   0.0000000e+00   0.0000000e+00
   3.7625921e+02   2.6000000e+02   2.2038990e+03   1.1381580e+03   2.0066213e+00   0.0000000e+00   0.0000000e+00
   3.7994766e+02   2.6000000e+02   2.2021400e+03   1.1390986e+03   2.0119108e+00   0.0000000e+00   0.0000000e+00
   3.8363611e+02   2.6000000e+02   2.2003836e+03   1.1400345e+03   2.0171653e+00   0.0000000e+00   0.0000000e+00
   3.8732456e+02   2.6000000e+02   2.1986298e+03   1.1409659e+03   2.0223856e+00   0.0000000e+00   0.0000000e+00
   3.9101301e+02   2.6000000e+02   2.1968787e+03   1.1418927e+03   2.0275729e+00   0.0000000e+00   0.0000000e+00
   3.9470145e+02   2.6000000e+02   2.1951301e+03   1.1428150e+03   2.0327281e+00   0.0000000e+00   0.0000000e+00
   3.9838990e+02   2.6000000e+02   2.1933842e+03   1.1437328e+03   2.0378525e+00   0.0000000e+00   0.0000000e+00
   4.0207835e+02   2.6005327e+02   2.1917776e+03   1.2420358e+03   4.2394788e+00   2.2161434e+00   1.2398759e+02
   4.0576680e+02   2.6032024e+02   2.1901725e+03   1.2425977e+03   4.2385202e+00   2.2156423e+00   1.2398759e+02
   4.0945524e+02   2.6057828e+02   2.1885692e+03   1.2431567e+03   4.2375670e+00   2.2151441e+00   1.2398759e+02
   4.1314369e+02   2.6083633e+02   2.1869674e+03   1.2437124e+03   4.2366203e+00   2.2146492e+00   1.2398759e+02
   4.1683214e+02   2.6109438e+02   2.1853672e+03   1.2442647e+03   4.2356800e+00   2.2141576e+00   1.2398759e+02
   4.2052059e+02   2.6135242e+02   2.1837686e+03   1.2448135e+03   4.2347461e+00   2.2136694e+00   1.2398759e+02
   4.2420903e+02   2.6161047e+02   2.1821717e+03   1.2453590e+03   4.2338186e+00   2.2131846e+00   1.2398759e+02
   4.2789748e+02   2.6186852e+02   2.1805763e+03   1.2459010e+03   4.2328975e+00   2.2127031e+00   1.2398759e+02
   4.3158593e+02   2.6212313e+02   2.1789825e+03   1.2464398e+03   4.2319826e+00   2.2122248e+00   1.2398759e+02
   4.3527438e+02   2.6237069e+02   2.1773903e+03   1.2469756e+03   4.2310732e+00   2.2117495e+00   1.2398759e+02
   4.3896282e+02   2.6261824e+02   2.1757997e+03   1.2475080e+03   4.2301704e+00   2.2112775e+00   1.2398759e+02
   4.4265127e+02   2.6286579e+02   2.1742107e+03   1.2480369e+03   4.2292739e+00   2.2108089e+00   1.2398759e+02
   4.4633972e+02   2.6311334e+02   2.1726232e+03   1.2485624e+03   4.2283838e+00   2.2103436e+00   1.2398759e+02
   4.5002817e+02   2.6336090e+02   2.1710373e+03   1.2490844e+03   4.2275002e+00   2.2098817e+00   1.2398759e+02
   4.5371661e+02   2.6360845e+02   2.1694530e+03   1.2496029e+03   4.2266230e+00   2.2094232e+00   1.2398759e+02
   4.5740506e+02   2.6385136e+02   2.1678702e+03   1.2501183e+03   4.2257516e+00   2.2089677e+00   1.2398759e+02
   4.6109351e+02   2.6408891e+02   2.1662890e+03   1.2506305e+03   4.2248861e+00   2.2085153e+00   1.2398759e+02
   4.6478196e+02   2.6432645e+02   2.1647093e+03   1.2511393e+03   4.2240270e+00   2.2080662e+00   1.2398759e+02
   4.6847041e+02   2.6456400e+02   2.1631311e+03   1.2516446e+03   4.2231743e+00   2.2076204e+00   1.2398759e+02
   4.7215885e+02   2.6480155e+02   2.1615545e+03   1.2521464e+03   4.2223280e+00   2.2071780e+00   1.2398759e+02
   4.7584730e+02   2.6503909e+02   2.1599794e+03   3.5202789e+03   4.5635021e+00   2.6011622e+00   1.1532714e+14
   6.3387848e+02   2.7826915e+02   2.1359796e+03   3.5202789e+03   4.5692010e+00   2.6018286e+00   3.7121436e+13
   7.8942789e+02   2.9135139e+02   2.1119799e+03   3.5237357e+03   8.0058677e+00   4.5543325e+00   1.3296147e+13
   9.4262913e+02   3.0428581e+02   2.0879801e+03   3.5271257e+03   8.0152510e+00   4.5553209e+00   5.2220617e+12
   1.0934510e+03   3.1707241e+02   2.0639803e+03   3.5304193e+03   8.0243189e+00   4.5562065e+00   2.2211026e+12
   1.2418603e+03   3.2971119e+02   2.0399805e+03   3.5336285e+03   8.0330913e+00   4.5569980e+00   1.0125944e+12
   1.3878235e+03   3.4220214e+02   2.0159808e+03   3.5367564e+03   8.0415427e+00   4.5576831e+00   4.9058576e+11
   1.5313066e+03   3.5454527e+02   1.9919810e+03   3.5397977e+03   8.0496915e+00   4.5582712e+00   2.5076859e+11
   1.6722743e+03   3.6674058e+02   1.9679812e+03   3.5427572e+03   8.0575790e+00   4.5587860e+00   1.3441766e+11
   1.8106907e+03   3.7878807e+02   1.9439815e+03   3.5456413e+03   8.0651958e+00   4.5592235e+00   7.5162684e+10
   1.9465190e+03   3.9068773e+02   1.9199817e+03   3.5484480e+03   8.1296898e+00   4.6060133e+00   4.3648638e+10
   2.0797214e+03   4.0243958e+02   1.8959819e+03   3.5707947e+03   8.2020622e+00   4.6591289e+00   2.6223311e+10
   2.2109798e+03   4.1404360e+02   1.8719821e+03   3.5957694e+03   8.2451761e+00   4.6884980e+00   1.6263001e+10
   2.3402857e+03   4.2549980e+02   1.8479824e+03   3.6106885e+03   8.2517690e+00   4.6884054e+00   1.0380248e+10
   2.4671699e+03   4.3680817e+02   1.8239826e+03   3.6131454e+03   8.2581609e+00   4.6882731e+00   6.7963082e+09
   2.5911193e+03   4.4796873e+02   1.7999828e+03   3.6155394e+03   8.3115440e+00   4.7153215e+00   4.5510875e+09
   2.7120862e+03   4.5898146e+02   1.7759831e+03   3.6217217e+03   8.4381784e+00   4.7846147e+00   3.1109132e+09
   2.8301466e+03   4.6984638e+02   1.7519833e+03   3.6338346e+03   8.4435803e+00   4.7841008e+00   2.1672683e+09
   2.9454254e+03   4.8056347e+02   1.7279835e+03   3.6359452e+03   8.4487508e+00   4.7835384e+00   1.5367805e+09
   3.0575268e+03   4.9113273e+02   1.7039837e+03   3.6379861e+03   8.4536694e+00   4.7829249e+00   1.1071020e+09
   3.1663937e+03   5.0155418e+02   1.6799840e+03   3.6399499e+03   8.4583464e+00   4.7822695e+00   8.0929457e+08
   3.2719660e+03   5.1182780e+02   1.6559842e+03   3.6418374e+03   8.4627432e+00   4.7815504e+00   5.9963702e+08
   3.3741810e+03   5.2195361e+02   1.6319844e+03   3.6436428e+03   8.4669039e+00   4.7807923e+00   4.4988240e+08
   3.4729728e+03   5.3193159e+02   1.6079847e+03   3.6453727e+03   8.4708010e+00   4.7799812e+00   3.4146382e+08
   3.5682722e+03   5.4176174e+02   1.5839849e+03   3.6470209e+03   8.4744311e+00   4.7791207e+00   2.6197962e+08
   3.6600066e+03   5.5144408e+02   1.5599851e+03   3.6485880e+03   8.4778085e+00   4.7782147e+00   2.0302082e+08
   3.7480997e+03   5.6097860e+02   1.5359853e+03   3.6500752e+03   8.4809033e+00   4.7772524e+00   1.5880508e+08
   3.8324707e+03   5.7036529e+02   1.5119856e+03   3.6514754e+03   8.4837454e+00   4.7762479e+00   1.2530365e+08
   3.9130347e+03   5.7960416e+02   1.4879858e+03   3.6527955e+03   8.4862883e+00   4.7751814e+00   9.9674594e+07
   3.9897018e+03   5.8869521e+02   1.4639860e+03   3.6540250e+03   8.4885686e+00   4.7740735e+00   7.9889797e+07
   4.0623769e+03   5.9763843e+02   1.4399863e+03   3.6551702e+03   8.4905407e+00   4.7729009e+00   6.4485984e+07
   4.1309590e+03   6.0643384e+02   1.4159865e+03   3.6562219e+03   8.4922368e+00   4.7716835e+00   5.2396477e+07
   4.1953413e+03   6.1508142e+02   1.3919867e+03   3.6571858e+03   8.4936132e+00   4.7703998e+00   4.2836081e+07
   4.2554099e+03   6.2358118e+02   1.3679869e+03   3.6580521e+03   8.4946932e+00   4.7690661e+00   3.5221464e+07
   4.3110438e+03   6.3193312e+02   1.3439872e+03   3.6588247e+03   8.4954368e+00   4.7676626e+00   2.9115462e+07
   4.3621139e+03   6.4013724e+02   1.3199874e+03   3.6594949e+03   8.4958660e+00   4.7662041e+00   2.4187738e+07
   4.4084822e+03   6.4819354e+02   1.2959876e+03   3.6600659e+03   8.4959392e+00   4.7646714e+00   2.0186710e+07
   4.4500015e+03   6.5610201e+02   1.2719879e+03   3.6605287e+03   8.4956751e+00   4.7630777e+00   1.6919344e+07
   4.4865139e+03   6.6386266e+02   1.2479881e+03   3.6608862e+03   8.4950365e+00   4.7614078e+00   1.4236477e+07
   4.5178499e+03   6.7147549e+02   1.2239883e+03   3.6611290e+03   8.4940227e+00   4.7596638e+00   1.2022067e+07
   4.5438277e+03   6.7894050e+02   1.1999886e+03   3.6612564e+03   8.4926158e+00   4.7578414e+00   1.0185257e+07
   4.5642513e+03   6.8625768e+02   1.1759888e+03   3.6612631e+03   8.4907954e+00   4.7559341e+00   8.6544743e+06
   4.5789095e+03   6.9342705e+02   1.1519890e+03   3.6611441e+03   8.4885522e+00   4.7539424e+00   7.3730069e+06
   4.5875742e+03   7.0044859e+02   1.1279892e+03   3.6608954e+03   8.4858444e+00   4.7518495e+00   6.2956685e+06
   4.5899986e+03   7.0732231e+02   1.1039895e+03   3.6605072e+03   8.4826775e+00   4.7496637e+00   5.3862647e+06
   4.5859150e+03   7.1404821e+02   1.0799897e+03   3.6599785e+03   8.4790099e+00   4.7473704e+00   4.6156569e+06
   4.5750328e+03   7.2062628e+02   1.0559899e+03   3.6592990e+03   8.4748165e+00   4.7449632e+00   3.9602742e+06
   4.5570355e+03   7.2705654e+02   1.0319902e+03   3.6584616e+03   8.4700818e+00   4.7424408e+00   3.4009619e+06
   4.5315780e+03   7.3333897e+02   1.0079904e+03   3.6574606e+03   8.4647455e+00   4.7397832e+00   2.9220865e+06
   4.4982833e+03   7.3947358e+02   9.8399061e+02   3.6562810e+03   8.4587993e+00   4.7369917e+00   2.5108359e+06
   4.4567380e+03   7.4546037e+02   9.5999084e+02   3.6549185e+03   8.4521923e+00   4.7340528e+00   2.1566699e+06
   4.4064886e+03   7.5129933e+02   9.3599107e+02   3.6533594e+03   8.4448658e+00   4.7309477e+00   1.8508849e+06
   4.3470357e+03   7.5699048e+02   9.1199130e+02   3.6515892e+03   8.4367911e+00   4.7276729e+00   1.5862701e+06
   4.2778283e+03   7.6253380e+02   8.8799153e+02   3.6495975e+03   8.4279119e+00   4.7242132e+00   1.3568324e+06
   4.1982569e+03   7.6792930e+02   8.6399176e+02   3.6473683e+03   8.4181475e+00   4.7205443e+00   1.1575762e+06
   4.1076452e+03   7.7317698e+02   8.3999199e+02   3.6448812e+03   8.4074340e+00   4.7166524e+00   9.8432574e+05
   4.0052408e+03   7.7827683e+02   8.1599221e+02   3.6421175e+03   8.3957076e+00   4.7125219e+00   8.3358245e+05
   3.8902040e+03   7.8322887e+02   7.9199244e+02   3.6390582e+03   8.3828573e+00   4.7081207e+00   7.0240758e+05
   3.7615946e+03   7.8803308e+02   7.6799267e+02   3.6356744e+03   8.3687848e+00   4.7034249e+00   5.8832683e+05
   3.6183568e+03   7.9268947e+02   7.4399290e+02   3.6319378e+03   8.2370374e+00   4.6325992e+00   4.8925153e+05
   3.4592998e+03   7.9719804e+02   7.1999313e+02   3.6179442e+03   8.1279239e+00   4.5654985e+00   4.0341301e+05
   3.2835562e+03   8.0155879e+02   6.9599336e+02   3.5947584e+03   7.9901865e+00   4.4669247e+00   3.2942448e+05
   3.0901878e+03   8.0577171e+02   6.7199359e+02   3.5510209e+03   7.9691756e+00   4.4600538e+00   2.6605464e+05
   2.8788962e+03   8.0983682e+02   6.4799382e+02   3.5452852e+03   7.9463070e+00   4.4526727e+00   2.1231532e+05
   2.6457220e+03   8.1375410e+02   6.2399405e+02   3.5390207e+03   7.9211153e+00   4.4446503e+00   1.6676238e+05
   2.3884144e+03   8.1752356e+02   5.9999428e+02   3.5321011e+03   7.8932971e+00   4.4359006e+00   1.2855371e+05
   2.1043725e+03   8.2114519e+02   5.7599450e+02   3.5244433e+03   7.8624915e+00   4.4263209e+00   9.6931685e+04
   1.7905687e+03   8.2461901e+02   5.5199473e+02   3.5159500e+03   7.8282624e+00   4.4157946e+00   7.1197875e+04
   1.4434587e+03   8.2794500e+02   5.2799496e+02   3.5065064e+03   7.7900637e+00   4.4041706e+00   5.0691667e+04
   1.0588656e+03   8.3112317e+02   5.0399519e+02   3.4959681e+03   7.5008415e+00   4.2387609e+00   3.4773046e+04
   6.3183363e+02   8.3415352e+02   4.7999542e+02   3.3949198e+03   7.4525415e+00   4.2230434e+00   2.2810669e+04
   1.6861524e+02   8.3703605e+02   4.5599565e+02   3.3805258e+03   7.3516642e+00   4.1701483e+00   1.4340027e+04
  -3.4831002e+02   8.3977076e+02   4.3199588e+02   3.3428417e+03   7.3115680e+00   4.1497283e+00   8.4633743e+03
  -9.2361344e+02   8.4235764e+02   4.0799611e+02   3.2878648e+03   7.3168735e+00   4.1665300e+00   4.6404429e+03
  -1.5636098e+03   8.4479670e+02   3.8399634e+02   3.2820999e+03   7.3237679e+00   4.1861842e+00   2.3316239e+03
  -2.2903835e+03   8.4708794e+02   3.5999657e+02   3.2761391e+03   7.3325733e+00   4.2094437e+00   1.0386367e+03
  -3.1213362e+03   8.4923136e+02   3.3599679e+02   3.2698082e+03   7.3435892e+00   4.2369488e+00   3.9668168e+02
  -4.0789449e+03   8.5122696e+02   3.1199702e+02   3.2629938e+03   7.3525624e+00   4.2672071e+00   1.2407571e+02
  -5.1927897e+03   8.5307473e+02   2.8799725e+02   3.2532304e+03   7.3591547e+00   4.3008814e+00   2.9805805e+01
  -6.5016653e+03   8.5477468e+02   2.6399748e+02   3.2399013e+03   7.3657489e+00   4.3402530e+00   5.0205059e+00
  -8.0585210e+03   8.5632681e+02   2.3999771e+02   3.2236101e+03   7.3725586e+00   4.3869153e+00   5.1864650e-01
  -9.9384098e+03   8.5773112e+02   2.1599794e+02   3.2036625e+03   7.3798970e+00   4.4431299e+00   2.6769183e-02
  -1.2250462e+04   8.5898761e+02   1.9199817e+02   3.1790796e+03   7.3882267e+00   4.5121867e+00   4.9835483e-04
  -1.5159759e+04   8.6009627e+02   1.6799840e+02   3.1484415e+03   7.3982542e+00   4.5990645e+00   1.9421750e-06
  -1.8928593e+04   8.6105712e+02   1.4399863e+02   3.1096036e+03   7.4111089e+00   4.7116754e+00   6.0287364e-10
  -2.4000677e+04   8.6187014e+02   1.1999886e+02   3.0591615e+03   7.4287083e+00   4.8634061e+00   2.3278682e-15
  -3.1191575e+04   8.6253533e+02   9.5999084e+01   2.9913600e+03   7.4545833e+00   5.0788633e+00   2.1284723e-24
  -4.2183947e+04   8.6305271e+02   7.1999313e+01   2.8956236e+03   7.4960234e+00   5.4088168e+00   2.5957426e-41
  -6.1106246e+04   8.6342227e+02   4.7999542e+01   2.7501354e+03   7.5709131e+00   5.9778314e+00   3.3386106e-79
  -1.0154836e+05   8.6364400e+02   2.3999771e+01   2.5013669e+03   7.7381001e+00   7.1959384e+00  2.0519548e-197
  -2.4869149e+05             NaN   0.0000000e+00   1.9731030e+03             NaN             NaN             NaN
  -2.4869149e+05             NaN   0.0000000e+00   8.0000000e+03             NaN             NaN   1.0000000e+04
             NaN             NaN   0.0000000e+00             NaN             NaN             NaN   1.0000000e+04
             NaN             NaN   0.0000000e+00             NaN             NaN             NaN   1.0000000e+04
             NaN             NaN   0.0000000e+00             NaN             NaN             NaN   1.0000000e+04
             NaN             NaN   0.0000000e+00             NaN             NaN             NaN   1.0000000e+04
             NaN             NaN   0.0000000e+00             NaN             NaN             NaN   1.0000000e+04
             NaN             NaN   0.0000000e+00             NaN             NaN             NaN   1.0000000e+04
             NaN             NaN   0.0000000e+00             NaN             NaN             NaN   1.0000000e+04
             NaN             NaN   0.0000000e+00             NaN             NaN             NaN   1.0000000e+04
             NaN             NaN   0.0000000e+00             NaN             NaN             NaN   1.0000000e+04
