   0.0000000e+00   1.1000000e+02   2.4103000e+03   9.3269797e+02   3.9798936e+00   1.9655294e+00   3.0951647e+04
   9.5412065e+00   1.1003482e+02   2.4031364e+03   9.3269797e+02   3.9776416e+00   1.9644171e+00   3.0844879e+04
   1.9082413e+01   1.1007117e+02   2.3971425e+03   9.3352740e+02   3.9753948e+00   1.9633075e+00   3.0733870e+04
   2.8623620e+01   1.1010913e+02   2.3911674e+03   9.3432661e+02   3.9731595e+00   1.9622036e+00   3.0618474e+04
   3.8164826e+01   1.1014876e+02   2.3852109e+03   9.3508910e+02   3.9709421e+00   1.9611085e+00   3.0498537e+04
   4.7706033e+01   1.1019013e+02   2.3792727e+03   9.3580791e+02   3.9687485e+00   1.9600252e+00   3.0373906e+04
   5.7247239e+01   1.1023333e+02   2.3733526e+03   9.3647568e+02   3.9665845e+00   1.9589564e+00   3.0244419e+04
   6.6788446e+01   1.1027844e+02   2.3674502e+03   9.3708459e+02   3.9644554e+00   1.9579050e+00   3.0109917e+04
   7.6329652e+01   1.1032554e+02   2.3615652e+03   9.3762634e+02   3.9623665e+00   1.9568733e+00   2.9970231e+04
   8.5870859e+01   1.1037472e+02   2.3556971e+03   9.3809222e+02   3.9603223e+00   1.9558638e+00   2.9825194e+04
   9.5412065e+01   1.1042607e+02   2.3498455e+03   9.3847306e+02   3.9583271e+00   1.9548784e+00   2.9674633e+04
   1.0495327e+02   1.1047969e+02   2.3440099e+03   9.3875938e+02   3.9563846e+00   1.9539191e+00   2.9518374e+04
   1.1449448e+02   1.1053568e+02   2.3381897e+03   9.3894153e+02   3.9544981e+00   1.9529874e+00   2.9356239e+04
   1.2403568e+02   1.1059416e+02   2.3323843e+03   9.3900990e+02   3.9526704e+00   1.9520848e+00   2.9188049e+04
   1.3357689e+02   1.1065522e+02   2.3265930e+03   9.3895535e+02   3.9509038e+00   1.9512123e+00   2.9013623e+04
   1.4311810e+02   1.1071900e+02   2.3208151e+03   9.3876969e+02   3.9492000e+00   1.9503709e+00   2.8832779e+04
   1.5265930e+02   1.1078560e+02   2.3150499e+03   9.3844644e+02   3.9475604e+00   1.9495611e+00   2.8645332e+04
   1.6220051e+02   1.1085516e+02   2.3092965e+03   9.3798173e+02   3.9459860e+00   1.9487836e+00   2.8451099e+04
   1.7174172e+02   1.1092782e+02   2.3035542e+03   9.3737532e+02   3.9444771e+00   1.9480384e+00   2.8249897e+04
   1.8128292e+02   2.5500000e+02   2.2978222e+03   9.3663181e+02   3.9697095e+00   1.9604998e+00   6.2225802e+01
   1.8488007e+02   2.5500000e+02   2.2959543e+03   1.0818254e+03   1.6638741e+00   0.0000000e+00   0.0000000e+00
   1.8847722e+02   2.5500000e+02   2.2940899e+03   1.0831249e+03   1.6710740e+00   0.0000000e+00   0.0000000e+00
   1.9207437e+02   2.5500000e+02   2.2922289e+03   1.0844136e+03   1.6782395e+00   0.0000000e+00   0.0000000e+00
   1.9567152e+02   2.5500000e+02   2.2903714e+03   1.0856917e+03   1.6853697e+00   0.0000000e+00   0.0000000e+00
   1.9926867e+02   2.5500000e+02   2.2885173e+03   1.0869594e+03   1.6924635e+00   0.0000000e+00   0.0000000e+00
   2.0286582e+02   2.5500000e+02   2.2866666e+03   1.0882169e+03   1.6995200e+00   0.0000000e+00   0.0000000e+00
   2.0646297e+02   2.5500000e+02   2.2848193e+03   1.0894644e+03   1.7065379e+00   0.0000000e+00   0.0000000e+00
   2.1006012e+02   2.5500000e+02   2.2829753e+03   1.0907020e+03   1.7135161e+00   0.0000000e+00   0.0000000e+00
   2.1365727e+02   2.5500000e+02   2.2811346e+03   1.0919300e+03   1.7204535e+00   0.0000000e+00   0.0000000e+00
   2.1725441e+02   2.5500000e+02   2.2792972e+03   1.0931484e+03   1.7273498e+00   0.0000000e+00   0.0000000e+00
   2.2085156e+02   2.5500000e+02   2.2774631e+03   1.0943576e+03   1.7342051e+00   0.0000000e+00   0.0000000e+00
   2.2444871e+02   2.5500000e+02   2.2756322e+03   1.0955575e+03   1.7410197e+00   0.0000000e+00   0.0000000e+00
   2.2804586e+02   2.5500000e+02   2.2738045e+03   1.0967484e+03   1.7477951e+00   0.0000000e+00   0.0000000e+00
   2.3164301e+02   2.5500000e+02   2.2719800e+03   1.0979305e+03   1.7545327e+00   0.0000000e+00   0.0000000e+00
   2.3524016e+02   2.5500000e+02   2.2701587e+03   1.0991038e+03   1.7612332e+00   0.0000000e+00   0.0000000e+00
   2.3883731e+02   2.5500000e+02   2.2683405e+03   1.1002686e+03   1.7678958e+00   0.0000000e+00   0.0000000e+00
   2.4243446e+02   2.5500000e+02   2.2665255e+03   1.1014250e+03   1.7745199e+00   0.0000000e+00   0.0000000e+00
   2.4603161e+02   2.5500000e+02   2.2647135e+03   1.1025732e+03   1.7811044e+00   0.0000000e+00   0.0000000e+00
   2.4962876e+02   2.5500000e+02   2.2629047e+03   1.1037133e+03   1.7876477e+00   0.0000000e+00   0.0000000e+00
   2.5322590e+02   2.5500000e+02   2.2610988e+03   1.1048455e+03   1.7941486e+00   0.0000000e+00   0.0000000e+00
   2.5682305e+02   2.5500000e+02   2.2592961e+03   1.1059699e+03   1.8006072e+00   0.0000000e+00   0.0000000e+00
   2.6042020e+02   2.5500000e+02   2.2574964e+03   1.1070866e+03   1.8070240e+00   0.0000000e+00   0.0000000e+00
   2.6401735e+02   2.5500000e+02   2.2556996e+03   1.1081958e+03   1.8133996e+00   0.0000000e+00   0.0000000e+00
   2.6761450e+02   2.5500000e+02   2.2539059e+03   1.1092976e+03   1.8197347e+00   0.0000000e+00   0.0000000e+00
   2.7121165e+02   2.5500000e+02   2.2521151e+03   1.1103920e+03   1.8260301e+00   0.0000000e+00   0.0000000e+00
   2.7480880e+02   2.5500000e+02   2.2503272e+03   1.1114792e+03   1.8322868e+00   0.0000000e+00   0.0000000e+00
   2.7840595e+02   2.5500000e+02   2.2485423e+03   1.1125593e+03   1.8385064e+00   0.0000000e+00   0.0000000e+00
   2.8200310e+02   2.5500000e+02   2.2467603e+03   1.1136324e+03   1.8446902e+00   0.0000000e+00   0.0000000e+00
   2.8560025e+02   2.5500000e+02   2.2449812e+03   1.1146986e+03   1.8508385e+00   0.0000000e+00   0.0000000e+00
   2.8919740e+02   2.5500000e+02   2.2432050e+03   1.1157581e+03   1.8569502e+00   0.0000000e+00   0.0000000e+00
   2.9279454e+02   2.5500000e+02   2.2414316e+03   1.1168108e+03   1.8630244e+00   0.0000000e+00   0.0000000e+00
   2.9639169e+02   2.5500000e+02   2.2396611e+03   1.1178570e+03   1.8690593e+00   0.0000000e+00   0.0000000e+00
   2.9998884e+02   2.5500000e+02   2.2378934e+03   1.1188968e+03   1.8750523e+00   0.0000000e+00   0.0000000e+00
   3.0358599e+02   2.5500000e+02   2.2361285e+03   1.1199301e+03   1.8810022e+00   0.0000000e+00   0.0000000e+00
   3.0718314e+02   2.5507806e+02   2.2344101e+03   1.1494564e+03   1.9468586e+00   0.0000000e+00   0.0000000e+00
   3.1078029e+02   2.5517757e+02   2.2326932e+03   1.1497336e+03   1.9584996e+00   0.0000000e+00   0.0000000e+00
   3.1437744e+02   2.5527709e+02   2.2309778e+03   1.1500102e+03   3.7312897e+00   2.0004729e+00   1.1809444e+02
   3.1797459e+02   2.5537660e+02   2.2292638e+03   1.1502862e+03   3.7308399e+00   2.0002317e+00   1.1784824e+02
   3.2157174e+02   2.5547611e+02   2.2275514e+03   1.1505615e+03   3.7303912e+00   1.9999911e+00   1.1760275e+02
   3.2516889e+02   2.5557563e+02   2.2258404e+03   1.1508361e+03   3.7299437e+00   1.9997512e+00   1.1735797e+02
   3.2876603e+02   2.5567514e+02   2.2241310e+03   1.1511101e+03   3.7294974e+00   1.9995119e+00   1.1711388e+02
   3.3236318e+02   2.5578911e+02   2.2224230e+03   1.1513707e+03   3.7290524e+00   1.9992734e+00   1.1687049e+02
   3.3596033e+02   2.5590464e+02   2.2207165e+03   1.1516292e+03   3.7286086e+00   1.9990354e+00   1.1662779e+02
   3.3955748e+02   2.5602016e+02   2.2190114e+03   1.1518871e+03   3.7281866e+00   1.9988092e+00   1.1635068e+02
   3.4315463e+02   2.5602016e+02   2.2172754e+03   1.1306451e+03   3.7277681e+00   1.9985848e+00   1.1607073e+02
   3.4675178e+02   2.5625120e+02   2.2155734e+03   1.1524007e+03   3.7273508e+00   1.9983611e+00   1.1579171e+02
   3.5034893e+02   2.5625120e+02   2.2138425e+03   1.1325058e+03   3.7265201e+00   1.9979157e+00   1.1523642e+02
   3.5394608e+02   2.5648224e+02   2.2122556e+03   1.2344050e+03   4.2525623e+00   2.2229827e+00   1.2398759e+02
   3.5754323e+02   2.5673466e+02   2.2106703e+03   1.2349953e+03   4.2515459e+00   2.2224514e+00   1.2398759e+02
   3.6114038e+02   2.5700838e+02   2.2090866e+03   1.2355813e+03   4.2505376e+00   2.2219243e+00   1.2398759e+02
   3.6473753e+02   2.5728210e+02   2.2075045e+03   1.2361642e+03   4.2495353e+00   2.2214003e+00   1.2398759e+02
   3.6833467e+02   2.5755582e+02   2.2059240e+03   1.2367441e+03   4.2485390e+00   2.2208795e+00   1.2398759e+02
   3.7193182e+02   2.5782954e+02   2.2043450e+03   1.2373208e+03   4.2475486e+00   2.2203618e+00   1.2398759e+02
   3.7552897e+02   2.5810326e+02   2.2027677e+03   1.2378945e+03   4.2465643e+00   2.2198473e+00   1.2398759e+02
   3.7912612e+02   2.5837698e+02   2.2011920e+03   1.2384651e+03   4.2455860e+00   2.2193359e+00   1.2398759e+02
   3.8272327e+02   2.5864134e+02   2.1996178e+03   1.2390331e+03   4.2446127e+00   2.2188271e+00   1.2398759e+02
   3.8632042e+02   2.5890375e+02   2.1980452e+03   1.2395981e+03   4.2436453e+00   2.2183214e+00   1.2398759e+02
   3.8991757e+02   2.5916615e+02   2.1964742e+03   1.2401599e+03   4.2426839e+00   2.2178189e+00   1.2398759e+02
   3.9351472e+02   2.5942856e+02   2.1949048e+03   1.2407186e+03   4.2417286e+00   2.2173195e+00   1.2398759e+02
   3.9711187e+02   2.5969097e+02   2.1933369e+03   1.2412741e+03   4.2407794e+00   2.2168233e+00   1.2398759e+02
   4.0070902e+02   2.5995338e+02   2.1917705e+03   1.2418264e+03   4.2398362e+00   2.2163303e+00   1.2398759e+02
   4.0430617e+02   2.6021579e+02   2.1902057e+03   1.2423755e+03   4.2388992e+00   2.2158404e+00   1.2398759e+02
   4.0790331e+02   2.6046971e+02   2.1886425e+03   1.2429219e+03   4.2379673e+00   2.2153533e+00   1.2398759e+02
   4.1150046e+02   2.6072137e+02   2.1870808e+03   1.2434653e+03   4.2370413e+00   2.2148692e+00   1.2398759e+02
   4.1509761e+02   2.6097303e+02   2.1855206e+03   1.2440054e+03   4.2361214e+00   2.2143884e+00   1.2398759e+02
   4.1869476e+02   2.6122469e+02   2.1839620e+03   1.2445422e+03   4.2352076e+00   2.2139107e+00   1.2398759e+02
   4.2229191e+02   2.6147635e+02   2.1824048e+03   1.2450759e+03   4.2342999e+00   2.2134362e+00   1.2398759e+02
   4.2588906e+02   2.6172801e+02   2.1808492e+03   1.2456063e+03   4.2333983e+00   2.2129649e+00   1.2398759e+02
   4.2948621e+02   2.6197967e+02   2.1792951e+03   1.2461334e+03   4.2325028e+00   2.2124968e+00   1.2398759e+02
   4.3308336e+02   2.6222363e+02   2.1777426e+03   1.2466577e+03   4.2316126e+00   2.2120315e+00   1.2398759e+02
   4.3668051e+02   2.6246506e+02   2.1761915e+03   1.2471790e+03   4.2307283e+00   2.2115692e+00   1.2398759e+02
   4.4027766e+02   2.6270648e+02   2.1746419e+03   1.2476969e+03   4.2298501e+00   2.2111101e+00   1.2398759e+02
   4.4387480e+02   2.6294791e+02   2.1730939e+03   1.2482116e+03   4.2289779e+00   2.2106542e+00   1.2398759e+02
   4.4747195e+02   2.6318933e+02   2.1715473e+03   1.2487230e+03   4.2281119e+00   2.2102015e+00   1.2398759e+02
   4.5106910e+02   2.6343076e+02   2.1700022e+03   1.2492311e+03   4.2272520e+00   2.2097520e+00   1.2398759e+02
   4.5466625e+02   2.6367218e+02   2.1684586e+03   1.2497359e+03   4.2263981e+00   2.2093056e+00   1.2398759e+02
   4.5826340e+02   2.6390664e+02   2.1669164e+03   1.2502378e+03   4.2255497e+00   2.2088621e+00   1.2398759e+02
   4.6186055e+02   2.6413831e+02   2.1653758e+03   1.2507366e+03   4.2247070e+00   2.2084216e+00   1.2398759e+02
   4.6545770e+02   2.6436997e+02   2.1638366e+03   1.2512321e+03   4.2238703e+00   2.2079843e+00   1.2398759e+02
   4.6905485e+02   2.6460164e+02   2.1622988e+03   1.2517243e+03   4.2230398e+00   2.2075501e+00   1.2398759e+02
   4.7265200e+02   2.6483331e+02   2.1607625e+03   1.2522132e+03   4.2222153e+00   2.2071191e+00   1.2398759e+02
   4.7624915e+02   2.6506497e+02   2.1592277e+03   3.5202882e+03   4.5635184e+00   2.6011650e+00   1.1509055e+14
   6.1997609e+02   2.7710260e+02   2.1374173e+03   3.5202882e+03   4.5687013e+00   2.6017705e+00   4.0858179e+13
   7.6165732e+02   2.8901802e+02   2.1156070e+03   3.5234324e+03   8.0041264e+00   4.5541304e+00   1.5864779e+13
   9.0140517e+02   3.0081122e+02   2.0937966e+03   3.5265213e+03   8.0127310e+00   4.5550560e+00   6.6615809e+12
   1.0391964e+03   3.1248222e+02   2.0719862e+03   3.5295344e+03   8.0210849e+00   4.5559026e+00   2.9954653e+12
   1.1750066e+03   3.2403101e+02   2.0501758e+03   3.5324795e+03   8.0291543e+00   4.5566489e+00   1.4306432e+12
   1.3088109e+03   3.3545759e+02   2.0283654e+03   3.5353504e+03   8.0369649e+00   4.5573085e+00   7.2071792e+11
   1.4405840e+03   3.4676196e+02   2.0065551e+03   3.5381511e+03   8.0445526e+00   4.5579050e+00   3.8071572e+11
   1.5702998e+03   3.5794412e+02   1.9847447e+03   3.5408888e+03   8.0518763e+00   4.5584140e+00   2.0981675e+11
   1.6979323e+03   3.6900408e+02   1.9629343e+03   3.5435556e+03   8.0589745e+00   4.5588575e+00   1.2011296e+11
   1.8234542e+03   3.7994182e+02   1.9411239e+03   3.5461589e+03   8.0658746e+00   4.5592497e+00   7.1155639e+10
   1.9468380e+03   3.9075735e+02   1.9193135e+03   3.5487024e+03   8.1290544e+00   4.6054876e+00   4.3478067e+10
   2.0680553e+03   4.0145068e+02   1.8975032e+03   3.5705803e+03   8.1968214e+00   4.6553813e+00   2.7322672e+10
   2.1877272e+03   4.1202179e+02   1.8756928e+03   3.5939650e+03   8.2439550e+00   4.6884937e+00   1.7632917e+10
   2.3058218e+03   4.2247069e+02   1.8538824e+03   3.6102400e+03   8.2499987e+00   4.6884222e+00   1.1658832e+10
   2.4220221e+03   4.3279739e+02   1.8320720e+03   3.6124881e+03   8.2558975e+00   4.6883260e+00   7.8782437e+09
   2.5358151e+03   4.4300188e+02   1.8102616e+03   3.6146894e+03   8.3218721e+00   4.7229637e+00   5.4270464e+09
   2.6471659e+03   4.5308415e+02   1.7884512e+03   3.6217551e+03   8.4351613e+00   4.7848682e+00   3.8053004e+09
   2.7561860e+03   4.6304422e+02   1.7666409e+03   3.6326654e+03   8.4402055e+00   4.7844266e+00   2.7126517e+09
   2.8629380e+03   4.7288208e+02   1.7448305e+03   3.6346248e+03   8.4450569e+00   4.7839443e+00   1.9637672e+09
   2.9671017e+03   4.8259773e+02   1.7230201e+03   3.6365272e+03   8.4497149e+00   4.7834276e+00   1.4415322e+09
   3.0686357e+03   4.9219117e+02   1.7012097e+03   3.6383683e+03   8.4541470e+00   4.7828590e+00   1.0719173e+09
   3.1674967e+03   5.0166239e+02   1.6793993e+03   3.6401425e+03   8.4583920e+00   4.7822617e+00   8.0668807e+08
   3.2636399e+03   5.1101141e+02   1.6575890e+03   3.6418562e+03   8.4623977e+00   4.7816085e+00   6.1390052e+08
   3.3570182e+03   5.2023823e+02   1.6357786e+03   3.6435007e+03   8.4662206e+00   4.7809279e+00   4.7207470e+08
   3.4475827e+03   5.2934283e+02   1.6139682e+03   3.6450854e+03   8.4698074e+00   4.7801965e+00   3.6655914e+08
   3.5352822e+03   5.3832522e+02   1.5921578e+03   3.6465987e+03   8.4732000e+00   4.7794335e+00   2.8722564e+08
   3.6200633e+03   5.4718540e+02   1.5703474e+03   3.6480506e+03   8.4763556e+00   4.7786216e+00   2.2698406e+08
   3.7018699e+03   5.5592337e+02   1.5485371e+03   3.6494308e+03   8.4793093e+00   4.7777765e+00   1.8081207e+08
   3.7806433e+03   5.6453914e+02   1.5267267e+03   3.6507461e+03   8.4820302e+00   4.7768842e+00   1.4511212e+08
   3.8563217e+03   5.7303269e+02   1.5049163e+03   3.6519902e+03   8.4845325e+00   4.7759547e+00   1.1728005e+08
   3.9288405e+03   5.8140404e+02   1.4831059e+03   3.6531655e+03   8.4867921e+00   4.7749759e+00   9.5411891e+07
   3.9981315e+03   5.8965317e+02   1.4612955e+03   3.6542671e+03   8.4888350e+00   4.7739625e+00   7.8102500e+07
   4.0641229e+03   5.9778010e+02   1.4394852e+03   3.6552988e+03   8.4906236e+00   4.7728960e+00   6.4305563e+07
   4.1267391e+03   6.0578481e+02   1.4176748e+03   3.6562535e+03   8.4921853e+00   4.7717933e+00   5.3235364e+07
   4.1859000e+03   6.1366732e+02   1.3958644e+03   3.6571358e+03   8.4934792e+00   4.7706340e+00   4.4297116e+07
   4.2415213e+03   6.2142762e+02   1.3740540e+03   3.6579369e+03   8.4945326e+00   4.7694340e+00   3.7037132e+07
   4.2935136e+03   6.2906571e+02   1.3522436e+03   3.6586615e+03   8.4953128e+00   4.7681793e+00   3.1106823e+07
   4.3417822e+03   6.3658159e+02   1.3304332e+03   3.6593029e+03   8.4958316e+00   4.7668764e+00   2.6236502e+07
   4.3862266e+03   6.4397526e+02   1.3086229e+03   3.6598622e+03   8.4960775e+00   4.7655214e+00   2.2216141e+07
   4.4267401e+03   6.5124672e+02   1.2868125e+03   3.6603370e+03   8.4960302e+00   4.7641073e+00   1.8881150e+07
   4.4632092e+03   6.5839597e+02   1.2650021e+03   3.6607222e+03   8.4956994e+00   4.7626424e+00   1.6101765e+07
   4.4955131e+03   6.6542301e+02   1.2431917e+03   3.6610186e+03   8.4950523e+00   4.7611098e+00   1.3775092e+07
   4.5235227e+03   6.7232784e+02   1.2213813e+03   3.6612192e+03   8.4940962e+00   4.7595183e+00   1.1819099e+07
   4.5471005e+03   6.7911046e+02   1.1995710e+03   3.6613243e+03   8.4928141e+00   4.7578611e+00   1.0168038e+07
   4.5660992e+03   6.8577088e+02   1.1777606e+03   3.6613295e+03   8.4911920e+00   4.7561343e+00   8.7689503e+06
   4.5803612e+03   6.9230908e+02   1.1559502e+03   3.6612312e+03   8.4892237e+00   4.7543388e+00   7.5789722e+06
   4.5897173e+03   6.9872507e+02   1.1341398e+03   3.6610266e+03   8.4868765e+00   4.7524610e+00   6.5632513e+06
   4.5939860e+03   7.0501886e+02   1.1123294e+03   3.6607081e+03   8.4841526e+00   4.7505063e+00   5.6933240e+06
   4.5929719e+03   7.1119043e+02   1.0905191e+03   3.6602745e+03   8.4810328e+00   4.7484697e+00   4.9458461e+06
   4.5864645e+03   7.1723980e+02   1.0687087e+03   3.6597205e+03   8.4774784e+00   4.7463364e+00   4.3015948e+06
   4.5742366e+03   7.2316696e+02   1.0468983e+03   3.6590371e+03   8.4734909e+00   4.7441117e+00   3.7446799e+06
   4.5560426e+03   7.2897190e+02   1.0250879e+03   3.6582226e+03   8.4690452e+00   4.7417883e+00   3.2619175e+06
   4.5316166e+03   7.3465464e+02   1.0032775e+03   3.6572700e+03   8.4640933e+00   4.7393503e+00   2.8423310e+06
   4.5006699e+03   7.4021517e+02   9.8146715e+02   3.6561675e+03   8.4586369e+00   4.7368023e+00   2.4767507e+06
   4.4628890e+03   7.4565349e+02   9.5965677e+02   3.6549134e+03   8.4526320e+00   4.7341317e+00   2.1574922e+06
   4.4179324e+03   7.5096960e+02   9.3784639e+02   3.6534962e+03   8.4460325e+00   4.7313233e+00   1.8780968e+06
   4.3654274e+03   7.5616350e+02   9.1603601e+02   3.6519046e+03   8.4388236e+00   4.7283775e+00   1.6331207e+06
   4.3049665e+03   7.6123519e+02   8.9422562e+02   3.6501326e+03   8.4309576e+00   4.7252805e+00   1.4179635e+06
   4.2361031e+03   7.6618467e+02   8.7241524e+02   3.6481663e+03   8.4223765e+00   4.7220155e+00   1.2287278e+06
   4.1583468e+03   7.7101194e+02   8.5060486e+02   3.6459917e+03   8.4130396e+00   4.7185732e+00   1.0621049e+06
   4.0711576e+03   7.7571700e+02   8.2879448e+02   3.6435958e+03   8.4028956e+00   4.7149412e+00   9.1527943e+05
   3.9739398e+03   7.8029986e+02   8.0698410e+02   3.6409650e+03   8.3918741e+00   4.7111009e+00   7.8585112e+05
   3.8660338e+03   7.8476050e+02   7.8517372e+02   3.6380784e+03   8.3798923e+00   4.7070275e+00   6.7176975e+05
   3.7467082e+03   7.8909893e+02   7.6336334e+02   3.6349163e+03   8.3668840e+00   4.7027076e+00   5.7128058e+05
   3.6151492e+03   7.9331516e+02   7.4155296e+02   3.6314572e+03   8.2305415e+00   4.6289848e+00   4.8287841e+05
   3.4704484e+03   7.9740918e+02   7.1974258e+02   3.6173043e+03   8.1591596e+00   4.5892918e+00   4.0526865e+05
   3.3120434e+03   8.0138098e+02   6.9793219e+02   3.6048807e+03   7.9930283e+00   4.4677849e+00   3.3744737e+05
   3.1387962e+03   8.0523058e+02   6.7612181e+02   3.5518208e+03   7.9741938e+00   4.4616115e+00   2.7839051e+05
   2.9516347e+03   8.0895796e+02   6.5431143e+02   3.5466821e+03   7.9539173e+00   4.4550440e+00   2.2759291e+05
   2.7468826e+03   8.1256314e+02   6.3250105e+02   3.5411331e+03   7.9317979e+00   4.4479677e+00   1.8375643e+05
   2.5229246e+03   8.1604611e+02   6.1069067e+02   3.5350620e+03   7.9076094e+00   4.4403186e+00   1.4622766e+05
   2.2779218e+03   8.1940687e+02   5.8888029e+02   3.5284084e+03   7.8810976e+00   4.4320245e+00   1.1441782e+05
   2.0097686e+03   8.2264542e+02   5.6706991e+02   3.5211038e+03   7.8519635e+00   4.4230039e+00   8.7785945e+04
   1.7160413e+03   8.2576176e+02   5.4525953e+02   3.5130691e+03   7.8198660e+00   4.4131637e+00   6.5824452e+04
   1.3939365e+03   8.2875589e+02   5.2344915e+02   3.5042118e+03   7.7843607e+00   4.4023819e+00   4.8046771e+04
   1.0401936e+03   8.3162781e+02   5.0163876e+02   3.4944164e+03   7.4985516e+00   4.2379576e+00   3.3977402e+04
   6.5099838e+02   8.3437752e+02   4.7982838e+02   3.3942569e+03   7.4545393e+00   4.2236373e+00   2.3145150e+04
   2.3286069e+02   8.3700503e+02   4.5801800e+02   3.3811400e+03   7.3597957e+00   4.1731969e+00   1.5236375e+04
  -2.2907371e+02   8.3951032e+02   4.3620762e+02   3.3462999e+03   7.3104650e+00   4.1462859e+00   9.5306883e+03
  -7.3785125e+02   8.4189340e+02   4.1439724e+02   3.2890982e+03   7.3149762e+00   4.1609716e+00   5.6239506e+03
  -1.2965825e+03   8.4415428e+02   3.9258686e+02   3.2839198e+03   7.3207499e+00   4.1778957e+00   3.1050999e+03
  -1.9226917e+03   8.4629294e+02   3.7077648e+02   3.2786074e+03   7.3280319e+00   4.1976434e+00   1.5649856e+03
  -2.6280441e+03   8.4830940e+02   3.4896610e+02   3.2730194e+03   7.3370278e+00   4.2206528e+00   7.0419692e+02
  -3.4275172e+03   8.5020364e+02   3.2715572e+02   3.2670790e+03   7.3473455e+00   4.2471478e+00   2.7471450e+02
  -4.3400452e+03   8.5197568e+02   3.0534534e+02   3.2603655e+03   7.3533148e+00   4.2748285e+00   8.9317894e+01
  -5.3899972e+03   8.5362551e+02   2.8353495e+02   3.2497587e+03   7.3591740e+00   4.3064986e+00   2.2931746e+01
  -6.6082915e+03   8.5515312e+02   2.6172457e+02   3.2370077e+03   7.3650366e+00   4.3430856e+00   4.3177028e+00
  -8.0370406e+03   8.5655853e+02   2.3991419e+02   3.2217016e+03   7.3710693e+00   4.3858562e+00   5.3576099e-01
  -9.7338797e+03   8.5784173e+02   2.1810381e+02   3.2032866e+03   7.3775041e+00   4.4365447e+00   3.7427721e-02
  -1.1779861e+04   8.5900272e+02   1.9629343e+02   3.1810067e+03   7.3846722e+00   4.4975915e+00   1.1578150e-03
  -1.4292729e+04   8.6004150e+02   1.7448305e+02   3.1538013e+03   7.3930591e+00   4.5725428e+00   1.0832773e-05
  -1.7450400e+04   8.6095807e+02   1.5267267e+02   3.1201318e+03   7.4034034e+00   4.6667585e+00   1.6230504e-08
  -2.1535187e+04   8.6175243e+02   1.3086229e+02   3.0776753e+03   7.4168813e+00   4.7887444e+00   1.2609131e-12
  -2.7023887e+04   8.6242458e+02   1.0905191e+02   3.0227487e+03   7.4354837e+00   4.9528672e+00   5.8422975e-19
  -3.4791061e+04   8.6297453e+02   8.7241524e+01   2.9491333e+03   7.4628664e+00   5.1854801e+00   1.6196246e-29
  -4.6636226e+04   8.6340226e+02   6.5431143e+01   2.8454245e+03   7.5065537e+00   5.5408081e+00   3.2382571e-49
  -6.6958360e+04   8.6370778e+02   4.3620762e+01   2.6881571e+03   7.5849349e+00   6.1514056e+00   3.8124934e-93
  -1.1016077e+05   8.6389110e+02   2.1810381e+01   2.4199676e+03   7.7581930e+00   7.4512793e+00  4.4396571e-229
  -2.6573576e+05             NaN   0.0000000e+00   1.8530204e+03             NaN             NaN             NaN
  -2.6573576e+05             NaN   0.0000000e+00   8.0000000e+03             NaN             NaN   1.0000000e+04
             NaN             NaN   0.0000000e+00             NaN             NaN             NaN   1.0000000e+04
             NaN             NaN   0.0000000e+00             NaN             NaN             NaN   1.0000000e+04
             NaN             NaN   0.0000000e+00             NaN             NaN             NaN   1.0000000e+04
             NaN             NaN   0.0000000e+00             NaN             NaN             NaN   1.0000000e+04
             NaN             NaN   0.0000000e+00             NaN             NaN             NaN   1.0000000e+04
             NaN             NaN   0.0000000e+00             NaN             NaN             NaN   1.0000000e+04
             NaN             NaN   0.0000000e+00             NaN             NaN             NaN   1.0000000e+04
             NaN             NaN   0.0000000e+00             NaN             NaN             NaN   1.0000000e+04
             NaN             NaN   0.0000000e+00             NaN             NaN             NaN   1.0000000e+04
