P (MPa)		T (K)		r (km)		rho (kg m-3)	VP (km s-1)	VS (km s-1)	QS/gamma	KS (GPa)	GS (GPa)	k for 0.01 mol/kg MgSO4 (S m-1)	
0.00000e+00	1.10000e+02	2.41030e+03	9.32047e+02	3.87940e+00	1.96225e+00	1.54936e+04	9.24000e+00	3.58800e+00	0.00000e+00
2.15675e+00	1.28846e+02	2.40894e+03	9.32047e+02	3.88248e+00	1.96415e+00	3.47078e+03	9.24711e+00	3.59263e+00	0.00000e+00
4.31349e+00	1.50922e+02	2.40758e+03	9.32248e+02	3.88643e+00	1.96648e+00	9.67692e+02	9.25419e+00	3.59725e+00	0.00000e+00
6.47024e+00	1.76779e+02	2.40622e+03	9.32449e+02	3.89171e+00	1.96949e+00	3.25223e+02	9.26124e+00	3.60186e+00	0.00000e+00
8.62699e+00	2.07067e+02	2.40487e+03	9.32650e+02	3.89901e+00	1.97352e+00	1.28201e+02	9.26828e+00	3.60646e+00	0.00000e+00
1.07837e+01	2.42543e+02	2.40351e+03	9.32849e+02	3.90903e+00	1.97893e+00	5.79081e+01	9.27528e+00	3.61105e+00	0.00000e+00
1.29405e+01	2.42560e+02	2.40216e+03	9.33048e+02	3.91035e+00	1.97993e+00	5.78898e+01	9.28227e+00	3.61563e+00	0.00000e+00
1.50972e+01	2.42577e+02	2.40080e+03	9.33245e+02	3.91167e+00	1.98093e+00	5.78713e+01	9.28923e+00	3.62020e+00	0.00000e+00
1.72540e+01	2.42593e+02	2.39945e+03	9.33442e+02	3.91298e+00	1.98193e+00	5.78527e+01	9.29616e+00	3.62476e+00	0.00000e+00
1.94107e+01	2.42610e+02	2.39810e+03	9.33637e+02	3.91428e+00	1.98292e+00	5.78340e+01	9.30308e+00	3.62932e+00	0.00000e+00
2.15675e+01	2.42627e+02	2.39675e+03	9.33832e+02	3.91557e+00	1.98391e+00	5.78151e+01	9.30996e+00	3.63386e+00	0.00000e+00
2.37242e+01	2.42645e+02	2.39540e+03	9.34025e+02	3.91686e+00	1.98490e+00	5.77960e+01	9.31683e+00	3.63840e+00	0.00000e+00
2.58810e+01	2.42662e+02	2.39405e+03	9.34217e+02	3.91815e+00	1.98589e+00	5.77769e+01	9.32367e+00	3.64292e+00	0.00000e+00
2.80377e+01	2.42680e+02	2.39270e+03	9.34408e+02	3.91943e+00	1.98687e+00	5.77575e+01	9.33048e+00	3.64744e+00	0.00000e+00
3.01945e+01	2.42697e+02	2.39135e+03	9.34598e+02	3.92070e+00	1.98784e+00	5.77381e+01	9.33727e+00	3.65195e+00	0.00000e+00
3.23512e+01	2.42715e+02	2.39001e+03	9.34786e+02	3.92197e+00	1.98882e+00	5.77184e+01	9.34404e+00	3.65644e+00	0.00000e+00
3.45079e+01	2.42733e+02	2.38866e+03	9.34973e+02	3.92324e+00	1.98979e+00	5.76987e+01	9.35078e+00	3.66093e+00	0.00000e+00
3.66647e+01	2.42751e+02	2.38732e+03	9.35158e+02	3.92449e+00	1.99076e+00	5.76788e+01	9.35750e+00	3.66541e+00	0.00000e+00
3.88214e+01	2.42769e+02	2.38597e+03	9.35342e+02	3.92575e+00	1.99172e+00	5.76587e+01	9.36419e+00	3.66988e+00	0.00000e+00
4.09782e+01	2.42788e+02	2.38463e+03	9.35524e+02	3.92700e+00	1.99268e+00	5.76385e+01	9.37086e+00	3.67434e+00	0.00000e+00
4.31349e+01	2.42806e+02	2.38329e+03	9.35704e+02	3.92824e+00	1.99364e+00	5.76181e+01	9.37751e+00	3.67879e+00	0.00000e+00
4.52917e+01	2.42825e+02	2.38195e+03	9.35883e+02	3.92948e+00	1.99460e+00	5.75976e+01	9.38413e+00	3.68324e+00	0.00000e+00
4.74484e+01	2.42844e+02	2.38061e+03	9.36060e+02	3.93071e+00	1.99555e+00	5.75769e+01	9.39073e+00	3.68767e+00	0.00000e+00
4.96052e+01	2.42863e+02	2.37927e+03	9.36235e+02	3.93194e+00	1.99651e+00	5.75561e+01	9.39730e+00	3.69209e+00	0.00000e+00
5.17619e+01	2.42882e+02	2.37793e+03	9.36408e+02	3.93317e+00	1.99745e+00	5.75351e+01	9.40385e+00	3.69651e+00	0.00000e+00
5.39187e+01	2.42901e+02	2.37660e+03	9.36579e+02	3.93439e+00	1.99840e+00	5.75139e+01	9.41037e+00	3.70091e+00	0.00000e+00
5.60754e+01	2.42920e+02	2.37526e+03	9.36749e+02	3.93560e+00	1.99934e+00	5.74926e+01	9.41687e+00	3.70531e+00	0.00000e+00
5.82322e+01	2.42940e+02	2.37393e+03	9.36916e+02	3.93681e+00	2.00028e+00	5.74711e+01	9.42335e+00	3.70969e+00	0.00000e+00
6.03889e+01	2.42960e+02	2.37259e+03	9.37081e+02	3.93802e+00	2.00122e+00	5.74495e+01	9.42980e+00	3.71407e+00	0.00000e+00
6.25457e+01	2.42980e+02	2.37126e+03	9.37243e+02	3.93922e+00	2.00216e+00	5.74277e+01	9.43623e+00	3.71844e+00	0.00000e+00
6.47024e+01	2.43000e+02	2.36993e+03	9.37404e+02	3.94042e+00	2.00309e+00	5.74057e+01	9.44263e+00	3.72279e+00	0.00000e+00
6.68591e+01	2.43020e+02	2.36860e+03	9.37562e+02	3.94162e+00	2.00402e+00	5.73836e+01	9.44901e+00	3.72714e+00	0.00000e+00
6.90159e+01	2.43040e+02	2.36727e+03	9.37718e+02	3.94281e+00	2.00495e+00	5.73613e+01	9.45537e+00	3.73148e+00	0.00000e+00
7.11726e+01	2.43061e+02	2.36594e+03	9.37871e+02	3.94399e+00	2.00587e+00	5.73388e+01	9.46170e+00	3.73581e+00	0.00000e+00
7.33294e+01	2.43082e+02	2.36461e+03	9.38022e+02	3.94518e+00	2.00680e+00	5.73162e+01	9.46801e+00	3.74013e+00	0.00000e+00
7.54861e+01	2.43103e+02	2.36328e+03	9.38170e+02	3.94636e+00	2.00772e+00	5.72934e+01	9.47429e+00	3.74445e+00	0.00000e+00
7.76429e+01	2.43124e+02	2.36195e+03	9.38315e+02	3.94753e+00	2.00864e+00	5.72704e+01	9.48055e+00	3.74875e+00	0.00000e+00
7.97996e+01	2.43145e+02	2.36063e+03	9.38458e+02	3.94870e+00	2.00955e+00	5.72473e+01	9.48678e+00	3.75304e+00	0.00000e+00
8.19564e+01	2.43166e+02	2.35930e+03	9.38598e+02	3.94987e+00	2.01047e+00	5.72239e+01	9.49299e+00	3.75733e+00	0.00000e+00
8.41131e+01	2.43188e+02	2.35798e+03	9.38735e+02	3.95103e+00	2.01138e+00	5.72004e+01	9.49918e+00	3.76160e+00	0.00000e+00
8.62699e+01	2.43210e+02	2.35666e+03	9.38869e+02	3.95219e+00	2.01229e+00	5.71768e+01	9.50534e+00	3.76587e+00	0.00000e+00
8.84266e+01	2.43232e+02	2.35534e+03	9.39001e+02	3.95335e+00	2.01320e+00	5.71529e+01	9.51148e+00	3.77012e+00	0.00000e+00
9.05834e+01	2.43254e+02	2.35401e+03	9.39129e+02	3.95451e+00	2.01410e+00	5.71289e+01	9.51759e+00	3.77437e+00	0.00000e+00
9.27401e+01	2.43276e+02	2.35269e+03	9.39254e+02	3.95566e+00	2.01501e+00	5.71047e+01	9.52368e+00	3.77861e+00	0.00000e+00
9.48969e+01	2.43299e+02	2.35137e+03	9.39376e+02	3.95680e+00	2.01591e+00	5.70803e+01	9.52975e+00	3.78283e+00	0.00000e+00
9.70536e+01	2.43321e+02	2.35006e+03	9.39494e+02	3.95795e+00	2.01681e+00	5.70557e+01	9.53579e+00	3.78705e+00	0.00000e+00
9.92104e+01	2.43344e+02	2.34874e+03	9.39610e+02	3.95909e+00	2.01771e+00	5.70310e+01	9.54180e+00	3.79126e+00	0.00000e+00
1.01367e+02	2.43367e+02	2.34742e+03	9.39722e+02	3.96023e+00	2.01860e+00	5.70060e+01	9.54780e+00	3.79546e+00	0.00000e+00
1.03524e+02	2.43390e+02	2.34610e+03	9.39830e+02	3.96136e+00	2.01950e+00	5.69809e+01	9.55376e+00	3.79965e+00	0.00000e+00
1.05681e+02	2.43414e+02	2.34479e+03	9.39935e+02	3.96249e+00	2.02039e+00	5.69556e+01	9.55971e+00	3.80383e+00	0.00000e+00
1.07837e+02	2.43437e+02	2.34348e+03	9.40037e+02	3.96362e+00	2.02128e+00	5.69301e+01	9.56563e+00	3.80801e+00	0.00000e+00
1.09994e+02	2.43461e+02	2.34216e+03	9.40135e+02	3.96475e+00	2.02217e+00	5.69044e+01	9.57152e+00	3.81217e+00	0.00000e+00
1.12151e+02	2.43485e+02	2.34085e+03	9.40229e+02	3.96587e+00	2.02305e+00	5.68785e+01	9.57740e+00	3.81632e+00	0.00000e+00
1.14308e+02	2.43509e+02	2.33954e+03	9.40319e+02	3.96699e+00	2.02394e+00	5.68524e+01	9.58324e+00	3.82047e+00	0.00000e+00
1.16464e+02	2.43534e+02	2.33823e+03	9.40406e+02	3.96811e+00	2.02482e+00	5.68261e+01	9.58907e+00	3.82460e+00	0.00000e+00
1.18621e+02	2.43558e+02	2.33692e+03	9.40488e+02	3.96922e+00	2.02571e+00	5.67997e+01	9.59487e+00	3.82873e+00	0.00000e+00
1.20778e+02	2.43583e+02	2.33561e+03	9.40567e+02	3.97033e+00	2.02659e+00	5.67730e+01	9.60064e+00	3.83284e+00	0.00000e+00
1.22935e+02	2.43608e+02	2.33430e+03	9.40641e+02	3.97144e+00	2.02746e+00	5.67461e+01	9.60639e+00	3.83695e+00	0.00000e+00
1.25091e+02	2.43633e+02	2.33299e+03	9.40712e+02	3.97255e+00	2.02834e+00	5.67191e+01	9.61212e+00	3.84105e+00	0.00000e+00
1.27248e+02	2.43658e+02	2.33168e+03	9.40778e+02	3.97365e+00	2.02922e+00	5.66918e+01	9.61782e+00	3.84514e+00	0.00000e+00
1.29405e+02	2.43684e+02	2.33038e+03	9.40840e+02	3.97475e+00	2.03009e+00	5.66643e+01	9.62350e+00	3.84922e+00	0.00000e+00
1.31562e+02	2.43710e+02	2.32907e+03	9.40898e+02	3.97585e+00	2.03096e+00	5.66367e+01	9.62915e+00	3.85329e+00	0.00000e+00
1.33718e+02	2.43736e+02	2.32777e+03	9.40951e+02	3.97695e+00	2.03183e+00	5.66088e+01	9.63478e+00	3.85735e+00	0.00000e+00
1.35875e+02	2.43762e+02	2.32646e+03	9.41000e+02	3.97804e+00	2.03270e+00	5.65807e+01	9.64039e+00	3.86140e+00	0.00000e+00
1.38032e+02	2.43788e+02	2.32516e+03	9.41044e+02	3.97913e+00	2.03357e+00	5.65524e+01	9.64597e+00	3.86544e+00	0.00000e+00
1.40189e+02	2.43815e+02	2.32386e+03	9.41084e+02	3.98022e+00	2.03443e+00	5.65239e+01	9.65152e+00	3.86947e+00	0.00000e+00
1.42345e+02	2.43842e+02	2.32255e+03	9.41119e+02	3.98131e+00	2.03530e+00	5.64952e+01	9.65706e+00	3.87350e+00	0.00000e+00
1.44502e+02	2.43869e+02	2.32125e+03	9.41150e+02	3.98239e+00	2.03616e+00	5.64663e+01	9.66257e+00	3.87751e+00	0.00000e+00
1.46659e+02	2.43896e+02	2.31995e+03	9.41176e+02	3.98347e+00	2.03702e+00	5.64371e+01	9.66805e+00	3.88151e+00	0.00000e+00
1.48816e+02	2.43924e+02	2.31865e+03	9.41197e+02	3.98455e+00	2.03788e+00	5.64078e+01	9.67351e+00	3.88551e+00	0.00000e+00
1.50972e+02	2.43951e+02	2.31736e+03	9.41213e+02	3.98563e+00	2.03874e+00	5.63782e+01	9.67895e+00	3.88950e+00	0.00000e+00
1.53129e+02	2.43979e+02	2.31606e+03	9.41224e+02	3.98670e+00	2.03960e+00	5.63484e+01	9.68436e+00	3.89347e+00	0.00000e+00
1.55286e+02	2.44008e+02	2.31476e+03	9.41230e+02	3.98777e+00	2.04045e+00	5.63184e+01	9.68975e+00	3.89744e+00	0.00000e+00
1.57443e+02	2.44036e+02	2.31346e+03	9.41231e+02	3.98884e+00	2.04131e+00	5.62882e+01	9.69511e+00	3.90140e+00	0.00000e+00
1.59599e+02	2.44065e+02	2.31217e+03	9.41228e+02	3.98991e+00	2.04216e+00	5.62577e+01	9.70045e+00	3.90535e+00	0.00000e+00
1.61756e+02	2.44094e+02	2.31087e+03	9.41219e+02	3.99098e+00	2.04301e+00	5.62270e+01	9.70577e+00	3.90929e+00	0.00000e+00
1.63913e+02	2.44123e+02	2.30958e+03	9.41204e+02	3.99204e+00	2.04386e+00	5.61961e+01	9.71106e+00	3.91322e+00	0.00000e+00
1.66070e+02	2.44152e+02	2.30828e+03	9.41185e+02	3.99310e+00	2.04471e+00	5.61650e+01	9.71632e+00	3.91714e+00	0.00000e+00
1.68226e+02	2.44182e+02	2.30699e+03	9.41160e+02	3.99416e+00	2.04556e+00	5.61336e+01	9.72157e+00	3.92105e+00	0.00000e+00
1.70383e+02	2.44211e+02	2.30570e+03	9.41130e+02	3.99522e+00	2.04640e+00	5.61021e+01	9.72678e+00	3.92495e+00	0.00000e+00
1.72540e+02	2.44242e+02	2.30441e+03	9.41095e+02	3.99627e+00	2.04725e+00	5.60702e+01	9.73198e+00	3.92885e+00	0.00000e+00
1.74696e+02	2.44272e+02	2.30312e+03	9.41054e+02	3.99733e+00	2.04809e+00	5.60382e+01	9.73715e+00	3.93273e+00	0.00000e+00
1.76853e+02	2.44302e+02	2.30183e+03	9.41008e+02	3.99838e+00	2.04893e+00	5.60059e+01	9.74230e+00	3.93660e+00	0.00000e+00
1.79010e+02	2.44333e+02	2.30054e+03	9.40957e+02	3.99942e+00	2.04977e+00	5.59734e+01	9.74742e+00	3.94047e+00	0.00000e+00
1.81167e+02	2.44364e+02	2.29925e+03	9.40900e+02	4.00047e+00	2.05061e+00	5.59406e+01	9.75251e+00	3.94432e+00	0.00000e+00
1.83323e+02	2.44396e+02	2.29796e+03	9.40837e+02	4.00152e+00	2.05145e+00	5.59076e+01	9.75759e+00	3.94817e+00	0.00000e+00
1.85480e+02	2.44427e+02	2.29667e+03	9.40770e+02	4.00256e+00	2.05229e+00	5.58743e+01	9.76264e+00	3.95201e+00	0.00000e+00
1.87637e+02	2.44459e+02	2.29538e+03	9.40696e+02	4.00360e+00	2.05312e+00	5.58408e+01	9.76766e+00	3.95584e+00	0.00000e+00
1.89794e+02	2.44491e+02	2.29410e+03	9.40617e+02	4.00464e+00	2.05396e+00	5.58071e+01	9.77266e+00	3.95966e+00	0.00000e+00
1.91950e+02	2.44524e+02	2.29281e+03	9.40533e+02	4.00567e+00	2.05479e+00	5.57731e+01	9.77764e+00	3.96346e+00	0.00000e+00
1.94107e+02	2.44556e+02	2.29152e+03	9.40443e+02	4.00670e+00	2.05562e+00	5.57389e+01	9.78259e+00	3.96726e+00	0.00000e+00
1.96264e+02	2.44589e+02	2.29024e+03	9.40348e+02	4.00774e+00	2.05645e+00	5.57044e+01	9.78752e+00	3.97106e+00	0.00000e+00
1.98421e+02	2.44622e+02	2.28895e+03	9.40247e+02	4.00877e+00	2.05728e+00	5.56697e+01	9.79242e+00	3.97484e+00	0.00000e+00
2.00577e+02	2.44656e+02	2.28767e+03	9.40140e+02	4.00979e+00	2.05811e+00	5.56347e+01	9.79730e+00	3.97861e+00	0.00000e+00
2.02734e+02	2.44689e+02	2.28639e+03	9.40029e+02	4.01082e+00	2.05894e+00	5.55995e+01	9.80216e+00	3.98237e+00	0.00000e+00
2.04891e+02	2.44723e+02	2.28511e+03	9.39912e+02	4.01184e+00	2.05976e+00	5.55640e+01	9.80699e+00	3.98613e+00	0.00000e+00
2.07048e+02	2.44758e+02	2.28382e+03	9.39789e+02	4.01286e+00	2.06059e+00	5.55282e+01	9.81180e+00	3.98987e+00	0.00000e+00
2.09204e+02	2.44792e+02	2.28254e+03	9.39662e+02	4.01388e+00	2.06141e+00	5.54922e+01	9.81658e+00	3.99360e+00	0.00000e+00
2.11361e+02	2.44827e+02	2.28126e+03	9.39529e+02	4.01490e+00	2.06223e+00	5.54559e+01	9.82134e+00	3.99733e+00	0.00000e+00
2.13518e+02	2.50000e+02	2.27998e+03	9.39391e+02	4.01733e+00	2.06378e+00	5.04257e+01	9.82608e+00	4.00105e+00	0.00000e+00
2.15266e+02	2.49996e+02	2.27916e+03	1.18521e+03	1.85862e+00	0.00000e+00	0.00000e+00	4.09427e+00	0.00000e+00	1.47858e-02
2.17013e+02	2.49993e+02	2.27834e+03	1.18571e+03	1.86145e+00	0.00000e+00	0.00000e+00	4.10849e+00	0.00000e+00	1.47744e-02
2.18761e+02	2.49989e+02	2.27752e+03	1.18622e+03	1.86426e+00	0.00000e+00	0.00000e+00	4.12267e+00	0.00000e+00	1.47635e-02
2.20509e+02	2.49986e+02	2.27670e+03	1.18672e+03	1.86707e+00	0.00000e+00	0.00000e+00	4.13681e+00	0.00000e+00	1.47531e-02
2.22257e+02	2.49983e+02	2.27588e+03	1.18722e+03	1.86985e+00	0.00000e+00	0.00000e+00	4.15092e+00	0.00000e+00	1.47430e-02
2.24004e+02	2.49980e+02	2.27506e+03	1.18771e+03	1.87263e+00	0.00000e+00	0.00000e+00	4.16499e+00	0.00000e+00	1.47334e-02
2.25752e+02	2.49977e+02	2.27424e+03	1.18821e+03	1.87539e+00	0.00000e+00	0.00000e+00	4.17902e+00	0.00000e+00	1.47243e-02
2.27500e+02	2.49975e+02	2.27342e+03	1.18870e+03	1.87813e+00	0.00000e+00	0.00000e+00	4.19301e+00	0.00000e+00	1.47155e-02
2.29248e+02	2.49972e+02	2.27260e+03	1.18920e+03	1.88086e+00	0.00000e+00	0.00000e+00	4.20696e+00	0.00000e+00	1.47073e-02
2.30995e+02	2.49970e+02	2.27178e+03	1.18969e+03	1.88358e+00	0.00000e+00	0.00000e+00	4.22087e+00	0.00000e+00	1.46994e-02
2.32743e+02	2.49968e+02	2.27097e+03	1.19018e+03	1.88629e+00	0.00000e+00	0.00000e+00	4.23475e+00	0.00000e+00	1.46920e-02
2.34491e+02	2.49966e+02	2.27015e+03	1.19067e+03	1.88898e+00	0.00000e+00	0.00000e+00	4.24859e+00	0.00000e+00	1.46850e-02
2.36239e+02	2.49964e+02	2.26934e+03	1.19116e+03	1.89166e+00	0.00000e+00	0.00000e+00	4.26240e+00	0.00000e+00	1.46785e-02
2.37986e+02	2.49963e+02	2.26852e+03	1.19164e+03	1.89433e+00	0.00000e+00	0.00000e+00	4.27619e+00	0.00000e+00	1.46724e-02
2.39734e+02	2.49961e+02	2.26771e+03	1.19213e+03	1.89699e+00	0.00000e+00	0.00000e+00	4.28996e+00	0.00000e+00	1.46668e-02
2.41482e+02	2.49960e+02	2.26689e+03	1.19261e+03	1.89964e+00	0.00000e+00	0.00000e+00	4.30371e+00	0.00000e+00	1.46617e-02
2.43229e+02	2.49959e+02	2.26608e+03	1.19309e+03	1.90229e+00	0.00000e+00	0.00000e+00	4.31746e+00	0.00000e+00	1.46570e-02
2.44977e+02	2.49958e+02	2.26527e+03	1.19358e+03	1.90493e+00	0.00000e+00	0.00000e+00	4.33120e+00	0.00000e+00	1.46527e-02
2.46725e+02	2.49957e+02	2.26446e+03	1.19405e+03	1.90757e+00	0.00000e+00	0.00000e+00	4.34495e+00	0.00000e+00	1.46489e-02
2.48473e+02	2.49956e+02	2.26364e+03	1.19453e+03	1.91021e+00	0.00000e+00	0.00000e+00	4.35871e+00	0.00000e+00	1.46456e-02
2.50220e+02	2.49956e+02	2.26283e+03	1.19501e+03	1.91284e+00	0.00000e+00	0.00000e+00	4.37249e+00	0.00000e+00	1.46428e-02
2.51968e+02	2.49956e+02	2.26202e+03	1.19549e+03	1.91547e+00	0.00000e+00	0.00000e+00	4.38629e+00	0.00000e+00	1.46405e-02
2.53716e+02	2.49956e+02	2.26121e+03	1.19596e+03	1.91811e+00	0.00000e+00	0.00000e+00	4.40011e+00	0.00000e+00	1.46386e-02
2.55464e+02	2.51164e+02	2.26039e+03	1.17153e+03	3.65651e+00	1.93209e+00	9.09647e+01	9.83244e+00	4.37329e+00	0.00000e+00
2.57211e+02	2.51202e+02	2.25956e+03	1.17181e+03	3.65861e+00	1.93439e+00	9.08952e+01	9.83882e+00	4.38473e+00	0.00000e+00
2.58959e+02	2.51240e+02	2.25873e+03	1.17208e+03	3.66071e+00	1.93669e+00	9.08258e+01	9.84520e+00	4.39618e+00	0.00000e+00
2.60707e+02	2.51278e+02	2.25791e+03	1.17235e+03	3.66280e+00	1.93898e+00	9.07564e+01	9.85158e+00	4.40763e+00	0.00000e+00
2.62455e+02	2.51315e+02	2.25708e+03	1.17263e+03	3.66489e+00	1.94127e+00	9.06872e+01	9.85796e+00	4.41908e+00	0.00000e+00
2.64202e+02	2.51353e+02	2.25626e+03	1.17290e+03	3.66699e+00	1.94356e+00	9.06180e+01	9.86434e+00	4.43053e+00	0.00000e+00
2.65950e+02	2.51391e+02	2.25544e+03	1.17317e+03	3.66908e+00	1.94584e+00	9.05489e+01	9.87072e+00	4.44197e+00	0.00000e+00
2.67698e+02	2.51428e+02	2.25461e+03	1.17344e+03	3.67117e+00	1.94813e+00	9.04798e+01	9.87710e+00	4.45342e+00	0.00000e+00
2.69446e+02	2.51466e+02	2.25379e+03	1.17370e+03	3.67326e+00	1.95041e+00	9.04108e+01	9.88348e+00	4.46487e+00	0.00000e+00
2.71193e+02	2.51504e+02	2.25297e+03	1.17397e+03	3.67535e+00	1.95268e+00	9.03420e+01	9.88986e+00	4.47632e+00	0.00000e+00
2.72941e+02	2.51542e+02	2.25214e+03	1.17424e+03	3.67744e+00	1.95495e+00	9.02731e+01	9.89623e+00	4.48776e+00	0.00000e+00
2.74689e+02	2.51579e+02	2.25132e+03	1.17450e+03	3.67953e+00	1.95723e+00	9.02044e+01	9.90261e+00	4.49921e+00	0.00000e+00
2.76436e+02	2.51617e+02	2.25050e+03	1.17477e+03	3.68162e+00	1.95949e+00	9.01357e+01	9.90899e+00	4.51066e+00	0.00000e+00
2.78184e+02	2.51655e+02	2.24968e+03	1.17503e+03	3.68371e+00	1.96176e+00	9.00671e+01	9.91537e+00	4.52211e+00	0.00000e+00
2.79932e+02	2.51688e+02	2.24886e+03	1.17530e+03	3.68579e+00	1.96402e+00	9.00066e+01	9.92175e+00	4.53355e+00	0.00000e+00
2.81680e+02	2.51720e+02	2.24804e+03	1.17557e+03	3.68787e+00	1.96627e+00	8.99479e+01	9.92813e+00	4.54500e+00	0.00000e+00
2.83427e+02	2.51753e+02	2.24722e+03	1.17583e+03	3.68994e+00	1.96852e+00	8.98892e+01	9.93451e+00	4.55645e+00	0.00000e+00
2.85175e+02	2.51785e+02	2.24640e+03	1.17610e+03	3.69202e+00	1.97077e+00	8.98306e+01	9.94089e+00	4.56790e+00	0.00000e+00
2.86923e+02	2.51817e+02	2.24558e+03	1.17636e+03	3.69410e+00	1.97302e+00	8.97720e+01	9.94727e+00	4.57935e+00	0.00000e+00
2.88671e+02	2.51850e+02	2.24476e+03	1.17663e+03	3.69617e+00	1.97526e+00	8.97135e+01	9.95365e+00	4.59079e+00	0.00000e+00
2.90418e+02	2.51882e+02	2.24394e+03	1.17689e+03	3.69825e+00	1.97750e+00	8.96550e+01	9.96003e+00	4.60224e+00	0.00000e+00
2.92166e+02	2.51914e+02	2.24313e+03	1.17715e+03	3.70032e+00	1.97974e+00	8.95966e+01	9.96641e+00	4.61369e+00	0.00000e+00
2.93914e+02	2.51947e+02	2.24231e+03	1.17741e+03	3.70240e+00	1.98198e+00	8.95383e+01	9.97279e+00	4.62514e+00	0.00000e+00
2.95662e+02	2.51979e+02	2.24149e+03	1.17767e+03	3.70447e+00	1.98421e+00	8.94800e+01	9.97916e+00	4.63658e+00	0.00000e+00
2.97409e+02	2.52011e+02	2.24067e+03	1.17793e+03	3.70654e+00	1.98644e+00	8.94217e+01	9.98554e+00	4.64803e+00	0.00000e+00
2.99157e+02	2.52044e+02	2.23986e+03	1.17818e+03	3.70862e+00	1.98867e+00	8.93635e+01	9.99192e+00	4.65948e+00	0.00000e+00
3.00905e+02	2.52076e+02	2.23904e+03	1.17844e+03	3.71069e+00	1.99089e+00	8.93054e+01	9.99830e+00	4.67093e+00	0.00000e+00
3.02653e+02	2.52109e+02	2.23823e+03	1.17870e+03	3.71276e+00	1.99311e+00	8.92473e+01	1.00047e+01	4.68237e+00	0.00000e+00
3.04400e+02	2.52139e+02	2.23741e+03	1.17895e+03	3.71483e+00	1.99533e+00	8.91930e+01	1.00111e+01	4.69382e+00	0.00000e+00
3.06148e+02	2.52165e+02	2.23660e+03	1.17921e+03	3.71689e+00	1.99754e+00	8.91461e+01	1.00174e+01	4.70527e+00	0.00000e+00
3.07896e+02	2.52191e+02	2.23578e+03	1.17947e+03	3.71895e+00	1.99975e+00	8.90992e+01	1.00238e+01	4.71672e+00	0.00000e+00
3.09644e+02	2.52217e+02	2.23497e+03	1.17973e+03	3.72101e+00	2.00196e+00	8.90523e+01	1.00302e+01	4.72817e+00	0.00000e+00
3.11391e+02	2.52243e+02	2.23416e+03	1.17998e+03	3.72307e+00	2.00416e+00	8.90055e+01	1.00366e+01	4.73961e+00	0.00000e+00
3.13139e+02	2.52270e+02	2.23334e+03	1.18024e+03	3.72513e+00	2.00637e+00	8.89587e+01	1.00430e+01	4.75106e+00	0.00000e+00
3.14887e+02	2.52296e+02	2.23253e+03	1.18049e+03	3.72719e+00	2.00857e+00	8.89119e+01	1.00493e+01	4.76251e+00	0.00000e+00
3.16634e+02	2.52322e+02	2.23172e+03	1.18075e+03	3.72925e+00	2.01076e+00	8.88652e+01	1.00557e+01	4.77396e+00	0.00000e+00
3.18382e+02	2.52348e+02	2.23091e+03	1.18100e+03	3.73130e+00	2.01296e+00	8.88185e+01	1.00621e+01	4.78540e+00	0.00000e+00
3.20130e+02	2.52374e+02	2.23010e+03	1.18125e+03	3.73336e+00	2.01515e+00	8.87719e+01	1.00685e+01	4.79685e+00	0.00000e+00
3.21878e+02	2.52400e+02	2.22929e+03	1.18150e+03	3.73542e+00	2.01734e+00	8.87252e+01	1.00749e+01	4.80830e+00	0.00000e+00
3.23625e+02	2.52427e+02	2.22848e+03	1.18175e+03	3.73747e+00	2.01952e+00	8.86786e+01	1.00812e+01	4.81975e+00	0.00000e+00
3.25373e+02	2.52453e+02	2.22767e+03	1.18200e+03	3.73953e+00	2.02171e+00	8.86321e+01	1.00876e+01	4.83119e+00	0.00000e+00
3.27121e+02	2.52479e+02	2.22686e+03	1.18225e+03	3.74159e+00	2.02389e+00	8.85856e+01	1.00940e+01	4.84264e+00	0.00000e+00
3.28869e+02	2.52505e+02	2.22605e+03	1.18249e+03	3.74364e+00	2.02607e+00	8.85391e+01	1.01004e+01	4.85409e+00	0.00000e+00
3.30616e+02	2.52548e+02	2.22524e+03	1.18273e+03	3.74572e+00	2.02826e+00	8.84626e+01	1.01067e+01	4.86554e+00	0.00000e+00
3.32364e+02	2.52594e+02	2.22443e+03	1.18295e+03	3.74780e+00	2.03045e+00	8.83812e+01	1.01131e+01	4.87698e+00	0.00000e+00
3.34112e+02	2.52640e+02	2.22362e+03	1.18318e+03	3.74988e+00	2.03264e+00	8.83000e+01	1.01195e+01	4.88843e+00	0.00000e+00
3.35860e+02	2.52686e+02	2.22281e+03	1.18340e+03	3.75197e+00	2.03482e+00	8.82189e+01	1.01259e+01	4.89988e+00	0.00000e+00
3.37607e+02	2.52732e+02	2.22201e+03	1.18363e+03	3.75405e+00	2.03700e+00	8.81379e+01	1.01323e+01	4.91133e+00	0.00000e+00
3.39355e+02	2.52778e+02	2.22120e+03	1.18385e+03	3.75613e+00	2.03918e+00	8.80570e+01	1.01386e+01	4.92278e+00	0.00000e+00
3.41103e+02	2.52824e+02	2.22039e+03	1.18407e+03	3.75821e+00	2.04136e+00	8.79762e+01	1.01450e+01	4.93422e+00	0.00000e+00
3.42851e+02	2.52870e+02	2.21959e+03	1.18429e+03	3.76029e+00	2.04354e+00	8.78955e+01	1.01514e+01	4.94567e+00	0.00000e+00
3.44598e+02	2.52915e+02	2.21878e+03	1.18451e+03	3.76237e+00	2.04571e+00	8.78149e+01	1.01578e+01	4.95712e+00	0.00000e+00
3.46346e+02	2.52961e+02	2.21798e+03	1.18473e+03	3.76445e+00	2.04788e+00	8.77344e+01	1.01642e+01	4.96857e+00	0.00000e+00
3.48094e+02	2.53007e+02	2.21717e+03	1.18495e+03	3.76653e+00	2.05005e+00	8.76540e+01	1.01705e+01	4.98001e+00	0.00000e+00
3.49841e+02	2.53053e+02	2.21637e+03	1.18517e+03	3.76860e+00	2.05222e+00	8.75738e+01	1.01769e+01	4.99146e+00	0.00000e+00
3.51589e+02	2.53099e+02	2.21556e+03	1.18538e+03	3.77068e+00	2.05438e+00	8.74936e+01	1.01833e+01	5.00291e+00	0.00000e+00
3.53337e+02	2.53145e+02	2.21479e+03	1.23450e+03	4.17518e+00	2.20791e+00	1.23988e+02	1.34960e+01	6.01800e+00	0.00000e+00
3.55085e+02	2.53210e+02	2.21402e+03	1.23479e+03	4.17571e+00	2.20793e+00	1.23988e+02	1.35044e+01	6.01958e+00	0.00000e+00
3.56832e+02	2.53307e+02	2.21325e+03	1.23508e+03	4.17624e+00	2.20796e+00	1.23988e+02	1.35128e+01	6.02115e+00	0.00000e+00
3.58580e+02	2.53404e+02	2.21248e+03	1.23537e+03	4.17677e+00	2.20800e+00	1.23988e+02	1.35212e+01	6.02272e+00	0.00000e+00
3.60328e+02	2.53501e+02	2.21171e+03	1.23566e+03	4.17730e+00	2.20803e+00	1.23988e+02	1.35296e+01	6.02430e+00	0.00000e+00
3.62076e+02	2.53598e+02	2.21094e+03	1.23594e+03	4.17783e+00	2.20806e+00	1.23988e+02	1.35380e+01	6.02587e+00	0.00000e+00
3.63823e+02	2.53696e+02	2.21017e+03	1.23623e+03	4.17836e+00	2.20809e+00	1.23988e+02	1.35464e+01	6.02744e+00	0.00000e+00
3.65571e+02	2.53793e+02	2.20940e+03	1.23651e+03	4.17890e+00	2.20813e+00	1.23988e+02	1.35547e+01	6.02901e+00	0.00000e+00
3.67319e+02	2.53890e+02	2.20863e+03	1.23680e+03	4.17943e+00	2.20816e+00	1.23988e+02	1.35631e+01	6.03059e+00	0.00000e+00
3.69067e+02	2.53987e+02	2.20786e+03	1.23708e+03	4.17997e+00	2.20820e+00	1.23988e+02	1.35715e+01	6.03216e+00	0.00000e+00
3.70814e+02	2.54084e+02	2.20709e+03	1.23736e+03	4.18050e+00	2.20823e+00	1.23988e+02	1.35799e+01	6.03373e+00	0.00000e+00
3.72562e+02	2.54181e+02	2.20632e+03	1.23764e+03	4.18104e+00	2.20827e+00	1.23988e+02	1.35883e+01	6.03531e+00	0.00000e+00
3.74310e+02	2.54278e+02	2.20556e+03	1.23792e+03	4.18158e+00	2.20831e+00	1.23988e+02	1.35967e+01	6.03688e+00	0.00000e+00
3.76058e+02	2.54375e+02	2.20479e+03	1.23821e+03	4.18212e+00	2.20834e+00	1.23988e+02	1.36051e+01	6.03845e+00	0.00000e+00
3.77805e+02	2.54473e+02	2.20402e+03	1.23849e+03	4.18266e+00	2.20838e+00	1.23988e+02	1.36135e+01	6.04002e+00	0.00000e+00
3.79553e+02	2.54570e+02	2.20326e+03	1.23876e+03	4.18320e+00	2.20842e+00	1.23988e+02	1.36219e+01	6.04160e+00	0.00000e+00
3.81301e+02	2.54668e+02	2.20249e+03	1.23904e+03	4.18374e+00	2.20846e+00	1.23988e+02	1.36302e+01	6.04317e+00	0.00000e+00
3.83049e+02	2.54766e+02	2.20172e+03	1.23932e+03	4.18428e+00	2.20850e+00	1.23988e+02	1.36386e+01	6.04474e+00	0.00000e+00
3.84796e+02	2.54864e+02	2.20096e+03	1.23960e+03	4.18483e+00	2.20854e+00	1.23988e+02	1.36470e+01	6.04632e+00	0.00000e+00
3.86544e+02	2.54963e+02	2.20019e+03	1.23987e+03	4.18537e+00	2.20858e+00	1.23988e+02	1.36554e+01	6.04789e+00	0.00000e+00
3.88292e+02	2.55061e+02	2.19943e+03	1.24015e+03	4.18592e+00	2.20862e+00	1.23988e+02	1.36638e+01	6.04946e+00	0.00000e+00
3.90039e+02	2.55159e+02	2.19867e+03	1.24042e+03	4.18646e+00	2.20867e+00	1.23988e+02	1.36722e+01	6.05104e+00	0.00000e+00
3.91787e+02	2.55257e+02	2.19790e+03	1.24070e+03	4.18701e+00	2.20871e+00	1.23988e+02	1.36806e+01	6.05261e+00	0.00000e+00
3.93535e+02	2.55356e+02	2.19714e+03	1.24097e+03	4.18756e+00	2.20875e+00	1.23988e+02	1.36890e+01	6.05418e+00	0.00000e+00
3.95283e+02	2.55454e+02	2.19637e+03	1.24124e+03	4.18811e+00	2.20880e+00	1.23988e+02	1.36974e+01	6.05575e+00	0.00000e+00
3.97030e+02	2.55552e+02	2.19561e+03	1.24151e+03	4.18866e+00	2.20884e+00	1.23988e+02	1.37057e+01	6.05733e+00	0.00000e+00
3.98778e+02	2.55651e+02	2.19485e+03	1.24178e+03	4.18921e+00	2.20889e+00	1.23988e+02	1.37141e+01	6.05890e+00	0.00000e+00
4.00526e+02	2.55749e+02	2.19409e+03	1.24205e+03	4.18977e+00	2.20894e+00	1.23988e+02	1.37225e+01	6.06047e+00	0.00000e+00
4.02274e+02	2.55847e+02	2.19333e+03	1.24232e+03	4.19032e+00	2.20898e+00	1.23988e+02	1.37309e+01	6.06205e+00	0.00000e+00
4.04021e+02	2.55945e+02	2.19257e+03	1.24259e+03	4.19087e+00	2.20903e+00	1.23988e+02	1.37393e+01	6.06362e+00	0.00000e+00
4.05769e+02	2.56043e+02	2.19180e+03	1.24286e+03	4.19143e+00	2.20908e+00	1.23988e+02	1.37477e+01	6.06519e+00	0.00000e+00
4.07517e+02	2.56140e+02	2.19104e+03	1.24312e+03	4.19198e+00	2.20913e+00	1.23988e+02	1.37561e+01	6.06677e+00	0.00000e+00
4.09265e+02	2.56237e+02	2.19028e+03	1.24339e+03	4.19254e+00	2.20918e+00	1.23988e+02	1.37645e+01	6.06834e+00	0.00000e+00
4.11012e+02	2.56334e+02	2.18952e+03	1.24366e+03	4.19310e+00	2.20923e+00	1.23988e+02	1.37729e+01	6.06991e+00	0.00000e+00
4.12760e+02	2.56431e+02	2.18877e+03	1.24392e+03	4.19366e+00	2.20928e+00	1.23988e+02	1.37812e+01	6.07148e+00	0.00000e+00
4.14508e+02	2.56528e+02	2.18801e+03	1.24419e+03	4.19422e+00	2.20933e+00	1.23988e+02	1.37896e+01	6.07306e+00	0.00000e+00
4.16256e+02	2.56625e+02	2.18725e+03	1.24445e+03	4.19478e+00	2.20939e+00	1.23988e+02	1.37980e+01	6.07463e+00	0.00000e+00
4.18003e+02	2.56722e+02	2.18649e+03	1.24471e+03	4.19534e+00	2.20944e+00	1.23988e+02	1.38064e+01	6.07620e+00	0.00000e+00
4.19751e+02	2.56819e+02	2.18573e+03	1.24497e+03	4.19590e+00	2.20949e+00	1.23988e+02	1.38148e+01	6.07778e+00	0.00000e+00
4.21499e+02	2.56916e+02	2.18497e+03	1.24523e+03	4.19647e+00	2.20955e+00	1.23988e+02	1.38232e+01	6.07935e+00	0.00000e+00
4.23246e+02	2.57013e+02	2.18422e+03	1.24549e+03	4.19703e+00	2.20960e+00	1.23988e+02	1.38316e+01	6.08092e+00	0.00000e+00
4.24994e+02	2.57110e+02	2.18346e+03	1.24575e+03	4.19760e+00	2.20966e+00	1.23988e+02	1.38400e+01	6.08249e+00	0.00000e+00
4.26742e+02	2.57207e+02	2.18270e+03	1.24601e+03	4.19817e+00	2.20971e+00	1.23988e+02	1.38484e+01	6.08407e+00	0.00000e+00
4.28490e+02	2.57304e+02	2.18195e+03	1.24627e+03	4.19873e+00	2.20977e+00	1.23988e+02	1.38568e+01	6.08564e+00	0.00000e+00
4.30237e+02	2.57401e+02	2.18119e+03	1.24653e+03	4.19930e+00	2.20983e+00	1.23988e+02	1.38651e+01	6.08721e+00	0.00000e+00
4.31985e+02	2.57495e+02	2.18044e+03	1.24678e+03	4.19987e+00	2.20989e+00	1.23988e+02	1.38735e+01	6.08879e+00	0.00000e+00
4.33733e+02	2.57589e+02	2.17968e+03	1.24704e+03	4.20044e+00	2.20995e+00	1.23988e+02	1.38819e+01	6.09036e+00	0.00000e+00
4.35481e+02	2.57684e+02	2.17893e+03	1.24729e+03	4.20101e+00	2.21000e+00	1.23988e+02	1.38903e+01	6.09193e+00	0.00000e+00
4.37228e+02	2.57778e+02	2.17817e+03	1.24755e+03	4.20159e+00	2.21006e+00	1.23988e+02	1.38987e+01	6.09351e+00	0.00000e+00
4.38976e+02	2.57872e+02	2.17742e+03	1.24780e+03	4.20216e+00	2.21013e+00	1.23988e+02	1.39071e+01	6.09508e+00	0.00000e+00
4.40724e+02	2.57967e+02	2.17667e+03	1.24805e+03	4.20273e+00	2.21019e+00	1.23988e+02	1.39155e+01	6.09665e+00	0.00000e+00
4.42472e+02	2.58061e+02	2.17591e+03	1.24831e+03	4.20331e+00	2.21025e+00	1.23988e+02	1.39239e+01	6.09822e+00	0.00000e+00
4.44219e+02	2.58155e+02	2.17516e+03	1.24856e+03	4.20389e+00	2.21031e+00	1.23988e+02	1.39323e+01	6.09980e+00	0.00000e+00
4.45967e+02	2.58249e+02	2.17441e+03	1.24881e+03	4.20446e+00	2.21038e+00	1.23988e+02	1.39406e+01	6.10137e+00	0.00000e+00
4.47715e+02	2.58344e+02	2.17365e+03	1.24906e+03	4.20504e+00	2.21044e+00	1.23988e+02	1.39490e+01	6.10294e+00	0.00000e+00
4.49463e+02	2.58438e+02	2.17290e+03	1.24931e+03	4.20562e+00	2.21050e+00	1.23988e+02	1.39574e+01	6.10452e+00	0.00000e+00
4.51210e+02	2.58532e+02	2.17215e+03	1.24955e+03	4.20620e+00	2.21057e+00	1.23988e+02	1.39658e+01	6.10609e+00	0.00000e+00
4.52958e+02	2.58627e+02	2.17140e+03	1.24980e+03	4.20678e+00	2.21064e+00	1.23988e+02	1.39742e+01	6.10766e+00	0.00000e+00
4.54706e+02	2.58721e+02	2.17065e+03	1.25005e+03	4.20737e+00	2.21070e+00	1.23988e+02	1.39826e+01	6.10924e+00	0.00000e+00
4.56454e+02	2.58814e+02	2.16990e+03	1.25029e+03	4.20795e+00	2.21077e+00	1.23988e+02	1.39910e+01	6.11081e+00	0.00000e+00
4.58201e+02	2.58905e+02	2.16915e+03	1.25054e+03	4.20853e+00	2.21084e+00	1.23988e+02	1.39994e+01	6.11238e+00	0.00000e+00
4.59949e+02	2.58996e+02	2.16840e+03	1.25078e+03	4.20912e+00	2.21091e+00	1.23988e+02	1.40078e+01	6.11395e+00	0.00000e+00
4.61697e+02	2.59086e+02	2.16765e+03	1.25103e+03	4.20970e+00	2.21098e+00	1.23988e+02	1.40161e+01	6.11553e+00	0.00000e+00
4.63444e+02	2.59177e+02	2.16690e+03	1.25127e+03	4.21029e+00	2.21105e+00	1.23988e+02	1.40245e+01	6.11710e+00	0.00000e+00
4.65192e+02	2.59268e+02	2.16615e+03	1.25151e+03	4.21088e+00	2.21112e+00	1.23988e+02	1.40329e+01	6.11867e+00	0.00000e+00
4.66940e+02	2.59359e+02	2.16540e+03	1.25175e+03	4.21147e+00	2.21119e+00	1.23988e+02	1.40413e+01	6.12025e+00	0.00000e+00
4.68688e+02	2.59450e+02	2.16466e+03	1.25199e+03	4.21206e+00	2.21126e+00	1.23988e+02	1.40497e+01	6.12182e+00	0.00000e+00
4.70435e+02	2.59541e+02	2.16391e+03	1.25223e+03	4.21265e+00	2.21133e+00	1.23988e+02	1.40581e+01	6.12339e+00	0.00000e+00
4.72183e+02	2.59632e+02	2.16316e+03	1.25247e+03	4.21324e+00	2.21140e+00	1.23988e+02	1.40665e+01	6.12496e+00	0.00000e+00
4.73931e+02	2.59723e+02	2.16241e+03	1.25271e+03	4.21383e+00	2.21148e+00	1.23988e+02	1.40749e+01	6.12654e+00	0.00000e+00
4.75679e+02	2.59814e+02	2.16167e+03	1.25294e+03	4.21443e+00	2.21155e+00	1.23988e+02	1.40833e+01	6.12811e+00	0.00000e+00
4.77426e+02	2.59905e+02	2.16092e+03	1.25318e+03	4.21502e+00	2.21163e+00	1.23988e+02	1.40916e+01	6.12968e+00	0.00000e+00
4.79174e+02	2.59996e+02	2.16017e+03	1.25342e+03	4.21562e+00	2.21170e+00	1.23988e+02	1.41000e+01	6.13126e+00	0.00000e+00
4.80922e+02	2.60087e+02	2.15943e+03	1.25365e+03	4.21622e+00	2.21178e+00	1.23988e+02	1.41084e+01	6.13283e+00	0.00000e+00
4.82670e+02	2.60174e+02	2.15868e+03	1.25389e+03	4.21682e+00	2.21186e+00	1.23988e+02	1.41168e+01	6.13440e+00	0.00000e+00
4.84417e+02	2.60262e+02	2.15794e+03	1.25412e+03	4.21741e+00	2.21193e+00	1.23988e+02	1.41252e+01	6.13598e+00	0.00000e+00
4.86165e+02	2.60349e+02	2.15719e+03	1.25435e+03	4.21801e+00	2.21201e+00	1.23988e+02	1.41336e+01	6.13755e+00	0.00000e+00
4.87913e+02	2.60436e+02	2.15645e+03	1.25458e+03	4.21861e+00	2.21209e+00	1.23988e+02	1.41420e+01	6.13912e+00	0.00000e+00
4.89661e+02	2.60523e+02	2.15571e+03	1.25482e+03	4.21922e+00	2.21217e+00	1.23988e+02	1.41504e+01	6.14069e+00	0.00000e+00
4.91408e+02	2.60611e+02	2.15496e+03	1.25505e+03	4.21982e+00	2.21225e+00	1.23988e+02	1.41588e+01	6.14227e+00	0.00000e+00
4.93156e+02	2.60698e+02	2.15422e+03	1.25528e+03	4.22042e+00	2.21233e+00	1.23988e+02	1.41671e+01	6.14384e+00	0.00000e+00
4.94904e+02	2.60785e+02	2.15348e+03	1.25551e+03	4.22103e+00	2.21241e+00	1.23988e+02	1.41755e+01	6.14541e+00	0.00000e+00
4.96651e+02	2.60872e+02	2.15273e+03	1.25573e+03	4.22163e+00	2.21250e+00	1.23988e+02	1.41839e+01	6.14699e+00	0.00000e+00
4.98399e+02	2.60960e+02	2.15199e+03	1.25596e+03	4.22224e+00	2.21258e+00	1.23988e+02	1.41923e+01	6.14856e+00	0.00000e+00
5.00147e+02	2.61047e+02	2.15125e+03	1.25619e+03	4.22285e+00	2.21266e+00	1.23988e+02	1.42007e+01	6.15013e+00	0.00000e+00
5.01895e+02	2.61134e+02	2.15051e+03	1.25641e+03	4.22346e+00	2.21275e+00	1.23988e+02	1.42091e+01	6.15171e+00	0.00000e+00
5.03642e+02	2.61221e+02	2.14977e+03	1.25664e+03	4.22407e+00	2.21283e+00	1.23988e+02	1.42175e+01	6.15328e+00	0.00000e+00
5.05390e+02	2.61309e+02	2.14903e+03	1.25686e+03	4.22468e+00	2.21292e+00	1.23988e+02	1.42259e+01	6.15485e+00	0.00000e+00
5.07138e+02	2.61394e+02	2.14829e+03	1.25709e+03	4.22529e+00	2.21300e+00	1.23988e+02	1.42343e+01	6.15642e+00	0.00000e+00
5.08886e+02	2.61478e+02	2.14755e+03	1.25731e+03	4.22590e+00	2.21309e+00	1.23988e+02	1.42427e+01	6.15800e+00	0.00000e+00
5.10633e+02	2.61561e+02	2.14681e+03	1.25753e+03	4.22651e+00	2.21318e+00	1.23988e+02	1.42510e+01	6.15957e+00	0.00000e+00
5.12381e+02	2.61645e+02	2.14607e+03	1.25775e+03	4.22713e+00	2.21326e+00	1.23988e+02	1.42594e+01	6.16114e+00	0.00000e+00
5.14129e+02	2.61728e+02	2.14533e+03	1.25797e+03	4.22774e+00	2.21335e+00	1.23988e+02	1.42678e+01	6.16272e+00	0.00000e+00
5.15877e+02	2.61811e+02	2.14459e+03	1.25819e+03	4.22836e+00	2.21344e+00	1.23988e+02	1.42762e+01	6.16429e+00	0.00000e+00
5.17624e+02	2.61895e+02	2.14385e+03	1.25841e+03	4.22898e+00	2.21353e+00	1.23988e+02	1.42846e+01	6.16586e+00	0.00000e+00
5.19372e+02	2.61978e+02	2.14311e+03	1.25863e+03	4.22960e+00	2.21362e+00	1.23988e+02	1.42930e+01	6.16743e+00	0.00000e+00
5.21120e+02	2.62062e+02	2.14237e+03	1.25885e+03	4.23022e+00	2.21371e+00	1.23988e+02	1.43014e+01	6.16901e+00	0.00000e+00
5.22868e+02	2.62145e+02	2.14164e+03	1.25906e+03	4.23084e+00	2.21380e+00	1.23988e+02	1.43098e+01	6.17058e+00	0.00000e+00
5.24615e+02	2.62229e+02	2.14090e+03	1.25928e+03	4.23146e+00	2.21390e+00	1.23988e+02	1.43182e+01	6.17215e+00	0.00000e+00
5.26363e+02	2.62312e+02	2.14016e+03	1.25950e+03	4.23208e+00	2.21399e+00	1.23988e+02	1.43265e+01	6.17373e+00	0.00000e+00
5.28111e+02	2.62396e+02	2.13943e+03	1.25971e+03	4.23270e+00	2.21408e+00	1.23988e+02	1.43349e+01	6.17530e+00	0.00000e+00
5.29858e+02	2.62479e+02	2.13869e+03	1.25992e+03	4.23333e+00	2.21418e+00	1.23988e+02	1.43433e+01	6.17687e+00	0.00000e+00
5.31606e+02	2.62563e+02	2.13795e+03	1.26014e+03	4.23395e+00	2.21427e+00	1.23988e+02	1.43517e+01	6.17845e+00	0.00000e+00
5.33354e+02	2.62642e+02	2.13722e+03	1.26035e+03	4.23458e+00	2.21437e+00	1.23988e+02	1.43601e+01	6.18002e+00	0.00000e+00
5.35102e+02	2.62722e+02	2.13648e+03	1.26056e+03	4.23520e+00	2.21446e+00	1.23988e+02	1.43685e+01	6.18159e+00	0.00000e+00
5.36849e+02	2.62802e+02	2.13575e+03	1.26077e+03	4.23583e+00	2.21456e+00	1.23988e+02	1.43769e+01	6.18316e+00	0.00000e+00
5.38597e+02	2.62881e+02	2.13501e+03	1.26098e+03	4.23646e+00	2.21466e+00	1.23988e+02	1.43853e+01	6.18474e+00	0.00000e+00
5.40345e+02	2.62961e+02	2.13428e+03	1.26119e+03	4.23709e+00	2.21475e+00	1.23988e+02	1.43937e+01	6.18631e+00	0.00000e+00
5.42093e+02	2.63040e+02	2.13355e+03	1.26140e+03	4.23772e+00	2.21485e+00	1.23988e+02	1.44020e+01	6.18788e+00	0.00000e+00
5.43840e+02	2.63120e+02	2.13281e+03	1.26161e+03	4.23835e+00	2.21495e+00	1.23988e+02	1.44104e+01	6.18946e+00	0.00000e+00
5.45588e+02	2.63200e+02	2.13208e+03	1.26181e+03	4.23899e+00	2.21505e+00	1.23988e+02	1.44188e+01	6.19103e+00	0.00000e+00
5.47336e+02	2.63279e+02	2.13135e+03	1.26202e+03	4.23962e+00	2.21515e+00	1.23988e+02	1.44272e+01	6.19260e+00	0.00000e+00
5.49084e+02	2.63359e+02	2.13061e+03	1.26222e+03	4.24025e+00	2.21525e+00	1.23988e+02	1.44356e+01	6.19418e+00	0.00000e+00
5.50831e+02	2.63439e+02	2.12988e+03	1.26243e+03	4.24089e+00	2.21535e+00	1.23988e+02	1.44440e+01	6.19575e+00	0.00000e+00
5.52579e+02	2.63518e+02	2.12915e+03	1.26263e+03	4.24153e+00	2.21546e+00	1.23988e+02	1.44524e+01	6.19732e+00	0.00000e+00
5.54327e+02	2.63598e+02	2.12842e+03	1.26284e+03	4.24216e+00	2.21556e+00	1.23988e+02	1.44608e+01	6.19889e+00	0.00000e+00
5.56075e+02	2.63677e+02	2.12769e+03	1.26304e+03	4.24280e+00	2.21566e+00	1.23988e+02	1.44692e+01	6.20047e+00	0.00000e+00
5.57822e+02	2.63755e+02	2.12695e+03	1.26324e+03	4.24344e+00	2.21577e+00	1.23988e+02	1.44775e+01	6.20204e+00	0.00000e+00
5.59570e+02	2.63831e+02	2.12622e+03	1.26344e+03	4.24408e+00	2.21587e+00	1.23988e+02	1.44859e+01	6.20361e+00	0.00000e+00
5.61318e+02	2.63907e+02	2.12549e+03	1.26364e+03	4.24472e+00	2.21598e+00	1.23988e+02	1.44943e+01	6.20519e+00	0.00000e+00
5.63066e+02	2.63983e+02	2.12476e+03	1.26384e+03	4.24537e+00	2.21608e+00	1.23988e+02	1.45027e+01	6.20676e+00	0.00000e+00
5.64813e+02	2.64059e+02	2.12403e+03	1.26404e+03	4.24601e+00	2.21619e+00	1.23988e+02	1.45111e+01	6.20833e+00	0.00000e+00
5.66561e+02	2.64134e+02	2.12330e+03	1.26424e+03	4.24665e+00	2.21630e+00	1.23988e+02	1.45195e+01	6.20990e+00	0.00000e+00
5.68309e+02	2.64210e+02	2.12257e+03	1.26444e+03	4.24730e+00	2.21640e+00	1.23988e+02	1.45279e+01	6.21148e+00	0.00000e+00
5.70056e+02	2.64286e+02	2.12185e+03	1.26463e+03	4.24794e+00	2.21651e+00	1.23988e+02	1.45363e+01	6.21305e+00	0.00000e+00
5.71804e+02	2.64362e+02	2.12112e+03	1.26483e+03	4.24859e+00	2.21662e+00	1.23988e+02	1.45447e+01	6.21462e+00	0.00000e+00
5.73552e+02	2.64438e+02	2.12039e+03	1.26502e+03	4.24924e+00	2.21673e+00	1.23988e+02	1.45530e+01	6.21620e+00	0.00000e+00
5.75300e+02	2.64514e+02	2.11966e+03	1.26522e+03	4.24989e+00	2.21684e+00	1.23988e+02	1.45614e+01	6.21777e+00	0.00000e+00
5.77047e+02	2.64589e+02	2.11893e+03	1.26541e+03	4.25054e+00	2.21695e+00	1.23988e+02	1.45698e+01	6.21934e+00	0.00000e+00
5.78795e+02	2.64665e+02	2.11821e+03	1.26560e+03	4.25119e+00	2.21706e+00	1.23988e+02	1.45782e+01	6.22092e+00	0.00000e+00
5.80543e+02	2.64741e+02	2.11748e+03	1.26580e+03	4.25184e+00	2.21718e+00	1.23988e+02	1.45866e+01	6.22249e+00	0.00000e+00
5.82291e+02	2.64817e+02	2.11675e+03	1.26599e+03	4.25249e+00	2.21729e+00	1.23988e+02	1.45950e+01	6.22406e+00	0.00000e+00
5.84038e+02	2.64889e+02	2.11603e+03	1.26618e+03	4.25315e+00	2.21740e+00	1.23988e+02	1.46034e+01	6.22563e+00	0.00000e+00
5.85786e+02	2.64961e+02	2.11530e+03	1.26637e+03	4.25380e+00	2.21751e+00	1.23988e+02	1.46118e+01	6.22721e+00	0.00000e+00
5.87534e+02	2.65033e+02	2.11457e+03	1.26656e+03	4.25446e+00	2.21763e+00	1.23988e+02	1.46202e+01	6.22878e+00	0.00000e+00
5.89282e+02	2.65105e+02	2.11385e+03	1.26675e+03	4.25511e+00	2.21774e+00	1.23988e+02	1.46286e+01	6.23035e+00	0.00000e+00
5.91029e+02	2.65178e+02	2.11312e+03	1.26694e+03	4.25577e+00	2.21786e+00	1.23988e+02	1.46369e+01	6.23193e+00	0.00000e+00
5.92777e+02	2.65250e+02	2.11240e+03	1.26712e+03	4.25643e+00	2.21798e+00	1.23988e+02	1.46453e+01	6.23350e+00	0.00000e+00
5.94525e+02	2.65322e+02	2.11168e+03	1.26731e+03	4.25708e+00	2.21809e+00	1.23988e+02	1.46537e+01	6.23507e+00	0.00000e+00
5.96273e+02	2.65394e+02	2.11095e+03	1.26749e+03	4.25774e+00	2.21821e+00	1.23988e+02	1.46621e+01	6.23665e+00	0.00000e+00
5.98020e+02	2.65466e+02	2.11023e+03	1.26768e+03	4.25841e+00	2.21833e+00	1.23988e+02	1.46705e+01	6.23822e+00	0.00000e+00
5.99768e+02	2.65538e+02	2.10950e+03	1.26786e+03	4.25907e+00	2.21845e+00	1.23988e+02	1.46789e+01	6.23979e+00	0.00000e+00
6.01516e+02	2.65610e+02	2.10878e+03	1.26805e+03	4.25973e+00	2.21856e+00	1.23988e+02	1.46873e+01	6.24136e+00	0.00000e+00
6.03263e+02	2.65682e+02	2.10806e+03	1.26823e+03	4.26039e+00	2.21868e+00	1.23988e+02	1.46957e+01	6.24294e+00	0.00000e+00
6.05011e+02	2.65755e+02	2.10734e+03	1.26841e+03	4.26106e+00	2.21880e+00	1.23988e+02	1.47041e+01	6.24451e+00	0.00000e+00
6.06759e+02	2.65827e+02	2.10661e+03	1.26859e+03	4.26172e+00	2.21893e+00	1.23988e+02	1.47124e+01	6.24608e+00	0.00000e+00
6.08507e+02	2.65897e+02	2.10589e+03	1.26877e+03	4.26239e+00	2.21905e+00	1.23988e+02	1.47208e+01	6.24766e+00	0.00000e+00
6.10254e+02	2.65965e+02	2.10517e+03	1.26895e+03	4.26306e+00	2.21917e+00	1.23988e+02	1.47292e+01	6.24923e+00	0.00000e+00
6.12002e+02	2.66034e+02	2.10445e+03	1.26913e+03	4.26372e+00	2.21929e+00	1.23988e+02	1.47376e+01	6.25080e+00	0.00000e+00
6.13750e+02	2.66102e+02	2.10373e+03	1.26931e+03	4.26439e+00	2.21941e+00	1.23988e+02	1.47460e+01	6.25237e+00	0.00000e+00
6.15498e+02	2.66171e+02	2.10301e+03	1.26949e+03	4.26506e+00	2.21954e+00	1.23988e+02	1.47544e+01	6.25395e+00	0.00000e+00
6.17245e+02	2.66240e+02	2.10229e+03	1.26967e+03	4.26573e+00	2.21966e+00	1.23988e+02	1.47628e+01	6.25552e+00	0.00000e+00
6.18993e+02	2.66308e+02	2.10157e+03	1.26984e+03	4.26640e+00	2.21979e+00	1.23988e+02	1.47712e+01	6.25709e+00	0.00000e+00
6.20741e+02	2.66377e+02	2.10085e+03	1.27002e+03	4.26708e+00	2.21991e+00	1.23988e+02	1.47796e+01	6.25867e+00	0.00000e+00
6.22489e+02	2.66445e+02	2.10013e+03	1.27019e+03	4.26775e+00	2.22004e+00	1.23988e+02	1.47879e+01	6.26024e+00	0.00000e+00
6.24236e+02	2.66514e+02	2.09941e+03	1.27037e+03	4.26842e+00	2.22016e+00	1.23988e+02	1.47963e+01	6.26181e+00	0.00000e+00
6.25984e+02	2.66582e+02	2.09869e+03	1.27054e+03	4.26910e+00	2.22029e+00	1.23988e+02	1.48047e+01	6.26339e+00	0.00000e+00
6.27732e+02	2.66651e+02	2.09797e+03	1.27072e+03	4.26977e+00	2.22042e+00	1.23988e+02	1.48131e+01	6.26496e+00	0.00000e+00
6.29480e+02	2.66719e+02	2.09725e+03	1.27089e+03	4.27045e+00	2.22055e+00	1.23988e+02	1.48215e+01	6.26653e+00	0.00000e+00
6.31227e+02	2.66788e+02	2.09653e+03	1.27106e+03	4.27113e+00	2.22068e+00	1.23988e+02	1.48299e+01	6.26810e+00	0.00000e+00
6.32975e+02	2.66858e+02	2.09582e+03	1.27123e+03	4.27181e+00	2.22081e+00	1.23988e+02	1.48383e+01	6.26968e+00	0.00000e+00
6.34723e+02	2.66968e+02	2.09510e+03	1.27140e+03	4.27249e+00	2.22094e+00	1.23988e+02	1.48467e+01	6.27125e+00	0.00000e+00
6.36471e+02	2.67079e+02	2.09444e+03	1.39485e+03	4.35230e+00	2.22565e+00	1.19294e+02	1.72095e+01	6.90941e+00	0.00000e+00
6.38218e+02	2.67190e+02	2.09379e+03	1.39485e+03	4.35348e+00	2.22650e+00	1.19029e+02	1.72167e+01	6.91465e+00	0.00000e+00
6.39966e+02	2.67301e+02	2.09314e+03	1.39484e+03	4.35466e+00	2.22735e+00	1.18765e+02	1.72239e+01	6.91990e+00	0.00000e+00
6.41714e+02	2.67411e+02	2.09248e+03	1.39483e+03	4.35583e+00	2.22820e+00	1.18502e+02	1.72310e+01	6.92514e+00	0.00000e+00
6.43461e+02	2.67522e+02	2.09183e+03	1.39482e+03	4.35701e+00	2.22905e+00	1.18240e+02	1.72382e+01	6.93038e+00	0.00000e+00
6.45209e+02	2.67633e+02	2.09118e+03	1.39482e+03	4.35819e+00	2.22989e+00	1.17978e+02	1.72454e+01	6.93563e+00	0.00000e+00
6.46957e+02	2.67743e+02	2.09053e+03	1.39481e+03	4.35936e+00	2.23074e+00	1.17717e+02	1.72525e+01	6.94087e+00	0.00000e+00
6.48705e+02	2.67854e+02	2.08987e+03	1.39480e+03	4.36054e+00	2.23159e+00	1.17457e+02	1.72597e+01	6.94611e+00	0.00000e+00
6.50452e+02	2.67965e+02	2.08922e+03	1.39480e+03	4.36171e+00	2.23244e+00	1.17198e+02	1.72669e+01	6.95136e+00	0.00000e+00
6.52200e+02	2.68076e+02	2.08857e+03	1.39479e+03	4.36289e+00	2.23329e+00	1.16940e+02	1.72740e+01	6.95660e+00	0.00000e+00
6.53948e+02	2.68186e+02	2.08792e+03	1.39478e+03	4.36406e+00	2.23413e+00	1.16682e+02	1.72812e+01	6.96184e+00	0.00000e+00
6.55696e+02	2.68297e+02	2.08726e+03	1.39477e+03	4.36523e+00	2.23498e+00	1.16426e+02	1.72884e+01	6.96709e+00	0.00000e+00
6.57443e+02	2.68408e+02	2.08661e+03	1.39477e+03	4.36641e+00	2.23583e+00	1.16169e+02	1.72955e+01	6.97233e+00	0.00000e+00
6.59191e+02	2.68524e+02	2.08596e+03	1.39476e+03	4.36758e+00	2.23667e+00	1.15902e+02	1.73027e+01	6.97757e+00	0.00000e+00
6.60939e+02	2.68644e+02	2.08531e+03	1.39475e+03	4.36876e+00	2.23752e+00	1.15625e+02	1.73098e+01	6.98282e+00	0.00000e+00
6.62687e+02	2.68765e+02	2.08466e+03	1.39474e+03	4.36993e+00	2.23837e+00	1.15350e+02	1.73170e+01	6.98806e+00	0.00000e+00
6.64434e+02	2.68885e+02	2.08400e+03	1.39474e+03	4.37110e+00	2.23921e+00	1.15075e+02	1.73242e+01	6.99330e+00	0.00000e+00
6.66182e+02	2.69005e+02	2.08335e+03	1.39473e+03	4.37228e+00	2.24006e+00	1.14801e+02	1.73313e+01	6.99855e+00	0.00000e+00
6.67930e+02	2.69126e+02	2.08270e+03	1.39472e+03	4.37345e+00	2.24090e+00	1.14528e+02	1.73385e+01	7.00379e+00	0.00000e+00
6.69678e+02	2.69246e+02	2.08205e+03	1.39471e+03	4.37462e+00	2.24175e+00	1.14256e+02	1.73457e+01	7.00903e+00	0.00000e+00
6.71425e+02	2.69366e+02	2.08140e+03	1.39470e+03	4.37579e+00	2.24259e+00	1.13985e+02	1.73528e+01	7.01428e+00	0.00000e+00
6.73173e+02	2.69487e+02	2.08075e+03	1.39470e+03	4.37697e+00	2.24344e+00	1.13714e+02	1.73600e+01	7.01952e+00	0.00000e+00
6.74921e+02	2.69607e+02	2.08010e+03	1.39469e+03	4.37814e+00	2.24428e+00	1.13445e+02	1.73672e+01	7.02476e+00	0.00000e+00
6.76668e+02	2.69727e+02	2.07945e+03	1.39468e+03	4.37931e+00	2.24512e+00	1.13176e+02	1.73743e+01	7.03001e+00	0.00000e+00
6.78416e+02	2.69848e+02	2.07880e+03	1.39467e+03	4.38048e+00	2.24597e+00	1.12909e+02	1.73815e+01	7.03525e+00	0.00000e+00
6.80164e+02	2.69968e+02	2.07815e+03	1.39467e+03	4.38165e+00	2.24681e+00	1.12642e+02	1.73887e+01	7.04049e+00	0.00000e+00
6.81912e+02	2.70089e+02	2.07750e+03	1.39466e+03	4.38282e+00	2.24765e+00	1.12376e+02	1.73958e+01	7.04574e+00	0.00000e+00
6.83659e+02	2.70209e+02	2.07685e+03	1.39465e+03	4.38399e+00	2.24850e+00	1.12112e+02	1.74030e+01	7.05098e+00	0.00000e+00
6.85407e+02	2.70324e+02	2.07620e+03	1.39464e+03	4.38516e+00	2.24934e+00	1.11859e+02	1.74102e+01	7.05622e+00	0.00000e+00
6.87155e+02	2.70439e+02	2.07555e+03	1.39463e+03	4.38633e+00	2.25018e+00	1.11607e+02	1.74173e+01	7.06146e+00	0.00000e+00
6.88903e+02	2.70554e+02	2.07490e+03	1.39463e+03	4.38750e+00	2.25102e+00	1.11356e+02	1.74245e+01	7.06671e+00	0.00000e+00
6.90650e+02	2.70669e+02	2.07425e+03	1.39462e+03	4.38867e+00	2.25186e+00	1.11105e+02	1.74317e+01	7.07195e+00	0.00000e+00
6.92398e+02	2.70784e+02	2.07360e+03	1.39461e+03	4.38984e+00	2.25270e+00	1.10856e+02	1.74388e+01	7.07719e+00	0.00000e+00
6.94146e+02	2.70899e+02	2.07295e+03	1.39460e+03	4.39100e+00	2.25354e+00	1.10607e+02	1.74460e+01	7.08244e+00	0.00000e+00
6.95894e+02	2.71014e+02	2.07230e+03	1.39460e+03	4.39217e+00	2.25438e+00	1.10359e+02	1.74532e+01	7.08768e+00	0.00000e+00
6.97641e+02	2.71129e+02	2.07166e+03	1.39459e+03	4.39334e+00	2.25522e+00	1.10112e+02	1.74603e+01	7.09292e+00	0.00000e+00
6.99389e+02	2.71245e+02	2.07101e+03	1.39458e+03	4.39451e+00	2.25606e+00	1.09865e+02	1.74675e+01	7.09817e+00	0.00000e+00
7.01137e+02	2.71360e+02	2.07036e+03	1.39457e+03	4.39567e+00	2.25690e+00	1.09620e+02	1.74747e+01	7.10341e+00	0.00000e+00
7.02885e+02	2.71475e+02	2.06971e+03	1.39457e+03	4.39684e+00	2.25774e+00	1.09375e+02	1.74818e+01	7.10865e+00	0.00000e+00
7.04632e+02	2.71590e+02	2.06906e+03	1.39456e+03	4.39800e+00	2.25858e+00	1.09130e+02	1.74890e+01	7.11390e+00	0.00000e+00
7.06380e+02	2.71705e+02	2.06842e+03	1.39455e+03	4.39917e+00	2.25942e+00	1.08887e+02	1.74962e+01	7.11914e+00	0.00000e+00
7.08128e+02	2.71820e+02	2.06777e+03	1.39454e+03	4.40034e+00	2.26026e+00	1.08644e+02	1.75033e+01	7.12438e+00	0.00000e+00
7.09876e+02	2.71932e+02	2.06712e+03	1.39454e+03	4.40150e+00	2.26109e+00	1.08408e+02	1.75105e+01	7.12963e+00	0.00000e+00
7.11623e+02	2.72042e+02	2.06647e+03	1.39453e+03	4.40267e+00	2.26193e+00	1.08177e+02	1.75177e+01	7.13487e+00	0.00000e+00
7.13371e+02	2.72153e+02	2.06583e+03	1.39452e+03	4.40383e+00	2.26277e+00	1.07947e+02	1.75248e+01	7.14011e+00	0.00000e+00
7.15119e+02	2.72263e+02	2.06518e+03	1.39452e+03	4.40499e+00	2.26360e+00	1.07717e+02	1.75320e+01	7.14536e+00	0.00000e+00
7.16866e+02	2.72373e+02	2.06453e+03	1.39451e+03	4.40616e+00	2.26444e+00	1.07489e+02	1.75392e+01	7.15060e+00	0.00000e+00
7.18614e+02	2.72483e+02	2.06388e+03	1.39450e+03	4.40732e+00	2.26528e+00	1.07260e+02	1.75463e+01	7.15584e+00	0.00000e+00
7.20362e+02	2.72593e+02	2.06324e+03	1.39449e+03	4.40848e+00	2.26611e+00	1.07033e+02	1.75535e+01	7.16109e+00	0.00000e+00
7.22110e+02	2.72703e+02	2.06259e+03	1.39449e+03	4.40965e+00	2.26695e+00	1.06806e+02	1.75606e+01	7.16633e+00	0.00000e+00
7.23857e+02	2.72814e+02	2.06194e+03	1.39448e+03	4.41081e+00	2.26778e+00	1.06580e+02	1.75678e+01	7.17157e+00	0.00000e+00
7.25605e+02	2.72924e+02	2.06130e+03	1.39447e+03	4.41197e+00	2.26862e+00	1.06354e+02	1.75750e+01	7.17682e+00	0.00000e+00
7.27353e+02	2.73034e+02	2.06065e+03	1.39447e+03	4.41313e+00	2.26945e+00	1.06129e+02	1.75821e+01	7.18206e+00	0.00000e+00
7.29101e+02	2.73144e+02	2.06001e+03	1.39446e+03	4.41429e+00	2.27028e+00	1.05905e+02	1.75893e+01	7.18730e+00	0.00000e+00
7.30848e+02	2.73254e+02	2.05936e+03	1.39445e+03	4.41545e+00	2.27112e+00	1.05681e+02	1.75965e+01	7.19255e+00	0.00000e+00
7.32596e+02	2.73364e+02	2.05871e+03	1.39444e+03	4.41661e+00	2.27195e+00	1.05458e+02	1.76036e+01	7.19779e+00	0.00000e+00
7.34344e+02	2.73474e+02	2.05807e+03	1.39444e+03	4.41778e+00	2.27278e+00	1.05237e+02	1.76108e+01	7.20303e+00	0.00000e+00
7.36092e+02	2.73580e+02	2.05742e+03	1.39443e+03	4.41894e+00	2.27362e+00	1.05025e+02	1.76180e+01	7.20827e+00	0.00000e+00
7.37839e+02	2.73685e+02	2.05678e+03	1.39442e+03	4.42009e+00	2.27445e+00	1.04813e+02	1.76251e+01	7.21352e+00	0.00000e+00
7.39587e+02	2.73791e+02	2.05613e+03	1.39442e+03	4.42125e+00	2.27528e+00	1.04602e+02	1.76323e+01	7.21876e+00	0.00000e+00
7.41335e+02	2.73896e+02	2.05549e+03	1.39441e+03	4.42241e+00	2.27611e+00	1.04391e+02	1.76395e+01	7.22400e+00	0.00000e+00
7.43083e+02	2.74002e+02	2.05484e+03	1.39440e+03	4.42357e+00	2.27695e+00	1.04181e+02	1.76466e+01	7.22925e+00	0.00000e+00
7.44830e+02	2.74107e+02	2.05420e+03	1.39439e+03	4.42473e+00	2.27778e+00	1.03972e+02	1.76538e+01	7.23449e+00	0.00000e+00
7.46578e+02	2.74213e+02	2.05356e+03	1.39439e+03	4.42589e+00	2.27861e+00	1.03763e+02	1.76610e+01	7.23973e+00	0.00000e+00
7.48326e+02	2.74318e+02	2.05291e+03	1.39438e+03	4.42705e+00	2.27944e+00	1.03555e+02	1.76681e+01	7.24498e+00	0.00000e+00
7.50073e+02	2.74424e+02	2.05227e+03	1.39437e+03	4.42820e+00	2.28027e+00	1.03347e+02	1.76753e+01	7.25022e+00	0.00000e+00
7.51821e+02	2.74529e+02	2.05162e+03	1.39437e+03	4.42936e+00	2.28110e+00	1.03140e+02	1.76825e+01	7.25546e+00	0.00000e+00
7.53569e+02	2.74635e+02	2.05098e+03	1.39436e+03	4.43052e+00	2.28193e+00	1.02934e+02	1.76896e+01	7.26071e+00	0.00000e+00
7.55317e+02	2.74741e+02	2.05034e+03	1.39435e+03	4.43167e+00	2.28276e+00	1.02728e+02	1.76968e+01	7.26595e+00	0.00000e+00
7.57064e+02	2.74846e+02	2.04969e+03	1.39435e+03	4.43283e+00	2.28359e+00	1.02522e+02	1.77040e+01	7.27119e+00	0.00000e+00
7.58812e+02	2.74952e+02	2.04905e+03	1.39434e+03	4.43399e+00	2.28442e+00	1.02317e+02	1.77111e+01	7.27644e+00	0.00000e+00
7.60560e+02	2.75054e+02	2.04841e+03	1.39433e+03	4.43514e+00	2.28524e+00	1.02118e+02	1.77183e+01	7.28168e+00	0.00000e+00
7.62308e+02	2.75156e+02	2.04776e+03	1.39433e+03	4.43630e+00	2.28607e+00	1.01923e+02	1.77255e+01	7.28692e+00	0.00000e+00
7.64055e+02	2.75257e+02	2.04712e+03	1.39432e+03	4.43745e+00	2.28690e+00	1.01728e+02	1.77326e+01	7.29217e+00	0.00000e+00
7.65803e+02	2.75358e+02	2.04648e+03	1.39431e+03	4.43861e+00	2.28773e+00	1.01534e+02	1.77398e+01	7.29741e+00	0.00000e+00
7.67551e+02	2.75459e+02	2.04583e+03	1.39431e+03	4.43976e+00	2.28855e+00	1.01340e+02	1.77470e+01	7.30265e+00	0.00000e+00
7.69299e+02	2.75561e+02	2.04519e+03	1.39430e+03	4.44091e+00	2.28938e+00	1.01147e+02	1.77541e+01	7.30790e+00	0.00000e+00
7.71046e+02	2.75662e+02	2.04455e+03	1.39429e+03	4.44207e+00	2.29021e+00	1.00954e+02	1.77613e+01	7.31314e+00	0.00000e+00
7.72794e+02	2.75763e+02	2.04391e+03	1.39429e+03	4.44322e+00	2.29103e+00	1.00762e+02	1.77685e+01	7.31838e+00	0.00000e+00
7.74542e+02	2.75864e+02	2.04327e+03	1.39428e+03	4.44437e+00	2.29186e+00	1.00570e+02	1.77756e+01	7.32363e+00	0.00000e+00
7.76290e+02	2.75965e+02	2.04262e+03	1.39427e+03	4.44553e+00	2.29269e+00	1.00379e+02	1.77828e+01	7.32887e+00	0.00000e+00
7.78037e+02	2.76067e+02	2.04198e+03	1.39427e+03	4.44668e+00	2.29351e+00	1.00188e+02	1.77900e+01	7.33411e+00	0.00000e+00
7.79785e+02	2.76168e+02	2.04134e+03	1.39426e+03	4.44783e+00	2.29434e+00	9.99976e+01	1.77971e+01	7.33936e+00	0.00000e+00
7.81533e+02	2.76269e+02	2.04070e+03	1.39425e+03	4.44898e+00	2.29516e+00	9.98078e+01	1.78043e+01	7.34460e+00	0.00000e+00
7.83280e+02	2.76370e+02	2.04006e+03	1.39425e+03	4.45013e+00	2.29599e+00	9.96186e+01	1.78115e+01	7.34984e+00	0.00000e+00
7.85028e+02	2.76471e+02	2.03942e+03	1.39424e+03	4.45129e+00	2.29681e+00	9.94307e+01	1.78186e+01	7.35508e+00	0.00000e+00
7.86776e+02	2.76568e+02	2.03878e+03	1.39423e+03	4.45244e+00	2.29763e+00	9.92499e+01	1.78258e+01	7.36033e+00	0.00000e+00
7.88524e+02	2.76665e+02	2.03813e+03	1.39423e+03	4.45359e+00	2.29846e+00	9.90696e+01	1.78329e+01	7.36557e+00	0.00000e+00
7.90271e+02	2.76762e+02	2.03749e+03	1.39422e+03	4.45474e+00	2.29928e+00	9.88897e+01	1.78401e+01	7.37081e+00	0.00000e+00
7.92019e+02	2.76860e+02	2.03685e+03	1.39421e+03	4.45589e+00	2.30010e+00	9.87103e+01	1.78473e+01	7.37606e+00	0.00000e+00
7.93767e+02	2.76957e+02	2.03621e+03	1.39421e+03	4.45704e+00	2.30093e+00	9.85313e+01	1.78544e+01	7.38130e+00	0.00000e+00
7.95515e+02	2.77054e+02	2.03557e+03	1.39420e+03	4.45818e+00	2.30175e+00	9.83528e+01	1.78616e+01	7.38654e+00	0.00000e+00
7.97262e+02	2.77151e+02	2.03493e+03	1.39420e+03	4.45933e+00	2.30257e+00	9.81747e+01	1.78688e+01	7.39179e+00	0.00000e+00
7.99010e+02	2.77248e+02	2.03429e+03	1.39419e+03	4.46048e+00	2.30339e+00	9.79971e+01	1.78759e+01	7.39703e+00	0.00000e+00
8.00758e+02	2.77345e+02	2.03365e+03	1.39418e+03	4.46163e+00	2.30421e+00	9.78199e+01	1.78831e+01	7.40227e+00	0.00000e+00
8.02506e+02	2.77443e+02	2.03301e+03	1.39418e+03	4.46278e+00	2.30503e+00	9.76432e+01	1.78903e+01	7.40752e+00	0.00000e+00
8.04253e+02	2.77540e+02	2.03238e+03	1.39417e+03	4.46393e+00	2.30586e+00	9.74669e+01	1.78974e+01	7.41276e+00	0.00000e+00
8.06001e+02	2.77637e+02	2.03174e+03	1.39416e+03	4.46507e+00	2.30668e+00	9.72910e+01	1.79046e+01	7.41800e+00	0.00000e+00
8.07749e+02	2.77734e+02	2.03110e+03	1.39416e+03	4.46622e+00	2.30750e+00	9.71156e+01	1.79118e+01	7.42325e+00	0.00000e+00
8.09497e+02	2.77831e+02	2.03046e+03	1.39415e+03	4.46737e+00	2.30832e+00	9.69406e+01	1.79189e+01	7.42849e+00	0.00000e+00
8.11244e+02	2.77926e+02	2.02982e+03	1.39414e+03	4.46851e+00	2.30914e+00	9.67704e+01	1.79261e+01	7.43373e+00	0.00000e+00
8.12992e+02	2.78020e+02	2.02918e+03	1.39414e+03	4.46966e+00	2.30996e+00	9.66030e+01	1.79333e+01	7.43898e+00	0.00000e+00
8.14740e+02	2.78113e+02	2.02854e+03	1.39413e+03	4.47080e+00	2.31077e+00	9.64360e+01	1.79404e+01	7.44422e+00	0.00000e+00
8.16488e+02	2.78206e+02	2.02790e+03	1.39413e+03	4.47195e+00	2.31159e+00	9.62694e+01	1.79476e+01	7.44946e+00	0.00000e+00
8.18235e+02	2.78300e+02	2.02727e+03	1.39412e+03	4.47310e+00	2.31241e+00	9.61032e+01	1.79548e+01	7.45471e+00	0.00000e+00
8.19983e+02	2.78393e+02	2.02663e+03	1.39411e+03	4.47424e+00	2.31323e+00	9.59374e+01	1.79619e+01	7.45995e+00	0.00000e+00
8.21731e+02	2.78487e+02	2.02599e+03	1.39411e+03	4.47538e+00	2.31405e+00	9.57720e+01	1.79691e+01	7.46519e+00	0.00000e+00
8.23478e+02	2.78580e+02	2.02535e+03	1.39410e+03	4.47653e+00	2.31487e+00	9.56070e+01	1.79763e+01	7.47044e+00	0.00000e+00
8.25226e+02	2.78674e+02	2.02471e+03	1.39410e+03	4.47767e+00	2.31568e+00	9.54423e+01	1.79834e+01	7.47568e+00	0.00000e+00
8.26974e+02	2.78767e+02	2.02408e+03	1.39409e+03	4.47882e+00	2.31650e+00	9.52781e+01	1.79906e+01	7.48092e+00	0.00000e+00
8.28722e+02	2.78860e+02	2.02344e+03	1.39408e+03	4.47996e+00	2.31732e+00	9.51143e+01	1.79978e+01	7.48617e+00	0.00000e+00
8.30469e+02	2.78954e+02	2.02280e+03	1.39408e+03	4.48110e+00	2.31813e+00	9.49508e+01	1.80049e+01	7.49141e+00	0.00000e+00
8.32217e+02	2.79047e+02	2.02217e+03	1.39407e+03	4.48225e+00	2.31895e+00	9.47878e+01	1.80121e+01	7.49665e+00	0.00000e+00
8.33965e+02	2.79141e+02	2.02153e+03	1.39407e+03	4.48339e+00	2.31976e+00	9.46251e+01	1.80193e+01	7.50189e+00	0.00000e+00
8.35713e+02	2.79234e+02	2.02089e+03	1.39406e+03	4.48453e+00	2.32058e+00	9.44638e+01	1.80264e+01	7.50714e+00	0.00000e+00
8.37460e+02	2.79324e+02	2.02026e+03	1.39405e+03	4.48567e+00	2.32140e+00	9.43079e+01	1.80336e+01	7.51238e+00	0.00000e+00
8.39208e+02	2.79414e+02	2.01962e+03	1.39405e+03	4.48681e+00	2.32221e+00	9.41524e+01	1.80408e+01	7.51762e+00	0.00000e+00
8.40956e+02	2.79504e+02	2.01898e+03	1.39404e+03	4.48795e+00	2.32302e+00	9.39972e+01	1.80479e+01	7.52287e+00	0.00000e+00
8.42704e+02	2.79593e+02	2.01835e+03	1.39404e+03	4.48909e+00	2.32384e+00	9.38424e+01	1.80551e+01	7.52811e+00	0.00000e+00
8.44451e+02	2.79683e+02	2.01771e+03	1.39403e+03	4.49024e+00	2.32465e+00	9.36880e+01	1.80623e+01	7.53335e+00	0.00000e+00
8.46199e+02	2.79773e+02	2.01708e+03	1.39402e+03	4.49138e+00	2.32547e+00	9.35339e+01	1.80694e+01	7.53860e+00	0.00000e+00
8.47947e+02	2.79863e+02	2.01644e+03	1.39402e+03	4.49252e+00	2.32628e+00	9.33802e+01	1.80766e+01	7.54384e+00	0.00000e+00
8.49695e+02	2.79953e+02	2.01581e+03	1.39401e+03	4.49365e+00	2.32709e+00	9.32268e+01	1.80837e+01	7.54908e+00	0.00000e+00
8.51442e+02	2.80043e+02	2.01517e+03	1.39401e+03	4.49479e+00	2.32791e+00	9.30738e+01	1.80909e+01	7.55433e+00	0.00000e+00
8.53190e+02	2.80133e+02	2.01454e+03	1.39400e+03	4.49593e+00	2.32872e+00	9.29211e+01	1.80981e+01	7.55957e+00	0.00000e+00
8.54938e+02	2.80223e+02	2.01390e+03	1.39399e+03	4.49707e+00	2.32953e+00	9.27687e+01	1.81052e+01	7.56481e+00	0.00000e+00
8.56685e+02	2.80313e+02	2.01327e+03	1.39399e+03	4.49821e+00	2.33034e+00	9.26167e+01	1.81124e+01	7.57006e+00	0.00000e+00
8.58433e+02	2.80403e+02	2.01263e+03	1.39398e+03	4.49935e+00	2.33116e+00	9.24651e+01	1.81196e+01	7.57530e+00	0.00000e+00
8.60181e+02	2.80493e+02	2.01200e+03	1.39398e+03	4.50049e+00	2.33197e+00	9.23138e+01	1.81267e+01	7.58054e+00	0.00000e+00
8.61929e+02	2.80581e+02	2.01136e+03	1.39397e+03	4.50162e+00	2.33278e+00	9.21665e+01	1.81339e+01	7.58579e+00	0.00000e+00
8.63676e+02	2.80667e+02	2.01073e+03	1.39397e+03	4.50276e+00	2.33359e+00	9.20213e+01	1.81411e+01	7.59103e+00	0.00000e+00
8.65424e+02	2.80754e+02	2.01010e+03	1.39396e+03	4.50390e+00	2.33440e+00	9.18764e+01	1.81482e+01	7.59627e+00	0.00000e+00
8.67172e+02	2.80841e+02	2.00946e+03	1.39395e+03	4.50503e+00	2.33521e+00	9.17318e+01	1.81554e+01	7.60152e+00	0.00000e+00
8.68920e+02	2.80928e+02	2.00883e+03	1.39395e+03	4.50617e+00	2.33602e+00	9.15875e+01	1.81626e+01	7.60676e+00	0.00000e+00
8.70667e+02	2.81014e+02	2.00820e+03	1.39394e+03	4.50731e+00	2.33683e+00	9.14436e+01	1.81697e+01	7.61200e+00	0.00000e+00
8.72415e+02	2.81101e+02	2.00756e+03	1.39394e+03	4.50844e+00	2.33764e+00	9.12999e+01	1.81769e+01	7.61725e+00	0.00000e+00
8.74163e+02	2.81188e+02	2.00693e+03	1.39393e+03	4.50958e+00	2.33845e+00	9.11566e+01	1.81841e+01	7.62249e+00	0.00000e+00
8.75911e+02	2.81275e+02	2.00630e+03	1.39393e+03	4.51071e+00	2.33926e+00	9.10136e+01	1.81912e+01	7.62773e+00	0.00000e+00
8.77658e+02	2.81361e+02	2.00566e+03	1.39392e+03	4.51185e+00	2.34007e+00	9.08709e+01	1.81984e+01	7.63298e+00	0.00000e+00
8.79406e+02	2.81448e+02	2.00503e+03	1.39391e+03	4.51298e+00	2.34087e+00	9.07285e+01	1.82056e+01	7.63822e+00	0.00000e+00
8.81154e+02	2.81535e+02	2.00440e+03	1.39391e+03	4.51412e+00	2.34168e+00	9.05864e+01	1.82127e+01	7.64346e+00	0.00000e+00
8.82902e+02	2.81621e+02	2.00377e+03	1.39390e+03	4.51525e+00	2.34249e+00	9.04447e+01	1.82199e+01	7.64870e+00	0.00000e+00
8.84649e+02	2.81708e+02	2.00313e+03	1.39390e+03	4.51638e+00	2.34330e+00	9.03032e+01	1.82271e+01	7.65395e+00	0.00000e+00
8.86397e+02	2.81794e+02	2.00250e+03	1.39389e+03	4.51752e+00	2.34410e+00	9.01630e+01	1.82342e+01	7.65919e+00	0.00000e+00
8.88145e+02	2.81878e+02	2.00187e+03	1.39389e+03	4.51865e+00	2.34491e+00	9.00270e+01	1.82414e+01	7.66443e+00	0.00000e+00
8.89893e+02	2.81962e+02	2.00124e+03	1.39388e+03	4.51978e+00	2.34572e+00	8.98913e+01	1.82486e+01	7.66968e+00	0.00000e+00
8.91640e+02	2.82045e+02	2.00061e+03	1.39387e+03	4.52092e+00	2.34652e+00	8.97559e+01	1.82557e+01	7.67492e+00	0.00000e+00
8.93388e+02	2.82129e+02	1.99998e+03	1.39387e+03	4.52205e+00	2.34733e+00	8.96207e+01	1.82629e+01	7.68016e+00	0.00000e+00
8.95136e+02	2.82213e+02	1.99935e+03	1.39386e+03	4.52318e+00	2.34814e+00	8.94859e+01	1.82701e+01	7.68541e+00	0.00000e+00
8.96883e+02	2.82297e+02	1.99871e+03	1.39386e+03	4.52431e+00	2.34894e+00	8.93513e+01	1.82772e+01	7.69065e+00	0.00000e+00
8.98631e+02	2.82380e+02	1.99808e+03	1.39385e+03	4.52544e+00	2.34975e+00	8.92170e+01	1.82844e+01	7.69589e+00	0.00000e+00
9.00379e+02	2.82464e+02	1.99745e+03	1.39385e+03	4.52657e+00	2.35055e+00	8.90830e+01	1.82916e+01	7.70114e+00	0.00000e+00
9.02127e+02	2.82548e+02	1.99682e+03	1.39384e+03	4.52770e+00	2.35136e+00	8.89493e+01	1.82987e+01	7.70638e+00	0.00000e+00
9.03874e+02	2.82632e+02	1.99619e+03	1.39384e+03	4.52883e+00	2.35216e+00	8.88159e+01	1.83059e+01	7.71162e+00	0.00000e+00
9.05622e+02	2.82715e+02	1.99556e+03	1.39383e+03	4.52996e+00	2.35297e+00	8.86827e+01	1.83131e+01	7.71687e+00	0.00000e+00
9.07370e+02	2.82799e+02	1.99493e+03	1.39383e+03	4.53109e+00	2.35377e+00	8.85498e+01	1.83202e+01	7.72211e+00	0.00000e+00
9.09118e+02	2.82883e+02	1.99430e+03	1.39382e+03	4.53222e+00	2.35457e+00	8.84172e+01	1.83274e+01	7.72735e+00	0.00000e+00
9.10865e+02	2.82966e+02	1.99367e+03	1.39381e+03	4.53335e+00	2.35538e+00	8.82849e+01	1.83345e+01	7.73260e+00	0.00000e+00
9.12613e+02	2.83048e+02	1.99304e+03	1.39381e+03	4.53448e+00	2.35618e+00	8.81558e+01	1.83417e+01	7.73784e+00	0.00000e+00
9.14361e+02	2.83129e+02	1.99241e+03	1.39380e+03	4.53561e+00	2.35698e+00	8.80284e+01	1.83489e+01	7.74308e+00	0.00000e+00
9.16109e+02	2.83210e+02	1.99178e+03	1.39380e+03	4.53674e+00	2.35778e+00	8.79012e+01	1.83560e+01	7.74833e+00	0.00000e+00
9.17856e+02	2.83291e+02	1.99116e+03	1.39379e+03	4.53787e+00	2.35859e+00	8.77743e+01	1.83632e+01	7.75357e+00	0.00000e+00
9.19604e+02	2.83372e+02	1.99053e+03	1.39379e+03	4.53899e+00	2.35939e+00	8.76476e+01	1.83704e+01	7.75881e+00	0.00000e+00
9.21352e+02	2.83453e+02	1.98990e+03	1.39378e+03	4.54012e+00	2.36019e+00	8.75212e+01	1.83775e+01	7.76406e+00	0.00000e+00
9.23100e+02	2.83534e+02	1.98927e+03	1.39378e+03	4.54125e+00	2.36099e+00	8.73951e+01	1.83847e+01	7.76930e+00	0.00000e+00
9.24847e+02	2.83615e+02	1.98864e+03	1.39377e+03	4.54238e+00	2.36179e+00	8.72692e+01	1.83919e+01	7.77454e+00	0.00000e+00
9.26595e+02	2.83696e+02	1.98801e+03	1.39377e+03	4.54350e+00	2.36259e+00	8.71435e+01	1.83990e+01	7.77979e+00	0.00000e+00
9.28343e+02	2.83777e+02	1.98739e+03	1.39376e+03	4.54463e+00	2.36339e+00	8.70181e+01	1.84062e+01	7.78503e+00	0.00000e+00
9.30090e+02	2.83858e+02	1.98676e+03	1.39376e+03	4.54575e+00	2.36419e+00	8.68929e+01	1.84134e+01	7.79027e+00	0.00000e+00
9.31838e+02	2.83939e+02	1.98613e+03	1.39375e+03	4.54688e+00	2.36499e+00	8.67681e+01	1.84205e+01	7.79551e+00	0.00000e+00
9.33586e+02	2.84020e+02	1.98550e+03	1.39374e+03	4.54801e+00	2.36579e+00	8.66434e+01	1.84277e+01	7.80076e+00	0.00000e+00
9.35334e+02	2.84101e+02	1.98487e+03	1.39374e+03	4.54913e+00	2.36659e+00	8.65190e+01	1.84349e+01	7.80600e+00	0.00000e+00
9.37081e+02	2.84181e+02	1.98425e+03	1.39373e+03	4.55026e+00	2.36739e+00	8.63957e+01	1.84420e+01	7.81124e+00	0.00000e+00
9.38829e+02	2.84260e+02	1.98362e+03	1.39373e+03	4.55138e+00	2.36819e+00	8.62757e+01	1.84492e+01	7.81649e+00	0.00000e+00
9.40577e+02	2.84338e+02	1.98299e+03	1.39372e+03	4.55250e+00	2.36899e+00	8.61559e+01	1.84564e+01	7.82173e+00	0.00000e+00
9.42325e+02	2.84416e+02	1.98237e+03	1.39372e+03	4.55363e+00	2.36979e+00	8.60364e+01	1.84635e+01	7.82697e+00	0.00000e+00
9.44072e+02	2.84495e+02	1.98174e+03	1.39371e+03	4.55475e+00	2.37059e+00	8.59171e+01	1.84707e+01	7.83222e+00	0.00000e+00
9.45820e+02	2.84573e+02	1.98111e+03	1.39371e+03	4.55588e+00	2.37138e+00	8.57980e+01	1.84779e+01	7.83746e+00	0.00000e+00
9.47568e+02	2.84652e+02	1.98049e+03	1.39370e+03	4.55700e+00	2.37218e+00	8.56792e+01	1.84850e+01	7.84270e+00	0.00000e+00
9.49316e+02	2.84730e+02	1.97986e+03	1.39370e+03	4.55812e+00	2.37298e+00	8.55606e+01	1.84922e+01	7.84795e+00	0.00000e+00
9.51063e+02	2.84809e+02	1.97924e+03	1.39369e+03	4.55924e+00	2.37377e+00	8.54422e+01	1.84994e+01	7.85319e+00	0.00000e+00
9.52811e+02	2.84887e+02	1.97861e+03	1.39369e+03	4.56037e+00	2.37457e+00	8.53240e+01	1.85065e+01	7.85843e+00	0.00000e+00
9.54559e+02	2.84965e+02	1.97798e+03	1.39368e+03	4.56149e+00	2.37537e+00	8.52061e+01	1.85137e+01	7.86368e+00	0.00000e+00
9.56307e+02	2.85044e+02	1.97736e+03	1.39368e+03	4.56261e+00	2.37616e+00	8.50884e+01	1.85209e+01	7.86892e+00	0.00000e+00
9.58054e+02	2.85122e+02	1.97673e+03	1.39367e+03	4.56373e+00	2.37696e+00	8.49709e+01	1.85280e+01	7.87416e+00	0.00000e+00
9.59802e+02	2.85201e+02	1.97611e+03	1.39367e+03	4.56485e+00	2.37776e+00	8.48537e+01	1.85352e+01	7.87941e+00	0.00000e+00
9.61550e+02	2.85279e+02	1.97548e+03	1.39366e+03	4.56597e+00	2.37855e+00	8.47367e+01	1.85424e+01	7.88465e+00	0.00000e+00
9.63298e+02	2.85356e+02	1.97486e+03	3.42582e+03	8.47038e+00	4.92079e+00	3.99453e+13	1.35189e+02	8.29534e+01	0.00000e+00
1.05762e+03	2.93021e+02	1.96115e+03	3.42582e+03	8.47835e+00	4.92233e+00	2.19710e+13	1.35697e+02	8.30752e+01	0.00000e+00
1.15194e+03	3.00627e+02	1.94743e+03	3.42870e+03	8.48640e+00	4.92390e+00	1.25105e+13	1.36210e+02	8.31987e+01	0.00000e+00
1.24635e+03	3.08175e+02	1.93372e+03	3.43161e+03	8.49379e+00	4.92499e+00	7.35487e+12	1.36701e+02	8.33024e+01	0.00000e+00
1.34083e+03	3.15664e+02	1.92001e+03	3.43436e+03	8.50274e+00	4.92665e+00	4.45272e+12	1.37279e+02	8.34380e+01	0.00000e+00
1.43539e+03	3.23094e+02	1.90630e+03	3.43765e+03	8.51073e+00	4.92774e+00	2.76961e+12	1.37818e+02	8.35483e+01	0.00000e+00
1.53004e+03	3.30466e+02	1.89259e+03	3.44066e+03	8.51533e+00	4.92659e+00	1.76631e+12	1.38223e+02	8.35599e+01	0.00000e+00
1.62477e+03	3.37778e+02	1.87887e+03	3.44274e+03	8.51890e+00	4.92517e+00	1.15280e+12	1.38567e+02	8.35538e+01	0.00000e+00
1.71956e+03	3.45032e+02	1.86516e+03	3.44448e+03	8.53681e+00	4.92849e+00	7.68639e+11	1.39743e+02	8.38315e+01	0.00000e+00
1.81440e+03	3.52226e+02	1.85145e+03	3.45127e+03	8.54274e+00	4.92841e+00	5.22764e+11	1.40196e+02	8.38879e+01	0.00000e+00
1.90942e+03	3.59361e+02	1.83774e+03	3.45371e+03	8.55527e+00	4.92983e+00	3.62259e+11	1.41073e+02	8.40567e+01	0.00000e+00
2.00451e+03	3.66437e+02	1.82402e+03	3.45866e+03	8.56548e+00	4.93212e+00	2.55396e+11	1.41724e+02	8.42240e+01	0.00000e+00
2.09974e+03	3.73454e+02	1.81031e+03	3.46233e+03	8.57609e+00	4.93227e+00	1.82999e+11	1.42528e+02	8.43365e+01	0.00000e+00
2.19507e+03	3.80411e+02	1.79660e+03	3.46675e+03	8.58776e+00	4.93212e+00	1.33119e+11	1.43434e+02	8.44519e+01	0.00000e+00
2.29052e+03	3.87308e+02	1.78289e+03	3.47170e+03	8.59971e+00	4.93149e+00	9.82169e+10	1.44390e+02	8.45554e+01	0.00000e+00
2.38611e+03	3.94146e+02	1.76917e+03	3.47685e+03	8.61365e+00	4.93054e+00	7.34369e+10	1.45527e+02	8.46743e+01	0.00000e+00
2.48184e+03	4.00924e+02	1.75546e+03	3.48307e+03	8.61825e+00	4.93077e+00	5.56004e+10	1.45868e+02	8.47252e+01	0.00000e+00
2.57774e+03	4.07642e+02	1.74175e+03	3.48485e+03	8.62262e+00	4.93068e+00	4.25963e+10	1.46206e+02	8.47643e+01	0.00000e+00
2.67369e+03	4.14300e+02	1.72804e+03	3.48657e+03	8.62710e+00	4.93074e+00	3.29926e+10	1.46546e+02	8.48089e+01	0.00000e+00
2.76968e+03	4.20898e+02	1.71432e+03	3.48832e+03	8.63125e+00	4.93037e+00	2.58189e+10	1.46885e+02	8.48377e+01	0.00000e+00
2.86573e+03	4.27436e+02	1.70061e+03	3.49003e+03	8.63565e+00	4.93033e+00	2.04027e+10	1.47225e+02	8.48784e+01	0.00000e+00
2.96182e+03	4.33913e+02	1.68690e+03	3.49177e+03	8.64040e+00	4.93075e+00	1.62718e+10	1.47568e+02	8.49363e+01	0.00000e+00
3.05796e+03	4.40330e+02	1.67319e+03	3.49356e+03	8.64512e+00	4.93112e+00	1.30907e+10	1.47912e+02	8.49927e+01	0.00000e+00
3.15415e+03	4.46686e+02	1.65948e+03	3.49534e+03	8.64964e+00	4.93124e+00	1.06188e+10	1.48254e+02	8.50394e+01	0.00000e+00
3.25038e+03	4.52982e+02	1.64576e+03	3.49710e+03	8.65412e+00	4.93130e+00	8.68133e+09	1.48597e+02	8.50840e+01	0.00000e+00
3.34667e+03	4.59216e+02	1.63205e+03	3.49885e+03	8.65862e+00	4.93139e+00	7.15028e+09	1.48940e+02	8.51297e+01	0.00000e+00
3.44300e+03	4.65389e+02	1.61834e+03	3.50060e+03	8.66323e+00	4.93160e+00	5.93096e+09	1.49285e+02	8.51801e+01	0.00000e+00
3.53939e+03	4.71502e+02	1.60463e+03	3.50237e+03	8.66773e+00	4.93169e+00	4.95271e+09	1.49629e+02	8.52258e+01	0.00000e+00
3.63582e+03	4.77552e+02	1.59091e+03	3.50412e+03	8.67260e+00	4.93224e+00	4.16234e+09	1.49977e+02	8.52888e+01	0.00000e+00
3.73230e+03	4.83542e+02	1.57720e+03	3.50593e+03	8.67695e+00	4.93213e+00	3.51948e+09	1.50321e+02	8.53271e+01	0.00000e+00
3.82883e+03	4.89469e+02	1.56349e+03	3.50766e+03	8.68163e+00	4.93243e+00	2.99325e+09	1.50669e+02	8.53814e+01	0.00000e+00
3.92540e+03	4.95335e+02	1.54978e+03	3.50947e+03	8.68626e+00	4.93267e+00	2.55987e+09	1.51017e+02	8.54328e+01	0.00000e+00
4.02203e+03	5.01138e+02	1.53606e+03	3.51125e+03	8.69088e+00	4.93289e+00	2.20088e+09	1.51365e+02	8.54838e+01	0.00000e+00
4.11871e+03	5.06880e+02	1.52235e+03	3.51302e+03	8.69554e+00	4.93315e+00	1.90185e+09	1.51715e+02	8.55361e+01	0.00000e+00
4.21543e+03	5.12558e+02	1.50864e+03	3.51480e+03	8.70019e+00	4.93340e+00	1.65145e+09	1.52064e+02	8.55885e+01	0.00000e+00
4.31220e+03	5.18175e+02	1.49493e+03	3.51659e+03	8.70487e+00	4.93370e+00	1.44070e+09	1.52415e+02	8.56421e+01	0.00000e+00
4.40903e+03	5.23728e+02	1.48121e+03	3.51838e+03	8.70959e+00	4.93402e+00	1.26246e+09	1.52767e+02	8.56968e+01	0.00000e+00
4.50590e+03	5.29218e+02	1.46750e+03	3.52017e+03	8.71432e+00	4.93436e+00	1.11102e+09	1.53119e+02	8.57526e+01	0.00000e+00
4.60282e+03	5.34645e+02	1.45379e+03	3.52197e+03	8.71908e+00	4.93473e+00	9.81772e+08	1.53473e+02	8.58092e+01	0.00000e+00
4.69979e+03	5.40008e+02	1.44008e+03	3.52376e+03	8.72400e+00	4.93530e+00	8.70992e+08	1.53830e+02	8.58743e+01	0.00000e+00
4.79681e+03	5.45308e+02	1.42637e+03	3.52562e+03	8.72844e+00	4.93525e+00	7.75652e+08	1.54180e+02	8.59146e+01	0.00000e+00
4.89388e+03	5.50543e+02	1.41265e+03	3.52735e+03	8.73326e+00	4.93568e+00	6.93281e+08	1.54537e+02	8.59736e+01	0.00000e+00
4.99100e+03	5.55715e+02	1.39894e+03	3.52916e+03	8.74839e+00	4.94638e+00	6.21842e+08	1.55191e+02	8.64686e+01	0.00000e+00
5.08817e+03	5.60821e+02	1.38523e+03	3.53412e+03	8.75987e+00	4.95346e+00	5.59663e+08	1.55736e+02	8.68081e+01	0.00000e+00
5.18548e+03	5.65863e+02	1.37152e+03	3.53787e+03	8.76518e+00	4.95451e+00	5.05392e+08	1.56097e+02	8.68902e+01	0.00000e+00
5.28288e+03	5.70840e+02	1.35780e+03	3.53972e+03	8.77039e+00	4.95541e+00	4.57850e+08	1.56459e+02	8.69668e+01	0.00000e+00
5.38034e+03	5.75751e+02	1.34409e+03	3.54155e+03	8.77581e+00	4.95657e+00	4.16048e+08	1.56825e+02	8.70535e+01	0.00000e+00
5.47785e+03	5.80596e+02	1.33038e+03	3.54342e+03	8.78123e+00	4.95771e+00	3.79182e+08	1.57192e+02	8.71394e+01	0.00000e+00
5.57542e+03	5.85375e+02	1.31667e+03	3.54529e+03	8.78668e+00	4.95889e+00	3.46572e+08	1.57559e+02	8.72267e+01	0.00000e+00
5.67303e+03	5.90088e+02	1.30295e+03	3.54715e+03	8.79213e+00	4.96007e+00	3.17646e+08	1.57926e+02	8.73141e+01	0.00000e+00
5.77069e+03	5.94734e+02	1.28924e+03	3.54902e+03	8.79764e+00	4.96131e+00	2.91917e+08	1.58295e+02	8.74038e+01	0.00000e+00
5.86841e+03	5.99313e+02	1.27553e+03	3.55090e+03	8.80319e+00	4.96259e+00	2.68972e+08	1.58666e+02	8.74953e+01	0.00000e+00
5.96618e+03	6.03824e+02	1.26182e+03	3.55278e+03	8.80875e+00	4.96388e+00	2.48459e+08	1.59037e+02	8.75871e+01	0.00000e+00
6.06400e+03	6.08267e+02	1.24810e+03	3.55466e+03	8.81433e+00	4.96518e+00	2.30076e+08	1.59410e+02	8.76796e+01	0.00000e+00
6.16187e+03	6.12642e+02	1.23439e+03	3.55654e+03	8.81993e+00	4.96650e+00	2.13564e+08	1.59784e+02	8.77728e+01	0.00000e+00
6.25979e+03	6.16947e+02	1.22068e+03	3.55843e+03	8.82555e+00	4.96785e+00	1.98700e+08	1.60159e+02	8.78671e+01	0.00000e+00
6.35776e+03	6.21184e+02	1.20697e+03	3.56033e+03	8.83119e+00	4.96921e+00	1.85290e+08	1.60534e+02	8.79622e+01	0.00000e+00
6.45579e+03	6.25350e+02	1.19326e+03	3.56222e+03	8.83688e+00	4.97062e+00	1.73170e+08	1.60912e+02	8.80592e+01	0.00000e+00
6.55387e+03	6.29447e+02	1.17954e+03	3.56413e+03	8.84264e+00	4.97210e+00	1.62192e+08	1.61291e+02	8.81588e+01	0.00000e+00
6.65200e+03	6.33472e+02	1.16583e+03	3.56604e+03	8.84844e+00	4.97364e+00	1.52233e+08	1.61672e+02	8.82608e+01	0.00000e+00
6.75019e+03	6.37426e+02	1.15212e+03	3.56795e+03	8.85423e+00	4.97514e+00	1.43181e+08	1.62053e+02	8.83617e+01	0.00000e+00
6.84842e+03	6.41307e+02	1.13841e+03	3.56987e+03	8.85992e+00	4.97652e+00	1.34940e+08	1.62434e+02	8.84579e+01	0.00000e+00
6.94671e+03	6.45116e+02	1.12469e+03	3.57178e+03	8.86572e+00	4.97804e+00	1.27427e+08	1.62817e+02	8.85592e+01	0.00000e+00
7.04506e+03	6.48852e+02	1.11098e+03	3.57370e+03	8.87155e+00	4.97957e+00	1.20568e+08	1.63202e+02	8.86620e+01	0.00000e+00
7.14345e+03	6.52514e+02	1.09727e+03	3.57563e+03	8.87756e+00	4.98131e+00	1.14297e+08	1.63590e+02	8.87720e+01	0.00000e+00
7.24190e+03	6.56101e+02	1.08356e+03	3.57757e+03	8.88350e+00	4.98296e+00	1.08557e+08	1.63977e+02	8.88788e+01	0.00000e+00
7.34040e+03	6.59612e+02	1.06984e+03	3.57951e+03	8.88948e+00	4.98466e+00	1.03297e+08	1.64367e+02	8.89879e+01	0.00000e+00
7.43896e+03	6.63047e+02	1.05613e+03	3.58146e+03	8.89551e+00	4.98638e+00	9.84721e+07	1.64758e+02	8.90979e+01	0.00000e+00
7.53756e+03	6.66405e+02	1.04242e+03	3.58341e+03	8.90151e+00	4.98809e+00	9.40432e+07	1.65150e+02	8.92078e+01	0.00000e+00
7.63623e+03	6.69685e+02	1.02871e+03	3.58537e+03	8.90724e+00	4.98948e+00	8.99746e+07	1.65538e+02	8.93055e+01	0.00000e+00
7.73494e+03	6.72886e+02	1.01499e+03	3.58729e+03	8.91327e+00	4.99121e+00	8.62351e+07	1.65932e+02	8.94161e+01	0.00000e+00
7.83371e+03	6.76008e+02	1.00128e+03	3.58925e+03	8.91934e+00	4.99296e+00	8.27966e+07	1.66328e+02	8.95278e+01	0.00000e+00
7.93254e+03	6.79048e+02	9.87570e+02	3.59122e+03	8.92545e+00	4.99475e+00	7.96345e+07	1.66725e+02	8.96414e+01	0.00000e+00
8.03141e+03	6.82006e+02	9.73858e+02	3.59319e+03	8.93156e+00	4.99654e+00	7.67266e+07	1.67123e+02	8.97547e+01	0.00000e+00
8.13035e+03	6.84881e+02	9.60145e+02	3.59516e+03	8.93771e+00	4.99837e+00	7.40533e+07	1.67523e+02	8.98697e+01	0.00000e+00
8.22933e+03	6.87672e+02	9.46433e+02	3.59714e+03	8.94390e+00	5.00023e+00	7.15971e+07	1.67924e+02	8.99865e+01	0.00000e+00
8.32837e+03	6.90377e+02	9.32721e+02	3.59912e+03	8.95016e+00	5.00216e+00	6.93424e+07	1.68328e+02	9.01058e+01	0.00000e+00
8.42747e+03	6.92994e+02	9.19008e+02	3.60112e+03	8.95646e+00	5.00414e+00	6.72754e+07	1.68733e+02	9.02274e+01	0.00000e+00
8.52662e+03	6.95524e+02	9.05296e+02	3.60312e+03	8.96278e+00	5.00615e+00	6.53839e+07	1.69139e+02	9.03500e+01	0.00000e+00
8.62582e+03	6.97963e+02	8.91583e+02	3.60513e+03	8.96914e+00	5.00816e+00	6.36569e+07	1.69547e+02	9.04731e+01	0.00000e+00
8.72508e+03	7.00310e+02	8.77871e+02	3.60714e+03	8.97550e+00	5.01018e+00	6.20851e+07	1.69956e+02	9.05965e+01	0.00000e+00
8.82440e+03	7.02565e+02	8.64159e+02	3.60915e+03	8.98194e+00	5.01228e+00	6.06601e+07	1.70368e+02	9.07235e+01	0.00000e+00
8.92377e+03	7.04723e+02	8.50446e+02	3.61118e+03	8.98837e+00	5.01436e+00	5.93749e+07	1.70781e+02	9.08497e+01	0.00000e+00
9.02320e+03	7.06785e+02	8.36734e+02	3.61320e+03	8.99488e+00	5.01652e+00	5.82232e+07	1.71196e+02	9.09791e+01	0.00000e+00
9.12268e+03	7.08747e+02	8.23022e+02	3.61524e+03	9.00137e+00	5.01865e+00	5.72000e+07	1.71611e+02	9.11079e+01	0.00000e+00
9.22222e+03	7.10608e+02	8.09309e+02	3.61728e+03	9.00789e+00	5.02082e+00	5.63012e+07	1.72029e+02	9.12382e+01	0.00000e+00
9.32182e+03	7.12364e+02	7.95597e+02	3.61933e+03	9.01451e+00	5.02308e+00	5.55236e+07	1.72449e+02	9.13725e+01	0.00000e+00
9.42147e+03	7.14014e+02	7.81885e+02	3.62139e+03	9.02121e+00	5.02541e+00	5.48651e+07	1.72872e+02	9.15094e+01	0.00000e+00
9.52117e+03	7.15554e+02	7.68172e+02	3.62346e+03	9.02793e+00	5.02776e+00	5.43244e+07	1.73297e+02	9.16474e+01	0.00000e+00
9.62094e+03	7.16983e+02	7.54460e+02	3.62553e+03	9.03478e+00	5.03022e+00	5.39012e+07	1.73726e+02	9.17902e+01	0.00000e+00
9.72076e+03	7.18295e+02	7.40748e+02	3.62762e+03	9.04144e+00	5.03243e+00	5.35962e+07	1.74155e+02	9.19240e+01	0.00000e+00
9.82064e+03	7.19489e+02	7.27035e+02	3.62971e+03	9.04860e+00	5.03522e+00	5.34113e+07	1.74592e+02	9.20797e+01	0.00000e+00
9.92058e+03	7.20560e+02	7.13323e+02	3.63184e+03	9.05581e+00	5.03808e+00	5.33494e+07	1.75029e+02	9.22386e+01	0.00000e+00
1.00206e+04	7.21505e+02	6.99611e+02	3.63397e+03	9.06240e+00	5.04013e+00	5.34151e+07	1.75466e+02	9.23677e+01	0.00000e+00
1.01206e+04	7.22318e+02	6.85898e+02	3.63611e+03	9.07008e+00	5.04303e+00	5.36139e+07	1.75942e+02	9.25324e+01	0.00000e+00
1.02207e+04	7.22997e+02	6.72186e+02	3.63840e+03	9.08174e+00	5.04822e+00	5.39533e+07	1.76616e+02	9.28066e+01	0.00000e+00
1.03209e+04	7.23534e+02	6.58473e+02	3.64168e+03	9.09742e+00	5.05566e+00	5.44427e+07	1.77498e+02	9.31901e+01	0.00000e+00
1.04212e+04	7.23926e+02	6.44761e+02	3.64597e+03	9.11531e+00	5.06474e+00	5.50940e+07	1.78481e+02	9.36512e+01	0.00000e+00
1.05216e+04	7.24166e+02	6.31049e+02	3.65090e+03	9.13097e+00	5.07222e+00	5.59215e+07	1.79362e+02	9.40368e+01	0.00000e+00
1.06221e+04	7.24247e+02	6.17336e+02	3.65512e+03	9.14688e+00	5.07996e+00	5.69428e+07	1.80255e+02	9.44358e+01	0.00000e+00
1.06221e+04	7.24247e+02	6.17336e+02	8.00000e+03	6.51379e+00	3.49543e+00	1.00000e+04	2.09110e+02	9.77442e+01	0.00000e+00
1.13512e+04	7.25052e+02	5.48743e+02	8.00000e+03	6.51379e+00	3.49543e+00	1.00000e+04	2.09110e+02	9.77442e+01	0.00000e+00
1.20803e+04	7.25857e+02	4.80151e+02	8.00000e+03	6.56721e+00	3.52141e+00	1.00000e+04	2.12756e+02	9.92024e+01	0.00000e+00
1.28094e+04	7.26661e+02	4.11558e+02	8.00000e+03	6.62019e+00	3.54719e+00	1.00000e+04	2.16401e+02	1.00661e+02	0.00000e+00
1.35384e+04	7.27466e+02	3.42965e+02	8.00000e+03	6.67275e+00	3.57279e+00	1.00000e+04	2.20047e+02	1.02119e+02	0.00000e+00
1.42675e+04	7.28271e+02	2.74372e+02	8.00000e+03	6.72490e+00	3.59821e+00	1.00000e+04	2.23692e+02	1.03577e+02	0.00000e+00
1.49966e+04	7.29075e+02	2.05779e+02	8.00000e+03	6.77665e+00	3.62345e+00	1.00000e+04	2.27338e+02	1.05035e+02	0.00000e+00
1.57257e+04	7.29880e+02	1.37186e+02	8.00000e+03	6.82801e+00	3.64851e+00	1.00000e+04	2.30983e+02	1.06493e+02	0.00000e+00
1.64548e+04	7.30685e+02	6.85929e+01	8.00000e+03	6.87899e+00	3.67341e+00	1.00000e+04	2.34629e+02	1.07951e+02	0.00000e+00
1.71839e+04	7.31490e+02	0.00000e+00	8.00000e+03	6.92959e+00	3.69813e+00	1.00000e+04	2.38274e+02	1.09410e+02	0.00000e+00
