P (MPa)		T (K)		r (km)		rho (kg m-3)	VP (km s-1)	VS (km s-1)	QS/gamma	k for 0.01 mol/kg MgSO4 (S m-1)	
0.00000e+00	1.10000e+02	2.41030e+03	9.31988e+02	3.87940e+00	1.96225e+00	1.54936e+04	0.00000e+00
1.63693e+00	1.25952e+02	2.40927e+03	9.31988e+02	3.88187e+00	1.96376e+00	4.24201e+03	0.00000e+00
3.27386e+00	1.44217e+02	2.40824e+03	9.32131e+02	3.88492e+00	1.96556e+00	1.36849e+03	0.00000e+00
4.91079e+00	1.65131e+02	2.40721e+03	9.32274e+02	3.88884e+00	1.96779e+00	5.09496e+02	0.00000e+00
6.54772e+00	1.89078e+02	2.40618e+03	9.32415e+02	3.89401e+00	1.97066e+00	2.14974e+02	0.00000e+00
8.18465e+00	2.16498e+02	2.40515e+03	9.32556e+02	3.90090e+00	1.97440e+00	1.01180e+02	0.00000e+00
9.82158e+00	2.47894e+02	2.40412e+03	9.32695e+02	3.90988e+00	1.97921e+00	5.23906e+01	0.00000e+00
1.14585e+01	2.47911e+02	2.40309e+03	9.32834e+02	3.91088e+00	1.97997e+00	5.23746e+01	0.00000e+00
1.30954e+01	2.47928e+02	2.40206e+03	9.32972e+02	3.91189e+00	1.98073e+00	5.23584e+01	0.00000e+00
1.47324e+01	2.47945e+02	2.40103e+03	9.33109e+02	3.91288e+00	1.98149e+00	5.23421e+01	0.00000e+00
1.63693e+01	2.47962e+02	2.40000e+03	9.33245e+02	3.91388e+00	1.98225e+00	5.23257e+01	0.00000e+00
1.80062e+01	2.47979e+02	2.39898e+03	9.33380e+02	3.91487e+00	1.98301e+00	5.23091e+01	0.00000e+00
1.96432e+01	2.47997e+02	2.39795e+03	9.33514e+02	3.91586e+00	1.98376e+00	5.22925e+01	0.00000e+00
2.12801e+01	2.48014e+02	2.39693e+03	9.33646e+02	3.91685e+00	1.98451e+00	5.22756e+01	0.00000e+00
2.29170e+01	2.48032e+02	2.39590e+03	9.33778e+02	3.91783e+00	1.98527e+00	5.22587e+01	0.00000e+00
2.45540e+01	2.48050e+02	2.39488e+03	9.33908e+02	3.91881e+00	1.98601e+00	5.22416e+01	0.00000e+00
2.61909e+01	2.48068e+02	2.39385e+03	9.34037e+02	3.91978e+00	1.98676e+00	5.22244e+01	0.00000e+00
2.78278e+01	2.48086e+02	2.39283e+03	9.34165e+02	3.92076e+00	1.98751e+00	5.22070e+01	0.00000e+00
2.94647e+01	2.48105e+02	2.39181e+03	9.34291e+02	3.92173e+00	1.98825e+00	5.21895e+01	0.00000e+00
3.11017e+01	2.48123e+02	2.39079e+03	9.34416e+02	3.92269e+00	1.98899e+00	5.21719e+01	0.00000e+00
3.27386e+01	2.48142e+02	2.38976e+03	9.34540e+02	3.92366e+00	1.98973e+00	5.21541e+01	0.00000e+00
3.43755e+01	2.48161e+02	2.38874e+03	9.34662e+02	3.92462e+00	1.99047e+00	5.21362e+01	0.00000e+00
3.60125e+01	2.48179e+02	2.38772e+03	9.34783e+02	3.92558e+00	1.99121e+00	5.21181e+01	0.00000e+00
3.76494e+01	2.48199e+02	2.38670e+03	9.34902e+02	3.92653e+00	1.99194e+00	5.21000e+01	0.00000e+00
3.92863e+01	2.48218e+02	2.38568e+03	9.35019e+02	3.92748e+00	1.99267e+00	5.20816e+01	0.00000e+00
4.09233e+01	2.48237e+02	2.38466e+03	9.35135e+02	3.92843e+00	1.99340e+00	5.20631e+01	0.00000e+00
4.25602e+01	2.48257e+02	2.38364e+03	9.35249e+02	3.92938e+00	1.99413e+00	5.20445e+01	0.00000e+00
4.41971e+01	2.48277e+02	2.38263e+03	9.35361e+02	3.93032e+00	1.99486e+00	5.20257e+01	0.00000e+00
4.58340e+01	2.48297e+02	2.38161e+03	9.35472e+02	3.93126e+00	1.99559e+00	5.20068e+01	0.00000e+00
4.74710e+01	2.48317e+02	2.38059e+03	9.35580e+02	3.93220e+00	1.99631e+00	5.19878e+01	0.00000e+00
4.91079e+01	2.48337e+02	2.37958e+03	9.35687e+02	3.93314e+00	1.99704e+00	5.19685e+01	0.00000e+00
5.07448e+01	2.48357e+02	2.37856e+03	9.35792e+02	3.93407e+00	1.99776e+00	5.19492e+01	0.00000e+00
5.23818e+01	2.48378e+02	2.37754e+03	9.35895e+02	3.93500e+00	1.99848e+00	5.19297e+01	0.00000e+00
5.40187e+01	2.48399e+02	2.37653e+03	9.35995e+02	3.93593e+00	1.99920e+00	5.19100e+01	0.00000e+00
5.56556e+01	2.48420e+02	2.37552e+03	9.36094e+02	3.93685e+00	1.99991e+00	5.18902e+01	0.00000e+00
5.72926e+01	2.48441e+02	2.37450e+03	9.36190e+02	3.93777e+00	2.00063e+00	5.18702e+01	0.00000e+00
5.89295e+01	2.48462e+02	2.37349e+03	9.36285e+02	3.93869e+00	2.00134e+00	5.18500e+01	0.00000e+00
6.05664e+01	2.48484e+02	2.37248e+03	9.36377e+02	3.93961e+00	2.00206e+00	5.18297e+01	0.00000e+00
6.22033e+01	2.48505e+02	2.37146e+03	9.36466e+02	3.94053e+00	2.00277e+00	5.18093e+01	0.00000e+00
6.38403e+01	2.48527e+02	2.37045e+03	9.36553e+02	3.94144e+00	2.00348e+00	5.17887e+01	0.00000e+00
6.54772e+01	2.48549e+02	2.36944e+03	9.36638e+02	3.94235e+00	2.00418e+00	5.17679e+01	0.00000e+00
6.71141e+01	2.48571e+02	2.36843e+03	9.36721e+02	3.94326e+00	2.00489e+00	5.17470e+01	0.00000e+00
6.87511e+01	2.48594e+02	2.36742e+03	9.36800e+02	3.94416e+00	2.00560e+00	5.17259e+01	0.00000e+00
7.03880e+01	2.48616e+02	2.36641e+03	9.36877e+02	3.94507e+00	2.00630e+00	5.17046e+01	0.00000e+00
7.20249e+01	2.48639e+02	2.36540e+03	9.36952e+02	3.94597e+00	2.00700e+00	5.16832e+01	0.00000e+00
7.36619e+01	2.48662e+02	2.36439e+03	9.37023e+02	3.94687e+00	2.00771e+00	5.16616e+01	0.00000e+00
7.52988e+01	2.48685e+02	2.36338e+03	9.37092e+02	3.94777e+00	2.00841e+00	5.16398e+01	0.00000e+00
7.69357e+01	2.48709e+02	2.36237e+03	9.37158e+02	3.94866e+00	2.00911e+00	5.16179e+01	0.00000e+00
7.85727e+01	2.48732e+02	2.36137e+03	9.37221e+02	3.94955e+00	2.00980e+00	5.15958e+01	0.00000e+00
8.02096e+01	2.48756e+02	2.36036e+03	9.37281e+02	3.95044e+00	2.01050e+00	5.15735e+01	0.00000e+00
8.18465e+01	2.48780e+02	2.35935e+03	9.37338e+02	3.95133e+00	2.01119e+00	5.15511e+01	0.00000e+00
8.34834e+01	2.48804e+02	2.35835e+03	9.37392e+02	3.95222e+00	2.01189e+00	5.15285e+01	0.00000e+00
8.51204e+01	2.48828e+02	2.35734e+03	9.37443e+02	3.95310e+00	2.01258e+00	5.15057e+01	0.00000e+00
8.67573e+01	2.48853e+02	2.35633e+03	9.37490e+02	3.95399e+00	2.01327e+00	5.14827e+01	0.00000e+00
8.83942e+01	2.48878e+02	2.35533e+03	9.37534e+02	3.95487e+00	2.01396e+00	5.14596e+01	0.00000e+00
9.00312e+01	2.48903e+02	2.35433e+03	9.37575e+02	3.95575e+00	2.01465e+00	5.14362e+01	0.00000e+00
9.16681e+01	2.48928e+02	2.35332e+03	9.37612e+02	3.95662e+00	2.01534e+00	5.14127e+01	0.00000e+00
9.33050e+01	2.48953e+02	2.35232e+03	9.37646e+02	3.95750e+00	2.01603e+00	5.13890e+01	0.00000e+00
9.49420e+01	2.48979e+02	2.35132e+03	9.37676e+02	3.95837e+00	2.01671e+00	5.13652e+01	0.00000e+00
9.65789e+01	2.49005e+02	2.35031e+03	9.37702e+02	3.95924e+00	2.01740e+00	5.13411e+01	0.00000e+00
9.82158e+01	2.49031e+02	2.34931e+03	9.37725e+02	3.96011e+00	2.01808e+00	5.13169e+01	0.00000e+00
9.98527e+01	2.49057e+02	2.34831e+03	9.37744e+02	3.96098e+00	2.01876e+00	5.12925e+01	0.00000e+00
1.01490e+02	2.49083e+02	2.34731e+03	9.37759e+02	3.96185e+00	2.01945e+00	5.12678e+01	0.00000e+00
1.03127e+02	2.49110e+02	2.34631e+03	9.37770e+02	3.96271e+00	2.02013e+00	5.12430e+01	0.00000e+00
1.04764e+02	2.49137e+02	2.34531e+03	9.37777e+02	3.96357e+00	2.02081e+00	5.12180e+01	0.00000e+00
1.06400e+02	2.49164e+02	2.34431e+03	9.37780e+02	3.96443e+00	2.02148e+00	5.11929e+01	0.00000e+00
1.08037e+02	2.49191e+02	2.34331e+03	9.37779e+02	3.96529e+00	2.02216e+00	5.11675e+01	0.00000e+00
1.09674e+02	2.49219e+02	2.34231e+03	9.37774e+02	3.96615e+00	2.02284e+00	5.11419e+01	0.00000e+00
1.11311e+02	2.49247e+02	2.34131e+03	9.37764e+02	3.96700e+00	2.02351e+00	5.11161e+01	0.00000e+00
1.12948e+02	2.49275e+02	2.34031e+03	9.37750e+02	3.96786e+00	2.02419e+00	5.10902e+01	0.00000e+00
1.14585e+02	2.49303e+02	2.33931e+03	9.37732e+02	3.96871e+00	2.02486e+00	5.10640e+01	0.00000e+00
1.16222e+02	2.49332e+02	2.33831e+03	9.37710e+02	3.96956e+00	2.02553e+00	5.10376e+01	0.00000e+00
1.17859e+02	2.49361e+02	2.33732e+03	9.37682e+02	3.97041e+00	2.02620e+00	5.10111e+01	0.00000e+00
1.19496e+02	2.49390e+02	2.33632e+03	9.37651e+02	3.97126e+00	2.02687e+00	5.09843e+01	0.00000e+00
1.21133e+02	2.49419e+02	2.33532e+03	9.37614e+02	3.97211e+00	2.02754e+00	5.09573e+01	0.00000e+00
1.22770e+02	2.49448e+02	2.33433e+03	9.37573e+02	3.97295e+00	2.02821e+00	5.09301e+01	0.00000e+00
1.24407e+02	2.49478e+02	2.33333e+03	9.37528e+02	3.97379e+00	2.02888e+00	5.09028e+01	0.00000e+00
1.26044e+02	2.49508e+02	2.33234e+03	9.37477e+02	3.97464e+00	2.02954e+00	5.08752e+01	0.00000e+00
1.27681e+02	2.49538e+02	2.33134e+03	9.37422e+02	3.97548e+00	2.03021e+00	5.08474e+01	0.00000e+00
1.29317e+02	2.49569e+02	2.33035e+03	9.37362e+02	3.97632e+00	2.03088e+00	5.08193e+01	0.00000e+00
1.30954e+02	2.49600e+02	2.32935e+03	9.37297e+02	3.97715e+00	2.03154e+00	5.07911e+01	0.00000e+00
1.32591e+02	2.49631e+02	2.32836e+03	9.37227e+02	3.97799e+00	2.03220e+00	5.07627e+01	0.00000e+00
1.34228e+02	2.49662e+02	2.32736e+03	9.37152e+02	3.97882e+00	2.03286e+00	5.07340e+01	0.00000e+00
1.35865e+02	2.49693e+02	2.32637e+03	9.37073e+02	3.97966e+00	2.03353e+00	5.07051e+01	0.00000e+00
1.37502e+02	2.49725e+02	2.32538e+03	9.36988e+02	3.98049e+00	2.03419e+00	5.06760e+01	0.00000e+00
1.39139e+02	2.49757e+02	2.32438e+03	9.36898e+02	3.98132e+00	2.03485e+00	5.06467e+01	0.00000e+00
1.40776e+02	2.49790e+02	2.32339e+03	9.36803e+02	3.98215e+00	2.03550e+00	5.06172e+01	0.00000e+00
1.42413e+02	2.49822e+02	2.32240e+03	9.36703e+02	3.98298e+00	2.03616e+00	5.05874e+01	0.00000e+00
1.44050e+02	2.49855e+02	2.32141e+03	9.36599e+02	3.98380e+00	2.03682e+00	5.05574e+01	0.00000e+00
1.45687e+02	2.49888e+02	2.32041e+03	9.36489e+02	3.98463e+00	2.03747e+00	5.05272e+01	0.00000e+00
1.47324e+02	2.49922e+02	2.31942e+03	9.36374e+02	3.98545e+00	2.03813e+00	5.04967e+01	0.00000e+00
1.48961e+02	2.49956e+02	2.31843e+03	9.36254e+02	3.98628e+00	2.03878e+00	5.04661e+01	0.00000e+00
1.50598e+02	2.49990e+02	2.31744e+03	9.36130e+02	3.98710e+00	2.03944e+00	5.04352e+01	0.00000e+00
1.52235e+02	2.50024e+02	2.31645e+03	9.36000e+02	3.98792e+00	2.04009e+00	5.04040e+01	0.00000e+00
1.53871e+02	2.50058e+02	2.31546e+03	9.35865e+02	3.98874e+00	2.04074e+00	5.03727e+01	0.00000e+00
1.55508e+02	2.50093e+02	2.31447e+03	9.35726e+02	3.98955e+00	2.04139e+00	5.03411e+01	0.00000e+00
1.57145e+02	2.50129e+02	2.31348e+03	9.35582e+02	3.99037e+00	2.04205e+00	5.03092e+01	0.00000e+00
1.58782e+02	2.50164e+02	2.31249e+03	9.35433e+02	3.99119e+00	2.04270e+00	5.02771e+01	0.00000e+00
1.60419e+02	2.55643e+02	2.31150e+03	9.35003e+02	3.99352e+00	2.04412e+00	4.56569e+01	0.00000e+00
1.62056e+02	2.55700e+02	2.31051e+03	9.35122e+02	3.99434e+00	2.04477e+00	4.56125e+01	0.00000e+00
1.63918e+02	2.55707e+02	2.30962e+03	1.16974e+03	1.78865e+00	0.00000e+00	0.00000e+00	3.36324e-02
1.65780e+02	2.55715e+02	2.30872e+03	1.17032e+03	1.79186e+00	0.00000e+00	0.00000e+00	3.36688e-02
1.67642e+02	2.55723e+02	2.30782e+03	1.17090e+03	1.79505e+00	0.00000e+00	0.00000e+00	3.37055e-02
1.69504e+02	2.55731e+02	2.30692e+03	1.17148e+03	1.79824e+00	0.00000e+00	0.00000e+00	3.37425e-02
1.71367e+02	2.55739e+02	2.30603e+03	1.17205e+03	1.80141e+00	0.00000e+00	0.00000e+00	3.37797e-02
1.73229e+02	2.55748e+02	2.30513e+03	1.17263e+03	1.80458e+00	0.00000e+00	0.00000e+00	3.38171e-02
1.75091e+02	2.55757e+02	2.30424e+03	1.17320e+03	1.80773e+00	0.00000e+00	0.00000e+00	3.38548e-02
1.76953e+02	2.55765e+02	2.30334e+03	1.17377e+03	1.81087e+00	0.00000e+00	0.00000e+00	3.38928e-02
1.78815e+02	2.55774e+02	2.30245e+03	1.17433e+03	1.81400e+00	0.00000e+00	0.00000e+00	3.39311e-02
1.80677e+02	2.55784e+02	2.30155e+03	1.17490e+03	1.81712e+00	0.00000e+00	0.00000e+00	3.39695e-02
1.82539e+02	2.55793e+02	2.30066e+03	1.17546e+03	1.82023e+00	0.00000e+00	0.00000e+00	3.40083e-02
1.84401e+02	2.55803e+02	2.29977e+03	1.17602e+03	1.82333e+00	0.00000e+00	0.00000e+00	3.40473e-02
1.86263e+02	2.55813e+02	2.29888e+03	1.17658e+03	1.82642e+00	0.00000e+00	0.00000e+00	3.40866e-02
1.88125e+02	2.55823e+02	2.29799e+03	1.17714e+03	1.82950e+00	0.00000e+00	0.00000e+00	3.41261e-02
1.89988e+02	2.55833e+02	2.29710e+03	1.17770e+03	1.83257e+00	0.00000e+00	0.00000e+00	3.41659e-02
1.91850e+02	2.55843e+02	2.29621e+03	1.17825e+03	1.83563e+00	0.00000e+00	0.00000e+00	3.42060e-02
1.93712e+02	2.55854e+02	2.29532e+03	1.17880e+03	1.83869e+00	0.00000e+00	0.00000e+00	3.42463e-02
1.95574e+02	2.55864e+02	2.29444e+03	1.17935e+03	1.84173e+00	0.00000e+00	0.00000e+00	3.42869e-02
1.97436e+02	2.55875e+02	2.29355e+03	1.17990e+03	1.84476e+00	0.00000e+00	0.00000e+00	3.43278e-02
1.99298e+02	2.55886e+02	2.29266e+03	1.18045e+03	1.84779e+00	0.00000e+00	0.00000e+00	3.43689e-02
2.01160e+02	2.55898e+02	2.29178e+03	1.18099e+03	1.85081e+00	0.00000e+00	0.00000e+00	3.44103e-02
2.03022e+02	2.55909e+02	2.29089e+03	1.18153e+03	1.85381e+00	0.00000e+00	0.00000e+00	3.44520e-02
2.04884e+02	2.55920e+02	2.29001e+03	1.18207e+03	1.85681e+00	0.00000e+00	0.00000e+00	3.44939e-02
2.06746e+02	2.55932e+02	2.28912e+03	1.18261e+03	1.85981e+00	0.00000e+00	0.00000e+00	3.45361e-02
2.08609e+02	2.55944e+02	2.28824e+03	1.18315e+03	1.86279e+00	0.00000e+00	0.00000e+00	3.45785e-02
2.10471e+02	2.55956e+02	2.28736e+03	1.18369e+03	1.86577e+00	0.00000e+00	0.00000e+00	3.46212e-02
2.12333e+02	2.55968e+02	2.28648e+03	1.18422e+03	1.86874e+00	0.00000e+00	0.00000e+00	3.46642e-02
2.14195e+02	2.55981e+02	2.28560e+03	1.18475e+03	1.87170e+00	0.00000e+00	0.00000e+00	3.47073e-02
2.16057e+02	2.55993e+02	2.28472e+03	1.18529e+03	1.87465e+00	0.00000e+00	0.00000e+00	3.47508e-02
2.17919e+02	2.56006e+02	2.28384e+03	1.18581e+03	1.87759e+00	0.00000e+00	0.00000e+00	3.47944e-02
2.19781e+02	2.56019e+02	2.28296e+03	1.18634e+03	1.88053e+00	0.00000e+00	0.00000e+00	3.48383e-02
2.21643e+02	2.56032e+02	2.28208e+03	1.18687e+03	1.88346e+00	0.00000e+00	0.00000e+00	3.48824e-02
2.23505e+02	2.56045e+02	2.28120e+03	1.18739e+03	1.88638e+00	0.00000e+00	0.00000e+00	3.49267e-02
2.25367e+02	2.56058e+02	2.28032e+03	1.18791e+03	1.88929e+00	0.00000e+00	0.00000e+00	3.49713e-02
2.27230e+02	2.56072e+02	2.27945e+03	1.18844e+03	1.89219e+00	0.00000e+00	0.00000e+00	3.50160e-02
2.29092e+02	2.56085e+02	2.27857e+03	1.18895e+03	1.89509e+00	0.00000e+00	0.00000e+00	3.50610e-02
2.30954e+02	2.56099e+02	2.27770e+03	1.18947e+03	1.89798e+00	0.00000e+00	0.00000e+00	3.51062e-02
2.32816e+02	2.56113e+02	2.27682e+03	1.18999e+03	1.90085e+00	0.00000e+00	0.00000e+00	3.51516e-02
2.34678e+02	2.56127e+02	2.27595e+03	1.19050e+03	1.90372e+00	0.00000e+00	0.00000e+00	3.51972e-02
2.36540e+02	2.56141e+02	2.27507e+03	1.19102e+03	1.90658e+00	0.00000e+00	0.00000e+00	3.52429e-02
2.38402e+02	2.56155e+02	2.27420e+03	1.19153e+03	1.90942e+00	0.00000e+00	0.00000e+00	3.52889e-02
2.40264e+02	2.56170e+02	2.27333e+03	1.19204e+03	1.91226e+00	0.00000e+00	0.00000e+00	3.53351e-02
2.42126e+02	2.56184e+02	2.27246e+03	1.19255e+03	1.91509e+00	0.00000e+00	0.00000e+00	3.53815e-02
2.43988e+02	2.56199e+02	2.27159e+03	1.19305e+03	1.91790e+00	0.00000e+00	0.00000e+00	3.54280e-02
2.45850e+02	2.56214e+02	2.27072e+03	1.19356e+03	1.92070e+00	0.00000e+00	0.00000e+00	3.54748e-02
2.47713e+02	2.56229e+02	2.26985e+03	1.19406e+03	1.92349e+00	0.00000e+00	0.00000e+00	3.55217e-02
2.49575e+02	2.56244e+02	2.26898e+03	1.19457e+03	1.92627e+00	0.00000e+00	0.00000e+00	3.55689e-02
2.51437e+02	2.56259e+02	2.26811e+03	1.19507e+03	1.92903e+00	0.00000e+00	0.00000e+00	3.56162e-02
2.53299e+02	2.56274e+02	2.26724e+03	1.19557e+03	1.93178e+00	0.00000e+00	0.00000e+00	3.56637e-02
2.55161e+02	2.56290e+02	2.26637e+03	1.19607e+03	1.93452e+00	0.00000e+00	0.00000e+00	3.57113e-02
2.57023e+02	2.56305e+02	2.26551e+03	1.19656e+03	1.93724e+00	0.00000e+00	0.00000e+00	3.57592e-02
2.58885e+02	2.56321e+02	2.26464e+03	1.19706e+03	1.93995e+00	0.00000e+00	0.00000e+00	3.58072e-02
2.60747e+02	2.56337e+02	2.26378e+03	1.19755e+03	1.94265e+00	0.00000e+00	0.00000e+00	3.58554e-02
2.62609e+02	2.56353e+02	2.26291e+03	1.19804e+03	1.94533e+00	0.00000e+00	0.00000e+00	3.59038e-02
2.64471e+02	2.56369e+02	2.26205e+03	1.19854e+03	1.94801e+00	0.00000e+00	0.00000e+00	3.59524e-02
2.66334e+02	2.56386e+02	2.26118e+03	1.19903e+03	1.95067e+00	0.00000e+00	0.00000e+00	3.60011e-02
2.68196e+02	2.56402e+02	2.26032e+03	1.19951e+03	1.95332e+00	0.00000e+00	0.00000e+00	3.60500e-02
2.70058e+02	2.56418e+02	2.25946e+03	1.20000e+03	1.95597e+00	0.00000e+00	0.00000e+00	3.60991e-02
2.71920e+02	2.56435e+02	2.25860e+03	1.20049e+03	1.95860e+00	0.00000e+00	0.00000e+00	3.61484e-02
2.73782e+02	2.56452e+02	2.25773e+03	1.20097e+03	1.96122e+00	0.00000e+00	0.00000e+00	3.61978e-02
2.75644e+02	2.56469e+02	2.25687e+03	1.20146e+03	1.96384e+00	0.00000e+00	0.00000e+00	3.62474e-02
2.77506e+02	2.56486e+02	2.25601e+03	1.20194e+03	1.96645e+00	0.00000e+00	0.00000e+00	3.62971e-02
2.79368e+02	2.56503e+02	2.25515e+03	1.20242e+03	1.96905e+00	0.00000e+00	0.00000e+00	3.63471e-02
2.81230e+02	2.56520e+02	2.25429e+03	1.20290e+03	1.97164e+00	0.00000e+00	0.00000e+00	3.63971e-02
2.83092e+02	2.56538e+02	2.25344e+03	1.20338e+03	1.97422e+00	0.00000e+00	0.00000e+00	3.64474e-02
2.84955e+02	2.56555e+02	2.25258e+03	1.20385e+03	1.97680e+00	0.00000e+00	0.00000e+00	3.64978e-02
2.86817e+02	2.56573e+02	2.25172e+03	1.20433e+03	1.97936e+00	0.00000e+00	0.00000e+00	3.65483e-02
2.88679e+02	2.56590e+02	2.25086e+03	1.20480e+03	1.98192e+00	0.00000e+00	0.00000e+00	3.65991e-02
2.90541e+02	2.56608e+02	2.25001e+03	1.20528e+03	1.98446e+00	0.00000e+00	0.00000e+00	3.66499e-02
2.92403e+02	2.56626e+02	2.24915e+03	1.20575e+03	1.98700e+00	0.00000e+00	0.00000e+00	3.67010e-02
2.94265e+02	2.56644e+02	2.24830e+03	1.20622e+03	1.98952e+00	0.00000e+00	0.00000e+00	3.67521e-02
2.96127e+02	2.56663e+02	2.24744e+03	1.20669e+03	1.99204e+00	0.00000e+00	0.00000e+00	3.68035e-02
2.97989e+02	2.56681e+02	2.24659e+03	1.20716e+03	1.99454e+00	0.00000e+00	0.00000e+00	3.68550e-02
2.99851e+02	2.56699e+02	2.24574e+03	1.20763e+03	1.99704e+00	0.00000e+00	0.00000e+00	3.69066e-02
3.01713e+02	2.56718e+02	2.24488e+03	1.20809e+03	1.99952e+00	0.00000e+00	0.00000e+00	3.69584e-02
3.03576e+02	2.56737e+02	2.24403e+03	1.20856e+03	2.00199e+00	0.00000e+00	0.00000e+00	3.70103e-02
3.05438e+02	2.56755e+02	2.24318e+03	1.20902e+03	2.00445e+00	0.00000e+00	0.00000e+00	3.70624e-02
3.07300e+02	2.56774e+02	2.24233e+03	1.20949e+03	2.00691e+00	0.00000e+00	0.00000e+00	3.71146e-02
3.09162e+02	2.56793e+02	2.24148e+03	1.20995e+03	2.00935e+00	0.00000e+00	0.00000e+00	3.71669e-02
3.11024e+02	2.56812e+02	2.24063e+03	1.21041e+03	2.01179e+00	0.00000e+00	0.00000e+00	3.72193e-02
3.12886e+02	2.56832e+02	2.23978e+03	1.21087e+03	2.01421e+00	0.00000e+00	0.00000e+00	3.72719e-02
3.14748e+02	2.56851e+02	2.23893e+03	1.21133e+03	2.01663e+00	0.00000e+00	0.00000e+00	3.73246e-02
3.16610e+02	2.56870e+02	2.23808e+03	1.21178e+03	2.01905e+00	0.00000e+00	0.00000e+00	3.73775e-02
3.18472e+02	2.56890e+02	2.23724e+03	1.21224e+03	2.02146e+00	0.00000e+00	0.00000e+00	3.74304e-02
3.20334e+02	2.56909e+02	2.23639e+03	1.21270e+03	2.02386e+00	0.00000e+00	0.00000e+00	3.74835e-02
3.22196e+02	2.56929e+02	2.23554e+03	1.21315e+03	2.02626e+00	0.00000e+00	0.00000e+00	3.75367e-02
3.24059e+02	2.56949e+02	2.23470e+03	1.21360e+03	2.02866e+00	0.00000e+00	0.00000e+00	3.75899e-02
3.25921e+02	2.56969e+02	2.23385e+03	1.21406e+03	2.03105e+00	0.00000e+00	0.00000e+00	3.76433e-02
3.27783e+02	2.56989e+02	2.23301e+03	1.21451e+03	2.03344e+00	0.00000e+00	0.00000e+00	3.76968e-02
3.29645e+02	2.57009e+02	2.23216e+03	1.21496e+03	2.03583e+00	0.00000e+00	0.00000e+00	3.77504e-02
3.31507e+02	2.57029e+02	2.23132e+03	1.21540e+03	2.03821e+00	0.00000e+00	0.00000e+00	3.78040e-02
3.33369e+02	2.57050e+02	2.23048e+03	1.21585e+03	2.04059e+00	0.00000e+00	0.00000e+00	3.78578e-02
3.35231e+02	2.57070e+02	2.22963e+03	1.21630e+03	2.04297e+00	0.00000e+00	0.00000e+00	3.79116e-02
3.37093e+02	2.57091e+02	2.22879e+03	1.21674e+03	2.04535e+00	0.00000e+00	0.00000e+00	3.79656e-02
3.38955e+02	2.57112e+02	2.22795e+03	1.21719e+03	2.04773e+00	0.00000e+00	0.00000e+00	3.80196e-02
3.40817e+02	2.57132e+02	2.22711e+03	1.21763e+03	2.05010e+00	0.00000e+00	0.00000e+00	3.80737e-02
3.42680e+02	2.57153e+02	2.22627e+03	1.21808e+03	2.05247e+00	0.00000e+00	0.00000e+00	3.81279e-02
3.44542e+02	2.57174e+02	2.22543e+03	1.21852e+03	2.05484e+00	0.00000e+00	0.00000e+00	3.81821e-02
3.46404e+02	2.57195e+02	2.22459e+03	1.21896e+03	2.05721e+00	0.00000e+00	0.00000e+00	3.82365e-02
3.48266e+02	2.57217e+02	2.22375e+03	1.21940e+03	2.05958e+00	0.00000e+00	0.00000e+00	3.82909e-02
3.50128e+02	2.57238e+02	2.22291e+03	1.21984e+03	2.06194e+00	0.00000e+00	0.00000e+00	3.83453e-02
3.51990e+02	2.57259e+02	2.22207e+03	1.22027e+03	2.06431e+00	0.00000e+00	0.00000e+00	3.83998e-02
3.53852e+02	2.57281e+02	2.22124e+03	1.22071e+03	2.06667e+00	0.00000e+00	0.00000e+00	3.84544e-02
3.55714e+02	2.57302e+02	2.22040e+03	1.22115e+03	2.06903e+00	0.00000e+00	0.00000e+00	3.85091e-02
3.57576e+02	2.57324e+02	2.21956e+03	1.22158e+03	2.07139e+00	0.00000e+00	0.00000e+00	3.85638e-02
3.59438e+02	2.57346e+02	2.21873e+03	1.22201e+03	2.07374e+00	0.00000e+00	0.00000e+00	3.86185e-02
3.61301e+02	2.57368e+02	2.21789e+03	1.22245e+03	2.07610e+00	0.00000e+00	0.00000e+00	3.86733e-02
3.63163e+02	2.57390e+02	2.21706e+03	1.22288e+03	2.07845e+00	0.00000e+00	0.00000e+00	3.87281e-02
3.65025e+02	2.57412e+02	2.21623e+03	1.22331e+03	2.08080e+00	0.00000e+00	0.00000e+00	3.87830e-02
3.66887e+02	2.57434e+02	2.21539e+03	1.22374e+03	2.08315e+00	0.00000e+00	0.00000e+00	3.88379e-02
3.68749e+02	2.57456e+02	2.21456e+03	1.22417e+03	2.08549e+00	0.00000e+00	0.00000e+00	3.88929e-02
3.70611e+02	2.57479e+02	2.21373e+03	1.22459e+03	2.08784e+00	0.00000e+00	0.00000e+00	3.89478e-02
3.72473e+02	2.57501e+02	2.21289e+03	1.22502e+03	2.09018e+00	0.00000e+00	0.00000e+00	3.90028e-02
3.74335e+02	2.57524e+02	2.21206e+03	1.22545e+03	2.09252e+00	0.00000e+00	0.00000e+00	3.90578e-02
3.76197e+02	2.57547e+02	2.21123e+03	1.22587e+03	2.09486e+00	0.00000e+00	0.00000e+00	3.91129e-02
3.78059e+02	2.57569e+02	2.21040e+03	1.22630e+03	2.09720e+00	0.00000e+00	0.00000e+00	3.91679e-02
3.79922e+02	2.57592e+02	2.20957e+03	1.22672e+03	2.09953e+00	0.00000e+00	0.00000e+00	3.92230e-02
3.81784e+02	2.57615e+02	2.20874e+03	1.22714e+03	2.10186e+00	0.00000e+00	0.00000e+00	3.92780e-02
3.83646e+02	2.57638e+02	2.20791e+03	1.22756e+03	2.10419e+00	0.00000e+00	0.00000e+00	3.93331e-02
3.85508e+02	2.57662e+02	2.20709e+03	1.22798e+03	2.10652e+00	0.00000e+00	0.00000e+00	3.93881e-02
3.87370e+02	2.57685e+02	2.20626e+03	1.22840e+03	2.10885e+00	0.00000e+00	0.00000e+00	3.94431e-02
3.89232e+02	2.57708e+02	2.20543e+03	1.22882e+03	2.11117e+00	0.00000e+00	0.00000e+00	3.94982e-02
3.91094e+02	2.57732e+02	2.20460e+03	1.22924e+03	2.11349e+00	0.00000e+00	0.00000e+00	3.95532e-02
3.92956e+02	2.57755e+02	2.20378e+03	1.22965e+03	2.11581e+00	0.00000e+00	0.00000e+00	3.96082e-02
3.94818e+02	2.57779e+02	2.20295e+03	1.23007e+03	2.11813e+00	0.00000e+00	0.00000e+00	3.96631e-02
3.96680e+02	2.57802e+02	2.20213e+03	1.23048e+03	2.12044e+00	0.00000e+00	0.00000e+00	3.97181e-02
3.98542e+02	2.57826e+02	2.20130e+03	1.23090e+03	2.12275e+00	0.00000e+00	0.00000e+00	3.97729e-02
4.00405e+02	2.57850e+02	2.20048e+03	1.23131e+03	2.12506e+00	0.00000e+00	0.00000e+00	3.98278e-02
4.02267e+02	2.57874e+02	2.19966e+03	1.23172e+03	2.12737e+00	0.00000e+00	0.00000e+00	3.98826e-02
4.04129e+02	2.57898e+02	2.19883e+03	1.23213e+03	2.12968e+00	0.00000e+00	0.00000e+00	3.99374e-02
4.05991e+02	2.57922e+02	2.19801e+03	1.23254e+03	2.13198e+00	0.00000e+00	0.00000e+00	3.99921e-02
4.07853e+02	2.57946e+02	2.19719e+03	1.23295e+03	2.13428e+00	0.00000e+00	0.00000e+00	4.00468e-02
4.09715e+02	2.57971e+02	2.19637e+03	1.23336e+03	2.13658e+00	0.00000e+00	0.00000e+00	4.01014e-02
4.11577e+02	2.57995e+02	2.19555e+03	1.23377e+03	2.13887e+00	0.00000e+00	0.00000e+00	4.01560e-02
4.13439e+02	2.58019e+02	2.19472e+03	1.23417e+03	2.14117e+00	0.00000e+00	0.00000e+00	4.02106e-02
4.15301e+02	2.58044e+02	2.19390e+03	1.23458e+03	2.14346e+00	0.00000e+00	0.00000e+00	4.02651e-02
4.17163e+02	2.58069e+02	2.19308e+03	1.23498e+03	2.14575e+00	0.00000e+00	0.00000e+00	4.03195e-02
4.19026e+02	2.58093e+02	2.19227e+03	1.23539e+03	2.14804e+00	0.00000e+00	0.00000e+00	4.03740e-02
4.20888e+02	2.58118e+02	2.19145e+03	1.23579e+03	2.15032e+00	0.00000e+00	0.00000e+00	4.04283e-02
4.22750e+02	2.58143e+02	2.19063e+03	1.23619e+03	2.15260e+00	0.00000e+00	0.00000e+00	4.04826e-02
4.24612e+02	2.58168e+02	2.18981e+03	1.23660e+03	2.15488e+00	0.00000e+00	0.00000e+00	4.05369e-02
4.26474e+02	2.58193e+02	2.18899e+03	1.23700e+03	2.15716e+00	0.00000e+00	0.00000e+00	4.05912e-02
4.28336e+02	2.58218e+02	2.18818e+03	1.23740e+03	2.15944e+00	0.00000e+00	0.00000e+00	4.06454e-02
4.30198e+02	2.58243e+02	2.18736e+03	1.23779e+03	2.16171e+00	0.00000e+00	0.00000e+00	4.06995e-02
4.32060e+02	2.58268e+02	2.18655e+03	1.23819e+03	2.16398e+00	0.00000e+00	0.00000e+00	4.07536e-02
4.33922e+02	2.58294e+02	2.18573e+03	1.23859e+03	2.16625e+00	0.00000e+00	0.00000e+00	4.08076e-02
4.35784e+02	2.58319e+02	2.18492e+03	1.23899e+03	2.16852e+00	0.00000e+00	0.00000e+00	4.08617e-02
4.37647e+02	2.58345e+02	2.18410e+03	1.23938e+03	2.17078e+00	0.00000e+00	0.00000e+00	4.09156e-02
4.39509e+02	2.58370e+02	2.18329e+03	1.23978e+03	2.17304e+00	0.00000e+00	0.00000e+00	4.09695e-02
4.41371e+02	2.58396e+02	2.18248e+03	1.24017e+03	2.17530e+00	0.00000e+00	0.00000e+00	4.10234e-02
4.43233e+02	2.58421e+02	2.18166e+03	1.24056e+03	2.17756e+00	0.00000e+00	0.00000e+00	4.10772e-02
4.45095e+02	2.58447e+02	2.18085e+03	1.24096e+03	2.17981e+00	0.00000e+00	0.00000e+00	4.11310e-02
4.46957e+02	2.58473e+02	2.18004e+03	1.24135e+03	2.18206e+00	0.00000e+00	0.00000e+00	4.11848e-02
4.48819e+02	2.58499e+02	2.17923e+03	1.24174e+03	2.18431e+00	0.00000e+00	0.00000e+00	4.12385e-02
4.50681e+02	2.58504e+02	2.17842e+03	1.24948e+03	4.20603e+00	2.21055e+00	1.23988e+02	0.00000e+00
4.52543e+02	2.58604e+02	2.17762e+03	1.24974e+03	4.20665e+00	2.21062e+00	1.23988e+02	0.00000e+00
4.54405e+02	2.58705e+02	2.17681e+03	1.25000e+03	4.20727e+00	2.21069e+00	1.23988e+02	0.00000e+00
4.56268e+02	2.58804e+02	2.17601e+03	1.25027e+03	4.20789e+00	2.21076e+00	1.23988e+02	0.00000e+00
4.58130e+02	2.58901e+02	2.17520e+03	1.25053e+03	4.20851e+00	2.21083e+00	1.23988e+02	0.00000e+00
4.59992e+02	2.58998e+02	2.17440e+03	1.25079e+03	4.20913e+00	2.21091e+00	1.23988e+02	0.00000e+00
4.61854e+02	2.59095e+02	2.17360e+03	1.25105e+03	4.20976e+00	2.21098e+00	1.23988e+02	0.00000e+00
4.63716e+02	2.59192e+02	2.17279e+03	1.25131e+03	4.21038e+00	2.21106e+00	1.23988e+02	0.00000e+00
4.65578e+02	2.59288e+02	2.17199e+03	1.25156e+03	4.21101e+00	2.21113e+00	1.23988e+02	0.00000e+00
4.67440e+02	2.59385e+02	2.17119e+03	1.25182e+03	4.21164e+00	2.21121e+00	1.23988e+02	0.00000e+00
4.69302e+02	2.59482e+02	2.17039e+03	1.25208e+03	4.21227e+00	2.21128e+00	1.23988e+02	0.00000e+00
4.71164e+02	2.59579e+02	2.16958e+03	1.25233e+03	4.21290e+00	2.21136e+00	1.23988e+02	0.00000e+00
4.73026e+02	2.59676e+02	2.16878e+03	1.25258e+03	4.21353e+00	2.21144e+00	1.23988e+02	0.00000e+00
4.74888e+02	2.59773e+02	2.16798e+03	1.25284e+03	4.21416e+00	2.21152e+00	1.23988e+02	0.00000e+00
4.76751e+02	2.59870e+02	2.16718e+03	1.25309e+03	4.21479e+00	2.21160e+00	1.23988e+02	0.00000e+00
4.78613e+02	2.59967e+02	2.16638e+03	1.25334e+03	4.21543e+00	2.21168e+00	1.23988e+02	0.00000e+00
4.80475e+02	2.60064e+02	2.16558e+03	1.25359e+03	4.21606e+00	2.21176e+00	1.23988e+02	0.00000e+00
4.82337e+02	2.60158e+02	2.16478e+03	1.25384e+03	4.21670e+00	2.21184e+00	1.23988e+02	0.00000e+00
4.84199e+02	2.60251e+02	2.16399e+03	1.25409e+03	4.21734e+00	2.21192e+00	1.23988e+02	0.00000e+00
4.86061e+02	2.60344e+02	2.16319e+03	1.25434e+03	4.21798e+00	2.21201e+00	1.23988e+02	0.00000e+00
4.87923e+02	2.60437e+02	2.16239e+03	1.25459e+03	4.21862e+00	2.21209e+00	1.23988e+02	0.00000e+00
4.89785e+02	2.60530e+02	2.16159e+03	1.25483e+03	4.21926e+00	2.21218e+00	1.23988e+02	0.00000e+00
4.91647e+02	2.60623e+02	2.16079e+03	1.25508e+03	4.21990e+00	2.21226e+00	1.23988e+02	0.00000e+00
4.93509e+02	2.60716e+02	2.16000e+03	1.25532e+03	4.22054e+00	2.21235e+00	1.23988e+02	0.00000e+00
4.95372e+02	2.60808e+02	2.15920e+03	1.25557e+03	4.22119e+00	2.21244e+00	1.23988e+02	0.00000e+00
4.97234e+02	2.60901e+02	2.15840e+03	1.25581e+03	4.22184e+00	2.21252e+00	1.23988e+02	0.00000e+00
4.99096e+02	2.60994e+02	2.15761e+03	1.25605e+03	4.22248e+00	2.21261e+00	1.23988e+02	0.00000e+00
5.00958e+02	2.61087e+02	2.15681e+03	1.25629e+03	4.22313e+00	2.21270e+00	1.23988e+02	0.00000e+00
5.02820e+02	2.61180e+02	2.15602e+03	1.25653e+03	4.22378e+00	2.21279e+00	1.23988e+02	0.00000e+00
5.04682e+02	2.61273e+02	2.15522e+03	1.25677e+03	4.22443e+00	2.21288e+00	1.23988e+02	0.00000e+00
5.06544e+02	2.61366e+02	2.15443e+03	1.25701e+03	4.22508e+00	2.21297e+00	1.23988e+02	0.00000e+00
5.08406e+02	2.61455e+02	2.15364e+03	1.25725e+03	4.22573e+00	2.21306e+00	1.23988e+02	0.00000e+00
5.10268e+02	2.61544e+02	2.15284e+03	1.25748e+03	4.22639e+00	2.21316e+00	1.23988e+02	0.00000e+00
5.12130e+02	2.61633e+02	2.15205e+03	1.25772e+03	4.22704e+00	2.21325e+00	1.23988e+02	0.00000e+00
5.13993e+02	2.61722e+02	2.15126e+03	1.25796e+03	4.22770e+00	2.21335e+00	1.23988e+02	0.00000e+00
5.15855e+02	2.61810e+02	2.15046e+03	1.25819e+03	4.22835e+00	2.21344e+00	1.23988e+02	0.00000e+00
5.17717e+02	2.61899e+02	2.14967e+03	1.25842e+03	4.22901e+00	2.21354e+00	1.23988e+02	0.00000e+00
5.19579e+02	2.61988e+02	2.14888e+03	1.25866e+03	4.22967e+00	2.21363e+00	1.23988e+02	0.00000e+00
5.21441e+02	2.62077e+02	2.14809e+03	1.25889e+03	4.23033e+00	2.21373e+00	1.23988e+02	0.00000e+00
5.23303e+02	2.62166e+02	2.14730e+03	1.25912e+03	4.23099e+00	2.21383e+00	1.23988e+02	0.00000e+00
5.25165e+02	2.62255e+02	2.14651e+03	1.25935e+03	4.23165e+00	2.21393e+00	1.23988e+02	0.00000e+00
5.27027e+02	2.62344e+02	2.14572e+03	1.25958e+03	4.23232e+00	2.21402e+00	1.23988e+02	0.00000e+00
5.28889e+02	2.62433e+02	2.14493e+03	1.25980e+03	4.23298e+00	2.21412e+00	1.23988e+02	0.00000e+00
5.30751e+02	2.62522e+02	2.14414e+03	1.26003e+03	4.23365e+00	2.21423e+00	1.23988e+02	0.00000e+00
5.32614e+02	2.62609e+02	2.14335e+03	1.26026e+03	4.23431e+00	2.21433e+00	1.23988e+02	0.00000e+00
5.34476e+02	2.62693e+02	2.14256e+03	1.26048e+03	4.23498e+00	2.21443e+00	1.23988e+02	0.00000e+00
5.36338e+02	2.62778e+02	2.14177e+03	1.26071e+03	4.23565e+00	2.21453e+00	1.23988e+02	0.00000e+00
5.38200e+02	2.62863e+02	2.14099e+03	1.26093e+03	4.23632e+00	2.21463e+00	1.23988e+02	0.00000e+00
5.40062e+02	2.62948e+02	2.14020e+03	1.26116e+03	4.23699e+00	2.21474e+00	1.23988e+02	0.00000e+00
5.41924e+02	2.63033e+02	2.13941e+03	1.26138e+03	4.23766e+00	2.21484e+00	1.23988e+02	0.00000e+00
5.43786e+02	2.63118e+02	2.13862e+03	1.26160e+03	4.23833e+00	2.21495e+00	1.23988e+02	0.00000e+00
5.45648e+02	2.63202e+02	2.13784e+03	1.26182e+03	4.23901e+00	2.21506e+00	1.23988e+02	0.00000e+00
5.47510e+02	2.63287e+02	2.13705e+03	1.26204e+03	4.23968e+00	2.21516e+00	1.23988e+02	0.00000e+00
5.49372e+02	2.63372e+02	2.13627e+03	1.26226e+03	4.24036e+00	2.21527e+00	1.23988e+02	0.00000e+00
5.51234e+02	2.63457e+02	2.13548e+03	1.26248e+03	4.24104e+00	2.21538e+00	1.23988e+02	0.00000e+00
5.53097e+02	2.63542e+02	2.13470e+03	1.26269e+03	4.24172e+00	2.21549e+00	1.23988e+02	0.00000e+00
5.54959e+02	2.63627e+02	2.13391e+03	1.26291e+03	4.24240e+00	2.21560e+00	1.23988e+02	0.00000e+00
5.56821e+02	2.63711e+02	2.13313e+03	1.26313e+03	4.24308e+00	2.21571e+00	1.23988e+02	0.00000e+00
5.58683e+02	2.63793e+02	2.13234e+03	1.26334e+03	4.24376e+00	2.21582e+00	1.23988e+02	0.00000e+00
5.60545e+02	2.63873e+02	2.13156e+03	1.26355e+03	4.24444e+00	2.21593e+00	1.23988e+02	0.00000e+00
5.62407e+02	2.63954e+02	2.13078e+03	1.26377e+03	4.24512e+00	2.21604e+00	1.23988e+02	0.00000e+00
5.64269e+02	2.64035e+02	2.12999e+03	1.26398e+03	4.24581e+00	2.21616e+00	1.23988e+02	0.00000e+00
5.66131e+02	2.64116e+02	2.12921e+03	1.26419e+03	4.24649e+00	2.21627e+00	1.23988e+02	0.00000e+00
5.67993e+02	2.64197e+02	2.12843e+03	1.26440e+03	4.24718e+00	2.21638e+00	1.23988e+02	0.00000e+00
5.69855e+02	2.64277e+02	2.12765e+03	1.26461e+03	4.24787e+00	2.21650e+00	1.23988e+02	0.00000e+00
5.71718e+02	2.64358e+02	2.12687e+03	1.26482e+03	4.24856e+00	2.21662e+00	1.23988e+02	0.00000e+00
5.73580e+02	2.64439e+02	2.12609e+03	1.26503e+03	4.24925e+00	2.21673e+00	1.23988e+02	0.00000e+00
5.75442e+02	2.64520e+02	2.12531e+03	1.26523e+03	4.24994e+00	2.21685e+00	1.23988e+02	0.00000e+00
5.77304e+02	2.64601e+02	2.12453e+03	1.26544e+03	4.25063e+00	2.21697e+00	1.23988e+02	0.00000e+00
5.79166e+02	2.64681e+02	2.12375e+03	1.26565e+03	4.25133e+00	2.21709e+00	1.23988e+02	0.00000e+00
5.81028e+02	2.64762e+02	2.12297e+03	1.26585e+03	4.25202e+00	2.21721e+00	1.23988e+02	0.00000e+00
5.82890e+02	2.64842e+02	2.12219e+03	1.26605e+03	4.25272e+00	2.21733e+00	1.23988e+02	0.00000e+00
5.84752e+02	2.64919e+02	2.12141e+03	1.26626e+03	4.25341e+00	2.21745e+00	1.23988e+02	0.00000e+00
5.86614e+02	2.64995e+02	2.12063e+03	1.26646e+03	4.25411e+00	2.21757e+00	1.23988e+02	0.00000e+00
5.88476e+02	2.65072e+02	2.11985e+03	1.26666e+03	4.25481e+00	2.21769e+00	1.23988e+02	0.00000e+00
5.90339e+02	2.65149e+02	2.11907e+03	1.26686e+03	4.25551e+00	2.21781e+00	1.23988e+02	0.00000e+00
5.92201e+02	2.65226e+02	2.11830e+03	1.26706e+03	4.25621e+00	2.21794e+00	1.23988e+02	0.00000e+00
5.94063e+02	2.65303e+02	2.11752e+03	1.26726e+03	4.25691e+00	2.21806e+00	1.23988e+02	0.00000e+00
5.95925e+02	2.65380e+02	2.11674e+03	1.26746e+03	4.25761e+00	2.21819e+00	1.23988e+02	0.00000e+00
5.97787e+02	2.65456e+02	2.11597e+03	1.26765e+03	4.25832e+00	2.21831e+00	1.23988e+02	0.00000e+00
5.99649e+02	2.65533e+02	2.11519e+03	1.26785e+03	4.25902e+00	2.21844e+00	1.23988e+02	0.00000e+00
6.01511e+02	2.65610e+02	2.11442e+03	1.26805e+03	4.25973e+00	2.21856e+00	1.23988e+02	0.00000e+00
6.03373e+02	2.65687e+02	2.11364e+03	1.26824e+03	4.26043e+00	2.21869e+00	1.23988e+02	0.00000e+00
6.05235e+02	2.65764e+02	2.11287e+03	1.26844e+03	4.26114e+00	2.21882e+00	1.23988e+02	0.00000e+00
6.07097e+02	2.65841e+02	2.11209e+03	1.26863e+03	4.26185e+00	2.21895e+00	1.23988e+02	0.00000e+00
6.08960e+02	2.65915e+02	2.11132e+03	1.26882e+03	4.26256e+00	2.21908e+00	1.23988e+02	0.00000e+00
6.10822e+02	2.65988e+02	2.11054e+03	1.26901e+03	4.26327e+00	2.21921e+00	1.23988e+02	0.00000e+00
6.12684e+02	2.66061e+02	2.10977e+03	1.26920e+03	4.26398e+00	2.21934e+00	1.23988e+02	0.00000e+00
6.14546e+02	2.66134e+02	2.10900e+03	1.26939e+03	4.26470e+00	2.21947e+00	1.23988e+02	0.00000e+00
6.16408e+02	2.66207e+02	2.10822e+03	1.26958e+03	4.26541e+00	2.21960e+00	1.23988e+02	0.00000e+00
6.18270e+02	2.66280e+02	2.10745e+03	1.26977e+03	4.26613e+00	2.21973e+00	1.23988e+02	0.00000e+00
6.20132e+02	2.66353e+02	2.10668e+03	1.26996e+03	4.26684e+00	2.21987e+00	1.23988e+02	0.00000e+00
6.21994e+02	2.66426e+02	2.10591e+03	1.27015e+03	4.26756e+00	2.22000e+00	1.23988e+02	0.00000e+00
6.23856e+02	2.66499e+02	2.10514e+03	1.27033e+03	4.26828e+00	2.22014e+00	1.23988e+02	0.00000e+00
6.25718e+02	2.66572e+02	2.10436e+03	1.27052e+03	4.26900e+00	2.22027e+00	1.23988e+02	0.00000e+00
6.27580e+02	2.66645e+02	2.10359e+03	1.27070e+03	4.26972e+00	2.22041e+00	1.23988e+02	0.00000e+00
6.29443e+02	2.66718e+02	2.10282e+03	1.27088e+03	4.27044e+00	2.22054e+00	1.23988e+02	0.00000e+00
6.31305e+02	2.66791e+02	2.10205e+03	1.27107e+03	4.27116e+00	2.22068e+00	1.23988e+02	0.00000e+00
6.33167e+02	2.66870e+02	2.10128e+03	1.27125e+03	4.27188e+00	2.22082e+00	1.23988e+02	0.00000e+00
6.35029e+02	2.66988e+02	2.10051e+03	1.27143e+03	4.27261e+00	2.22096e+00	1.23988e+02	0.00000e+00
6.36891e+02	2.67106e+02	2.09981e+03	1.39485e+03	4.35259e+00	2.22585e+00	1.19230e+02	0.00000e+00
6.38753e+02	2.67224e+02	2.09911e+03	1.39484e+03	4.35384e+00	2.22676e+00	1.18948e+02	0.00000e+00
6.40615e+02	2.67342e+02	2.09841e+03	1.39484e+03	4.35509e+00	2.22766e+00	1.18667e+02	0.00000e+00
6.42477e+02	2.67460e+02	2.09771e+03	1.39483e+03	4.35635e+00	2.22857e+00	1.18387e+02	0.00000e+00
6.44339e+02	2.67578e+02	2.09701e+03	1.39482e+03	4.35760e+00	2.22947e+00	1.18108e+02	0.00000e+00
6.46201e+02	2.67696e+02	2.09631e+03	1.39481e+03	4.35885e+00	2.23038e+00	1.17830e+02	0.00000e+00
6.48064e+02	2.67814e+02	2.09561e+03	1.39481e+03	4.36011e+00	2.23128e+00	1.17553e+02	0.00000e+00
6.49926e+02	2.67931e+02	2.09491e+03	1.39480e+03	4.36136e+00	2.23218e+00	1.17276e+02	0.00000e+00
6.51788e+02	2.68049e+02	2.09421e+03	1.39479e+03	4.36261e+00	2.23309e+00	1.17001e+02	0.00000e+00
6.53650e+02	2.68167e+02	2.09351e+03	1.39478e+03	4.36386e+00	2.23399e+00	1.16726e+02	0.00000e+00
6.55512e+02	2.68285e+02	2.09281e+03	1.39477e+03	4.36511e+00	2.23489e+00	1.16452e+02	0.00000e+00
6.57374e+02	2.68403e+02	2.09211e+03	1.39477e+03	4.36636e+00	2.23579e+00	1.16180e+02	0.00000e+00
6.59236e+02	2.68527e+02	2.09141e+03	1.39476e+03	4.36761e+00	2.23670e+00	1.15895e+02	0.00000e+00
6.61098e+02	2.68655e+02	2.09071e+03	1.39475e+03	4.36886e+00	2.23760e+00	1.15600e+02	0.00000e+00
6.62960e+02	2.68783e+02	2.09002e+03	1.39474e+03	4.37011e+00	2.23850e+00	1.15307e+02	0.00000e+00
6.64822e+02	2.68912e+02	2.08932e+03	1.39473e+03	4.37136e+00	2.23940e+00	1.15014e+02	0.00000e+00
6.66685e+02	2.69040e+02	2.08862e+03	1.39473e+03	4.37261e+00	2.24030e+00	1.14722e+02	0.00000e+00
6.68547e+02	2.69168e+02	2.08792e+03	1.39472e+03	4.37386e+00	2.24120e+00	1.14432e+02	0.00000e+00
6.70409e+02	2.69296e+02	2.08722e+03	1.39471e+03	4.37511e+00	2.24210e+00	1.14142e+02	0.00000e+00
6.72271e+02	2.69425e+02	2.08652e+03	1.39470e+03	4.37636e+00	2.24300e+00	1.13854e+02	0.00000e+00
6.74133e+02	2.69553e+02	2.08583e+03	1.39469e+03	4.37761e+00	2.24390e+00	1.13566e+02	0.00000e+00
6.75995e+02	2.69681e+02	2.08513e+03	1.39468e+03	4.37886e+00	2.24480e+00	1.13280e+02	0.00000e+00
6.77857e+02	2.69809e+02	2.08443e+03	1.39468e+03	4.38011e+00	2.24570e+00	1.12994e+02	0.00000e+00
6.79719e+02	2.69938e+02	2.08373e+03	1.39467e+03	4.38135e+00	2.24660e+00	1.12710e+02	0.00000e+00
6.81581e+02	2.70066e+02	2.08304e+03	1.39466e+03	4.38260e+00	2.24749e+00	1.12426e+02	0.00000e+00
6.83443e+02	2.70194e+02	2.08234e+03	1.39465e+03	4.38385e+00	2.24839e+00	1.12144e+02	0.00000e+00
6.85306e+02	2.70317e+02	2.08164e+03	1.39464e+03	4.38509e+00	2.24929e+00	1.11874e+02	0.00000e+00
6.87168e+02	2.70440e+02	2.08095e+03	1.39463e+03	4.38634e+00	2.25019e+00	1.11605e+02	0.00000e+00
6.89030e+02	2.70562e+02	2.08025e+03	1.39463e+03	4.38758e+00	2.25108e+00	1.11338e+02	0.00000e+00
6.90892e+02	2.70685e+02	2.07955e+03	1.39462e+03	4.38883e+00	2.25198e+00	1.11071e+02	0.00000e+00
6.92754e+02	2.70808e+02	2.07886e+03	1.39461e+03	4.39007e+00	2.25287e+00	1.10805e+02	0.00000e+00
6.94616e+02	2.70930e+02	2.07816e+03	1.39460e+03	4.39132e+00	2.25377e+00	1.10540e+02	0.00000e+00
6.96478e+02	2.71053e+02	2.07746e+03	1.39459e+03	4.39256e+00	2.25466e+00	1.10276e+02	0.00000e+00
6.98340e+02	2.71175e+02	2.07677e+03	1.39459e+03	4.39381e+00	2.25556e+00	1.10013e+02	0.00000e+00
7.00202e+02	2.71298e+02	2.07607e+03	1.39458e+03	4.39505e+00	2.25645e+00	1.09751e+02	0.00000e+00
7.02064e+02	2.71421e+02	2.07538e+03	1.39457e+03	4.39629e+00	2.25735e+00	1.09489e+02	0.00000e+00
7.03926e+02	2.71543e+02	2.07468e+03	1.39456e+03	4.39753e+00	2.25824e+00	1.09229e+02	0.00000e+00
7.05789e+02	2.71666e+02	2.07399e+03	1.39455e+03	4.39878e+00	2.25913e+00	1.08969e+02	0.00000e+00
7.07651e+02	2.71789e+02	2.07329e+03	1.39455e+03	4.40002e+00	2.26003e+00	1.08710e+02	0.00000e+00
7.09513e+02	2.71909e+02	2.07260e+03	1.39454e+03	4.40126e+00	2.26092e+00	1.08456e+02	0.00000e+00
7.11375e+02	2.72027e+02	2.07190e+03	1.39453e+03	4.40250e+00	2.26181e+00	1.08210e+02	0.00000e+00
7.13237e+02	2.72144e+02	2.07121e+03	1.39452e+03	4.40374e+00	2.26270e+00	1.07965e+02	0.00000e+00
7.15099e+02	2.72262e+02	2.07052e+03	1.39452e+03	4.40498e+00	2.26359e+00	1.07720e+02	0.00000e+00
7.16961e+02	2.72379e+02	2.06982e+03	1.39451e+03	4.40622e+00	2.26448e+00	1.07476e+02	0.00000e+00
7.18823e+02	2.72496e+02	2.06913e+03	1.39450e+03	4.40746e+00	2.26538e+00	1.07233e+02	0.00000e+00
7.20685e+02	2.72614e+02	2.06843e+03	1.39449e+03	4.40870e+00	2.26627e+00	1.06991e+02	0.00000e+00
7.22547e+02	2.72731e+02	2.06774e+03	1.39448e+03	4.40994e+00	2.26716e+00	1.06749e+02	0.00000e+00
7.24410e+02	2.72848e+02	2.06705e+03	1.39448e+03	4.41117e+00	2.26804e+00	1.06508e+02	0.00000e+00
7.26272e+02	2.72966e+02	2.06635e+03	1.39447e+03	4.41241e+00	2.26893e+00	1.06268e+02	0.00000e+00
7.28134e+02	2.73083e+02	2.06566e+03	1.39446e+03	4.41365e+00	2.26982e+00	1.06029e+02	0.00000e+00
7.29996e+02	2.73201e+02	2.06497e+03	1.39445e+03	4.41489e+00	2.27071e+00	1.05790e+02	0.00000e+00
7.31858e+02	2.73318e+02	2.06428e+03	1.39445e+03	4.41612e+00	2.27160e+00	1.05553e+02	0.00000e+00
7.33720e+02	2.73435e+02	2.06358e+03	1.39444e+03	4.41736e+00	2.27249e+00	1.05315e+02	0.00000e+00
7.35582e+02	2.73549e+02	2.06289e+03	1.39443e+03	4.41860e+00	2.27337e+00	1.05087e+02	0.00000e+00
7.37444e+02	2.73661e+02	2.06220e+03	1.39442e+03	4.41983e+00	2.27426e+00	1.04861e+02	0.00000e+00
7.39306e+02	2.73774e+02	2.06151e+03	1.39442e+03	4.42107e+00	2.27515e+00	1.04636e+02	0.00000e+00
7.41168e+02	2.73886e+02	2.06082e+03	1.39441e+03	4.42230e+00	2.27603e+00	1.04411e+02	0.00000e+00
7.43031e+02	2.73999e+02	2.06012e+03	1.39440e+03	4.42354e+00	2.27692e+00	1.04188e+02	0.00000e+00
7.44893e+02	2.74111e+02	2.05943e+03	1.39439e+03	4.42477e+00	2.27781e+00	1.03964e+02	0.00000e+00
7.46755e+02	2.74224e+02	2.05874e+03	1.39439e+03	4.42601e+00	2.27869e+00	1.03742e+02	0.00000e+00
7.48617e+02	2.74336e+02	2.05805e+03	1.39438e+03	4.42724e+00	2.27958e+00	1.03520e+02	0.00000e+00
7.50479e+02	2.74448e+02	2.05736e+03	1.39437e+03	4.42847e+00	2.28046e+00	1.03299e+02	0.00000e+00
7.52341e+02	2.74561e+02	2.05667e+03	1.39437e+03	4.42970e+00	2.28135e+00	1.03079e+02	0.00000e+00
7.54203e+02	2.74673e+02	2.05598e+03	1.39436e+03	4.43094e+00	2.28223e+00	1.02859e+02	0.00000e+00
7.56065e+02	2.74786e+02	2.05529e+03	1.39435e+03	4.43217e+00	2.28311e+00	1.02640e+02	0.00000e+00
7.57927e+02	2.74898e+02	2.05460e+03	1.39434e+03	4.43340e+00	2.28400e+00	1.02421e+02	0.00000e+00
7.59789e+02	2.75010e+02	2.05391e+03	1.39434e+03	4.43463e+00	2.28488e+00	1.02205e+02	0.00000e+00
7.61652e+02	2.75118e+02	2.05322e+03	1.39433e+03	4.43586e+00	2.28576e+00	1.01996e+02	0.00000e+00
7.63514e+02	2.75226e+02	2.05253e+03	1.39432e+03	4.43709e+00	2.28664e+00	1.01788e+02	0.00000e+00
7.65376e+02	2.75333e+02	2.05184e+03	1.39431e+03	4.43832e+00	2.28752e+00	1.01581e+02	0.00000e+00
7.67238e+02	2.75441e+02	2.05115e+03	1.39431e+03	4.43955e+00	2.28841e+00	1.01375e+02	0.00000e+00
7.69100e+02	2.75549e+02	2.05046e+03	1.39430e+03	4.44078e+00	2.28929e+00	1.01169e+02	0.00000e+00
7.70962e+02	2.75657e+02	2.04977e+03	1.39429e+03	4.44201e+00	2.29017e+00	1.00963e+02	0.00000e+00
7.72824e+02	2.75765e+02	2.04908e+03	1.39429e+03	4.44324e+00	2.29105e+00	1.00758e+02	0.00000e+00
7.74686e+02	2.75872e+02	2.04839e+03	1.39428e+03	4.44447e+00	2.29193e+00	1.00554e+02	0.00000e+00
7.76548e+02	2.75980e+02	2.04770e+03	1.39427e+03	4.44570e+00	2.29281e+00	1.00350e+02	0.00000e+00
7.78410e+02	2.76088e+02	2.04702e+03	1.39427e+03	4.44692e+00	2.29369e+00	1.00147e+02	0.00000e+00
7.80272e+02	2.76196e+02	2.04633e+03	1.39426e+03	4.44815e+00	2.29457e+00	9.99446e+01	0.00000e+00
7.82135e+02	2.76304e+02	2.04564e+03	1.39425e+03	4.44938e+00	2.29544e+00	9.97426e+01	0.00000e+00
7.83997e+02	2.76412e+02	2.04495e+03	1.39424e+03	4.45061e+00	2.29632e+00	9.95411e+01	0.00000e+00
7.85859e+02	2.76517e+02	2.04426e+03	1.39424e+03	4.45183e+00	2.29720e+00	9.93448e+01	0.00000e+00
7.87721e+02	2.76621e+02	2.04358e+03	1.39423e+03	4.45306e+00	2.29808e+00	9.91524e+01	0.00000e+00
7.89583e+02	2.76724e+02	2.04289e+03	1.39422e+03	4.45428e+00	2.29896e+00	9.89605e+01	0.00000e+00
7.91445e+02	2.76828e+02	2.04220e+03	1.39422e+03	4.45551e+00	2.29983e+00	9.87692e+01	0.00000e+00
7.93307e+02	2.76931e+02	2.04152e+03	1.39421e+03	4.45673e+00	2.30071e+00	9.85784e+01	0.00000e+00
7.95169e+02	2.77035e+02	2.04083e+03	1.39420e+03	4.45796e+00	2.30159e+00	9.83881e+01	0.00000e+00
7.97031e+02	2.77138e+02	2.04014e+03	1.39420e+03	4.45918e+00	2.30246e+00	9.81983e+01	0.00000e+00
7.98893e+02	2.77242e+02	2.03946e+03	1.39419e+03	4.46041e+00	2.30334e+00	9.80090e+01	0.00000e+00
8.00756e+02	2.77345e+02	2.03877e+03	1.39418e+03	4.46163e+00	2.30421e+00	9.78202e+01	0.00000e+00
8.02618e+02	2.77449e+02	2.03808e+03	1.39418e+03	4.46285e+00	2.30509e+00	9.76319e+01	0.00000e+00
8.04480e+02	2.77552e+02	2.03740e+03	1.39417e+03	4.46407e+00	2.30596e+00	9.74441e+01	0.00000e+00
8.06342e+02	2.77656e+02	2.03671e+03	1.39416e+03	4.46530e+00	2.30684e+00	9.72568e+01	0.00000e+00
8.08204e+02	2.77760e+02	2.03603e+03	1.39416e+03	4.46652e+00	2.30771e+00	9.70700e+01	0.00000e+00
8.10066e+02	2.77863e+02	2.03534e+03	1.39415e+03	4.46774e+00	2.30858e+00	9.68837e+01	0.00000e+00
8.11928e+02	2.77963e+02	2.03466e+03	1.39414e+03	4.46896e+00	2.30946e+00	9.67049e+01	0.00000e+00
8.13790e+02	2.78062e+02	2.03397e+03	1.39414e+03	4.47018e+00	2.31033e+00	9.65267e+01	0.00000e+00
8.15652e+02	2.78162e+02	2.03329e+03	1.39413e+03	4.47140e+00	2.31120e+00	9.63490e+01	0.00000e+00
8.17514e+02	2.78261e+02	2.03260e+03	1.39412e+03	4.47262e+00	2.31207e+00	9.61717e+01	0.00000e+00
8.19377e+02	2.78361e+02	2.03192e+03	1.39412e+03	4.47384e+00	2.31295e+00	9.59949e+01	0.00000e+00
8.21239e+02	2.78460e+02	2.03123e+03	1.39411e+03	4.47506e+00	2.31382e+00	9.58185e+01	0.00000e+00
8.23101e+02	2.78560e+02	2.03055e+03	1.39410e+03	4.47628e+00	2.31469e+00	9.56426e+01	0.00000e+00
8.24963e+02	2.78660e+02	2.02986e+03	1.39410e+03	4.47750e+00	2.31556e+00	9.54671e+01	0.00000e+00
8.26825e+02	2.78759e+02	2.02918e+03	1.39409e+03	4.47872e+00	2.31643e+00	9.52921e+01	0.00000e+00
8.28687e+02	2.78859e+02	2.02850e+03	1.39408e+03	4.47994e+00	2.31730e+00	9.51175e+01	0.00000e+00
8.30549e+02	2.78958e+02	2.02781e+03	1.39408e+03	4.48115e+00	2.31817e+00	9.49434e+01	0.00000e+00
8.32411e+02	2.79058e+02	2.02713e+03	1.39407e+03	4.48237e+00	2.31904e+00	9.47697e+01	0.00000e+00
8.34273e+02	2.79157e+02	2.02645e+03	1.39406e+03	4.48359e+00	2.31991e+00	9.45965e+01	0.00000e+00
8.36135e+02	2.79255e+02	2.02577e+03	1.39406e+03	4.48481e+00	2.32078e+00	9.44260e+01	0.00000e+00
8.37998e+02	2.79351e+02	2.02508e+03	1.39405e+03	4.48602e+00	2.32165e+00	9.42601e+01	0.00000e+00
8.39860e+02	2.79447e+02	2.02440e+03	1.39405e+03	4.48724e+00	2.32251e+00	9.40945e+01	0.00000e+00
8.41722e+02	2.79543e+02	2.02372e+03	1.39404e+03	4.48845e+00	2.32338e+00	9.39294e+01	0.00000e+00
8.43584e+02	2.79639e+02	2.02304e+03	1.39403e+03	4.48967e+00	2.32425e+00	9.37646e+01	0.00000e+00
8.45446e+02	2.79735e+02	2.02235e+03	1.39403e+03	4.49088e+00	2.32512e+00	9.36003e+01	0.00000e+00
8.47308e+02	2.79830e+02	2.02167e+03	1.39402e+03	4.49210e+00	2.32598e+00	9.34363e+01	0.00000e+00
8.49170e+02	2.79926e+02	2.02099e+03	1.39401e+03	4.49331e+00	2.32685e+00	9.32728e+01	0.00000e+00
8.51032e+02	2.80022e+02	2.02031e+03	1.39401e+03	4.49453e+00	2.32772e+00	9.31096e+01	0.00000e+00
8.52894e+02	2.80118e+02	2.01963e+03	1.39400e+03	4.49574e+00	2.32858e+00	9.29469e+01	0.00000e+00
8.54756e+02	2.80214e+02	2.01895e+03	1.39399e+03	4.49695e+00	2.32945e+00	9.27845e+01	0.00000e+00
8.56618e+02	2.80310e+02	2.01827e+03	1.39399e+03	4.49817e+00	2.33031e+00	9.26226e+01	0.00000e+00
8.58481e+02	2.80405e+02	2.01758e+03	1.39398e+03	4.49938e+00	2.33118e+00	9.24610e+01	0.00000e+00
8.60343e+02	2.80501e+02	2.01690e+03	1.39398e+03	4.50059e+00	2.33204e+00	9.22998e+01	0.00000e+00
8.62205e+02	2.80594e+02	2.01622e+03	1.39397e+03	4.50180e+00	2.33291e+00	9.21435e+01	0.00000e+00
8.64067e+02	2.80687e+02	2.01554e+03	1.39396e+03	4.50302e+00	2.33377e+00	9.19889e+01	0.00000e+00
8.65929e+02	2.80779e+02	2.01486e+03	1.39396e+03	4.50423e+00	2.33463e+00	9.18346e+01	0.00000e+00
8.67791e+02	2.80872e+02	2.01418e+03	1.39395e+03	4.50544e+00	2.33550e+00	9.16806e+01	0.00000e+00
8.69653e+02	2.80964e+02	2.01350e+03	1.39395e+03	4.50665e+00	2.33636e+00	9.15271e+01	0.00000e+00
8.71515e+02	2.81056e+02	2.01282e+03	1.39394e+03	4.50786e+00	2.33722e+00	9.13738e+01	0.00000e+00
8.73377e+02	2.81149e+02	2.01215e+03	1.39393e+03	4.50907e+00	2.33808e+00	9.12210e+01	0.00000e+00
8.75239e+02	2.81241e+02	2.01147e+03	1.39393e+03	4.51028e+00	2.33895e+00	9.10685e+01	0.00000e+00
8.77102e+02	2.81334e+02	2.01079e+03	1.39392e+03	4.51149e+00	2.33981e+00	9.09163e+01	0.00000e+00
8.78964e+02	2.81426e+02	2.01011e+03	1.39392e+03	4.51270e+00	2.34067e+00	9.07645e+01	0.00000e+00
8.80826e+02	2.81518e+02	2.00943e+03	1.39391e+03	4.51390e+00	2.34153e+00	9.06131e+01	0.00000e+00
8.82688e+02	2.81611e+02	2.00875e+03	1.39390e+03	4.51511e+00	2.34239e+00	9.04620e+01	0.00000e+00
8.84550e+02	2.81703e+02	2.00807e+03	1.39390e+03	4.51632e+00	2.34325e+00	9.03113e+01	0.00000e+00
8.86412e+02	2.81795e+02	2.00740e+03	1.39389e+03	4.51753e+00	2.34411e+00	9.01618e+01	0.00000e+00
8.88274e+02	2.81884e+02	2.00672e+03	1.39389e+03	4.51873e+00	2.34497e+00	9.00169e+01	0.00000e+00
8.90136e+02	2.81973e+02	2.00604e+03	1.39388e+03	4.51994e+00	2.34583e+00	8.98724e+01	0.00000e+00
8.91998e+02	2.82063e+02	2.00536e+03	1.39387e+03	4.52115e+00	2.34669e+00	8.97282e+01	0.00000e+00
8.93860e+02	2.82152e+02	2.00469e+03	1.39387e+03	4.52235e+00	2.34755e+00	8.95842e+01	0.00000e+00
8.95723e+02	2.82241e+02	2.00401e+03	1.39386e+03	4.52356e+00	2.34841e+00	8.94407e+01	0.00000e+00
8.97585e+02	2.82330e+02	2.00333e+03	1.39386e+03	4.52476e+00	2.34926e+00	8.92974e+01	0.00000e+00
8.99447e+02	2.82419e+02	2.00265e+03	1.39385e+03	4.52597e+00	2.35012e+00	8.91545e+01	0.00000e+00
9.01309e+02	2.82509e+02	2.00198e+03	1.39384e+03	4.52717e+00	2.35098e+00	8.90118e+01	0.00000e+00
9.03171e+02	2.82598e+02	2.00130e+03	1.39384e+03	4.52838e+00	2.35184e+00	8.88695e+01	0.00000e+00
9.05033e+02	2.82687e+02	2.00063e+03	1.39383e+03	4.52958e+00	2.35269e+00	8.87275e+01	0.00000e+00
9.06895e+02	2.82776e+02	1.99995e+03	1.39383e+03	4.53079e+00	2.35355e+00	8.85859e+01	0.00000e+00
9.08757e+02	2.82865e+02	1.99927e+03	1.39382e+03	4.53199e+00	2.35441e+00	8.84445e+01	0.00000e+00
9.10619e+02	2.82955e+02	1.99860e+03	1.39381e+03	4.53319e+00	2.35526e+00	8.83035e+01	0.00000e+00
9.12481e+02	2.83042e+02	1.99792e+03	1.39381e+03	4.53440e+00	2.35612e+00	8.81655e+01	0.00000e+00
9.14344e+02	2.83128e+02	1.99725e+03	1.39380e+03	4.53560e+00	2.35697e+00	8.80297e+01	0.00000e+00
9.16206e+02	2.83215e+02	1.99657e+03	1.39380e+03	4.53680e+00	2.35783e+00	8.78942e+01	0.00000e+00
9.18068e+02	2.83301e+02	1.99590e+03	1.39379e+03	4.53800e+00	2.35868e+00	8.77590e+01	0.00000e+00
9.19930e+02	2.83387e+02	1.99522e+03	1.39379e+03	4.53920e+00	2.35954e+00	8.76241e+01	0.00000e+00
9.21792e+02	2.83473e+02	1.99455e+03	1.39378e+03	4.54041e+00	2.36039e+00	8.74894e+01	0.00000e+00
9.23654e+02	2.83560e+02	1.99387e+03	1.39378e+03	4.54161e+00	2.36124e+00	8.73551e+01	0.00000e+00
9.25516e+02	2.83646e+02	1.99320e+03	1.39377e+03	4.54281e+00	2.36210e+00	8.72210e+01	0.00000e+00
9.27378e+02	2.83732e+02	1.99253e+03	1.39376e+03	4.54401e+00	2.36295e+00	8.70873e+01	0.00000e+00
9.29240e+02	2.83819e+02	1.99185e+03	1.39376e+03	4.54521e+00	2.36380e+00	8.69538e+01	0.00000e+00
9.31102e+02	2.83905e+02	1.99118e+03	1.39375e+03	4.54641e+00	2.36466e+00	8.68206e+01	0.00000e+00
9.32964e+02	2.83991e+02	1.99051e+03	1.39375e+03	4.54761e+00	2.36551e+00	8.66877e+01	0.00000e+00
9.34827e+02	2.84077e+02	1.98983e+03	1.39374e+03	4.54880e+00	2.36636e+00	8.65551e+01	0.00000e+00
9.36689e+02	2.84164e+02	1.98916e+03	1.39374e+03	4.55000e+00	2.36721e+00	8.64227e+01	0.00000e+00
9.38551e+02	2.84247e+02	1.98849e+03	1.39373e+03	4.55120e+00	2.36806e+00	8.62948e+01	0.00000e+00
9.40413e+02	2.84331e+02	1.98781e+03	1.39372e+03	4.55240e+00	2.36891e+00	8.61672e+01	0.00000e+00
9.42275e+02	2.84414e+02	1.98714e+03	1.39372e+03	4.55360e+00	2.36976e+00	8.60398e+01	0.00000e+00
9.44137e+02	2.84498e+02	1.98647e+03	1.39371e+03	4.55479e+00	2.37061e+00	8.59127e+01	0.00000e+00
9.45999e+02	2.84581e+02	1.98580e+03	1.39371e+03	4.55599e+00	2.37146e+00	8.57858e+01	0.00000e+00
9.47861e+02	2.84665e+02	1.98512e+03	1.39370e+03	4.55719e+00	2.37231e+00	8.56592e+01	0.00000e+00
9.49723e+02	2.84748e+02	1.98445e+03	1.39370e+03	4.55838e+00	2.37316e+00	8.55329e+01	0.00000e+00
9.51585e+02	2.84832e+02	1.98378e+03	1.39369e+03	4.55958e+00	2.37401e+00	8.54069e+01	0.00000e+00
9.53448e+02	2.84915e+02	1.98311e+03	1.39369e+03	4.56077e+00	2.37486e+00	8.52811e+01	0.00000e+00
9.55310e+02	2.84999e+02	1.98244e+03	1.39368e+03	4.56197e+00	2.37571e+00	8.51555e+01	0.00000e+00
9.57172e+02	2.85083e+02	1.98177e+03	3.53221e+03	4.58544e+00	2.60602e+00	4.05367e+13	0.00000e+00
1.06982e+03	2.96789e+02	1.96576e+03	3.53221e+03	4.58889e+00	2.60614e+00	1.52166e+13	0.00000e+00
1.18160e+03	3.08415e+02	1.94975e+03	3.53448e+03	8.03643e+00	4.56089e+00	6.17284e+12	0.00000e+00
1.29259e+03	3.19961e+02	1.93374e+03	3.53670e+03	8.04210e+00	4.56095e+00	2.68206e+12	0.00000e+00
1.40280e+03	3.31428e+02	1.91773e+03	3.53888e+03	8.04766e+00	4.56097e+00	1.23851e+12	0.00000e+00
1.51220e+03	3.42815e+02	1.90172e+03	3.54103e+03	8.05308e+00	4.56094e+00	6.03811e+11	0.00000e+00
1.62081e+03	3.54124e+02	1.88571e+03	3.54315e+03	8.05835e+00	4.56084e+00	3.09025e+11	0.00000e+00
1.72861e+03	3.65353e+02	1.86970e+03	3.54523e+03	8.06352e+00	4.56071e+00	1.65211e+11	0.00000e+00
1.83561e+03	3.76505e+02	1.85368e+03	3.54728e+03	8.06857e+00	4.56054e+00	9.18714e+10	0.00000e+00
1.94180e+03	3.87578e+02	1.83767e+03	3.54930e+03	8.14915e+00	4.62178e+00	5.29410e+10	0.00000e+00
2.04719e+03	3.98573e+02	1.82166e+03	3.57726e+03	8.22248e+00	4.67696e+00	3.15102e+10	0.00000e+00
2.15252e+03	4.09490e+02	1.80565e+03	3.60263e+03	8.24188e+00	4.68834e+00	1.93395e+10	0.00000e+00
2.25770e+03	4.20331e+02	1.78964e+03	3.60952e+03	8.24660e+00	4.68785e+00	1.22049e+10	0.00000e+00
2.36215e+03	4.31095e+02	1.77363e+03	3.61140e+03	8.25125e+00	4.68735e+00	7.89439e+09	0.00000e+00
2.46572e+03	4.41782e+02	1.75762e+03	3.61326e+03	8.25579e+00	4.68680e+00	5.22192e+09	0.00000e+00
2.56842e+03	4.52393e+02	1.74161e+03	3.61509e+03	8.26025e+00	4.68625e+00	3.52609e+09	0.00000e+00
2.67023e+03	4.62928e+02	1.72560e+03	3.61689e+03	8.43264e+00	4.78245e+00	2.42669e+09	0.00000e+00
2.77115e+03	4.73388e+02	1.70959e+03	3.63245e+03	8.43671e+00	4.78165e+00	1.69969e+09	0.00000e+00
2.87156e+03	4.83773e+02	1.69358e+03	3.63415e+03	8.44075e+00	4.78085e+00	1.21063e+09	0.00000e+00
2.97107e+03	4.94084e+02	1.67757e+03	3.63585e+03	8.44467e+00	4.78001e+00	8.75369e+08	0.00000e+00
3.06966e+03	5.04321e+02	1.66156e+03	3.63752e+03	8.44854e+00	4.77917e+00	6.41883e+08	0.00000e+00
3.16734e+03	5.14484e+02	1.64555e+03	3.63916e+03	8.45232e+00	4.77831e+00	4.76856e+08	0.00000e+00
3.26409e+03	5.24574e+02	1.62954e+03	3.64079e+03	8.45603e+00	4.77743e+00	3.58595e+08	0.00000e+00
3.35993e+03	5.34591e+02	1.61353e+03	3.64238e+03	8.45967e+00	4.77654e+00	2.72749e+08	0.00000e+00
3.45485e+03	5.44537e+02	1.59752e+03	3.64396e+03	8.46322e+00	4.77564e+00	2.09673e+08	0.00000e+00
3.54883e+03	5.54411e+02	1.58151e+03	3.64551e+03	8.46672e+00	4.77472e+00	1.62801e+08	0.00000e+00
3.64189e+03	5.64214e+02	1.56550e+03	3.64705e+03	8.47013e+00	4.77379e+00	1.27596e+08	0.00000e+00
3.73401e+03	5.73947e+02	1.54949e+03	3.64855e+03	8.47349e+00	4.77285e+00	1.00888e+08	0.00000e+00
3.82519e+03	5.83610e+02	1.53348e+03	3.65004e+03	8.47676e+00	4.77190e+00	8.04329e+07	0.00000e+00
3.91543e+03	5.93204e+02	1.51746e+03	3.65150e+03	8.47997e+00	4.77094e+00	6.46271e+07	0.00000e+00
4.00473e+03	6.02729e+02	1.50145e+03	3.65294e+03	8.48312e+00	4.76996e+00	5.23105e+07	0.00000e+00
4.09308e+03	6.12187e+02	1.48544e+03	3.65436e+03	8.48619e+00	4.76898e+00	4.26360e+07	0.00000e+00
4.18048e+03	6.21578e+02	1.46943e+03	3.65576e+03	8.48920e+00	4.76799e+00	3.49793e+07	0.00000e+00
4.26693e+03	6.30903e+02	1.45342e+03	3.65714e+03	8.49214e+00	4.76698e+00	2.88761e+07	0.00000e+00
4.35242e+03	6.40163e+02	1.43741e+03	3.65849e+03	8.49502e+00	4.76597e+00	2.39782e+07	0.00000e+00
4.43694e+03	6.49357e+02	1.42140e+03	3.65982e+03	8.49782e+00	4.76495e+00	2.00220e+07	0.00000e+00
4.52051e+03	6.58489e+02	1.40539e+03	3.66113e+03	8.50057e+00	4.76392e+00	1.68070e+07	0.00000e+00
4.60311e+03	6.67557e+02	1.38938e+03	3.66242e+03	8.50324e+00	4.76288e+00	1.41789e+07	0.00000e+00
4.68473e+03	6.76563e+02	1.37337e+03	3.66369e+03	8.50586e+00	4.76183e+00	1.20187e+07	0.00000e+00
4.76538e+03	6.85509e+02	1.35736e+03	3.66494e+03	8.50839e+00	4.76077e+00	1.02337e+07	0.00000e+00
4.84505e+03	6.94395e+02	1.34135e+03	3.66616e+03	8.51088e+00	4.75970e+00	8.75127e+06	0.00000e+00
4.92374e+03	7.03222e+02	1.32534e+03	3.66737e+03	8.51329e+00	4.75862e+00	7.51414e+06	0.00000e+00
5.00145e+03	7.11992e+02	1.30933e+03	3.66855e+03	8.51564e+00	4.75753e+00	6.47698e+06	0.00000e+00
5.07816e+03	7.20706e+02	1.29332e+03	3.66971e+03	8.51791e+00	4.75643e+00	5.60363e+06	0.00000e+00
5.15388e+03	7.29364e+02	1.27731e+03	3.67085e+03	8.52013e+00	4.75533e+00	4.86511e+06	0.00000e+00
5.22860e+03	7.37969e+02	1.26130e+03	3.67196e+03	8.52227e+00	4.75421e+00	4.23810e+06	0.00000e+00
5.30233e+03	7.46521e+02	1.24529e+03	3.67306e+03	8.52435e+00	4.75308e+00	3.70368e+06	0.00000e+00
5.37504e+03	7.55022e+02	1.22928e+03	3.67413e+03	8.52635e+00	4.75194e+00	3.24650e+06	0.00000e+00
5.44674e+03	7.63474e+02	1.21327e+03	3.67518e+03	8.52829e+00	4.75079e+00	2.85400e+06	0.00000e+00
5.51743e+03	7.71879e+02	1.19726e+03	3.67621e+03	8.53016e+00	4.74962e+00	2.51587e+06	0.00000e+00
5.58710e+03	7.80237e+02	1.18125e+03	3.67722e+03	8.53196e+00	4.74845e+00	2.22364e+06	0.00000e+00
5.65575e+03	7.88552e+02	1.16523e+03	3.67820e+03	8.53367e+00	4.74726e+00	1.97026e+06	0.00000e+00
5.72336e+03	7.96824e+02	1.14922e+03	3.67916e+03	8.53533e+00	4.74606e+00	1.74991e+06	0.00000e+00
5.78994e+03	8.05056e+02	1.13321e+03	3.68010e+03	8.53690e+00	4.74484e+00	1.55773e+06	0.00000e+00
5.85549e+03	8.13250e+02	1.11720e+03	3.68101e+03	8.53841e+00	4.74361e+00	1.38964e+06	0.00000e+00
5.91998e+03	8.21408e+02	1.10119e+03	3.68191e+03	8.53983e+00	4.74236e+00	1.24222e+06	0.00000e+00
5.98343e+03	8.29533e+02	1.08518e+03	3.68277e+03	8.54119e+00	4.74110e+00	1.11259e+06	0.00000e+00
6.04582e+03	8.37627e+02	1.06917e+03	3.68362e+03	8.54694e+00	4.74243e+00	9.98318e+05	0.00000e+00
6.10715e+03	8.45693e+02	1.05316e+03	3.68524e+03	8.55399e+00	4.74436e+00	8.97341e+05	0.00000e+00
6.16742e+03	8.53733e+02	1.03715e+03	3.68738e+03	8.56100e+00	4.74620e+00	8.07908e+05	0.00000e+00
6.22663e+03	8.61752e+02	1.02114e+03	3.68939e+03	8.56833e+00	4.74832e+00	7.28521e+05	0.00000e+00
6.28478e+03	8.69751e+02	1.00513e+03	3.69078e+03	8.57517e+00	4.75031e+00	6.57895e+05	0.00000e+00
6.34185e+03	8.77735e+02	9.89120e+02	3.69204e+03	8.58013e+00	4.75172e+00	5.94927e+05	0.00000e+00
6.39782e+03	8.85707e+02	9.73109e+02	3.69367e+03	8.58468e+00	4.75296e+00	5.38672e+05	0.00000e+00
6.45270e+03	8.93671e+02	9.57099e+02	3.69531e+03	8.59145e+00	4.75443e+00	4.88315e+05	0.00000e+00
6.50647e+03	9.01632e+02	9.41089e+02	3.69739e+03	8.59828e+00	4.75582e+00	4.43152e+05	0.00000e+00
6.55912e+03	9.09593e+02	9.25078e+02	3.69956e+03	8.60341e+00	4.75656e+00	4.02573e+05	0.00000e+00
6.61066e+03	9.17560e+02	9.09068e+02	3.69996e+03	8.60809e+00	4.75706e+00	3.66047e+05	0.00000e+00
6.66104e+03	9.25537e+02	8.93057e+02	3.69992e+03	8.61234e+00	4.75786e+00	3.33110e+05	0.00000e+00
6.71025e+03	9.33531e+02	8.77047e+02	3.70250e+03	8.61619e+00	4.75874e+00	3.03358e+05	0.00000e+00
6.75830e+03	9.41547e+02	8.61036e+02	3.70640e+03	8.62032e+00	4.75907e+00	2.76446e+05	0.00000e+00
6.80521e+03	9.49591e+02	8.45026e+02	3.70755e+03	8.62472e+00	4.75886e+00	2.52064e+05	0.00000e+00
6.85092e+03	9.57671e+02	8.29015e+02	3.70598e+03	8.62844e+00	4.75921e+00	2.29939e+05	0.00000e+00
6.89537e+03	9.65793e+02	8.13005e+02	3.70561e+03	8.63110e+00	4.76072e+00	2.09831e+05	0.00000e+00
6.93858e+03	9.73967e+02	7.96994e+02	3.70773e+03	8.63429e+00	4.76169e+00	1.91531e+05	0.00000e+00
6.98056e+03	9.82199e+02	7.80984e+02	3.70963e+03	8.64008e+00	4.76080e+00	1.74858e+05	0.00000e+00
7.02128e+03	9.90501e+02	7.64974e+02	3.71065e+03	8.64499e+00	4.75969e+00	1.59648e+05	0.00000e+00
7.06072e+03	9.98882e+02	7.48963e+02	3.71178e+03	8.64385e+00	4.75831e+00	1.45754e+05	0.00000e+00
7.06072e+03	9.98882e+02	7.48963e+02	7.02772e+03	2.82544e+00	0.00000e+00	1.00000e+04	0.00000e+00
7.43592e+03	9.99992e+02	6.65745e+02	7.04456e+03	2.82206e+00	0.00000e+00	1.00000e+04	0.00000e+00
7.58699e+03	1.00110e+03	5.82527e+02	7.06061e+03	2.86243e+00	0.00000e+00	1.00000e+04	0.00000e+00
7.45268e+03	1.00221e+03	4.99309e+02	7.07679e+03	2.87650e+00	0.00000e+00	1.00000e+04	0.00000e+00
6.92824e+03	1.00332e+03	4.16091e+02	7.09443e+03	2.85753e+00	0.00000e+00	1.00000e+04	0.00000e+00
5.81742e+03	1.00443e+03	3.32872e+02	7.11641e+03	2.79229e+00	0.00000e+00	1.00000e+04	0.00000e+00
3.70379e+03	1.00554e+03	2.49654e+02	7.15460e+03	2.65174e+00	0.00000e+00	1.00000e+04	0.00000e+00
-4.79132e+02	1.00665e+03	1.66436e+02	6.78553e+03	2.44185e+00	0.00000e+00	1.00000e+04	0.00000e+00
-9.85159e+03	1.00776e+03	8.32181e+01	6.75268e+03	1.76211e+00	0.00000e+00	1.00000e+04	0.00000e+00
-4.77808e+04	1.00887e+03	0.00000e+00	6.75890e+03	0.00000e+00-1.83297e+00i	0.00000e+00	1.00000e+04	0.00000e+00
