P (MPa)		T (K)		r (km)		rho (kg m-3)	VP (km s-1)	VS (km s-1)	QS/gamma	KS (GPa)	GS (GPa)	k for 0.01 mol/kg MgSO4 (S m-1)	
0.00000e+00	1.10000e+02	2.41030e+03	9.31988e+02	3.87940e+00	1.96225e+00	1.65838e+04	9.24000e+00	3.58800e+00	0.00000e+00
1.63774e+00	1.26087e+02	2.40927e+03	9.31988e+02	3.88188e+00	1.96376e+00	4.45855e+03	9.24540e+00	3.59152e+00	0.00000e+00
3.27548e+00	1.44526e+02	2.40824e+03	9.32131e+02	3.88496e+00	1.96558e+00	1.41739e+03	9.25078e+00	3.59502e+00	0.00000e+00
4.91321e+00	1.65661e+02	2.40720e+03	9.32273e+02	3.88892e+00	1.96784e+00	5.21535e+02	9.25615e+00	3.59853e+00	0.00000e+00
6.55095e+00	1.89888e+02	2.40617e+03	9.32414e+02	3.89417e+00	1.97075e+00	2.18009e+02	9.26151e+00	3.60203e+00	0.00000e+00
8.18869e+00	2.17658e+02	2.40514e+03	9.32555e+02	3.90117e+00	1.97455e+00	1.01858e+02	9.26685e+00	3.60552e+00	0.00000e+00
9.82643e+00	2.49488e+02	2.40411e+03	9.32694e+02	3.91031e+00	1.97943e+00	5.24423e+01	9.27218e+00	3.60901e+00	0.00000e+00
1.14642e+01	2.49505e+02	2.40308e+03	9.32833e+02	3.91132e+00	1.98019e+00	5.24263e+01	9.27749e+00	3.61249e+00	0.00000e+00
1.31019e+01	2.49522e+02	2.40206e+03	9.32970e+02	3.91232e+00	1.98095e+00	5.24102e+01	9.28279e+00	3.61597e+00	0.00000e+00
1.47396e+01	2.49539e+02	2.40103e+03	9.33107e+02	3.91332e+00	1.98172e+00	5.23940e+01	9.28808e+00	3.61944e+00	0.00000e+00
1.63774e+01	2.49556e+02	2.40000e+03	9.33242e+02	3.91432e+00	1.98247e+00	5.23777e+01	9.29335e+00	3.62291e+00	0.00000e+00
1.80151e+01	2.49573e+02	2.39897e+03	9.33377e+02	3.91531e+00	1.98323e+00	5.23612e+01	9.29861e+00	3.62637e+00	0.00000e+00
1.96529e+01	2.49591e+02	2.39795e+03	9.33510e+02	3.91630e+00	1.98399e+00	5.23446e+01	9.30385e+00	3.62983e+00	0.00000e+00
2.12906e+01	2.49608e+02	2.39692e+03	9.33643e+02	3.91728e+00	1.98474e+00	5.23278e+01	9.30908e+00	3.63328e+00	0.00000e+00
2.29283e+01	2.49626e+02	2.39589e+03	9.33774e+02	3.91827e+00	1.98549e+00	5.23109e+01	9.31430e+00	3.63672e+00	0.00000e+00
2.45661e+01	2.49644e+02	2.39487e+03	9.33904e+02	3.91925e+00	1.98624e+00	5.22939e+01	9.31950e+00	3.64016e+00	0.00000e+00
2.62038e+01	2.49662e+02	2.39385e+03	9.34032e+02	3.92022e+00	1.98699e+00	5.22768e+01	9.32469e+00	3.64360e+00	0.00000e+00
2.78415e+01	2.49680e+02	2.39282e+03	9.34159e+02	3.92120e+00	1.98773e+00	5.22595e+01	9.32986e+00	3.64703e+00	0.00000e+00
2.94793e+01	2.49699e+02	2.39180e+03	9.34285e+02	3.92217e+00	1.98848e+00	5.22420e+01	9.33502e+00	3.65045e+00	0.00000e+00
3.11170e+01	2.49717e+02	2.39078e+03	9.34410e+02	3.92313e+00	1.98922e+00	5.22245e+01	9.34017e+00	3.65387e+00	0.00000e+00
3.27548e+01	2.49736e+02	2.38975e+03	9.34533e+02	3.92410e+00	1.98996e+00	5.22068e+01	9.34530e+00	3.65728e+00	0.00000e+00
3.43925e+01	2.49755e+02	2.38873e+03	9.34654e+02	3.92506e+00	1.99070e+00	5.21889e+01	9.35042e+00	3.66069e+00	0.00000e+00
3.60302e+01	2.49774e+02	2.38771e+03	9.34774e+02	3.92602e+00	1.99143e+00	5.21709e+01	9.35552e+00	3.66409e+00	0.00000e+00
3.76680e+01	2.49793e+02	2.38669e+03	9.34893e+02	3.92697e+00	1.99217e+00	5.21528e+01	9.36062e+00	3.66749e+00	0.00000e+00
3.93057e+01	2.49812e+02	2.38567e+03	9.35009e+02	3.92793e+00	1.99290e+00	5.21345e+01	9.36569e+00	3.67088e+00	0.00000e+00
4.09434e+01	2.49832e+02	2.38465e+03	9.35125e+02	3.92888e+00	1.99363e+00	5.21161e+01	9.37075e+00	3.67427e+00	0.00000e+00
4.25812e+01	2.49851e+02	2.38363e+03	9.35238e+02	3.92982e+00	1.99436e+00	5.20975e+01	9.37580e+00	3.67765e+00	0.00000e+00
4.42189e+01	2.49871e+02	2.38261e+03	9.35349e+02	3.93077e+00	1.99509e+00	5.20788e+01	9.38084e+00	3.68103e+00	0.00000e+00
4.58567e+01	2.49891e+02	2.38160e+03	9.35459e+02	3.93171e+00	1.99582e+00	5.20600e+01	9.38586e+00	3.68440e+00	0.00000e+00
4.74944e+01	2.49911e+02	2.38058e+03	9.35567e+02	3.93265e+00	1.99654e+00	5.20410e+01	9.39087e+00	3.68776e+00	0.00000e+00
4.91321e+01	2.49932e+02	2.37956e+03	9.35673e+02	3.93358e+00	1.99727e+00	5.20218e+01	9.39586e+00	3.69112e+00	0.00000e+00
5.07699e+01	2.49952e+02	2.37854e+03	9.35777e+02	3.93452e+00	1.99799e+00	5.20025e+01	9.40084e+00	3.69448e+00	0.00000e+00
5.24076e+01	2.49973e+02	2.37753e+03	9.35879e+02	3.93545e+00	1.99871e+00	5.19830e+01	9.40580e+00	3.69782e+00	0.00000e+00
5.40453e+01	2.49993e+02	2.37651e+03	9.35979e+02	3.93638e+00	1.99943e+00	5.19634e+01	9.41076e+00	3.70117e+00	0.00000e+00
5.56831e+01	2.50014e+02	2.37550e+03	9.36076e+02	3.93730e+00	2.00015e+00	5.19436e+01	9.41569e+00	3.70451e+00	0.00000e+00
5.73208e+01	2.50036e+02	2.37448e+03	9.36172e+02	3.93822e+00	2.00086e+00	5.19237e+01	9.42062e+00	3.70784e+00	0.00000e+00
5.89586e+01	2.50057e+02	2.37347e+03	9.36265e+02	3.93914e+00	2.00158e+00	5.19036e+01	9.42553e+00	3.71117e+00	0.00000e+00
6.05963e+01	2.50079e+02	2.37246e+03	9.36356e+02	3.94006e+00	2.00229e+00	5.18834e+01	9.43042e+00	3.71449e+00	0.00000e+00
6.22340e+01	2.50100e+02	2.37144e+03	9.36444e+02	3.94098e+00	2.00300e+00	5.18630e+01	9.43530e+00	3.71781e+00	0.00000e+00
6.38718e+01	2.50122e+02	2.37043e+03	9.36530e+02	3.94189e+00	2.00371e+00	5.18424e+01	9.44017e+00	3.72112e+00	0.00000e+00
6.55095e+01	2.50144e+02	2.36942e+03	9.36614e+02	3.94280e+00	2.00442e+00	5.18217e+01	9.44502e+00	3.72442e+00	0.00000e+00
6.71473e+01	2.50167e+02	2.36841e+03	9.36695e+02	3.94371e+00	2.00513e+00	5.18008e+01	9.44986e+00	3.72772e+00	0.00000e+00
6.87850e+01	2.50189e+02	2.36740e+03	9.36773e+02	3.94462e+00	2.00583e+00	5.17798e+01	9.45469e+00	3.73102e+00	0.00000e+00
7.04227e+01	2.50212e+02	2.36639e+03	9.36849e+02	3.94552e+00	2.00654e+00	5.17586e+01	9.45950e+00	3.73431e+00	0.00000e+00
7.20605e+01	2.50234e+02	2.36538e+03	9.36922e+02	3.94642e+00	2.00724e+00	5.17372e+01	9.46430e+00	3.73759e+00	0.00000e+00
7.36982e+01	2.50258e+02	2.36437e+03	9.36992e+02	3.94732e+00	2.00794e+00	5.17156e+01	9.46908e+00	3.74087e+00	0.00000e+00
7.53359e+01	2.50281e+02	2.36336e+03	9.37059e+02	3.94822e+00	2.00864e+00	5.16939e+01	9.47385e+00	3.74415e+00	0.00000e+00
7.69737e+01	2.50304e+02	2.36235e+03	9.37124e+02	3.94912e+00	2.00934e+00	5.16720e+01	9.47861e+00	3.74741e+00	0.00000e+00
7.86114e+01	2.50328e+02	2.36134e+03	9.37185e+02	3.95001e+00	2.01004e+00	5.16500e+01	9.48335e+00	3.75068e+00	0.00000e+00
8.02492e+01	2.50352e+02	2.36033e+03	9.37244e+02	3.95090e+00	2.01074e+00	5.16277e+01	9.48808e+00	3.75394e+00	0.00000e+00
8.18869e+01	2.50376e+02	2.35933e+03	9.37299e+02	3.95179e+00	2.01143e+00	5.16053e+01	9.49279e+00	3.75719e+00	0.00000e+00
8.35246e+01	2.50400e+02	2.35832e+03	9.37351e+02	3.95268e+00	2.01213e+00	5.15827e+01	9.49749e+00	3.76043e+00	0.00000e+00
8.51624e+01	2.50424e+02	2.35731e+03	9.37400e+02	3.95356e+00	2.01282e+00	5.15600e+01	9.50218e+00	3.76368e+00	0.00000e+00
8.68001e+01	2.50449e+02	2.35631e+03	9.37445e+02	3.95445e+00	2.01351e+00	5.15370e+01	9.50685e+00	3.76691e+00	0.00000e+00
8.84378e+01	2.50474e+02	2.35530e+03	9.37487e+02	3.95533e+00	2.01420e+00	5.15139e+01	9.51151e+00	3.77014e+00	0.00000e+00
9.00756e+01	2.50499e+02	2.35430e+03	9.37526e+02	3.95621e+00	2.01489e+00	5.14906e+01	9.51615e+00	3.77337e+00	0.00000e+00
9.17133e+01	2.50524e+02	2.35329e+03	9.37561e+02	3.95708e+00	2.01558e+00	5.14672e+01	9.52078e+00	3.77659e+00	0.00000e+00
9.33511e+01	2.50550e+02	2.35229e+03	9.37592e+02	3.95796e+00	2.01627e+00	5.14435e+01	9.52540e+00	3.77980e+00	0.00000e+00
9.49888e+01	2.50575e+02	2.35129e+03	9.37620e+02	3.95883e+00	2.01696e+00	5.14196e+01	9.53000e+00	3.78301e+00	0.00000e+00
9.66265e+01	2.50601e+02	2.35028e+03	9.37644e+02	3.95971e+00	2.01764e+00	5.13956e+01	9.53459e+00	3.78622e+00	0.00000e+00
9.82643e+01	2.50627e+02	2.34928e+03	9.37664e+02	3.96058e+00	2.01833e+00	5.13714e+01	9.53917e+00	3.78942e+00	0.00000e+00
9.99020e+01	2.50654e+02	2.34828e+03	9.37680e+02	3.96144e+00	2.01901e+00	5.13470e+01	9.54373e+00	3.79261e+00	0.00000e+00
1.01540e+02	2.50680e+02	2.34728e+03	9.37693e+02	3.96231e+00	2.01969e+00	5.13224e+01	9.54827e+00	3.79580e+00	0.00000e+00
1.03177e+02	2.50707e+02	2.34627e+03	9.37701e+02	3.96317e+00	2.02037e+00	5.12976e+01	9.55281e+00	3.79898e+00	0.00000e+00
1.04815e+02	2.50734e+02	2.34527e+03	9.37706e+02	3.96404e+00	2.02105e+00	5.12726e+01	9.55733e+00	3.80216e+00	0.00000e+00
1.06453e+02	2.50761e+02	2.34427e+03	9.37706e+02	3.96490e+00	2.02173e+00	5.12475e+01	9.56183e+00	3.80533e+00	0.00000e+00
1.08091e+02	2.50789e+02	2.34327e+03	9.37702e+02	3.96576e+00	2.02241e+00	5.12221e+01	9.56632e+00	3.80850e+00	0.00000e+00
1.09728e+02	2.50817e+02	2.34227e+03	9.37694e+02	3.96662e+00	2.02308e+00	5.11965e+01	9.57080e+00	3.81166e+00	0.00000e+00
1.11366e+02	2.50845e+02	2.34127e+03	9.37681e+02	3.96747e+00	2.02376e+00	5.11708e+01	9.57526e+00	3.81481e+00	0.00000e+00
1.13004e+02	2.50873e+02	2.34027e+03	9.37664e+02	3.96833e+00	2.02443e+00	5.11448e+01	9.57971e+00	3.81796e+00	0.00000e+00
1.14642e+02	2.50901e+02	2.33927e+03	9.37642e+02	3.96918e+00	2.02511e+00	5.11187e+01	9.58415e+00	3.82111e+00	0.00000e+00
1.16279e+02	2.50930e+02	2.33828e+03	9.37616e+02	3.97003e+00	2.02578e+00	5.10923e+01	9.58857e+00	3.82425e+00	0.00000e+00
1.17917e+02	2.50959e+02	2.33728e+03	9.37586e+02	3.97088e+00	2.02645e+00	5.10657e+01	9.59297e+00	3.82738e+00	0.00000e+00
1.19555e+02	2.50988e+02	2.33628e+03	9.37550e+02	3.97173e+00	2.02712e+00	5.10390e+01	9.59737e+00	3.83051e+00	0.00000e+00
1.21193e+02	2.51017e+02	2.33528e+03	9.37510e+02	3.97258e+00	2.02779e+00	5.10120e+01	9.60175e+00	3.83363e+00	0.00000e+00
1.22830e+02	2.51047e+02	2.33429e+03	9.37466e+02	3.97342e+00	2.02846e+00	5.09848e+01	9.60611e+00	3.83675e+00	0.00000e+00
1.24468e+02	2.51077e+02	2.33329e+03	9.37416e+02	3.97427e+00	2.02913e+00	5.09574e+01	9.61046e+00	3.83987e+00	0.00000e+00
1.26106e+02	2.51107e+02	2.33229e+03	9.37362e+02	3.97511e+00	2.02980e+00	5.09298e+01	9.61480e+00	3.84297e+00	0.00000e+00
1.27744e+02	2.51137e+02	2.33130e+03	9.37303e+02	3.97595e+00	2.03046e+00	5.09020e+01	9.61913e+00	3.84607e+00	0.00000e+00
1.29381e+02	2.51168e+02	2.33030e+03	9.37239e+02	3.97679e+00	2.03113e+00	5.08740e+01	9.62344e+00	3.84917e+00	0.00000e+00
1.31019e+02	2.51199e+02	2.32931e+03	9.37170e+02	3.97763e+00	2.03179e+00	5.08457e+01	9.62773e+00	3.85226e+00	0.00000e+00
1.32657e+02	2.51230e+02	2.32831e+03	9.37095e+02	3.97846e+00	2.03245e+00	5.08173e+01	9.63201e+00	3.85535e+00	0.00000e+00
1.34295e+02	2.51262e+02	2.32732e+03	9.37016e+02	3.97930e+00	2.03312e+00	5.07886e+01	9.63628e+00	3.85843e+00	0.00000e+00
1.35932e+02	2.51293e+02	2.32632e+03	9.36932e+02	3.98013e+00	2.03378e+00	5.07597e+01	9.64053e+00	3.86150e+00	0.00000e+00
1.37570e+02	2.51325e+02	2.32533e+03	9.36843e+02	3.98097e+00	2.03444e+00	5.07306e+01	9.64477e+00	3.86457e+00	0.00000e+00
1.39208e+02	2.51358e+02	2.32434e+03	9.36749e+02	3.98180e+00	2.03510e+00	5.07012e+01	9.64900e+00	3.86764e+00	0.00000e+00
1.40845e+02	2.51390e+02	2.32334e+03	9.36649e+02	3.98263e+00	2.03576e+00	5.06717e+01	9.65321e+00	3.87070e+00	0.00000e+00
1.42483e+02	2.51423e+02	2.32235e+03	9.36545e+02	3.98346e+00	2.03642e+00	5.06419e+01	9.65741e+00	3.87375e+00	0.00000e+00
1.44121e+02	2.51456e+02	2.32136e+03	9.36435e+02	3.98428e+00	2.03707e+00	5.06119e+01	9.66159e+00	3.87680e+00	0.00000e+00
1.45759e+02	2.51490e+02	2.32037e+03	9.36321e+02	3.98511e+00	2.03773e+00	5.05816e+01	9.66577e+00	3.87984e+00	0.00000e+00
1.47396e+02	2.51523e+02	2.31938e+03	9.36201e+02	3.98593e+00	2.03839e+00	5.05512e+01	9.66992e+00	3.88288e+00	0.00000e+00
1.49034e+02	2.51557e+02	2.31838e+03	9.36077e+02	3.98676e+00	2.03904e+00	5.05205e+01	9.67406e+00	3.88591e+00	0.00000e+00
1.50672e+02	2.51591e+02	2.31739e+03	9.35947e+02	3.98758e+00	2.03969e+00	5.04895e+01	9.67819e+00	3.88894e+00	0.00000e+00
1.52310e+02	2.51626e+02	2.31640e+03	9.35812e+02	3.98840e+00	2.04035e+00	5.04583e+01	9.68231e+00	3.89196e+00	0.00000e+00
1.53947e+02	2.51661e+02	2.31541e+03	9.35673e+02	3.98922e+00	2.04100e+00	5.04269e+01	9.68641e+00	3.89498e+00	0.00000e+00
1.55585e+02	2.51696e+02	2.31442e+03	9.35529e+02	3.99004e+00	2.04165e+00	5.03953e+01	9.69049e+00	3.89799e+00	0.00000e+00
1.57223e+02	2.51731e+02	2.31343e+03	9.35380e+02	3.99085e+00	2.04230e+00	5.03634e+01	9.69457e+00	3.90100e+00	0.00000e+00
1.58861e+02	2.51767e+02	2.31244e+03	9.35226e+02	3.99167e+00	2.04295e+00	5.03313e+01	9.69862e+00	3.90400e+00	0.00000e+00
1.60498e+02	2.57342e+02	2.31145e+03	9.34786e+02	3.99403e+00	2.04440e+00	4.56574e+01	9.70267e+00	3.90699e+00	0.00000e+00
1.62136e+02	2.57400e+02	2.31046e+03	9.34905e+02	3.99485e+00	2.04505e+00	4.56125e+01	9.70670e+00	3.90998e+00	0.00000e+00
1.63998e+02	2.57419e+02	2.30948e+03	1.07371e+03	1.63090e+00	0.00000e+00	0.00000e+00	2.85587e+00	0.00000e+00	3.93033e-02
1.65860e+02	2.57439e+02	2.30850e+03	1.07441e+03	1.63473e+00	0.00000e+00	0.00000e+00	2.87119e+00	0.00000e+00	3.93819e-02
1.67722e+02	2.57460e+02	2.30752e+03	1.07510e+03	1.63857e+00	0.00000e+00	0.00000e+00	2.88654e+00	0.00000e+00	3.94614e-02
1.69584e+02	2.57480e+02	2.30655e+03	1.07579e+03	1.64239e+00	0.00000e+00	0.00000e+00	2.90190e+00	0.00000e+00	3.95416e-02
1.71446e+02	2.57501e+02	2.30557e+03	1.07648e+03	1.64621e+00	0.00000e+00	0.00000e+00	2.91728e+00	0.00000e+00	3.96225e-02
1.73308e+02	2.57522e+02	2.30460e+03	1.07717e+03	1.65003e+00	0.00000e+00	0.00000e+00	2.93268e+00	0.00000e+00	3.97042e-02
1.75169e+02	2.57544e+02	2.30362e+03	1.07785e+03	1.65383e+00	0.00000e+00	0.00000e+00	2.94809e+00	0.00000e+00	3.97867e-02
1.77031e+02	2.57566e+02	2.30265e+03	1.07853e+03	1.65763e+00	0.00000e+00	0.00000e+00	2.96353e+00	0.00000e+00	3.98699e-02
1.78893e+02	2.57589e+02	2.30168e+03	1.07920e+03	1.66143e+00	0.00000e+00	0.00000e+00	2.97897e+00	0.00000e+00	3.99538e-02
1.80755e+02	2.57611e+02	2.30071e+03	1.07988e+03	1.66522e+00	0.00000e+00	0.00000e+00	2.99444e+00	0.00000e+00	4.00385e-02
1.82617e+02	2.57634e+02	2.29974e+03	1.08055e+03	1.66900e+00	0.00000e+00	0.00000e+00	3.00991e+00	0.00000e+00	4.01239e-02
1.84479e+02	2.57658e+02	2.29877e+03	1.08121e+03	1.67277e+00	0.00000e+00	0.00000e+00	3.02540e+00	0.00000e+00	4.02099e-02
1.86341e+02	2.57681e+02	2.29780e+03	1.08188e+03	1.67653e+00	0.00000e+00	0.00000e+00	3.04090e+00	0.00000e+00	4.02967e-02
1.88203e+02	2.57706e+02	2.29684e+03	1.08254e+03	1.68029e+00	0.00000e+00	0.00000e+00	3.05641e+00	0.00000e+00	4.03841e-02
1.90065e+02	2.57730e+02	2.29587e+03	1.08320e+03	1.68404e+00	0.00000e+00	0.00000e+00	3.07193e+00	0.00000e+00	4.04723e-02
1.91927e+02	2.57755e+02	2.29490e+03	1.08385e+03	1.68778e+00	0.00000e+00	0.00000e+00	3.08746e+00	0.00000e+00	4.05611e-02
1.93789e+02	2.57780e+02	2.29394e+03	1.08450e+03	1.69152e+00	0.00000e+00	0.00000e+00	3.10300e+00	0.00000e+00	4.06506e-02
1.95651e+02	2.57805e+02	2.29298e+03	1.08515e+03	1.69524e+00	0.00000e+00	0.00000e+00	3.11855e+00	0.00000e+00	4.07408e-02
1.97513e+02	2.57831e+02	2.29201e+03	1.08580e+03	1.69896e+00	0.00000e+00	0.00000e+00	3.13411e+00	0.00000e+00	4.08316e-02
1.99374e+02	2.57857e+02	2.29105e+03	1.08644e+03	1.70267e+00	0.00000e+00	0.00000e+00	3.14967e+00	0.00000e+00	4.09231e-02
2.01236e+02	2.57883e+02	2.29009e+03	1.08708e+03	1.70637e+00	0.00000e+00	0.00000e+00	3.16524e+00	0.00000e+00	4.10152e-02
2.03098e+02	2.57909e+02	2.28913e+03	1.08772e+03	1.71006e+00	0.00000e+00	0.00000e+00	3.18082e+00	0.00000e+00	4.11079e-02
2.04960e+02	2.57936e+02	2.28817e+03	1.08836e+03	1.71374e+00	0.00000e+00	0.00000e+00	3.19640e+00	0.00000e+00	4.12013e-02
2.06822e+02	2.57963e+02	2.28722e+03	1.08899e+03	1.71741e+00	0.00000e+00	0.00000e+00	3.21198e+00	0.00000e+00	4.12954e-02
2.08684e+02	2.57991e+02	2.28626e+03	1.08962e+03	1.72108e+00	0.00000e+00	0.00000e+00	3.22757e+00	0.00000e+00	4.13900e-02
2.10546e+02	2.58018e+02	2.28530e+03	1.09024e+03	1.72473e+00	0.00000e+00	0.00000e+00	3.24316e+00	0.00000e+00	4.14852e-02
2.12408e+02	2.58046e+02	2.28435e+03	1.09087e+03	1.72838e+00	0.00000e+00	0.00000e+00	3.25875e+00	0.00000e+00	4.15810e-02
2.14270e+02	2.58074e+02	2.28339e+03	1.09149e+03	1.73202e+00	0.00000e+00	0.00000e+00	3.27434e+00	0.00000e+00	4.16774e-02
2.16132e+02	2.58103e+02	2.28244e+03	1.09211e+03	1.73564e+00	0.00000e+00	0.00000e+00	3.28994e+00	0.00000e+00	4.17744e-02
2.17994e+02	2.58132e+02	2.28149e+03	1.09273e+03	1.73926e+00	0.00000e+00	0.00000e+00	3.30553e+00	0.00000e+00	4.18719e-02
2.19856e+02	2.58161e+02	2.28054e+03	1.09334e+03	1.74287e+00	0.00000e+00	0.00000e+00	3.32112e+00	0.00000e+00	4.19699e-02
2.21717e+02	2.58190e+02	2.27958e+03	1.09395e+03	1.74647e+00	0.00000e+00	0.00000e+00	3.33671e+00	0.00000e+00	4.20686e-02
2.23579e+02	2.58220e+02	2.27863e+03	1.09456e+03	1.75005e+00	0.00000e+00	0.00000e+00	3.35229e+00	0.00000e+00	4.21677e-02
2.25441e+02	2.58249e+02	2.27769e+03	1.09517e+03	1.75363e+00	0.00000e+00	0.00000e+00	3.36787e+00	0.00000e+00	4.22673e-02
2.27303e+02	2.58279e+02	2.27674e+03	1.09577e+03	1.75719e+00	0.00000e+00	0.00000e+00	3.38345e+00	0.00000e+00	4.23675e-02
2.29165e+02	2.58310e+02	2.27579e+03	1.09637e+03	1.76075e+00	0.00000e+00	0.00000e+00	3.39901e+00	0.00000e+00	4.24681e-02
2.31027e+02	2.58340e+02	2.27484e+03	1.09697e+03	1.76429e+00	0.00000e+00	0.00000e+00	3.41457e+00	0.00000e+00	4.25693e-02
2.32889e+02	2.58371e+02	2.27390e+03	1.09757e+03	1.76782e+00	0.00000e+00	0.00000e+00	3.43012e+00	0.00000e+00	4.26709e-02
2.34751e+02	2.58402e+02	2.27295e+03	1.09816e+03	1.77134e+00	0.00000e+00	0.00000e+00	3.44565e+00	0.00000e+00	4.27730e-02
2.36613e+02	2.58433e+02	2.27201e+03	1.09875e+03	1.77485e+00	0.00000e+00	0.00000e+00	3.46118e+00	0.00000e+00	4.28756e-02
2.38475e+02	2.58465e+02	2.27106e+03	1.09934e+03	1.77835e+00	0.00000e+00	0.00000e+00	3.47669e+00	0.00000e+00	4.29786e-02
2.40337e+02	2.58497e+02	2.27012e+03	1.09993e+03	1.78183e+00	0.00000e+00	0.00000e+00	3.49220e+00	0.00000e+00	4.30820e-02
2.42199e+02	2.58529e+02	2.26918e+03	1.10052e+03	1.78530e+00	0.00000e+00	0.00000e+00	3.50769e+00	0.00000e+00	4.31859e-02
2.44061e+02	2.58561e+02	2.26824e+03	1.10110e+03	1.78876e+00	0.00000e+00	0.00000e+00	3.52316e+00	0.00000e+00	4.32902e-02
2.45922e+02	2.58593e+02	2.26730e+03	1.10168e+03	1.79221e+00	0.00000e+00	0.00000e+00	3.53863e+00	0.00000e+00	4.33949e-02
2.47784e+02	2.58626e+02	2.26636e+03	1.10226e+03	1.79565e+00	0.00000e+00	0.00000e+00	3.55408e+00	0.00000e+00	4.35001e-02
2.49646e+02	2.58659e+02	2.26542e+03	1.10283e+03	1.79908e+00	0.00000e+00	0.00000e+00	3.56952e+00	0.00000e+00	4.36056e-02
2.51508e+02	2.58692e+02	2.26448e+03	1.10341e+03	1.80249e+00	0.00000e+00	0.00000e+00	3.58494e+00	0.00000e+00	4.37115e-02
2.53370e+02	2.58725e+02	2.26355e+03	1.10398e+03	1.80589e+00	0.00000e+00	0.00000e+00	3.60036e+00	0.00000e+00	4.38178e-02
2.55232e+02	2.58759e+02	2.26261e+03	1.10455e+03	1.80929e+00	0.00000e+00	0.00000e+00	3.61576e+00	0.00000e+00	4.39245e-02
2.57094e+02	2.58792e+02	2.26168e+03	1.10512e+03	1.81267e+00	0.00000e+00	0.00000e+00	3.63115e+00	0.00000e+00	4.40316e-02
2.58956e+02	2.58826e+02	2.26074e+03	1.10568e+03	1.81604e+00	0.00000e+00	0.00000e+00	3.64653e+00	0.00000e+00	4.41390e-02
2.60818e+02	2.58860e+02	2.25981e+03	1.10625e+03	1.81940e+00	0.00000e+00	0.00000e+00	3.66190e+00	0.00000e+00	4.42467e-02
2.62680e+02	2.58895e+02	2.25888e+03	1.10681e+03	1.82274e+00	0.00000e+00	0.00000e+00	3.67726e+00	0.00000e+00	4.43548e-02
2.64542e+02	2.58929e+02	2.25794e+03	1.10737e+03	1.82608e+00	0.00000e+00	0.00000e+00	3.69260e+00	0.00000e+00	4.44633e-02
2.66404e+02	2.58964e+02	2.25701e+03	1.10793e+03	1.82941e+00	0.00000e+00	0.00000e+00	3.70793e+00	0.00000e+00	4.45720e-02
2.68265e+02	2.58999e+02	2.25608e+03	1.10848e+03	1.83273e+00	0.00000e+00	0.00000e+00	3.72325e+00	0.00000e+00	4.46811e-02
2.70127e+02	2.59034e+02	2.25515e+03	1.10903e+03	1.83603e+00	0.00000e+00	0.00000e+00	3.73856e+00	0.00000e+00	4.47905e-02
2.71989e+02	2.59069e+02	2.25422e+03	1.10959e+03	1.83933e+00	0.00000e+00	0.00000e+00	3.75386e+00	0.00000e+00	4.49003e-02
2.73851e+02	2.59104e+02	2.25330e+03	1.11013e+03	1.84261e+00	0.00000e+00	0.00000e+00	3.76915e+00	0.00000e+00	4.50103e-02
2.75713e+02	2.59140e+02	2.25237e+03	1.11068e+03	1.84589e+00	0.00000e+00	0.00000e+00	3.78443e+00	0.00000e+00	4.51206e-02
2.77575e+02	2.59176e+02	2.25144e+03	1.11123e+03	1.84915e+00	0.00000e+00	0.00000e+00	3.79969e+00	0.00000e+00	4.52312e-02
2.79437e+02	2.59212e+02	2.25052e+03	1.11177e+03	1.85241e+00	0.00000e+00	0.00000e+00	3.81495e+00	0.00000e+00	4.53421e-02
2.81299e+02	2.59248e+02	2.24959e+03	1.11231e+03	1.85565e+00	0.00000e+00	0.00000e+00	3.83019e+00	0.00000e+00	4.54532e-02
2.83161e+02	2.59285e+02	2.24867e+03	1.11285e+03	1.85889e+00	0.00000e+00	0.00000e+00	3.84543e+00	0.00000e+00	4.55647e-02
2.85023e+02	2.59321e+02	2.24774e+03	1.11339e+03	1.86212e+00	0.00000e+00	0.00000e+00	3.86065e+00	0.00000e+00	4.56764e-02
2.86885e+02	2.59358e+02	2.24682e+03	1.11393e+03	1.86533e+00	0.00000e+00	0.00000e+00	3.87587e+00	0.00000e+00	4.57883e-02
2.88747e+02	2.59395e+02	2.24590e+03	1.11446e+03	1.86854e+00	0.00000e+00	0.00000e+00	3.89108e+00	0.00000e+00	4.59005e-02
2.90609e+02	2.59432e+02	2.24498e+03	1.11499e+03	1.87174e+00	0.00000e+00	0.00000e+00	3.90628e+00	0.00000e+00	4.60130e-02
2.92470e+02	2.59469e+02	2.24406e+03	1.11552e+03	1.87493e+00	0.00000e+00	0.00000e+00	3.92147e+00	0.00000e+00	4.61257e-02
2.94332e+02	2.59506e+02	2.24314e+03	1.11605e+03	1.87811e+00	0.00000e+00	0.00000e+00	3.93666e+00	0.00000e+00	4.62387e-02
2.96194e+02	2.59544e+02	2.24222e+03	1.11658e+03	1.88129e+00	0.00000e+00	0.00000e+00	3.95185e+00	0.00000e+00	4.63518e-02
2.98056e+02	2.59582e+02	2.24130e+03	1.11710e+03	1.88445e+00	0.00000e+00	0.00000e+00	3.96703e+00	0.00000e+00	4.64653e-02
2.99918e+02	2.59619e+02	2.24038e+03	1.11763e+03	1.88761e+00	0.00000e+00	0.00000e+00	3.98221e+00	0.00000e+00	4.65789e-02
3.01780e+02	2.59658e+02	2.23947e+03	1.11815e+03	1.89077e+00	0.00000e+00	0.00000e+00	3.99739e+00	0.00000e+00	4.66928e-02
3.03642e+02	2.59696e+02	2.23855e+03	1.11867e+03	1.89391e+00	0.00000e+00	0.00000e+00	4.01257e+00	0.00000e+00	4.68068e-02
3.05504e+02	2.59734e+02	2.23764e+03	1.11919e+03	1.89705e+00	0.00000e+00	0.00000e+00	4.02775e+00	0.00000e+00	4.69211e-02
3.07366e+02	2.59773e+02	2.23672e+03	1.11971e+03	1.90018e+00	0.00000e+00	0.00000e+00	4.04292e+00	0.00000e+00	4.70356e-02
3.09228e+02	2.59811e+02	2.23581e+03	1.12022e+03	1.90331e+00	0.00000e+00	0.00000e+00	4.05810e+00	0.00000e+00	4.71503e-02
3.11090e+02	2.59850e+02	2.23490e+03	1.12073e+03	1.90643e+00	0.00000e+00	0.00000e+00	4.07326e+00	0.00000e+00	4.72651e-02
3.12952e+02	2.59889e+02	2.23398e+03	1.12125e+03	1.90954e+00	0.00000e+00	0.00000e+00	4.08843e+00	0.00000e+00	4.73802e-02
3.14813e+02	2.59928e+02	2.23307e+03	1.12176e+03	1.91264e+00	0.00000e+00	0.00000e+00	4.10359e+00	0.00000e+00	4.74954e-02
3.16675e+02	2.59967e+02	2.23216e+03	1.12226e+03	1.91573e+00	0.00000e+00	0.00000e+00	4.11874e+00	0.00000e+00	4.76107e-02
3.18537e+02	2.60007e+02	2.23125e+03	1.12277e+03	1.91882e+00	0.00000e+00	0.00000e+00	4.13388e+00	0.00000e+00	4.77262e-02
3.20399e+02	2.60046e+02	2.23034e+03	1.12328e+03	1.92189e+00	0.00000e+00	0.00000e+00	4.14901e+00	0.00000e+00	4.78419e-02
3.22261e+02	2.60086e+02	2.22943e+03	1.12378e+03	1.92496e+00	0.00000e+00	0.00000e+00	4.16413e+00	0.00000e+00	4.79577e-02
3.24123e+02	2.60126e+02	2.22853e+03	1.12428e+03	1.92802e+00	0.00000e+00	0.00000e+00	4.17924e+00	0.00000e+00	4.80737e-02
3.25985e+02	2.60166e+02	2.22762e+03	1.12478e+03	1.93107e+00	0.00000e+00	0.00000e+00	4.19434e+00	0.00000e+00	4.81897e-02
3.27847e+02	2.60206e+02	2.22671e+03	1.12528e+03	1.93411e+00	0.00000e+00	0.00000e+00	4.20942e+00	0.00000e+00	4.83059e-02
3.29709e+02	2.60246e+02	2.22581e+03	1.12578e+03	1.93714e+00	0.00000e+00	0.00000e+00	4.22450e+00	0.00000e+00	4.84222e-02
3.31571e+02	2.60287e+02	2.22490e+03	1.12627e+03	1.94016e+00	0.00000e+00	0.00000e+00	4.23955e+00	0.00000e+00	4.85386e-02
3.33433e+02	2.60327e+02	2.22400e+03	1.12677e+03	1.94318e+00	0.00000e+00	0.00000e+00	4.25459e+00	0.00000e+00	4.86551e-02
3.35295e+02	2.60368e+02	2.22309e+03	1.12726e+03	1.94618e+00	0.00000e+00	0.00000e+00	4.26962e+00	0.00000e+00	4.87717e-02
3.37157e+02	2.60409e+02	2.22219e+03	1.12775e+03	1.94917e+00	0.00000e+00	0.00000e+00	4.28463e+00	0.00000e+00	4.88883e-02
3.39018e+02	2.60450e+02	2.22129e+03	1.12824e+03	1.95216e+00	0.00000e+00	0.00000e+00	4.29963e+00	0.00000e+00	4.90051e-02
3.40880e+02	2.60491e+02	2.22039e+03	1.12873e+03	1.95513e+00	0.00000e+00	0.00000e+00	4.31460e+00	0.00000e+00	4.91219e-02
3.42742e+02	2.60532e+02	2.21949e+03	1.12921e+03	1.95810e+00	0.00000e+00	0.00000e+00	4.32956e+00	0.00000e+00	4.92388e-02
3.44604e+02	2.60574e+02	2.21859e+03	1.12970e+03	1.96105e+00	0.00000e+00	0.00000e+00	4.34450e+00	0.00000e+00	4.93557e-02
3.46466e+02	2.60615e+02	2.21769e+03	1.13018e+03	1.96400e+00	0.00000e+00	0.00000e+00	4.35943e+00	0.00000e+00	4.94726e-02
3.48328e+02	2.60657e+02	2.21679e+03	1.13066e+03	1.96693e+00	0.00000e+00	0.00000e+00	4.37433e+00	0.00000e+00	4.95897e-02
3.50190e+02	2.60698e+02	2.21589e+03	1.13114e+03	1.96986e+00	0.00000e+00	0.00000e+00	4.38921e+00	0.00000e+00	4.97067e-02
3.52052e+02	2.60740e+02	2.21499e+03	1.13162e+03	1.97277e+00	0.00000e+00	0.00000e+00	4.40408e+00	0.00000e+00	4.98238e-02
3.53914e+02	2.60782e+02	2.21410e+03	1.13210e+03	1.97567e+00	0.00000e+00	0.00000e+00	4.41892e+00	0.00000e+00	4.99408e-02
3.55776e+02	2.60824e+02	2.21320e+03	1.13258e+03	1.97857e+00	0.00000e+00	0.00000e+00	4.43375e+00	0.00000e+00	5.00579e-02
3.57638e+02	2.60867e+02	2.21231e+03	1.13305e+03	1.98145e+00	0.00000e+00	0.00000e+00	4.44855e+00	0.00000e+00	5.01750e-02
3.59500e+02	2.60909e+02	2.21141e+03	1.13353e+03	1.98433e+00	0.00000e+00	0.00000e+00	4.46333e+00	0.00000e+00	5.02921e-02
3.61361e+02	2.60952e+02	2.21052e+03	1.13400e+03	1.98719e+00	0.00000e+00	0.00000e+00	4.47810e+00	0.00000e+00	5.04092e-02
3.63223e+02	2.60994e+02	2.20962e+03	1.13447e+03	1.99005e+00	0.00000e+00	0.00000e+00	4.49284e+00	0.00000e+00	5.05263e-02
3.65085e+02	2.61037e+02	2.20873e+03	1.13494e+03	1.99289e+00	0.00000e+00	0.00000e+00	4.50756e+00	0.00000e+00	5.06433e-02
3.66947e+02	2.61080e+02	2.20784e+03	1.13541e+03	1.99573e+00	0.00000e+00	0.00000e+00	4.52226e+00	0.00000e+00	5.07603e-02
3.68809e+02	2.61123e+02	2.20695e+03	1.13588e+03	1.99856e+00	0.00000e+00	0.00000e+00	4.53694e+00	0.00000e+00	5.08773e-02
3.70671e+02	2.61166e+02	2.20606e+03	1.13634e+03	2.00137e+00	0.00000e+00	0.00000e+00	4.55160e+00	0.00000e+00	5.09942e-02
3.72533e+02	2.61209e+02	2.20517e+03	1.13680e+03	2.00418e+00	0.00000e+00	0.00000e+00	4.56623e+00	0.00000e+00	5.11111e-02
3.74395e+02	2.61252e+02	2.20428e+03	1.13727e+03	2.00697e+00	0.00000e+00	0.00000e+00	4.58085e+00	0.00000e+00	5.12279e-02
3.76257e+02	2.61296e+02	2.20339e+03	1.13773e+03	2.00976e+00	0.00000e+00	0.00000e+00	4.59545e+00	0.00000e+00	5.13446e-02
3.78119e+02	2.61339e+02	2.20250e+03	1.13819e+03	2.01254e+00	0.00000e+00	0.00000e+00	4.61002e+00	0.00000e+00	5.14612e-02
3.79981e+02	2.61383e+02	2.20162e+03	1.13865e+03	2.01531e+00	0.00000e+00	0.00000e+00	4.62458e+00	0.00000e+00	5.15778e-02
3.81843e+02	2.61426e+02	2.20073e+03	1.13911e+03	2.01806e+00	0.00000e+00	0.00000e+00	4.63911e+00	0.00000e+00	5.16943e-02
3.83705e+02	2.61470e+02	2.19984e+03	1.13956e+03	2.02081e+00	0.00000e+00	0.00000e+00	4.65363e+00	0.00000e+00	5.18107e-02
3.85566e+02	2.61514e+02	2.19896e+03	1.14002e+03	2.02356e+00	0.00000e+00	0.00000e+00	4.66813e+00	0.00000e+00	5.19270e-02
3.87428e+02	2.61558e+02	2.19807e+03	1.14047e+03	2.02629e+00	0.00000e+00	0.00000e+00	4.68260e+00	0.00000e+00	5.20432e-02
3.89290e+02	2.61602e+02	2.19719e+03	1.14093e+03	2.02901e+00	0.00000e+00	0.00000e+00	4.69706e+00	0.00000e+00	5.21592e-02
3.91152e+02	2.61647e+02	2.19631e+03	1.14138e+03	2.03172e+00	0.00000e+00	0.00000e+00	4.71150e+00	0.00000e+00	5.22752e-02
3.93014e+02	2.61691e+02	2.19542e+03	1.14183e+03	2.03443e+00	0.00000e+00	0.00000e+00	4.72593e+00	0.00000e+00	5.23910e-02
3.94876e+02	2.61735e+02	2.19454e+03	1.14228e+03	2.03713e+00	0.00000e+00	0.00000e+00	4.74033e+00	0.00000e+00	5.25066e-02
3.96738e+02	2.61780e+02	2.19366e+03	1.14273e+03	2.03982e+00	0.00000e+00	0.00000e+00	4.75472e+00	0.00000e+00	5.26222e-02
3.98600e+02	2.61825e+02	2.19278e+03	1.14317e+03	2.04250e+00	0.00000e+00	0.00000e+00	4.76910e+00	0.00000e+00	5.27376e-02
4.00462e+02	2.61869e+02	2.19190e+03	1.14362e+03	2.04517e+00	0.00000e+00	0.00000e+00	4.78346e+00	0.00000e+00	5.28528e-02
4.02324e+02	2.61914e+02	2.19102e+03	1.14407e+03	2.04784e+00	0.00000e+00	0.00000e+00	4.79780e+00	0.00000e+00	5.29678e-02
4.04186e+02	2.61959e+02	2.19014e+03	1.14451e+03	2.05050e+00	0.00000e+00	0.00000e+00	4.81213e+00	0.00000e+00	5.30827e-02
4.06048e+02	2.62004e+02	2.18927e+03	1.14495e+03	2.05315e+00	0.00000e+00	0.00000e+00	4.82645e+00	0.00000e+00	5.31975e-02
4.07909e+02	2.62049e+02	2.18839e+03	1.14539e+03	2.05580e+00	0.00000e+00	0.00000e+00	4.84077e+00	0.00000e+00	5.33121e-02
4.09771e+02	2.62094e+02	2.18751e+03	1.14583e+03	2.05843e+00	0.00000e+00	0.00000e+00	4.85507e+00	0.00000e+00	5.34265e-02
4.11633e+02	2.62140e+02	2.18664e+03	1.14627e+03	2.06107e+00	0.00000e+00	0.00000e+00	4.86937e+00	0.00000e+00	5.35407e-02
4.13495e+02	2.62185e+02	2.18576e+03	1.14671e+03	2.06370e+00	0.00000e+00	0.00000e+00	4.88366e+00	0.00000e+00	5.36548e-02
4.15357e+02	2.62231e+02	2.18489e+03	1.14715e+03	2.06632e+00	0.00000e+00	0.00000e+00	4.89794e+00	0.00000e+00	5.37687e-02
4.17219e+02	2.62276e+02	2.18401e+03	1.14758e+03	2.06894e+00	0.00000e+00	0.00000e+00	4.91222e+00	0.00000e+00	5.38825e-02
4.19081e+02	2.62322e+02	2.18314e+03	1.14802e+03	2.07155e+00	0.00000e+00	0.00000e+00	4.92650e+00	0.00000e+00	5.39961e-02
4.20943e+02	2.62368e+02	2.18226e+03	1.14845e+03	2.07415e+00	0.00000e+00	0.00000e+00	4.94077e+00	0.00000e+00	5.41095e-02
4.22805e+02	2.62413e+02	2.18139e+03	1.14888e+03	2.07676e+00	0.00000e+00	0.00000e+00	4.95504e+00	0.00000e+00	5.42228e-02
4.24667e+02	2.62459e+02	2.18052e+03	1.14932e+03	2.07935e+00	0.00000e+00	0.00000e+00	4.96930e+00	0.00000e+00	5.43359e-02
4.26529e+02	2.62505e+02	2.17965e+03	1.14975e+03	2.08194e+00	0.00000e+00	0.00000e+00	4.98355e+00	0.00000e+00	5.44488e-02
4.28391e+02	2.62552e+02	2.17878e+03	1.15017e+03	2.08453e+00	0.00000e+00	0.00000e+00	4.99781e+00	0.00000e+00	5.45616e-02
4.30253e+02	2.62598e+02	2.17791e+03	1.15060e+03	2.08711e+00	0.00000e+00	0.00000e+00	5.01205e+00	0.00000e+00	5.46742e-02
4.32114e+02	2.62644e+02	2.17704e+03	1.15103e+03	2.08968e+00	0.00000e+00	0.00000e+00	5.02630e+00	0.00000e+00	5.47866e-02
4.33976e+02	2.62690e+02	2.17617e+03	1.15146e+03	2.09225e+00	0.00000e+00	0.00000e+00	5.04053e+00	0.00000e+00	5.48989e-02
4.35838e+02	2.62737e+02	2.17530e+03	1.15188e+03	2.09482e+00	0.00000e+00	0.00000e+00	5.05477e+00	0.00000e+00	5.50110e-02
4.37700e+02	2.62783e+02	2.17444e+03	1.15231e+03	2.09738e+00	0.00000e+00	0.00000e+00	5.06899e+00	0.00000e+00	5.51229e-02
4.39562e+02	2.62830e+02	2.17357e+03	1.15273e+03	2.09993e+00	0.00000e+00	0.00000e+00	5.08321e+00	0.00000e+00	5.52347e-02
4.41424e+02	2.62877e+02	2.17270e+03	1.15315e+03	2.10248e+00	0.00000e+00	0.00000e+00	5.09743e+00	0.00000e+00	5.53463e-02
4.43286e+02	2.62908e+02	2.17190e+03	1.24813e+03	4.20408e+00	2.21054e+00	1.23988e+02	1.39278e+01	6.09896e+00	0.00000e+00
4.45148e+02	2.63033e+02	2.17111e+03	1.24839e+03	4.20469e+00	2.21061e+00	1.23988e+02	1.39367e+01	6.10063e+00	0.00000e+00
4.47010e+02	2.63158e+02	2.17031e+03	1.24866e+03	4.20531e+00	2.21068e+00	1.23988e+02	1.39456e+01	6.10231e+00	0.00000e+00
4.48872e+02	2.63283e+02	2.16951e+03	1.24892e+03	4.20593e+00	2.21075e+00	1.23988e+02	1.39546e+01	6.10398e+00	0.00000e+00
4.50734e+02	2.63408e+02	2.16871e+03	1.24918e+03	4.20655e+00	2.21082e+00	1.23988e+02	1.39635e+01	6.10566e+00	0.00000e+00
4.52596e+02	2.63533e+02	2.16791e+03	1.24945e+03	4.20717e+00	2.21089e+00	1.23988e+02	1.39725e+01	6.10734e+00	0.00000e+00
4.54457e+02	2.63658e+02	2.16711e+03	1.24971e+03	4.20780e+00	2.21096e+00	1.23988e+02	1.39814e+01	6.10901e+00	0.00000e+00
4.56319e+02	2.63781e+02	2.16632e+03	1.24997e+03	4.20842e+00	2.21104e+00	1.23988e+02	1.39903e+01	6.11069e+00	0.00000e+00
4.58181e+02	2.63901e+02	2.16552e+03	1.25023e+03	4.20905e+00	2.21111e+00	1.23988e+02	1.39993e+01	6.11236e+00	0.00000e+00
4.60043e+02	2.64021e+02	2.16472e+03	1.25049e+03	4.20967e+00	2.21118e+00	1.23988e+02	1.40082e+01	6.11404e+00	0.00000e+00
4.61905e+02	2.64141e+02	2.16393e+03	1.25074e+03	4.21030e+00	2.21126e+00	1.23988e+02	1.40171e+01	6.11571e+00	0.00000e+00
4.63767e+02	2.64261e+02	2.16313e+03	1.25100e+03	4.21093e+00	2.21133e+00	1.23988e+02	1.40261e+01	6.11739e+00	0.00000e+00
4.65629e+02	2.64381e+02	2.16234e+03	1.25126e+03	4.21156e+00	2.21141e+00	1.23988e+02	1.40350e+01	6.11907e+00	0.00000e+00
4.67491e+02	2.64501e+02	2.16154e+03	1.25151e+03	4.21219e+00	2.21149e+00	1.23988e+02	1.40440e+01	6.12074e+00	0.00000e+00
4.69353e+02	2.64621e+02	2.16075e+03	1.25176e+03	4.21282e+00	2.21157e+00	1.23988e+02	1.40529e+01	6.12242e+00	0.00000e+00
4.71215e+02	2.64741e+02	2.15995e+03	1.25202e+03	4.21345e+00	2.21165e+00	1.23988e+02	1.40618e+01	6.12409e+00	0.00000e+00
4.73077e+02	2.64861e+02	2.15916e+03	1.25227e+03	4.21408e+00	2.21173e+00	1.23988e+02	1.40708e+01	6.12577e+00	0.00000e+00
4.74939e+02	2.64981e+02	2.15837e+03	1.25252e+03	4.21472e+00	2.21181e+00	1.23988e+02	1.40797e+01	6.12744e+00	0.00000e+00
4.76801e+02	2.65100e+02	2.15758e+03	1.25277e+03	4.21536e+00	2.21189e+00	1.23988e+02	1.40886e+01	6.12912e+00	0.00000e+00
4.78662e+02	2.65220e+02	2.15678e+03	1.25302e+03	4.21599e+00	2.21197e+00	1.23988e+02	1.40976e+01	6.13080e+00	0.00000e+00
4.80524e+02	2.65340e+02	2.15599e+03	1.25327e+03	4.21663e+00	2.21205e+00	1.23988e+02	1.41065e+01	6.13247e+00	0.00000e+00
4.82386e+02	2.65457e+02	2.15520e+03	1.25352e+03	4.21727e+00	2.21213e+00	1.23988e+02	1.41155e+01	6.13415e+00	0.00000e+00
4.84248e+02	2.65572e+02	2.15441e+03	1.25377e+03	4.21791e+00	2.21222e+00	1.23988e+02	1.41244e+01	6.13582e+00	0.00000e+00
4.86110e+02	2.65687e+02	2.15362e+03	1.25401e+03	4.21855e+00	2.21230e+00	1.23988e+02	1.41333e+01	6.13750e+00	0.00000e+00
4.87972e+02	2.65802e+02	2.15283e+03	1.25426e+03	4.21919e+00	2.21239e+00	1.23988e+02	1.41423e+01	6.13917e+00	0.00000e+00
4.89834e+02	2.65917e+02	2.15204e+03	1.25450e+03	4.21984e+00	2.21247e+00	1.23988e+02	1.41512e+01	6.14085e+00	0.00000e+00
4.91696e+02	2.66032e+02	2.15125e+03	1.25475e+03	4.22048e+00	2.21256e+00	1.23988e+02	1.41601e+01	6.14253e+00	0.00000e+00
4.93558e+02	2.66147e+02	2.15046e+03	1.25499e+03	4.22113e+00	2.21265e+00	1.23988e+02	1.41691e+01	6.14420e+00	0.00000e+00
4.95420e+02	2.66262e+02	2.14967e+03	1.25523e+03	4.22178e+00	2.21274e+00	1.23988e+02	1.41780e+01	6.14588e+00	0.00000e+00
4.97282e+02	2.66377e+02	2.14888e+03	1.25547e+03	4.22242e+00	2.21283e+00	1.23988e+02	1.41870e+01	6.14755e+00	0.00000e+00
4.99144e+02	2.66492e+02	2.14809e+03	1.25572e+03	4.22307e+00	2.21292e+00	1.23988e+02	1.41959e+01	6.14923e+00	0.00000e+00
5.01005e+02	2.66608e+02	2.14731e+03	1.25595e+03	4.22372e+00	2.21301e+00	1.23988e+02	1.42048e+01	6.15090e+00	0.00000e+00
5.02867e+02	2.66723e+02	2.14652e+03	1.25619e+03	4.22438e+00	2.21310e+00	1.23988e+02	1.42138e+01	6.15258e+00	0.00000e+00
5.04729e+02	2.66838e+02	2.14573e+03	1.25643e+03	4.22503e+00	2.21319e+00	1.23988e+02	1.42227e+01	6.15426e+00	0.00000e+00
5.06591e+02	2.66952e+02	2.14494e+03	1.25667e+03	4.22568e+00	2.21328e+00	1.23988e+02	1.42316e+01	6.15593e+00	0.00000e+00
5.08453e+02	2.67063e+02	2.14416e+03	1.25690e+03	4.22634e+00	2.21337e+00	1.23988e+02	1.42406e+01	6.15761e+00	0.00000e+00
5.10315e+02	2.67173e+02	2.14337e+03	1.25714e+03	4.22699e+00	2.21347e+00	1.23988e+02	1.42495e+01	6.15928e+00	0.00000e+00
5.12177e+02	2.67284e+02	2.14259e+03	1.25737e+03	4.22765e+00	2.21356e+00	1.23988e+02	1.42584e+01	6.16096e+00	0.00000e+00
5.14039e+02	2.67394e+02	2.14180e+03	1.25761e+03	4.22831e+00	2.21366e+00	1.23988e+02	1.42674e+01	6.16264e+00	0.00000e+00
5.15901e+02	2.67505e+02	2.14102e+03	1.25784e+03	4.22897e+00	2.21375e+00	1.23988e+02	1.42763e+01	6.16431e+00	0.00000e+00
5.17763e+02	2.67615e+02	2.14023e+03	1.25807e+03	4.22963e+00	2.21385e+00	1.23988e+02	1.42853e+01	6.16599e+00	0.00000e+00
5.19625e+02	2.67726e+02	2.13945e+03	1.25830e+03	4.23029e+00	2.21395e+00	1.23988e+02	1.42942e+01	6.16766e+00	0.00000e+00
5.21487e+02	2.67836e+02	2.13867e+03	1.25853e+03	4.23095e+00	2.21405e+00	1.23988e+02	1.43031e+01	6.16934e+00	0.00000e+00
5.23349e+02	2.67947e+02	2.13788e+03	1.25876e+03	4.23161e+00	2.21415e+00	1.23988e+02	1.43121e+01	6.17101e+00	0.00000e+00
5.25210e+02	2.68057e+02	2.13710e+03	1.25899e+03	4.23228e+00	2.21425e+00	1.23988e+02	1.43210e+01	6.17269e+00	0.00000e+00
5.27072e+02	2.68168e+02	2.13632e+03	1.25922e+03	4.23294e+00	2.21435e+00	1.23988e+02	1.43299e+01	6.17437e+00	0.00000e+00
5.28934e+02	2.68278e+02	2.13553e+03	1.25944e+03	4.23361e+00	2.21445e+00	1.23988e+02	1.43389e+01	6.17604e+00	0.00000e+00
5.30796e+02	2.68389e+02	2.13475e+03	1.25967e+03	4.23428e+00	2.21455e+00	1.23988e+02	1.43478e+01	6.17772e+00	0.00000e+00
5.32658e+02	2.68497e+02	2.13397e+03	1.25990e+03	4.23495e+00	2.21465e+00	1.23988e+02	1.43568e+01	6.17939e+00	0.00000e+00
5.34520e+02	2.68603e+02	2.13319e+03	1.26012e+03	4.23562e+00	2.21476e+00	1.23988e+02	1.43657e+01	6.18107e+00	0.00000e+00
5.36382e+02	2.68709e+02	2.13241e+03	1.26034e+03	4.23629e+00	2.21486e+00	1.23988e+02	1.43746e+01	6.18274e+00	0.00000e+00
5.38244e+02	2.68815e+02	2.13163e+03	1.26057e+03	4.23696e+00	2.21496e+00	1.23988e+02	1.43836e+01	6.18442e+00	0.00000e+00
5.40106e+02	2.68921e+02	2.13085e+03	1.26079e+03	4.23763e+00	2.21507e+00	1.23988e+02	1.43925e+01	6.18610e+00	0.00000e+00
5.41968e+02	2.69027e+02	2.13007e+03	1.26101e+03	4.23831e+00	2.21518e+00	1.23988e+02	1.44014e+01	6.18777e+00	0.00000e+00
5.43830e+02	2.69133e+02	2.12929e+03	1.26123e+03	4.23898e+00	2.21528e+00	1.23988e+02	1.44104e+01	6.18945e+00	0.00000e+00
5.45692e+02	2.69239e+02	2.12851e+03	1.26145e+03	4.23966e+00	2.21539e+00	1.23988e+02	1.44193e+01	6.19112e+00	0.00000e+00
5.47553e+02	2.69345e+02	2.12773e+03	1.26166e+03	4.24034e+00	2.21550e+00	1.23988e+02	1.44283e+01	6.19280e+00	0.00000e+00
5.49415e+02	2.69451e+02	2.12696e+03	1.26188e+03	4.24102e+00	2.21561e+00	1.23988e+02	1.44372e+01	6.19447e+00	0.00000e+00
5.51277e+02	2.69558e+02	2.12618e+03	1.26210e+03	4.24170e+00	2.21572e+00	1.23988e+02	1.44461e+01	6.19615e+00	0.00000e+00
5.53139e+02	2.69664e+02	2.12540e+03	1.26231e+03	4.24238e+00	2.21583e+00	1.23988e+02	1.44551e+01	6.19783e+00	0.00000e+00
5.55001e+02	2.69770e+02	2.12462e+03	1.26253e+03	4.24306e+00	2.21594e+00	1.23988e+02	1.44640e+01	6.19950e+00	0.00000e+00
5.56863e+02	2.69876e+02	2.12385e+03	1.26274e+03	4.24374e+00	2.21605e+00	1.23988e+02	1.44729e+01	6.20118e+00	0.00000e+00
5.58725e+02	2.69978e+02	2.12307e+03	1.26296e+03	4.24443e+00	2.21616e+00	1.23988e+02	1.44819e+01	6.20285e+00	0.00000e+00
5.60587e+02	2.70080e+02	2.12230e+03	1.26317e+03	4.24511e+00	2.21628e+00	1.23988e+02	1.44908e+01	6.20453e+00	0.00000e+00
5.62449e+02	2.70182e+02	2.12152e+03	1.26338e+03	4.24580e+00	2.21639e+00	1.23988e+02	1.44998e+01	6.20620e+00	0.00000e+00
5.64311e+02	2.70284e+02	2.12075e+03	1.26359e+03	4.24648e+00	2.21650e+00	1.23988e+02	1.45087e+01	6.20788e+00	0.00000e+00
5.66173e+02	2.70385e+02	2.11997e+03	1.26380e+03	4.24717e+00	2.21662e+00	1.23988e+02	1.45176e+01	6.20956e+00	0.00000e+00
5.68035e+02	2.70487e+02	2.11920e+03	1.26401e+03	4.24786e+00	2.21673e+00	1.23988e+02	1.45266e+01	6.21123e+00	0.00000e+00
5.69897e+02	2.70589e+02	2.11842e+03	1.26422e+03	4.24855e+00	2.21685e+00	1.23988e+02	1.45355e+01	6.21291e+00	0.00000e+00
5.71758e+02	2.70691e+02	2.11765e+03	1.26442e+03	4.24924e+00	2.21697e+00	1.23988e+02	1.45444e+01	6.21458e+00	0.00000e+00
5.73620e+02	2.70793e+02	2.11687e+03	1.26463e+03	4.24994e+00	2.21709e+00	1.23988e+02	1.45534e+01	6.21626e+00	0.00000e+00
5.75482e+02	2.70895e+02	2.11610e+03	1.26484e+03	4.25063e+00	2.21720e+00	1.23988e+02	1.45623e+01	6.21793e+00	0.00000e+00
5.77344e+02	2.70997e+02	2.11533e+03	1.26504e+03	4.25133e+00	2.21732e+00	1.23988e+02	1.45713e+01	6.21961e+00	0.00000e+00
5.79206e+02	2.71099e+02	2.11456e+03	1.26525e+03	4.25202e+00	2.21744e+00	1.23988e+02	1.45802e+01	6.22129e+00	0.00000e+00
5.81068e+02	2.71201e+02	2.11379e+03	1.26545e+03	4.25272e+00	2.21756e+00	1.23988e+02	1.45891e+01	6.22296e+00	0.00000e+00
5.82930e+02	2.71301e+02	2.11301e+03	1.26565e+03	4.25342e+00	2.21769e+00	1.23988e+02	1.45981e+01	6.22464e+00	0.00000e+00
5.84792e+02	2.71399e+02	2.11224e+03	1.26585e+03	4.25411e+00	2.21781e+00	1.23988e+02	1.46070e+01	6.22631e+00	0.00000e+00
5.86654e+02	2.71497e+02	2.11147e+03	1.26605e+03	4.25481e+00	2.21793e+00	1.23988e+02	1.46159e+01	6.22799e+00	0.00000e+00
5.88516e+02	2.71595e+02	2.11070e+03	1.26625e+03	4.25552e+00	2.21805e+00	1.23988e+02	1.46249e+01	6.22966e+00	0.00000e+00
5.90378e+02	2.71693e+02	2.10993e+03	1.26645e+03	4.25622e+00	2.21818e+00	1.23988e+02	1.46338e+01	6.23134e+00	0.00000e+00
5.92240e+02	2.71790e+02	2.10916e+03	1.26665e+03	4.25692e+00	2.21830e+00	1.23988e+02	1.46427e+01	6.23302e+00	0.00000e+00
5.94101e+02	2.71888e+02	2.10839e+03	1.26685e+03	4.25762e+00	2.21843e+00	1.23988e+02	1.46517e+01	6.23469e+00	0.00000e+00
5.95963e+02	2.71986e+02	2.10762e+03	1.26704e+03	4.25833e+00	2.21855e+00	1.23988e+02	1.46606e+01	6.23637e+00	0.00000e+00
5.97825e+02	2.72084e+02	2.10685e+03	1.26724e+03	4.25904e+00	2.21868e+00	1.23988e+02	1.46696e+01	6.23804e+00	0.00000e+00
5.99687e+02	2.72182e+02	2.10609e+03	1.26743e+03	4.25974e+00	2.21881e+00	1.23988e+02	1.46785e+01	6.23972e+00	0.00000e+00
6.01549e+02	2.72280e+02	2.10532e+03	1.26763e+03	4.26045e+00	2.21894e+00	1.23988e+02	1.46874e+01	6.24139e+00	0.00000e+00
6.03411e+02	2.72378e+02	2.10455e+03	1.26782e+03	4.26116e+00	2.21906e+00	1.23988e+02	1.46964e+01	6.24307e+00	0.00000e+00
6.05273e+02	2.72476e+02	2.10378e+03	1.26801e+03	4.26187e+00	2.21919e+00	1.23988e+02	1.47053e+01	6.24475e+00	0.00000e+00
6.07135e+02	2.72574e+02	2.10302e+03	1.26821e+03	4.26258e+00	2.21932e+00	1.23988e+02	1.47142e+01	6.24642e+00	0.00000e+00
6.08997e+02	2.72669e+02	2.10225e+03	1.26840e+03	4.26329e+00	2.21945e+00	1.23988e+02	1.47232e+01	6.24810e+00	0.00000e+00
6.10859e+02	2.72763e+02	2.10148e+03	1.26859e+03	4.26401e+00	2.21959e+00	1.23988e+02	1.47321e+01	6.24977e+00	0.00000e+00
6.12721e+02	2.72857e+02	2.10072e+03	1.26878e+03	4.26472e+00	2.21972e+00	1.23988e+02	1.47411e+01	6.25145e+00	0.00000e+00
6.14583e+02	2.72951e+02	2.09995e+03	1.26897e+03	4.26544e+00	2.21985e+00	1.23988e+02	1.47500e+01	6.25312e+00	0.00000e+00
6.16445e+02	2.73045e+02	2.09919e+03	1.26915e+03	4.26615e+00	2.21998e+00	1.23988e+02	1.47589e+01	6.25480e+00	0.00000e+00
6.18306e+02	2.73139e+02	2.09842e+03	1.26934e+03	4.26687e+00	2.22012e+00	1.23988e+02	1.47679e+01	6.25648e+00	0.00000e+00
6.20168e+02	2.73233e+02	2.09766e+03	1.26953e+03	4.26759e+00	2.22025e+00	1.23988e+02	1.47768e+01	6.25815e+00	0.00000e+00
6.22030e+02	2.73327e+02	2.09689e+03	1.26971e+03	4.26831e+00	2.22039e+00	1.23988e+02	1.47857e+01	6.25983e+00	0.00000e+00
6.23892e+02	2.73421e+02	2.09613e+03	1.26990e+03	4.26903e+00	2.22052e+00	1.23988e+02	1.47947e+01	6.26150e+00	0.00000e+00
6.25754e+02	2.73515e+02	2.09536e+03	1.27008e+03	4.26975e+00	2.22066e+00	1.23988e+02	1.48036e+01	6.26318e+00	0.00000e+00
6.27616e+02	2.73609e+02	2.09460e+03	1.27026e+03	4.27047e+00	2.22080e+00	1.23988e+02	1.48126e+01	6.26485e+00	0.00000e+00
6.29478e+02	2.73703e+02	2.09384e+03	1.27044e+03	4.27120e+00	2.22093e+00	1.23988e+02	1.48215e+01	6.26653e+00	0.00000e+00
6.31340e+02	2.73797e+02	2.09308e+03	1.27063e+03	4.27192e+00	2.22107e+00	1.23988e+02	1.48304e+01	6.26821e+00	0.00000e+00
6.33202e+02	2.73894e+02	2.09231e+03	1.27081e+03	4.27265e+00	2.22121e+00	1.23988e+02	1.48394e+01	6.26988e+00	0.00000e+00
6.35064e+02	2.74007e+02	2.09155e+03	1.27098e+03	4.27337e+00	2.22135e+00	1.23988e+02	1.48483e+01	6.27156e+00	0.00000e+00
6.36926e+02	2.74121e+02	2.09079e+03	1.27116e+03	4.27410e+00	2.22149e+00	1.23988e+02	1.48572e+01	6.27323e+00	0.00000e+00
6.38788e+02	2.74234e+02	2.09003e+03	1.27134e+03	4.27483e+00	2.22164e+00	1.23988e+02	1.48662e+01	6.27491e+00	0.00000e+00
6.40649e+02	2.74347e+02	2.08927e+03	1.27152e+03	4.27557e+00	2.22178e+00	1.23988e+02	1.48751e+01	6.27658e+00	0.00000e+00
6.42511e+02	2.74460e+02	2.08858e+03	1.39437e+03	4.35708e+00	2.22895e+00	1.06921e+02	1.72343e+01	6.92753e+00	0.00000e+00
6.44373e+02	2.74573e+02	2.08788e+03	1.39436e+03	4.35834e+00	2.22985e+00	1.06690e+02	1.72419e+01	6.93312e+00	0.00000e+00
6.46235e+02	2.74687e+02	2.08719e+03	1.39436e+03	4.35959e+00	2.23076e+00	1.06459e+02	1.72496e+01	6.93871e+00	0.00000e+00
6.48097e+02	2.74800e+02	2.08650e+03	1.39435e+03	4.36084e+00	2.23166e+00	1.06229e+02	1.72572e+01	6.94429e+00	0.00000e+00
6.49959e+02	2.74913e+02	2.08580e+03	1.39434e+03	4.36209e+00	2.23256e+00	1.06000e+02	1.72648e+01	6.94988e+00	0.00000e+00
6.51821e+02	2.75026e+02	2.08511e+03	1.39433e+03	4.36334e+00	2.23347e+00	1.05771e+02	1.72725e+01	6.95546e+00	0.00000e+00
6.53683e+02	2.75140e+02	2.08442e+03	1.39433e+03	4.36459e+00	2.23437e+00	1.05543e+02	1.72801e+01	6.96105e+00	0.00000e+00
6.55545e+02	2.75253e+02	2.08373e+03	1.39432e+03	4.36585e+00	2.23527e+00	1.05316e+02	1.72877e+01	6.96663e+00	0.00000e+00
6.57407e+02	2.75366e+02	2.08303e+03	1.39431e+03	4.36710e+00	2.23617e+00	1.05090e+02	1.72954e+01	6.97222e+00	0.00000e+00
6.59269e+02	2.75497e+02	2.08234e+03	1.39430e+03	4.36835e+00	2.23708e+00	1.04828e+02	1.73030e+01	6.97781e+00	0.00000e+00
6.61131e+02	2.75643e+02	2.08165e+03	1.39429e+03	4.36960e+00	2.23798e+00	1.04538e+02	1.73106e+01	6.98339e+00	0.00000e+00
6.62992e+02	2.75789e+02	2.08096e+03	1.39428e+03	4.37085e+00	2.23888e+00	1.04250e+02	1.73183e+01	6.98898e+00	0.00000e+00
6.64854e+02	2.75934e+02	2.08027e+03	1.39428e+03	4.37210e+00	2.23978e+00	1.03963e+02	1.73259e+01	6.99456e+00	0.00000e+00
6.66716e+02	2.76080e+02	2.07957e+03	1.39427e+03	4.37336e+00	2.24069e+00	1.03677e+02	1.73335e+01	7.00015e+00	0.00000e+00
6.68578e+02	2.76225e+02	2.07888e+03	1.39426e+03	4.37461e+00	2.24159e+00	1.03392e+02	1.73412e+01	7.00573e+00	0.00000e+00
6.70440e+02	2.76371e+02	2.07819e+03	1.39425e+03	4.37586e+00	2.24249e+00	1.03108e+02	1.73488e+01	7.01132e+00	0.00000e+00
6.72302e+02	2.76517e+02	2.07750e+03	1.39424e+03	4.37711e+00	2.24339e+00	1.02825e+02	1.73564e+01	7.01691e+00	0.00000e+00
6.74164e+02	2.76662e+02	2.07681e+03	1.39423e+03	4.37836e+00	2.24429e+00	1.02544e+02	1.73641e+01	7.02249e+00	0.00000e+00
6.76026e+02	2.76808e+02	2.07612e+03	1.39422e+03	4.37961e+00	2.24519e+00	1.02263e+02	1.73717e+01	7.02808e+00	0.00000e+00
6.77888e+02	2.76953e+02	2.07543e+03	1.39421e+03	4.38086e+00	2.24609e+00	1.01983e+02	1.73793e+01	7.03366e+00	0.00000e+00
6.79750e+02	2.77099e+02	2.07474e+03	1.39420e+03	4.38211e+00	2.24699e+00	1.01705e+02	1.73870e+01	7.03925e+00	0.00000e+00
6.81612e+02	2.77245e+02	2.07405e+03	1.39419e+03	4.38336e+00	2.24789e+00	1.01427e+02	1.73946e+01	7.04484e+00	0.00000e+00
6.83474e+02	2.77390e+02	2.07336e+03	1.39418e+03	4.38461e+00	2.24879e+00	1.01151e+02	1.74022e+01	7.05042e+00	0.00000e+00
6.85336e+02	2.77530e+02	2.07267e+03	1.39417e+03	4.38586e+00	2.24968e+00	1.00886e+02	1.74099e+01	7.05601e+00	0.00000e+00
6.87197e+02	2.77670e+02	2.07198e+03	1.39416e+03	4.38710e+00	2.25058e+00	1.00622e+02	1.74175e+01	7.06159e+00	0.00000e+00
6.89059e+02	2.77810e+02	2.07129e+03	1.39415e+03	4.38835e+00	2.25148e+00	1.00359e+02	1.74251e+01	7.06718e+00	0.00000e+00
6.90921e+02	2.77950e+02	2.07060e+03	1.39414e+03	4.38960e+00	2.25238e+00	1.00098e+02	1.74328e+01	7.07276e+00	0.00000e+00
6.92783e+02	2.78090e+02	2.06991e+03	1.39413e+03	4.39084e+00	2.25327e+00	9.98368e+01	1.74404e+01	7.07835e+00	0.00000e+00
6.94645e+02	2.78230e+02	2.06922e+03	1.39412e+03	4.39209e+00	2.25417e+00	9.95769e+01	1.74480e+01	7.08394e+00	0.00000e+00
6.96507e+02	2.78370e+02	2.06853e+03	1.39412e+03	4.39333e+00	2.25506e+00	9.93179e+01	1.74557e+01	7.08952e+00	0.00000e+00
6.98369e+02	2.78510e+02	2.06785e+03	1.39411e+03	4.39458e+00	2.25596e+00	9.90598e+01	1.74633e+01	7.09511e+00	0.00000e+00
7.00231e+02	2.78650e+02	2.06716e+03	1.39410e+03	4.39583e+00	2.25686e+00	9.88027e+01	1.74709e+01	7.10069e+00	0.00000e+00
7.02093e+02	2.78790e+02	2.06647e+03	1.39409e+03	4.39707e+00	2.25775e+00	9.85465e+01	1.74786e+01	7.10628e+00	0.00000e+00
7.03955e+02	2.78930e+02	2.06578e+03	1.39408e+03	4.39831e+00	2.25865e+00	9.82912e+01	1.74862e+01	7.11186e+00	0.00000e+00
7.05817e+02	2.79070e+02	2.06509e+03	1.39407e+03	4.39956e+00	2.25954e+00	9.80369e+01	1.74938e+01	7.11745e+00	0.00000e+00
7.07679e+02	2.79210e+02	2.06441e+03	1.39406e+03	4.40080e+00	2.26043e+00	9.77834e+01	1.75015e+01	7.12304e+00	0.00000e+00
7.09540e+02	2.79348e+02	2.06372e+03	1.39405e+03	4.40205e+00	2.26133e+00	9.75344e+01	1.75091e+01	7.12862e+00	0.00000e+00
7.11402e+02	2.79482e+02	2.06303e+03	1.39404e+03	4.40329e+00	2.26222e+00	9.72921e+01	1.75167e+01	7.13421e+00	0.00000e+00
7.13264e+02	2.79617e+02	2.06234e+03	1.39403e+03	4.40453e+00	2.26311e+00	9.70508e+01	1.75244e+01	7.13979e+00	0.00000e+00
7.15126e+02	2.79752e+02	2.06166e+03	1.39403e+03	4.40577e+00	2.26400e+00	9.68102e+01	1.75320e+01	7.14538e+00	0.00000e+00
7.16988e+02	2.79886e+02	2.06097e+03	1.39402e+03	4.40701e+00	2.26490e+00	9.65705e+01	1.75397e+01	7.15096e+00	0.00000e+00
7.18850e+02	2.80021e+02	2.06028e+03	1.39401e+03	4.40826e+00	2.26579e+00	9.63316e+01	1.75473e+01	7.15655e+00	0.00000e+00
7.20712e+02	2.80156e+02	2.05960e+03	1.39400e+03	4.40950e+00	2.26668e+00	9.60935e+01	1.75549e+01	7.16214e+00	0.00000e+00
7.22574e+02	2.80290e+02	2.05891e+03	1.39399e+03	4.41074e+00	2.26757e+00	9.58563e+01	1.75626e+01	7.16772e+00	0.00000e+00
7.24436e+02	2.80425e+02	2.05822e+03	1.39398e+03	4.41198e+00	2.26846e+00	9.56198e+01	1.75702e+01	7.17331e+00	0.00000e+00
7.26298e+02	2.80560e+02	2.05754e+03	1.39397e+03	4.41322e+00	2.26935e+00	9.53842e+01	1.75778e+01	7.17889e+00	0.00000e+00
7.28160e+02	2.80694e+02	2.05685e+03	1.39396e+03	4.41446e+00	2.27024e+00	9.51493e+01	1.75855e+01	7.18448e+00	0.00000e+00
7.30022e+02	2.80829e+02	2.05617e+03	1.39395e+03	4.41570e+00	2.27113e+00	9.49153e+01	1.75931e+01	7.19006e+00	0.00000e+00
7.31884e+02	2.80964e+02	2.05548e+03	1.39395e+03	4.41693e+00	2.27202e+00	9.46821e+01	1.76007e+01	7.19565e+00	0.00000e+00
7.33745e+02	2.81098e+02	2.05480e+03	1.39394e+03	4.41817e+00	2.27291e+00	9.44497e+01	1.76084e+01	7.20124e+00	0.00000e+00
7.35607e+02	2.81229e+02	2.05411e+03	1.39393e+03	4.41941e+00	2.27380e+00	9.42244e+01	1.76160e+01	7.20682e+00	0.00000e+00
7.37469e+02	2.81359e+02	2.05343e+03	1.39392e+03	4.42065e+00	2.27469e+00	9.40019e+01	1.76236e+01	7.21241e+00	0.00000e+00
7.39331e+02	2.81489e+02	2.05274e+03	1.39391e+03	4.42189e+00	2.27557e+00	9.37801e+01	1.76313e+01	7.21799e+00	0.00000e+00
7.41193e+02	2.81619e+02	2.05206e+03	1.39390e+03	4.42312e+00	2.27646e+00	9.35590e+01	1.76389e+01	7.22358e+00	0.00000e+00
7.43055e+02	2.81748e+02	2.05137e+03	1.39389e+03	4.42436e+00	2.27735e+00	9.33386e+01	1.76465e+01	7.22917e+00	0.00000e+00
7.44917e+02	2.81878e+02	2.05069e+03	1.39389e+03	4.42560e+00	2.27823e+00	9.31189e+01	1.76542e+01	7.23475e+00	0.00000e+00
7.46779e+02	2.82008e+02	2.05000e+03	1.39388e+03	4.42683e+00	2.27912e+00	9.29000e+01	1.76618e+01	7.24034e+00	0.00000e+00
7.48641e+02	2.82138e+02	2.04932e+03	1.39387e+03	4.42807e+00	2.28001e+00	9.26818e+01	1.76694e+01	7.24592e+00	0.00000e+00
7.50503e+02	2.82268e+02	2.04864e+03	1.39386e+03	4.42930e+00	2.28089e+00	9.24643e+01	1.76771e+01	7.25151e+00	0.00000e+00
7.52365e+02	2.82398e+02	2.04795e+03	1.39385e+03	4.43054e+00	2.28178e+00	9.22475e+01	1.76847e+01	7.25709e+00	0.00000e+00
7.54227e+02	2.82527e+02	2.04727e+03	1.39384e+03	4.43177e+00	2.28266e+00	9.20314e+01	1.76923e+01	7.26268e+00	0.00000e+00
7.56088e+02	2.82657e+02	2.04658e+03	1.39383e+03	4.43301e+00	2.28355e+00	9.18160e+01	1.77000e+01	7.26827e+00	0.00000e+00
7.57950e+02	2.82787e+02	2.04590e+03	1.39383e+03	4.43424e+00	2.28443e+00	9.16014e+01	1.77076e+01	7.27385e+00	0.00000e+00
7.59812e+02	2.82916e+02	2.04522e+03	1.39382e+03	4.43547e+00	2.28531e+00	9.13886e+01	1.77152e+01	7.27944e+00	0.00000e+00
7.61674e+02	2.83041e+02	2.04454e+03	1.39381e+03	4.43670e+00	2.28620e+00	9.11827e+01	1.77229e+01	7.28502e+00	0.00000e+00
7.63536e+02	2.83167e+02	2.04385e+03	1.39380e+03	4.43794e+00	2.28708e+00	9.09775e+01	1.77305e+01	7.29061e+00	0.00000e+00
7.65398e+02	2.83292e+02	2.04317e+03	1.39379e+03	4.43917e+00	2.28796e+00	9.07728e+01	1.77381e+01	7.29619e+00	0.00000e+00
7.67260e+02	2.83417e+02	2.04249e+03	1.39378e+03	4.44040e+00	2.28885e+00	9.05689e+01	1.77458e+01	7.30178e+00	0.00000e+00
7.69122e+02	2.83543e+02	2.04181e+03	1.39378e+03	4.44163e+00	2.28973e+00	9.03655e+01	1.77534e+01	7.30737e+00	0.00000e+00
7.70984e+02	2.83668e+02	2.04112e+03	1.39377e+03	4.44286e+00	2.29061e+00	9.01628e+01	1.77610e+01	7.31295e+00	0.00000e+00
7.72846e+02	2.83793e+02	2.04044e+03	1.39376e+03	4.44409e+00	2.29149e+00	8.99607e+01	1.77687e+01	7.31854e+00	0.00000e+00
7.74708e+02	2.83918e+02	2.03976e+03	1.39375e+03	4.44532e+00	2.29237e+00	8.97593e+01	1.77763e+01	7.32412e+00	0.00000e+00
7.76570e+02	2.84044e+02	2.03908e+03	1.39374e+03	4.44655e+00	2.29325e+00	8.95585e+01	1.77839e+01	7.32971e+00	0.00000e+00
7.78432e+02	2.84169e+02	2.03840e+03	1.39374e+03	4.44778e+00	2.29413e+00	8.93583e+01	1.77916e+01	7.33529e+00	0.00000e+00
7.80293e+02	2.84294e+02	2.03772e+03	1.39373e+03	4.44901e+00	2.29501e+00	8.91587e+01	1.77992e+01	7.34088e+00	0.00000e+00
7.82155e+02	2.84420e+02	2.03704e+03	1.39372e+03	4.45024e+00	2.29589e+00	8.89598e+01	1.78068e+01	7.34647e+00	0.00000e+00
7.84017e+02	2.84545e+02	2.03636e+03	1.39371e+03	4.45147e+00	2.29677e+00	8.87614e+01	1.78145e+01	7.35205e+00	0.00000e+00
7.85879e+02	2.84668e+02	2.03568e+03	1.39370e+03	4.45270e+00	2.29765e+00	8.85675e+01	1.78221e+01	7.35764e+00	0.00000e+00
7.87741e+02	2.84789e+02	2.03500e+03	1.39369e+03	4.45393e+00	2.29853e+00	8.83769e+01	1.78297e+01	7.36322e+00	0.00000e+00
7.89603e+02	2.84910e+02	2.03432e+03	1.39369e+03	4.45516e+00	2.29941e+00	8.81869e+01	1.78374e+01	7.36881e+00	0.00000e+00
7.91465e+02	2.85031e+02	2.03364e+03	1.39368e+03	4.45638e+00	2.30029e+00	8.79975e+01	1.78450e+01	7.37439e+00	0.00000e+00
7.93327e+02	2.85153e+02	2.03296e+03	1.39367e+03	4.45761e+00	2.30116e+00	8.78086e+01	1.78526e+01	7.37998e+00	0.00000e+00
7.95189e+02	2.85274e+02	2.03228e+03	1.39366e+03	4.45884e+00	2.30204e+00	8.76203e+01	1.78603e+01	7.38557e+00	0.00000e+00
7.97051e+02	2.85395e+02	2.03160e+03	1.39365e+03	4.46006e+00	2.30292e+00	8.74325e+01	1.78679e+01	7.39115e+00	0.00000e+00
7.98913e+02	2.85516e+02	2.03092e+03	1.39365e+03	4.46129e+00	2.30379e+00	8.72454e+01	1.78755e+01	7.39674e+00	0.00000e+00
8.00775e+02	2.85637e+02	2.03024e+03	1.39364e+03	4.46251e+00	2.30467e+00	8.70587e+01	1.78832e+01	7.40232e+00	0.00000e+00
8.02636e+02	2.85758e+02	2.02956e+03	1.39363e+03	4.46374e+00	2.30555e+00	8.68727e+01	1.78908e+01	7.40791e+00	0.00000e+00
8.04498e+02	2.85880e+02	2.02888e+03	1.39362e+03	4.46496e+00	2.30642e+00	8.66872e+01	1.78984e+01	7.41350e+00	0.00000e+00
8.06360e+02	2.86001e+02	2.02820e+03	1.39361e+03	4.46619e+00	2.30730e+00	8.65022e+01	1.79061e+01	7.41908e+00	0.00000e+00
8.08222e+02	2.86122e+02	2.02752e+03	1.39361e+03	4.46741e+00	2.30817e+00	8.63178e+01	1.79137e+01	7.42467e+00	0.00000e+00
8.10084e+02	2.86243e+02	2.02685e+03	1.39360e+03	4.46863e+00	2.30905e+00	8.61339e+01	1.79213e+01	7.43025e+00	0.00000e+00
8.11946e+02	2.86360e+02	2.02617e+03	1.39359e+03	4.46986e+00	2.30992e+00	8.59563e+01	1.79290e+01	7.43584e+00	0.00000e+00
8.13808e+02	2.86478e+02	2.02549e+03	1.39358e+03	4.47108e+00	2.31080e+00	8.57793e+01	1.79366e+01	7.44142e+00	0.00000e+00
8.15670e+02	2.86595e+02	2.02481e+03	1.39358e+03	4.47230e+00	2.31167e+00	8.56028e+01	1.79442e+01	7.44701e+00	0.00000e+00
8.17532e+02	2.86712e+02	2.02413e+03	1.39357e+03	4.47353e+00	2.31254e+00	8.54268e+01	1.79519e+01	7.45260e+00	0.00000e+00
8.19394e+02	2.86830e+02	2.02346e+03	1.39356e+03	4.47475e+00	2.31342e+00	8.52513e+01	1.79595e+01	7.45818e+00	0.00000e+00
8.21256e+02	2.86947e+02	2.02278e+03	1.39355e+03	4.47597e+00	2.31429e+00	8.50764e+01	1.79671e+01	7.46377e+00	0.00000e+00
8.23118e+02	2.87064e+02	2.02210e+03	1.39354e+03	4.47719e+00	2.31516e+00	8.49019e+01	1.79748e+01	7.46935e+00	0.00000e+00
8.24980e+02	2.87182e+02	2.02143e+03	1.39354e+03	4.47841e+00	2.31603e+00	8.47279e+01	1.79824e+01	7.47494e+00	0.00000e+00
8.26841e+02	2.87299e+02	2.02075e+03	1.39353e+03	4.47963e+00	2.31690e+00	8.45545e+01	1.79900e+01	7.48052e+00	0.00000e+00
8.28703e+02	2.87416e+02	2.02007e+03	1.39352e+03	4.48085e+00	2.31778e+00	8.43815e+01	1.79977e+01	7.48611e+00	0.00000e+00
8.30565e+02	2.87534e+02	2.01940e+03	1.39351e+03	4.48207e+00	2.31865e+00	8.42090e+01	1.80053e+01	7.49170e+00	0.00000e+00
8.32427e+02	2.87651e+02	2.01872e+03	1.39351e+03	4.48329e+00	2.31952e+00	8.40370e+01	1.80130e+01	7.49728e+00	0.00000e+00
8.34289e+02	2.87768e+02	2.01804e+03	1.39350e+03	4.48451e+00	2.32039e+00	8.38655e+01	1.80206e+01	7.50287e+00	0.00000e+00
8.36151e+02	2.87884e+02	2.01737e+03	1.39349e+03	4.48573e+00	2.32126e+00	8.36965e+01	1.80282e+01	7.50845e+00	0.00000e+00
8.38013e+02	2.87998e+02	2.01669e+03	1.39348e+03	4.48695e+00	2.32213e+00	8.35311e+01	1.80359e+01	7.51404e+00	0.00000e+00
8.39875e+02	2.88112e+02	2.01602e+03	1.39348e+03	4.48817e+00	2.32300e+00	8.33661e+01	1.80435e+01	7.51962e+00	0.00000e+00
8.41737e+02	2.88225e+02	2.01534e+03	1.39347e+03	4.48938e+00	2.32386e+00	8.32017e+01	1.80511e+01	7.52521e+00	0.00000e+00
8.43599e+02	2.88339e+02	2.01467e+03	1.39346e+03	4.49060e+00	2.32473e+00	8.30376e+01	1.80588e+01	7.53080e+00	0.00000e+00
8.45461e+02	2.88453e+02	2.01399e+03	1.39345e+03	4.49182e+00	2.32560e+00	8.28741e+01	1.80664e+01	7.53638e+00	0.00000e+00
8.47323e+02	2.88567e+02	2.01332e+03	1.39345e+03	4.49303e+00	2.32647e+00	8.27110e+01	1.80740e+01	7.54197e+00	0.00000e+00
8.49184e+02	2.88680e+02	2.01264e+03	1.39344e+03	4.49425e+00	2.32734e+00	8.25483e+01	1.80817e+01	7.54755e+00	0.00000e+00
8.51046e+02	2.88794e+02	2.01197e+03	1.39343e+03	4.49547e+00	2.32820e+00	8.23861e+01	1.80893e+01	7.55314e+00	0.00000e+00
8.52908e+02	2.88908e+02	2.01130e+03	1.39342e+03	4.49668e+00	2.32907e+00	8.22243e+01	1.80969e+01	7.55872e+00	0.00000e+00
8.54770e+02	2.89022e+02	2.01062e+03	1.39342e+03	4.49790e+00	2.32994e+00	8.20630e+01	1.81046e+01	7.56431e+00	0.00000e+00
8.56632e+02	2.89136e+02	2.00995e+03	1.39341e+03	4.49911e+00	2.33080e+00	8.19021e+01	1.81122e+01	7.56990e+00	0.00000e+00
8.58494e+02	2.89249e+02	2.00927e+03	1.39340e+03	4.50033e+00	2.33167e+00	8.17416e+01	1.81198e+01	7.57548e+00	0.00000e+00
8.60356e+02	2.89363e+02	2.00860e+03	1.39339e+03	4.50154e+00	2.33254e+00	8.15816e+01	1.81275e+01	7.58107e+00	0.00000e+00
8.62218e+02	2.89474e+02	2.00793e+03	1.39339e+03	4.50276e+00	2.33340e+00	8.14256e+01	1.81351e+01	7.58665e+00	0.00000e+00
8.64080e+02	2.89585e+02	2.00726e+03	1.39338e+03	4.50397e+00	2.33427e+00	8.12711e+01	1.81427e+01	7.59224e+00	0.00000e+00
8.65942e+02	2.89695e+02	2.00658e+03	1.39337e+03	4.50518e+00	2.33513e+00	8.11169e+01	1.81504e+01	7.59783e+00	0.00000e+00
8.67804e+02	2.89806e+02	2.00591e+03	1.39336e+03	4.50640e+00	2.33600e+00	8.09631e+01	1.81580e+01	7.60341e+00	0.00000e+00
8.69666e+02	2.89916e+02	2.00524e+03	1.39336e+03	4.50761e+00	2.33686e+00	8.08098e+01	1.81656e+01	7.60900e+00	0.00000e+00
8.71528e+02	2.90027e+02	2.00456e+03	1.39335e+03	4.50882e+00	2.33772e+00	8.06568e+01	1.81733e+01	7.61458e+00	0.00000e+00
8.73389e+02	2.90137e+02	2.00389e+03	1.39334e+03	4.51003e+00	2.33859e+00	8.05043e+01	1.81809e+01	7.62017e+00	0.00000e+00
8.75251e+02	2.90248e+02	2.00322e+03	1.39333e+03	4.51124e+00	2.33945e+00	8.03522e+01	1.81885e+01	7.62575e+00	0.00000e+00
8.77113e+02	2.90358e+02	2.00255e+03	1.39333e+03	4.51246e+00	2.34031e+00	8.02004e+01	1.81962e+01	7.63134e+00	0.00000e+00
8.78975e+02	2.90469e+02	2.00188e+03	1.39332e+03	4.51367e+00	2.34117e+00	8.00491e+01	1.82038e+01	7.63693e+00	0.00000e+00
8.80837e+02	2.90579e+02	2.00121e+03	1.39331e+03	4.51488e+00	2.34204e+00	7.98982e+01	1.82114e+01	7.64251e+00	0.00000e+00
8.82699e+02	2.90690e+02	2.00053e+03	1.39331e+03	4.51609e+00	2.34290e+00	7.97477e+01	1.82191e+01	7.64810e+00	0.00000e+00
8.84561e+02	2.90800e+02	1.99986e+03	1.39330e+03	4.51730e+00	2.34376e+00	7.95975e+01	1.82267e+01	7.65368e+00	0.00000e+00
8.86423e+02	2.90910e+02	1.99919e+03	1.39329e+03	4.51851e+00	2.34462e+00	7.94485e+01	1.82343e+01	7.65927e+00	0.00000e+00
8.88285e+02	2.91018e+02	1.99852e+03	1.39328e+03	4.51972e+00	2.34548e+00	7.93032e+01	1.82420e+01	7.66485e+00	0.00000e+00
8.90147e+02	2.91125e+02	1.99785e+03	1.39328e+03	4.52092e+00	2.34634e+00	7.91583e+01	1.82496e+01	7.67044e+00	0.00000e+00
8.92009e+02	2.91233e+02	1.99718e+03	1.39327e+03	4.52213e+00	2.34720e+00	7.90138e+01	1.82572e+01	7.67603e+00	0.00000e+00
8.93871e+02	2.91340e+02	1.99651e+03	1.39326e+03	4.52334e+00	2.34806e+00	7.88696e+01	1.82649e+01	7.68161e+00	0.00000e+00
8.95732e+02	2.91448e+02	1.99584e+03	1.39326e+03	4.52455e+00	2.34892e+00	7.87258e+01	1.82725e+01	7.68720e+00	0.00000e+00
8.97594e+02	2.91555e+02	1.99517e+03	1.39325e+03	4.52576e+00	2.34978e+00	7.85824e+01	1.82801e+01	7.69278e+00	0.00000e+00
8.99456e+02	2.91663e+02	1.99450e+03	1.39324e+03	4.52696e+00	2.35064e+00	7.84393e+01	1.82878e+01	7.69837e+00	0.00000e+00
9.01318e+02	2.91770e+02	1.99383e+03	1.39323e+03	4.52817e+00	2.35150e+00	7.82966e+01	1.82954e+01	7.70395e+00	0.00000e+00
9.03180e+02	2.91878e+02	1.99316e+03	1.39323e+03	4.52938e+00	2.35236e+00	7.81542e+01	1.83030e+01	7.70954e+00	0.00000e+00
9.05042e+02	2.91985e+02	1.99249e+03	1.39322e+03	4.53058e+00	2.35322e+00	7.80122e+01	1.83107e+01	7.71513e+00	0.00000e+00
9.06904e+02	2.92093e+02	1.99183e+03	1.39321e+03	4.53179e+00	2.35407e+00	7.78706e+01	1.83183e+01	7.72071e+00	0.00000e+00
9.08766e+02	2.92200e+02	1.99116e+03	1.39321e+03	4.53300e+00	2.35493e+00	7.77294e+01	1.83259e+01	7.72630e+00	0.00000e+00
9.10628e+02	2.92308e+02	1.99049e+03	1.39320e+03	4.53420e+00	2.35579e+00	7.75885e+01	1.83336e+01	7.73188e+00	0.00000e+00
9.12490e+02	2.92414e+02	1.98982e+03	1.39319e+03	4.53541e+00	2.35664e+00	7.74501e+01	1.83412e+01	7.73747e+00	0.00000e+00
9.14352e+02	2.92519e+02	1.98915e+03	1.39318e+03	4.53661e+00	2.35750e+00	7.73135e+01	1.83488e+01	7.74306e+00	0.00000e+00
9.16214e+02	2.92623e+02	1.98848e+03	1.39318e+03	4.53782e+00	2.35836e+00	7.71772e+01	1.83565e+01	7.74864e+00	0.00000e+00
9.18076e+02	2.92728e+02	1.98782e+03	1.39317e+03	4.53902e+00	2.35921e+00	7.70413e+01	1.83641e+01	7.75423e+00	0.00000e+00
9.19937e+02	2.92833e+02	1.98715e+03	1.39316e+03	4.54022e+00	2.36007e+00	7.69057e+01	1.83717e+01	7.75981e+00	0.00000e+00
9.21799e+02	2.92938e+02	1.98648e+03	1.39316e+03	4.54143e+00	2.36092e+00	7.67704e+01	1.83794e+01	7.76540e+00	0.00000e+00
9.23661e+02	2.93042e+02	1.98582e+03	1.39315e+03	4.54263e+00	2.36178e+00	7.66355e+01	1.83870e+01	7.77098e+00	0.00000e+00
9.25523e+02	2.93147e+02	1.98515e+03	1.39314e+03	4.54383e+00	2.36263e+00	7.65009e+01	1.83946e+01	7.77657e+00	0.00000e+00
9.27385e+02	2.93252e+02	1.98448e+03	1.39314e+03	4.54503e+00	2.36349e+00	7.63667e+01	1.84023e+01	7.78216e+00	0.00000e+00
9.29247e+02	2.93357e+02	1.98381e+03	1.39313e+03	4.54624e+00	2.36434e+00	7.62328e+01	1.84099e+01	7.78774e+00	0.00000e+00
9.31109e+02	2.93461e+02	1.98315e+03	1.39312e+03	4.54744e+00	2.36519e+00	7.60992e+01	1.84175e+01	7.79333e+00	0.00000e+00
9.32971e+02	2.93566e+02	1.98248e+03	1.39312e+03	4.54864e+00	2.36605e+00	7.59659e+01	1.84252e+01	7.79891e+00	0.00000e+00
9.34833e+02	2.93671e+02	1.98182e+03	1.39311e+03	4.54984e+00	2.36690e+00	7.58330e+01	1.84328e+01	7.80450e+00	0.00000e+00
9.36695e+02	2.93776e+02	1.98115e+03	1.39310e+03	4.55104e+00	2.36775e+00	7.57004e+01	1.84404e+01	7.81008e+00	0.00000e+00
9.38557e+02	2.93878e+02	1.98048e+03	1.39310e+03	4.55224e+00	2.36861e+00	7.55712e+01	1.84481e+01	7.81567e+00	0.00000e+00
9.40419e+02	2.93980e+02	1.97982e+03	1.39309e+03	4.55344e+00	2.36946e+00	7.54425e+01	1.84557e+01	7.82126e+00	0.00000e+00
9.42280e+02	2.94082e+02	1.97915e+03	1.39308e+03	4.55464e+00	2.37031e+00	7.53140e+01	1.84633e+01	7.82684e+00	0.00000e+00
9.44142e+02	2.94185e+02	1.97849e+03	1.39307e+03	4.55584e+00	2.37116e+00	7.51858e+01	1.84710e+01	7.83243e+00	0.00000e+00
9.46004e+02	2.94287e+02	1.97782e+03	1.39307e+03	4.55704e+00	2.37201e+00	7.50579e+01	1.84786e+01	7.83801e+00	0.00000e+00
9.47866e+02	2.94389e+02	1.97716e+03	1.39306e+03	4.55824e+00	2.37286e+00	7.49304e+01	1.84863e+01	7.84360e+00	0.00000e+00
9.49728e+02	2.94491e+02	1.97649e+03	3.42364e+03	8.46206e+00	4.91592e+00	1.43529e+13	1.34840e+02	8.27368e+01	0.00000e+00
1.04106e+03	3.01892e+02	1.96323e+03	3.42364e+03	8.46938e+00	4.91721e+00	8.41261e+12	1.35311e+02	8.28448e+01	0.00000e+00
1.13240e+03	3.09238e+02	1.94997e+03	3.42631e+03	8.47775e+00	4.91901e+00	5.07688e+12	1.35836e+02	8.29782e+01	0.00000e+00
1.22380e+03	3.16529e+02	1.93671e+03	3.42932e+03	8.48543e+00	4.92038e+00	3.14785e+12	1.36332e+02	8.30923e+01	0.00000e+00
1.31529e+03	3.23766e+02	1.92345e+03	3.43213e+03	8.49406e+00	4.92195e+00	2.00121e+12	1.36891e+02	8.32224e+01	0.00000e+00
1.40685e+03	3.30947e+02	1.91019e+03	3.43530e+03	8.50245e+00	4.92341e+00	1.30203e+12	1.37439e+02	8.33469e+01	0.00000e+00
1.49849e+03	3.38073e+02	1.89693e+03	3.43840e+03	8.51010e+00	4.92401e+00	8.65512e+11	1.37979e+02	8.34399e+01	0.00000e+00
1.59022e+03	3.45145e+02	1.88367e+03	3.44140e+03	8.50869e+00	4.92075e+00	5.86933e+11	1.38045e+02	8.33301e+01	0.00000e+00
1.68203e+03	3.52161e+02	1.87041e+03	3.44143e+03	8.52438e+00	4.92397e+00	4.05475e+11	1.39055e+02	8.35810e+01	0.00000e+00
1.77384e+03	3.59121e+02	1.85715e+03	3.44728e+03	8.53680e+00	4.92500e+00	2.84963e+11	1.39942e+02	8.37371e+01	0.00000e+00
1.86580e+03	3.66027e+02	1.84389e+03	3.45227e+03	8.54914e+00	4.92564e+00	2.03562e+11	1.40846e+02	8.38816e+01	0.00000e+00
1.95790e+03	3.72877e+02	1.83063e+03	3.45733e+03	8.55601e+00	4.92853e+00	1.47641e+11	1.41206e+02	8.40300e+01	0.00000e+00
2.05013e+03	3.79671e+02	1.81737e+03	3.45939e+03	8.56742e+00	4.92873e+00	1.08620e+11	1.42068e+02	8.41525e+01	0.00000e+00
2.14242e+03	3.86410e+02	1.80411e+03	3.46415e+03	8.57816e+00	4.92896e+00	8.09757e+10	1.42879e+02	8.42683e+01	0.00000e+00
2.23483e+03	3.93093e+02	1.79085e+03	3.46860e+03	8.58883e+00	4.92801e+00	6.11293e+10	1.43752e+02	8.43500e+01	0.00000e+00
2.32737e+03	3.99720e+02	1.77759e+03	3.47329e+03	8.60157e+00	4.92746e+00	4.66942e+10	1.44768e+02	8.44654e+01	0.00000e+00
2.42003e+03	4.06292e+02	1.76433e+03	3.47882e+03	8.61092e+00	4.92728e+00	3.60664e+10	1.45501e+02	8.45552e+01	0.00000e+00
2.51283e+03	4.12807e+02	1.75107e+03	3.48278e+03	8.61547e+00	4.92760e+00	2.81518e+10	1.45831e+02	8.46081e+01	0.00000e+00
2.60574e+03	4.19266e+02	1.73781e+03	3.48451e+03	8.61982e+00	4.92768e+00	2.21917e+10	1.46160e+02	8.46523e+01	0.00000e+00
2.69870e+03	4.25669e+02	1.72455e+03	3.48621e+03	8.62396e+00	4.92747e+00	1.76557e+10	1.46489e+02	8.46855e+01	0.00000e+00
2.79171e+03	4.32016e+02	1.71129e+03	3.48788e+03	8.62807e+00	4.92723e+00	1.41700e+10	1.46817e+02	8.47179e+01	0.00000e+00
2.88475e+03	4.38306e+02	1.69803e+03	3.48955e+03	8.63243e+00	4.92731e+00	1.14669e+10	1.47148e+02	8.47619e+01	0.00000e+00
2.97785e+03	4.44540e+02	1.68477e+03	3.49125e+03	8.63709e+00	4.92780e+00	9.35256e+09	1.47480e+02	8.48208e+01	0.00000e+00
3.07098e+03	4.50717e+02	1.67151e+03	3.49298e+03	8.64160e+00	4.92807e+00	7.68509e+09	1.47813e+02	8.48721e+01	0.00000e+00
3.16417e+03	4.56837e+02	1.65825e+03	3.49471e+03	8.64598e+00	4.92818e+00	6.35977e+09	1.48144e+02	8.49173e+01	0.00000e+00
3.25740e+03	4.62900e+02	1.64499e+03	3.49641e+03	8.65036e+00	4.92828e+00	5.29856e+09	1.48477e+02	8.49620e+01	0.00000e+00
3.35067e+03	4.68907e+02	1.63173e+03	3.49811e+03	8.65484e+00	4.92851e+00	4.44281e+09	1.48810e+02	8.50115e+01	0.00000e+00
3.44399e+03	4.74856e+02	1.61847e+03	3.49983e+03	8.65917e+00	4.92855e+00	3.74808e+09	1.49143e+02	8.50543e+01	0.00000e+00
3.53736e+03	4.80747e+02	1.60521e+03	3.50152e+03	8.66359e+00	4.92870e+00	3.18046e+09	1.49476e+02	8.51007e+01	0.00000e+00
3.63077e+03	4.86581e+02	1.59195e+03	3.50322e+03	8.66829e+00	4.92921e+00	2.71385e+09	1.49814e+02	8.51611e+01	0.00000e+00
3.72423e+03	4.92358e+02	1.57869e+03	3.50498e+03	8.67252e+00	4.92911e+00	2.32803e+09	1.50148e+02	8.51989e+01	0.00000e+00
3.81773e+03	4.98077e+02	1.56543e+03	3.50668e+03	8.67704e+00	4.92938e+00	2.00724e+09	1.50485e+02	8.52501e+01	0.00000e+00
3.91128e+03	5.03737e+02	1.55217e+03	3.50841e+03	8.68152e+00	4.92960e+00	1.73908e+09	1.50822e+02	8.52996e+01	0.00000e+00
4.00488e+03	5.09340e+02	1.53891e+03	3.51013e+03	8.68600e+00	4.92982e+00	1.51378e+09	1.51159e+02	8.53490e+01	0.00000e+00
4.09852e+03	5.14884e+02	1.52565e+03	3.51186e+03	8.69051e+00	4.93006e+00	1.32356e+09	1.51497e+02	8.53996e+01	0.00000e+00
4.19221e+03	5.20370e+02	1.51239e+03	3.51358e+03	8.69503e+00	4.93032e+00	1.16220e+09	1.51837e+02	8.54507e+01	0.00000e+00
4.28594e+03	5.25797e+02	1.49913e+03	3.51532e+03	8.69957e+00	4.93059e+00	1.02472e+09	1.52176e+02	8.55021e+01	0.00000e+00
4.37972e+03	5.31165e+02	1.48587e+03	3.51705e+03	8.70413e+00	4.93090e+00	9.07080e+08	1.52517e+02	8.55549e+01	0.00000e+00
4.47355e+03	5.36474e+02	1.47261e+03	3.51879e+03	8.70874e+00	4.93125e+00	8.05997e+08	1.52858e+02	8.56095e+01	0.00000e+00
4.56742e+03	5.41724e+02	1.45935e+03	3.52053e+03	8.71337e+00	4.93163e+00	7.18799e+08	1.53201e+02	8.56652e+01	0.00000e+00
4.66134e+03	5.46915e+02	1.44609e+03	3.52227e+03	8.71839e+00	4.93252e+00	6.43293e+08	1.53551e+02	8.57423e+01	0.00000e+00
4.75530e+03	5.52045e+02	1.43283e+03	3.52418e+03	8.72270e+00	4.93246e+00	5.77672e+08	1.53888e+02	8.57793e+01	0.00000e+00
4.84932e+03	5.57116e+02	1.41957e+03	3.52578e+03	8.72732e+00	4.93281e+00	5.20446e+08	1.54233e+02	8.58341e+01	0.00000e+00
4.94338e+03	5.62127e+02	1.40631e+03	3.52753e+03	8.73223e+00	4.93348e+00	4.70367e+08	1.54583e+02	8.59013e+01	0.00000e+00
5.03748e+03	5.67077e+02	1.39305e+03	3.52933e+03	8.74779e+00	4.94463e+00	4.26404e+08	1.55250e+02	8.64154e+01	0.00000e+00
5.13164e+03	5.71966e+02	1.37979e+03	3.53444e+03	8.75833e+00	4.95090e+00	3.87689e+08	1.55761e+02	8.67187e+01	0.00000e+00
5.22593e+03	5.76794e+02	1.36653e+03	3.53789e+03	8.76354e+00	4.95197e+00	3.53520e+08	1.56113e+02	8.68005e+01	0.00000e+00
5.32031e+03	5.81561e+02	1.35327e+03	3.53969e+03	8.76884e+00	4.95315e+00	3.23263e+08	1.56467e+02	8.68864e+01	0.00000e+00
5.41474e+03	5.86267e+02	1.34001e+03	3.54150e+03	8.77401e+00	4.95414e+00	2.96384e+08	1.56821e+02	8.69651e+01	0.00000e+00
5.50922e+03	5.90911e+02	1.32674e+03	3.54330e+03	8.77928e+00	4.95527e+00	2.72442e+08	1.57177e+02	8.70492e+01	0.00000e+00
5.60374e+03	5.95492e+02	1.31348e+03	3.54511e+03	8.78456e+00	4.95641e+00	2.51063e+08	1.57532e+02	8.71337e+01	0.00000e+00
5.69832e+03	6.00011e+02	1.30022e+03	3.54692e+03	8.78986e+00	4.95757e+00	2.31924e+08	1.57889e+02	8.72190e+01	0.00000e+00
5.79294e+03	6.04468e+02	1.28696e+03	3.54873e+03	8.79522e+00	4.95879e+00	2.14751e+08	1.58247e+02	8.73068e+01	0.00000e+00
5.88761e+03	6.08861e+02	1.27370e+03	3.55055e+03	8.80062e+00	4.96005e+00	1.99307e+08	1.58607e+02	8.73960e+01	0.00000e+00
5.98233e+03	6.13190e+02	1.26044e+03	3.55238e+03	8.80602e+00	4.96131e+00	1.85387e+08	1.58967e+02	8.74854e+01	0.00000e+00
6.07710e+03	6.17456e+02	1.24718e+03	3.55421e+03	8.81145e+00	4.96258e+00	1.72815e+08	1.59329e+02	8.75754e+01	0.00000e+00
6.17192e+03	6.21657e+02	1.23392e+03	3.55604e+03	8.81689e+00	4.96388e+00	1.61438e+08	1.59692e+02	8.76662e+01	0.00000e+00
6.26678e+03	6.25794e+02	1.22066e+03	3.55787e+03	8.82235e+00	4.96519e+00	1.51122e+08	1.60055e+02	8.77579e+01	0.00000e+00
6.36170e+03	6.29865e+02	1.20740e+03	3.55971e+03	8.82783e+00	4.96652e+00	1.41752e+08	1.60420e+02	8.78505e+01	0.00000e+00
6.45666e+03	6.33871e+02	1.19414e+03	3.56155e+03	8.83334e+00	4.96788e+00	1.33225e+08	1.60785e+02	8.79440e+01	0.00000e+00
6.55168e+03	6.37810e+02	1.18088e+03	3.56340e+03	8.83900e+00	4.96940e+00	1.25453e+08	1.61154e+02	8.80438e+01	0.00000e+00
6.64674e+03	6.41683e+02	1.16762e+03	3.56526e+03	8.84463e+00	4.97088e+00	1.18358e+08	1.61523e+02	8.81424e+01	0.00000e+00
6.74185e+03	6.45489e+02	1.15436e+03	3.56712e+03	8.85022e+00	4.97234e+00	1.11872e+08	1.61892e+02	8.82399e+01	0.00000e+00
6.83701e+03	6.49227e+02	1.14110e+03	3.56898e+03	8.85572e+00	4.97364e+00	1.05933e+08	1.62261e+02	8.83318e+01	0.00000e+00
6.93222e+03	6.52896e+02	1.12784e+03	3.57082e+03	8.86133e+00	4.97509e+00	1.00489e+08	1.62633e+02	8.84293e+01	0.00000e+00
7.02748e+03	6.56497e+02	1.11458e+03	3.57268e+03	8.86697e+00	4.97656e+00	9.54916e+07	1.63006e+02	8.85278e+01	0.00000e+00
7.12279e+03	6.60029e+02	1.10132e+03	3.57455e+03	8.87283e+00	4.97828e+00	9.08997e+07	1.63382e+02	8.86362e+01	0.00000e+00
7.21815e+03	6.63490e+02	1.08806e+03	3.57645e+03	8.87862e+00	4.97992e+00	8.66759e+07	1.63758e+02	8.87412e+01	0.00000e+00
7.31356e+03	6.66880e+02	1.07480e+03	3.57833e+03	8.88453e+00	4.98168e+00	8.27872e+07	1.64137e+02	8.88511e+01	0.00000e+00
7.40902e+03	6.70199e+02	1.06154e+03	3.58023e+03	8.89007e+00	4.98300e+00	7.92040e+07	1.64512e+02	8.89445e+01	0.00000e+00
7.50454e+03	6.73445e+02	1.04828e+03	3.58210e+03	8.89622e+00	4.98503e+00	7.59002e+07	1.64896e+02	8.90649e+01	0.00000e+00
7.60010e+03	6.76618e+02	1.03502e+03	3.58403e+03	8.90160e+00	4.98619e+00	7.28522e+07	1.65270e+02	8.91522e+01	0.00000e+00
7.69571e+03	6.79717e+02	1.02176e+03	3.58587e+03	8.90745e+00	4.98786e+00	7.00392e+07	1.65651e+02	8.92595e+01	0.00000e+00
7.79137e+03	6.82742e+02	1.00850e+03	3.58777e+03	8.91333e+00	4.98956e+00	6.74422e+07	1.66034e+02	8.93675e+01	0.00000e+00
7.88708e+03	6.85690e+02	9.95240e+02	3.58968e+03	8.91925e+00	4.99129e+00	6.50447e+07	1.66419e+02	8.94772e+01	0.00000e+00
7.98285e+03	6.88562e+02	9.81980e+02	3.59159e+03	8.92517e+00	4.99302e+00	6.28316e+07	1.66804e+02	8.95868e+01	0.00000e+00
8.07866e+03	6.91356e+02	9.68720e+02	3.59350e+03	8.93112e+00	4.99477e+00	6.07895e+07	1.67191e+02	8.96977e+01	0.00000e+00
8.17453e+03	6.94070e+02	9.55459e+02	3.59542e+03	8.93712e+00	4.99658e+00	5.89063e+07	1.67580e+02	8.98107e+01	0.00000e+00
8.27045e+03	6.96705e+02	9.42199e+02	3.59735e+03	8.94316e+00	4.99842e+00	5.71713e+07	1.67970e+02	8.99250e+01	0.00000e+00
8.36641e+03	6.99259e+02	9.28939e+02	3.59928e+03	8.94929e+00	5.00036e+00	5.55750e+07	1.68363e+02	9.00436e+01	0.00000e+00
8.46243e+03	7.01729e+02	9.15679e+02	3.60122e+03	8.95531e+00	5.00218e+00	5.41087e+07	1.68754e+02	9.01576e+01	0.00000e+00
8.55850e+03	7.04116e+02	9.02419e+02	3.60315e+03	8.96151e+00	5.00419e+00	5.27650e+07	1.69149e+02	9.02788e+01	0.00000e+00
8.65463e+03	7.06417e+02	8.89158e+02	3.60511e+03	8.96766e+00	5.00612e+00	5.15372e+07	1.69546e+02	9.03975e+01	0.00000e+00
8.75080e+03	7.08631e+02	8.75898e+02	3.60706e+03	8.97385e+00	5.00810e+00	5.04194e+07	1.69943e+02	9.05181e+01	0.00000e+00
8.84703e+03	7.10757e+02	8.62638e+02	3.60902e+03	8.98010e+00	5.01014e+00	4.94065e+07	1.70343e+02	9.06409e+01	0.00000e+00
8.94331e+03	7.12792e+02	8.49378e+02	3.61098e+03	8.98637e+00	5.01218e+00	4.84942e+07	1.70744e+02	9.07645e+01	0.00000e+00
9.03964e+03	7.14735e+02	8.36118e+02	3.61295e+03	8.99268e+00	5.01427e+00	4.76788e+07	1.71147e+02	9.08898e+01	0.00000e+00
9.13602e+03	7.16584e+02	8.22857e+02	3.61493e+03	8.99899e+00	5.01636e+00	4.69573e+07	1.71550e+02	9.10156e+01	0.00000e+00
9.23246e+03	7.18336e+02	8.09597e+02	3.61691e+03	9.00534e+00	5.01848e+00	4.63274e+07	1.71956e+02	9.11425e+01	0.00000e+00
9.32895e+03	7.19990e+02	7.96337e+02	3.61890e+03	9.01179e+00	5.02070e+00	4.57873e+07	1.72364e+02	9.12737e+01	0.00000e+00
9.42550e+03	7.21542e+02	7.83077e+02	3.62091e+03	9.01829e+00	5.02295e+00	4.53360e+07	1.72775e+02	9.14064e+01	0.00000e+00
9.52209e+03	7.22992e+02	7.69817e+02	3.62292e+03	9.02481e+00	5.02523e+00	4.49732e+07	1.73187e+02	9.15403e+01	0.00000e+00
9.61874e+03	7.24335e+02	7.56556e+02	3.62493e+03	9.03140e+00	5.02756e+00	4.46990e+07	1.73602e+02	9.16760e+01	0.00000e+00
9.71545e+03	7.25568e+02	7.43296e+02	3.62695e+03	9.03801e+00	5.02991e+00	4.45147e+07	1.74019e+02	9.18132e+01	0.00000e+00
9.81220e+03	7.26690e+02	7.30036e+02	3.62899e+03	9.04471e+00	5.03234e+00	4.44219e+07	1.74438e+02	9.19535e+01	0.00000e+00
9.90902e+03	7.27695e+02	7.16776e+02	3.63103e+03	9.05207e+00	5.03556e+00	4.44233e+07	1.74865e+02	9.21241e+01	0.00000e+00
1.00059e+04	7.28582e+02	7.03516e+02	3.63311e+03	9.05821e+00	5.03719e+00	4.45226e+07	1.75289e+02	9.22367e+01	0.00000e+00
1.01028e+04	7.29345e+02	6.90255e+02	3.63519e+03	9.06491e+00	5.03960e+00	4.47243e+07	1.75711e+02	9.23772e+01	0.00000e+00
1.01998e+04	7.29980e+02	6.76995e+02	3.63724e+03	9.07425e+00	5.04352e+00	4.50344e+07	1.76266e+02	9.25891e+01	0.00000e+00
1.02968e+04	7.30484e+02	6.63735e+02	3.63992e+03	9.09016e+00	5.05119e+00	4.54601e+07	1.77154e+02	9.29819e+01	0.00000e+00
1.03939e+04	7.30850e+02	6.50475e+02	3.64427e+03	9.10502e+00	5.05844e+00	4.60103e+07	1.77983e+02	9.33537e+01	0.00000e+00
1.04911e+04	7.31075e+02	6.37215e+02	3.64836e+03	9.12953e+00	5.07174e+00	4.66961e+07	1.79286e+02	9.40175e+01	0.00000e+00
1.05885e+04	7.31151e+02	6.23954e+02	3.65504e+03	9.13546e+00	5.07315e+00	4.75304e+07	1.79690e+02	9.41107e+01	0.00000e+00
1.05885e+04	7.31151e+02	6.23954e+02	8.00000e+03	6.51132e+00	3.49423e+00	1.00000e+04	2.08942e+02	9.76769e+01	0.00000e+00
1.13375e+04	7.31963e+02	5.54626e+02	8.00000e+03	6.51132e+00	3.49423e+00	1.00000e+04	2.08942e+02	9.76769e+01	0.00000e+00
1.20864e+04	7.32776e+02	4.85298e+02	8.00000e+03	6.56621e+00	3.52092e+00	1.00000e+04	2.12687e+02	9.91749e+01	0.00000e+00
1.28354e+04	7.33588e+02	4.15970e+02	8.00000e+03	6.62064e+00	3.54741e+00	1.00000e+04	2.16432e+02	1.00673e+02	0.00000e+00
1.35844e+04	7.34400e+02	3.46641e+02	8.00000e+03	6.67462e+00	3.57370e+00	1.00000e+04	2.20177e+02	1.02171e+02	0.00000e+00
1.43334e+04	7.35213e+02	2.77313e+02	8.00000e+03	6.72818e+00	3.59981e+00	1.00000e+04	2.23922e+02	1.03669e+02	0.00000e+00
1.50824e+04	7.36025e+02	2.07985e+02	8.00000e+03	6.78131e+00	3.62572e+00	1.00000e+04	2.27667e+02	1.05167e+02	0.00000e+00
1.58314e+04	7.36838e+02	1.38657e+02	8.00000e+03	6.83403e+00	3.65145e+00	1.00000e+04	2.31412e+02	1.06665e+02	0.00000e+00
1.65803e+04	7.37650e+02	6.93283e+01	8.00000e+03	6.88634e+00	3.67700e+00	1.00000e+04	2.35157e+02	1.08163e+02	0.00000e+00
1.73293e+04	7.38462e+02	0.00000e+00	8.00000e+03	6.93826e+00	3.70238e+00	1.00000e+04	2.38902e+02	1.09661e+02	0.00000e+00
