P (MPa)		T (K)		r (km)		rho (kg m-3)	VP (km s-1)	VS (km s-1)	QS/gamma	
0.00000e+00	1.10000e+02	2.41030e+03	9.31911e+02	3.87940e+00	1.96225e+00	2.24755e+04
9.50508e-01	1.20856e+02	2.40959e+03	9.31911e+02	3.88095e+00	1.96318e+00	8.67373e+03
1.90102e+00	1.32783e+02	2.40899e+03	9.31976e+02	3.88274e+00	1.96424e+00	3.64623e+03
2.85152e+00	1.45887e+02	2.40839e+03	9.32040e+02	3.88487e+00	1.96546e+00	1.65687e+03
3.80203e+00	1.60284e+02	2.40779e+03	9.32104e+02	3.88742e+00	1.96690e+00	8.08171e+02
4.75254e+00	1.76102e+02	2.40719e+03	9.32167e+02	3.89054e+00	1.96863e+00	4.20459e+02
5.70305e+00	1.93481e+02	2.40659e+03	9.32229e+02	3.89435e+00	1.97071e+00	2.31971e+02
6.65356e+00	2.12575e+02	2.40599e+03	9.32289e+02	3.89904e+00	1.97323e+00	1.35003e+02
7.60407e+00	2.33554e+02	2.40540e+03	9.32349e+02	3.90474e+00	1.97626e+00	8.24841e+01
8.55457e+00	2.56603e+02	2.40480e+03	9.32408e+02	3.91147e+00	1.97982e+00	5.26765e+01
9.50508e+00	2.56621e+02	2.40420e+03	9.32466e+02	3.91206e+00	1.98026e+00	5.26591e+01
1.04556e+01	2.56640e+02	2.40360e+03	9.32523e+02	3.91265e+00	1.98071e+00	5.26416e+01
1.14061e+01	2.56659e+02	2.40301e+03	9.32578e+02	3.91324e+00	1.98115e+00	5.26239e+01
1.23566e+01	2.56678e+02	2.40241e+03	9.32633e+02	3.91382e+00	1.98160e+00	5.26061e+01
1.33071e+01	2.56698e+02	2.40181e+03	9.32686e+02	3.91441e+00	1.98204e+00	5.25881e+01
1.42576e+01	2.56717e+02	2.40121e+03	9.32738e+02	3.91499e+00	1.98249e+00	5.25700e+01
1.52081e+01	2.56737e+02	2.40062e+03	9.32789e+02	3.91557e+00	1.98293e+00	5.25517e+01
1.61586e+01	2.56757e+02	2.40002e+03	9.32839e+02	3.91615e+00	1.98337e+00	5.25332e+01
1.71091e+01	2.56777e+02	2.39943e+03	9.32888e+02	3.91673e+00	1.98381e+00	5.25147e+01
1.80597e+01	2.56797e+02	2.39883e+03	9.32935e+02	3.91731e+00	1.98425e+00	5.24959e+01
1.90102e+01	2.56817e+02	2.39823e+03	9.32980e+02	3.91789e+00	1.98469e+00	5.24770e+01
1.99607e+01	2.56838e+02	2.39764e+03	9.33025e+02	3.91847e+00	1.98513e+00	5.24580e+01
2.09112e+01	2.56858e+02	2.39704e+03	9.33068e+02	3.91904e+00	1.98557e+00	5.24388e+01
2.18617e+01	2.56879e+02	2.39645e+03	9.33109e+02	3.91962e+00	1.98601e+00	5.24194e+01
2.28122e+01	2.56900e+02	2.39585e+03	9.33149e+02	3.92019e+00	1.98645e+00	5.23999e+01
2.37627e+01	2.56922e+02	2.39526e+03	9.33187e+02	3.92076e+00	1.98688e+00	5.23802e+01
2.47132e+01	2.56943e+02	2.39466e+03	9.33224e+02	3.92133e+00	1.98732e+00	5.23603e+01
2.56637e+01	2.56965e+02	2.39407e+03	9.33259e+02	3.92190e+00	1.98775e+00	5.23403e+01
2.66142e+01	2.56987e+02	2.39347e+03	9.33292e+02	3.92247e+00	1.98819e+00	5.23201e+01
2.75647e+01	2.57009e+02	2.39288e+03	9.33324e+02	3.92304e+00	1.98862e+00	5.22998e+01
2.85152e+01	2.57031e+02	2.39228e+03	9.33354e+02	3.92361e+00	1.98906e+00	5.22793e+01
2.94658e+01	2.57053e+02	2.39169e+03	9.33382e+02	3.92418e+00	1.98949e+00	5.22586e+01
3.04163e+01	2.57076e+02	2.39109e+03	9.33408e+02	3.92474e+00	1.98992e+00	5.22378e+01
3.13668e+01	2.57099e+02	2.39050e+03	9.33433e+02	3.92531e+00	1.99036e+00	5.22167e+01
3.23173e+01	2.57122e+02	2.38991e+03	9.33455e+02	3.92587e+00	1.99079e+00	5.21955e+01
3.32678e+01	2.57145e+02	2.38931e+03	9.33475e+02	3.92643e+00	1.99122e+00	5.21742e+01
3.42183e+01	2.57168e+02	2.38872e+03	9.33494e+02	3.92699e+00	1.99165e+00	5.21526e+01
3.51688e+01	2.57192e+02	2.38813e+03	9.33510e+02	3.92755e+00	1.99208e+00	5.21309e+01
3.61193e+01	2.57216e+02	2.38753e+03	9.33524e+02	3.92811e+00	1.99251e+00	5.21090e+01
3.70698e+01	2.57240e+02	2.38694e+03	9.33535e+02	3.92867e+00	1.99294e+00	5.20869e+01
3.80203e+01	2.57264e+02	2.38635e+03	9.33545e+02	3.92923e+00	1.99337e+00	5.20646e+01
3.89708e+01	2.57289e+02	2.38575e+03	9.33552e+02	3.92979e+00	1.99379e+00	5.20422e+01
3.99213e+01	2.57313e+02	2.38516e+03	9.33557e+02	3.93034e+00	1.99422e+00	5.20196e+01
4.08719e+01	2.57338e+02	2.38457e+03	9.33559e+02	3.93090e+00	1.99465e+00	5.19968e+01
4.18224e+01	2.57363e+02	2.38398e+03	9.33559e+02	3.93145e+00	1.99507e+00	5.19738e+01
4.27729e+01	2.57389e+02	2.38338e+03	9.33556e+02	3.93200e+00	1.99550e+00	5.19506e+01
4.37234e+01	2.57414e+02	2.38279e+03	9.33551e+02	3.93256e+00	1.99592e+00	5.19272e+01
4.46739e+01	2.57440e+02	2.38220e+03	9.33542e+02	3.93311e+00	1.99635e+00	5.19036e+01
4.56244e+01	2.57466e+02	2.38161e+03	9.33531e+02	3.93366e+00	1.99677e+00	5.18799e+01
4.65749e+01	2.57492e+02	2.38102e+03	9.33518e+02	3.93421e+00	1.99720e+00	5.18559e+01
4.75254e+01	2.57519e+02	2.38042e+03	9.33501e+02	3.93476e+00	1.99762e+00	5.18318e+01
4.84759e+01	2.57546e+02	2.37983e+03	9.33482e+02	3.93531e+00	1.99804e+00	5.18074e+01
4.94264e+01	2.57573e+02	2.37924e+03	9.33459e+02	3.93585e+00	1.99846e+00	5.17829e+01
5.03769e+01	2.57600e+02	2.37865e+03	9.33433e+02	3.93640e+00	1.99889e+00	5.17581e+01
5.13274e+01	2.57627e+02	2.37806e+03	9.33404e+02	3.93694e+00	1.99931e+00	5.17332e+01
5.22780e+01	2.57655e+02	2.37747e+03	9.33372e+02	3.93749e+00	1.99973e+00	5.17080e+01
5.32285e+01	2.57683e+02	2.37688e+03	9.33337e+02	3.93803e+00	2.00015e+00	5.16827e+01
5.41790e+01	2.57711e+02	2.37629e+03	9.33298e+02	3.93858e+00	2.00057e+00	5.16571e+01
5.51295e+01	2.57739e+02	2.37570e+03	9.33256e+02	3.93912e+00	2.00099e+00	5.16314e+01
5.60800e+01	2.57768e+02	2.37510e+03	9.33211e+02	3.93966e+00	2.00140e+00	5.16054e+01
5.70305e+01	2.57797e+02	2.37451e+03	9.33162e+02	3.94020e+00	2.00182e+00	5.15792e+01
5.79810e+01	2.57826e+02	2.37392e+03	9.33109e+02	3.94074e+00	2.00224e+00	5.15528e+01
5.89315e+01	2.57856e+02	2.37333e+03	9.33052e+02	3.94128e+00	2.00266e+00	5.15262e+01
5.98820e+01	2.57885e+02	2.37274e+03	9.32992e+02	3.94182e+00	2.00307e+00	5.14994e+01
6.08325e+01	2.57915e+02	2.37215e+03	9.32928e+02	3.94236e+00	2.00349e+00	5.14724e+01
6.17830e+01	2.57946e+02	2.37156e+03	9.32860e+02	3.94289e+00	2.00391e+00	5.14451e+01
6.27335e+01	2.57976e+02	2.37097e+03	9.32788e+02	3.94343e+00	2.00432e+00	5.14177e+01
6.36840e+01	2.58007e+02	2.37038e+03	9.32712e+02	3.94396e+00	2.00474e+00	5.13900e+01
6.46346e+01	2.58038e+02	2.36979e+03	9.32632e+02	3.94450e+00	2.00515e+00	5.13620e+01
6.55851e+01	2.58069e+02	2.36920e+03	9.32548e+02	3.94503e+00	2.00556e+00	5.13339e+01
6.65356e+01	2.58101e+02	2.36862e+03	9.32460e+02	3.94557e+00	2.00598e+00	5.13055e+01
6.74861e+01	2.58133e+02	2.36803e+03	9.32367e+02	3.94610e+00	2.00639e+00	5.12770e+01
6.84366e+01	2.58165e+02	2.36744e+03	9.32270e+02	3.94663e+00	2.00680e+00	5.12481e+01
6.93871e+01	2.58197e+02	2.36685e+03	9.32169e+02	3.94716e+00	2.00722e+00	5.12191e+01
7.03376e+01	2.58230e+02	2.36626e+03	9.32063e+02	3.94769e+00	2.00763e+00	5.11898e+01
7.12881e+01	2.58263e+02	2.36567e+03	9.31953e+02	3.94822e+00	2.00804e+00	5.11603e+01
7.22386e+01	2.58296e+02	2.36508e+03	9.31838e+02	3.94875e+00	2.00845e+00	5.11305e+01
7.31891e+01	2.58330e+02	2.36449e+03	9.31719e+02	3.94928e+00	2.00886e+00	5.11005e+01
7.41396e+01	2.58363e+02	2.36390e+03	9.31595e+02	3.94981e+00	2.00927e+00	5.10703e+01
7.50901e+01	2.58398e+02	2.36331e+03	9.31467e+02	3.95033e+00	2.00968e+00	5.10398e+01
7.60407e+01	2.58432e+02	2.36272e+03	9.31334e+02	3.95086e+00	2.01009e+00	5.10091e+01
7.69912e+01	2.58467e+02	2.36214e+03	9.31196e+02	3.95138e+00	2.01050e+00	5.09782e+01
7.79417e+01	2.58502e+02	2.36155e+03	9.31054e+02	3.95191e+00	2.01091e+00	5.09470e+01
7.88922e+01	2.58537e+02	2.36096e+03	9.30907e+02	3.95243e+00	2.01132e+00	5.09155e+01
7.98427e+01	2.58573e+02	2.36037e+03	9.30755e+02	3.95296e+00	2.01172e+00	5.08838e+01
8.07932e+01	2.58609e+02	2.35978e+03	9.30599e+02	3.95348e+00	2.01213e+00	5.08519e+01
8.17437e+01	2.58645e+02	2.35919e+03	9.30438e+02	3.95400e+00	2.01254e+00	5.08197e+01
8.26942e+01	2.58682e+02	2.35860e+03	9.30273e+02	3.95453e+00	2.01295e+00	5.07872e+01
8.36447e+01	2.58719e+02	2.35802e+03	9.30102e+02	3.95505e+00	2.01335e+00	5.07545e+01
8.45952e+01	2.58756e+02	2.35743e+03	9.29928e+02	3.95557e+00	2.01376e+00	5.07216e+01
8.55457e+01	2.58794e+02	2.35684e+03	9.29749e+02	3.95609e+00	2.01416e+00	5.06883e+01
8.64962e+01	2.58832e+02	2.35625e+03	9.29565e+02	3.95661e+00	2.01457e+00	5.06548e+01
8.74468e+01	2.58870e+02	2.35566e+03	9.29377e+02	3.95713e+00	2.01497e+00	5.06211e+01
8.83973e+01	2.58909e+02	2.35507e+03	9.29185e+02	3.95764e+00	2.01538e+00	5.05871e+01
8.93478e+01	2.58948e+02	2.35448e+03	9.28988e+02	3.95816e+00	2.01578e+00	5.05528e+01
9.02983e+01	2.58987e+02	2.35390e+03	9.28787e+02	3.95868e+00	2.01619e+00	5.05182e+01
9.12488e+01	2.59027e+02	2.35331e+03	9.28583e+02	3.95920e+00	2.01659e+00	5.04834e+01
9.21993e+01	2.59067e+02	2.35272e+03	9.28374e+02	3.95971e+00	2.01699e+00	5.04483e+01
9.31498e+01	2.64939e+02	2.35213e+03	9.28161e+02	3.96186e+00	2.01823e+00	4.56584e+01
9.41003e+01	2.65000e+02	2.35154e+03	9.27945e+02	3.96239e+00	2.01863e+00	4.56125e+01
9.61134e+01	2.65016e+02	2.35044e+03	1.04521e+03	1.53047e+00	0.00000e+00	0.00000e+00
9.81265e+01	2.65034e+02	2.34933e+03	1.04607e+03	1.53441e+00	0.00000e+00	0.00000e+00
1.00140e+02	2.65051e+02	2.34823e+03	1.04692e+03	1.53836e+00	0.00000e+00	0.00000e+00
1.02153e+02	2.65070e+02	2.34713e+03	1.04777e+03	1.54231e+00	0.00000e+00	0.00000e+00
1.04166e+02	2.65089e+02	2.34603e+03	1.04862e+03	1.54627e+00	0.00000e+00	0.00000e+00
1.06179e+02	2.65109e+02	2.34493e+03	1.04946e+03	1.55023e+00	0.00000e+00	0.00000e+00
1.08192e+02	2.65129e+02	2.34383e+03	1.05029e+03	1.55420e+00	0.00000e+00	0.00000e+00
1.10205e+02	2.65150e+02	2.34273e+03	1.05112e+03	1.55817e+00	0.00000e+00	0.00000e+00
1.12218e+02	2.65172e+02	2.34164e+03	1.05195e+03	1.56215e+00	0.00000e+00	0.00000e+00
1.14231e+02	2.65194e+02	2.34054e+03	1.05277e+03	1.56613e+00	0.00000e+00	0.00000e+00
1.16245e+02	2.65217e+02	2.33945e+03	1.05359e+03	1.57012e+00	0.00000e+00	0.00000e+00
1.18258e+02	2.65240e+02	2.33836e+03	1.05441e+03	1.57412e+00	0.00000e+00	0.00000e+00
1.20271e+02	2.65264e+02	2.33727e+03	1.05522e+03	1.57812e+00	0.00000e+00	0.00000e+00
1.22284e+02	2.65288e+02	2.33618e+03	1.05602e+03	1.58212e+00	0.00000e+00	0.00000e+00
1.24297e+02	2.65313e+02	2.33509e+03	1.05682e+03	1.58613e+00	0.00000e+00	0.00000e+00
1.26310e+02	2.65339e+02	2.33400e+03	1.05762e+03	1.59015e+00	0.00000e+00	0.00000e+00
1.28323e+02	2.65365e+02	2.33291e+03	1.05842e+03	1.59417e+00	0.00000e+00	0.00000e+00
1.30336e+02	2.65392e+02	2.33183e+03	1.05921e+03	1.59819e+00	0.00000e+00	0.00000e+00
1.32349e+02	2.65419e+02	2.33075e+03	1.05999e+03	1.60221e+00	0.00000e+00	0.00000e+00
1.34363e+02	2.65447e+02	2.32967e+03	1.06077e+03	1.60624e+00	0.00000e+00	0.00000e+00
1.36376e+02	2.65475e+02	2.32858e+03	1.06155e+03	1.61027e+00	0.00000e+00	0.00000e+00
1.38389e+02	2.65504e+02	2.32750e+03	1.06233e+03	1.61429e+00	0.00000e+00	0.00000e+00
1.40402e+02	2.65533e+02	2.32643e+03	1.06310e+03	1.61832e+00	0.00000e+00	0.00000e+00
1.42415e+02	2.65562e+02	2.32535e+03	1.06386e+03	1.62234e+00	0.00000e+00	0.00000e+00
1.44428e+02	2.65592e+02	2.32427e+03	1.06463e+03	1.62636e+00	0.00000e+00	0.00000e+00
1.46441e+02	2.65623e+02	2.32320e+03	1.06539e+03	1.63038e+00	0.00000e+00	0.00000e+00
1.48454e+02	2.65654e+02	2.32212e+03	1.06614e+03	1.63439e+00	0.00000e+00	0.00000e+00
1.50467e+02	2.65685e+02	2.32105e+03	1.06689e+03	1.63840e+00	0.00000e+00	0.00000e+00
1.52481e+02	2.65717e+02	2.31998e+03	1.06764e+03	1.64241e+00	0.00000e+00	0.00000e+00
1.54494e+02	2.65749e+02	2.31891e+03	1.06839e+03	1.64641e+00	0.00000e+00	0.00000e+00
1.56507e+02	2.65782e+02	2.31784e+03	1.06913e+03	1.65041e+00	0.00000e+00	0.00000e+00
1.58520e+02	2.65815e+02	2.31677e+03	1.06986e+03	1.65441e+00	0.00000e+00	0.00000e+00
1.60533e+02	2.65849e+02	2.31571e+03	1.07060e+03	1.65839e+00	0.00000e+00	0.00000e+00
1.62546e+02	2.65883e+02	2.31464e+03	1.07133e+03	1.66238e+00	0.00000e+00	0.00000e+00
1.64559e+02	2.65917e+02	2.31358e+03	1.07205e+03	1.66636e+00	0.00000e+00	0.00000e+00
1.66572e+02	2.65952e+02	2.31251e+03	1.07278e+03	1.67033e+00	0.00000e+00	0.00000e+00
1.68585e+02	2.65987e+02	2.31145e+03	1.07350e+03	1.67430e+00	0.00000e+00	0.00000e+00
1.70599e+02	2.66022e+02	2.31039e+03	1.07421e+03	1.67826e+00	0.00000e+00	0.00000e+00
1.72612e+02	2.66058e+02	2.30933e+03	1.07493e+03	1.68222e+00	0.00000e+00	0.00000e+00
1.74625e+02	2.66094e+02	2.30827e+03	1.07564e+03	1.68617e+00	0.00000e+00	0.00000e+00
1.76638e+02	2.66131e+02	2.30721e+03	1.07634e+03	1.69011e+00	0.00000e+00	0.00000e+00
1.78651e+02	2.66168e+02	2.30615e+03	1.07705e+03	1.69405e+00	0.00000e+00	0.00000e+00
1.80664e+02	2.66205e+02	2.30510e+03	1.07775e+03	1.69798e+00	0.00000e+00	0.00000e+00
1.82677e+02	2.66243e+02	2.30404e+03	1.07844e+03	1.70190e+00	0.00000e+00	0.00000e+00
1.84690e+02	2.66281e+02	2.30299e+03	1.07914e+03	1.70581e+00	0.00000e+00	0.00000e+00
1.86703e+02	2.66319e+02	2.30194e+03	1.07983e+03	1.70972e+00	0.00000e+00	0.00000e+00
1.88717e+02	2.66358e+02	2.30089e+03	1.08051e+03	1.71362e+00	0.00000e+00	0.00000e+00
1.90730e+02	2.66397e+02	2.29984e+03	1.08120e+03	1.71751e+00	0.00000e+00	0.00000e+00
1.92743e+02	2.66436e+02	2.29879e+03	1.08188e+03	1.72139e+00	0.00000e+00	0.00000e+00
1.94756e+02	2.66475e+02	2.29774e+03	1.08256e+03	1.72527e+00	0.00000e+00	0.00000e+00
1.96769e+02	2.66515e+02	2.29669e+03	1.08323e+03	1.72914e+00	0.00000e+00	0.00000e+00
1.98782e+02	2.66555e+02	2.29564e+03	1.08390e+03	1.73300e+00	0.00000e+00	0.00000e+00
2.00795e+02	2.66596e+02	2.29460e+03	1.08457e+03	1.73685e+00	0.00000e+00	0.00000e+00
2.02808e+02	2.66637e+02	2.29356e+03	1.08524e+03	1.74069e+00	0.00000e+00	0.00000e+00
2.04821e+02	2.66678e+02	2.29251e+03	1.08590e+03	1.74453e+00	0.00000e+00	0.00000e+00
2.06834e+02	2.66719e+02	2.29147e+03	1.08656e+03	1.74835e+00	0.00000e+00	0.00000e+00
2.08848e+02	2.66761e+02	2.29043e+03	1.08722e+03	1.75217e+00	0.00000e+00	0.00000e+00
2.10861e+02	2.66802e+02	2.28939e+03	1.08787e+03	1.75597e+00	0.00000e+00	0.00000e+00
2.12874e+02	2.66845e+02	2.28835e+03	1.08852e+03	1.75977e+00	0.00000e+00	0.00000e+00
2.14887e+02	2.66887e+02	2.28731e+03	1.08917e+03	1.76355e+00	0.00000e+00	0.00000e+00
2.16900e+02	2.66930e+02	2.28627e+03	1.08982e+03	1.76733e+00	0.00000e+00	0.00000e+00
2.18913e+02	2.66972e+02	2.28524e+03	1.09046e+03	1.77109e+00	0.00000e+00	0.00000e+00
2.20926e+02	2.67016e+02	2.28420e+03	1.09110e+03	1.77484e+00	0.00000e+00	0.00000e+00
2.22939e+02	2.67059e+02	2.28317e+03	1.09174e+03	1.77857e+00	0.00000e+00	0.00000e+00
2.24952e+02	2.67103e+02	2.28214e+03	1.09237e+03	1.78229e+00	0.00000e+00	0.00000e+00
2.26966e+02	2.67146e+02	2.28110e+03	1.09301e+03	1.78600e+00	0.00000e+00	0.00000e+00
2.28979e+02	2.67191e+02	2.28007e+03	1.09364e+03	1.78970e+00	0.00000e+00	0.00000e+00
2.30992e+02	2.67235e+02	2.27904e+03	1.09426e+03	1.79338e+00	0.00000e+00	0.00000e+00
2.33005e+02	2.67279e+02	2.27801e+03	1.09489e+03	1.79705e+00	0.00000e+00	0.00000e+00
2.35018e+02	2.67324e+02	2.27699e+03	1.09551e+03	1.80070e+00	0.00000e+00	0.00000e+00
2.37031e+02	2.67369e+02	2.27596e+03	1.09613e+03	1.80435e+00	0.00000e+00	0.00000e+00
2.39044e+02	2.67414e+02	2.27493e+03	1.09675e+03	1.80798e+00	0.00000e+00	0.00000e+00
2.41057e+02	2.67460e+02	2.27391e+03	1.09736e+03	1.81159e+00	0.00000e+00	0.00000e+00
2.43070e+02	2.67505e+02	2.27288e+03	1.09797e+03	1.81520e+00	0.00000e+00	0.00000e+00
2.45084e+02	2.67551e+02	2.27186e+03	1.09858e+03	1.81879e+00	0.00000e+00	0.00000e+00
2.47097e+02	2.67597e+02	2.27084e+03	1.09919e+03	1.82237e+00	0.00000e+00	0.00000e+00
2.49110e+02	2.67643e+02	2.26982e+03	1.09980e+03	1.82594e+00	0.00000e+00	0.00000e+00
2.51123e+02	2.67690e+02	2.26879e+03	1.10040e+03	1.82949e+00	0.00000e+00	0.00000e+00
2.53136e+02	2.67736e+02	2.26778e+03	1.10100e+03	1.83304e+00	0.00000e+00	0.00000e+00
2.55149e+02	2.67783e+02	2.26676e+03	1.10160e+03	1.83657e+00	0.00000e+00	0.00000e+00
2.57162e+02	2.67830e+02	2.26574e+03	1.10219e+03	1.84010e+00	0.00000e+00	0.00000e+00
2.59175e+02	2.67877e+02	2.26472e+03	1.10279e+03	1.84361e+00	0.00000e+00	0.00000e+00
2.61188e+02	2.67924e+02	2.26371e+03	1.10338e+03	1.84711e+00	0.00000e+00	0.00000e+00
2.63202e+02	2.67972e+02	2.26269e+03	1.10397e+03	1.85061e+00	0.00000e+00	0.00000e+00
2.65215e+02	2.68020e+02	2.26168e+03	1.10455e+03	1.85409e+00	0.00000e+00	0.00000e+00
2.67228e+02	2.68067e+02	2.26066e+03	1.10514e+03	1.85756e+00	0.00000e+00	0.00000e+00
2.69241e+02	2.68115e+02	2.25965e+03	1.10572e+03	1.86102e+00	0.00000e+00	0.00000e+00
2.71254e+02	2.68164e+02	2.25864e+03	1.10630e+03	1.86447e+00	0.00000e+00	0.00000e+00
2.73267e+02	2.68212e+02	2.25763e+03	1.10688e+03	1.86792e+00	0.00000e+00	0.00000e+00
2.75280e+02	2.68260e+02	2.25662e+03	1.10746e+03	1.87135e+00	0.00000e+00	0.00000e+00
2.77293e+02	2.68309e+02	2.25561e+03	1.10803e+03	1.87477e+00	0.00000e+00	0.00000e+00
2.79306e+02	2.68358e+02	2.25460e+03	1.10860e+03	1.87819e+00	0.00000e+00	0.00000e+00
2.81320e+02	2.68407e+02	2.25360e+03	1.10917e+03	1.88159e+00	0.00000e+00	0.00000e+00
2.83333e+02	2.68456e+02	2.25259e+03	1.10974e+03	1.88499e+00	0.00000e+00	0.00000e+00
2.85346e+02	2.68505e+02	2.25159e+03	1.11030e+03	1.88838e+00	0.00000e+00	0.00000e+00
2.87359e+02	2.68555e+02	2.25058e+03	1.11087e+03	1.89176e+00	0.00000e+00	0.00000e+00
2.89372e+02	2.68604e+02	2.24958e+03	1.11143e+03	1.89513e+00	0.00000e+00	0.00000e+00
2.91385e+02	2.68654e+02	2.24858e+03	1.11199e+03	1.89849e+00	0.00000e+00	0.00000e+00
2.93398e+02	2.68704e+02	2.24757e+03	1.11255e+03	1.90185e+00	0.00000e+00	0.00000e+00
2.95411e+02	2.68754e+02	2.24657e+03	1.11310e+03	1.90519e+00	0.00000e+00	0.00000e+00
2.97424e+02	2.68804e+02	2.24557e+03	1.11366e+03	1.90853e+00	0.00000e+00	0.00000e+00
2.99438e+02	2.68854e+02	2.24458e+03	1.11421e+03	1.91186e+00	0.00000e+00	0.00000e+00
3.01451e+02	2.68905e+02	2.24358e+03	1.11476e+03	1.91519e+00	0.00000e+00	0.00000e+00
3.03464e+02	2.68955e+02	2.24258e+03	1.11531e+03	1.91850e+00	0.00000e+00	0.00000e+00
3.05477e+02	2.69006e+02	2.24158e+03	1.11585e+03	1.92181e+00	0.00000e+00	0.00000e+00
3.07490e+02	2.69056e+02	2.24059e+03	1.11640e+03	1.92510e+00	0.00000e+00	0.00000e+00
3.09503e+02	2.69107e+02	2.23959e+03	1.11694e+03	1.92839e+00	0.00000e+00	0.00000e+00
3.11516e+02	2.69158e+02	2.23860e+03	1.11748e+03	1.93166e+00	0.00000e+00	0.00000e+00
3.13529e+02	2.69210e+02	2.23761e+03	1.11802e+03	1.93493e+00	0.00000e+00	0.00000e+00
3.15542e+02	2.69261e+02	2.23662e+03	1.11855e+03	1.93819e+00	0.00000e+00	0.00000e+00
3.17556e+02	2.69312e+02	2.23562e+03	1.11909e+03	1.94143e+00	0.00000e+00	0.00000e+00
3.19569e+02	2.69364e+02	2.23463e+03	1.11962e+03	1.94467e+00	0.00000e+00	0.00000e+00
3.21582e+02	2.69415e+02	2.23364e+03	1.12015e+03	1.94790e+00	0.00000e+00	0.00000e+00
3.23595e+02	2.69467e+02	2.23266e+03	1.12068e+03	1.95111e+00	0.00000e+00	0.00000e+00
3.25608e+02	2.69519e+02	2.23167e+03	1.12121e+03	1.95432e+00	0.00000e+00	0.00000e+00
3.27621e+02	2.69571e+02	2.23068e+03	1.12174e+03	1.95752e+00	0.00000e+00	0.00000e+00
3.29634e+02	2.69623e+02	2.22969e+03	1.12226e+03	1.96070e+00	0.00000e+00	0.00000e+00
3.31647e+02	2.69675e+02	2.22871e+03	1.12279e+03	1.96387e+00	0.00000e+00	0.00000e+00
3.33660e+02	2.69728e+02	2.22772e+03	1.12331e+03	1.96704e+00	0.00000e+00	0.00000e+00
3.35674e+02	2.69780e+02	2.22674e+03	1.12383e+03	1.97019e+00	0.00000e+00	0.00000e+00
3.37687e+02	2.69833e+02	2.22576e+03	1.12434e+03	1.97333e+00	0.00000e+00	0.00000e+00
3.39700e+02	2.69885e+02	2.22478e+03	1.12486e+03	1.97646e+00	0.00000e+00	0.00000e+00
3.41713e+02	2.69938e+02	2.22379e+03	1.12538e+03	1.97958e+00	0.00000e+00	0.00000e+00
3.43726e+02	2.69991e+02	2.22281e+03	1.12589e+03	1.98269e+00	0.00000e+00	0.00000e+00
3.45739e+02	2.70043e+02	2.22183e+03	1.12640e+03	1.98579e+00	0.00000e+00	0.00000e+00
3.47752e+02	2.70096e+02	2.22086e+03	1.12691e+03	1.98887e+00	0.00000e+00	0.00000e+00
3.49765e+02	2.70150e+02	2.21988e+03	1.12742e+03	1.99195e+00	0.00000e+00	0.00000e+00
3.51778e+02	2.70203e+02	2.21890e+03	1.12792e+03	1.99501e+00	0.00000e+00	0.00000e+00
3.53792e+02	2.70256e+02	2.21792e+03	1.12843e+03	1.99807e+00	0.00000e+00	0.00000e+00
3.55805e+02	2.70309e+02	2.21695e+03	1.12893e+03	2.00111e+00	0.00000e+00	0.00000e+00
3.57818e+02	2.70363e+02	2.21597e+03	1.12943e+03	2.00414e+00	0.00000e+00	0.00000e+00
3.59831e+02	2.70416e+02	2.21500e+03	1.12994e+03	2.00716e+00	0.00000e+00	0.00000e+00
3.61844e+02	2.70470e+02	2.21403e+03	1.13043e+03	2.01017e+00	0.00000e+00	0.00000e+00
3.63857e+02	2.70523e+02	2.21305e+03	1.13093e+03	2.01317e+00	0.00000e+00	0.00000e+00
3.65870e+02	2.70577e+02	2.21208e+03	1.13143e+03	2.01616e+00	0.00000e+00	0.00000e+00
3.67883e+02	2.70631e+02	2.21111e+03	1.13192e+03	2.01913e+00	0.00000e+00	0.00000e+00
3.69896e+02	2.70685e+02	2.21014e+03	1.13242e+03	2.02210e+00	0.00000e+00	0.00000e+00
3.71910e+02	2.70739e+02	2.20917e+03	1.13291e+03	2.02506e+00	0.00000e+00	0.00000e+00
3.73923e+02	2.70793e+02	2.20820e+03	1.13340e+03	2.02800e+00	0.00000e+00	0.00000e+00
3.75936e+02	2.70847e+02	2.20724e+03	1.13389e+03	2.03094e+00	0.00000e+00	0.00000e+00
3.77949e+02	2.70901e+02	2.20627e+03	1.13437e+03	2.03386e+00	0.00000e+00	0.00000e+00
3.79962e+02	2.70956e+02	2.20530e+03	1.13486e+03	2.03678e+00	0.00000e+00	0.00000e+00
3.81975e+02	2.71010e+02	2.20434e+03	1.13534e+03	2.03968e+00	0.00000e+00	0.00000e+00
3.83988e+02	2.71064e+02	2.20337e+03	1.13583e+03	2.04258e+00	0.00000e+00	0.00000e+00
3.86001e+02	2.71119e+02	2.20241e+03	1.13631e+03	2.04547e+00	0.00000e+00	0.00000e+00
3.88014e+02	2.71173e+02	2.20145e+03	1.13679e+03	2.04834e+00	0.00000e+00	0.00000e+00
3.90028e+02	2.71228e+02	2.20048e+03	1.13727e+03	2.05121e+00	0.00000e+00	0.00000e+00
3.92041e+02	2.71283e+02	2.19952e+03	1.13775e+03	2.05408e+00	0.00000e+00	0.00000e+00
3.94054e+02	2.71338e+02	2.19856e+03	1.13822e+03	2.05693e+00	0.00000e+00	0.00000e+00
3.96067e+02	2.71392e+02	2.19760e+03	1.13870e+03	2.05978e+00	0.00000e+00	0.00000e+00
3.98080e+02	2.71447e+02	2.19664e+03	1.13917e+03	2.06262e+00	0.00000e+00	0.00000e+00
4.00093e+02	2.71502e+02	2.19568e+03	1.13964e+03	2.06546e+00	0.00000e+00	0.00000e+00
4.02106e+02	2.71557e+02	2.19473e+03	1.14012e+03	2.06829e+00	0.00000e+00	0.00000e+00
4.04119e+02	2.71612e+02	2.19377e+03	1.14059e+03	2.07112e+00	0.00000e+00	0.00000e+00
4.06132e+02	2.71667e+02	2.19281e+03	1.14105e+03	2.07394e+00	0.00000e+00	0.00000e+00
4.08146e+02	2.71723e+02	2.19186e+03	1.14152e+03	2.07676e+00	0.00000e+00	0.00000e+00
4.10159e+02	2.71778e+02	2.19090e+03	1.14199e+03	2.07958e+00	0.00000e+00	0.00000e+00
4.12172e+02	2.71833e+02	2.18995e+03	1.14245e+03	2.08239e+00	0.00000e+00	0.00000e+00
4.14185e+02	2.71889e+02	2.18900e+03	1.14292e+03	2.08520e+00	0.00000e+00	0.00000e+00
4.16198e+02	2.71944e+02	2.18804e+03	1.14338e+03	2.08800e+00	0.00000e+00	0.00000e+00
4.18211e+02	2.72000e+02	2.18709e+03	1.14384e+03	2.09080e+00	0.00000e+00	0.00000e+00
4.20224e+02	2.72055e+02	2.18614e+03	1.14430e+03	2.09359e+00	0.00000e+00	0.00000e+00
4.22237e+02	2.72111e+02	2.18519e+03	1.14476e+03	2.09638e+00	0.00000e+00	0.00000e+00
4.24250e+02	2.72167e+02	2.18424e+03	1.14522e+03	2.09916e+00	0.00000e+00	0.00000e+00
4.26264e+02	2.72222e+02	2.18329e+03	1.14567e+03	2.10194e+00	0.00000e+00	0.00000e+00
4.28277e+02	2.72278e+02	2.18234e+03	1.14613e+03	2.10472e+00	0.00000e+00	0.00000e+00
4.30290e+02	2.72334e+02	2.18140e+03	1.14658e+03	2.10749e+00	0.00000e+00	0.00000e+00
4.32303e+02	2.72390e+02	2.18045e+03	1.14703e+03	2.11025e+00	0.00000e+00	0.00000e+00
4.34316e+02	2.72446e+02	2.17950e+03	1.14748e+03	2.11301e+00	0.00000e+00	0.00000e+00
4.36329e+02	2.72502e+02	2.17856e+03	1.14793e+03	2.11577e+00	0.00000e+00	0.00000e+00
4.38342e+02	2.72558e+02	2.17761e+03	1.14838e+03	2.11852e+00	0.00000e+00	0.00000e+00
4.40355e+02	2.72614e+02	2.17667e+03	1.14883e+03	2.12127e+00	0.00000e+00	0.00000e+00
4.42368e+02	2.72670e+02	2.17573e+03	1.14928e+03	2.12401e+00	0.00000e+00	0.00000e+00
4.44382e+02	2.72727e+02	2.17479e+03	1.14972e+03	2.12675e+00	0.00000e+00	0.00000e+00
4.46395e+02	2.72783e+02	2.17384e+03	1.15017e+03	2.12948e+00	0.00000e+00	0.00000e+00
4.48408e+02	2.72839e+02	2.17290e+03	1.15061e+03	2.13221e+00	0.00000e+00	0.00000e+00
4.50421e+02	2.72896e+02	2.17196e+03	1.15105e+03	2.13493e+00	0.00000e+00	0.00000e+00
4.52434e+02	2.72952e+02	2.17102e+03	1.15149e+03	2.13765e+00	0.00000e+00	0.00000e+00
4.54447e+02	2.73009e+02	2.17009e+03	1.15193e+03	2.14037e+00	0.00000e+00	0.00000e+00
4.56460e+02	2.73065e+02	2.16915e+03	1.15237e+03	2.14308e+00	0.00000e+00	0.00000e+00
4.58473e+02	2.73122e+02	2.16821e+03	1.15281e+03	2.14579e+00	0.00000e+00	0.00000e+00
4.60486e+02	2.73178e+02	2.16727e+03	1.15325e+03	2.14849e+00	0.00000e+00	0.00000e+00
4.62500e+02	2.73235e+02	2.16634e+03	1.15368e+03	2.15119e+00	0.00000e+00	0.00000e+00
4.64513e+02	2.73292e+02	2.16540e+03	1.15412e+03	2.15388e+00	0.00000e+00	0.00000e+00
4.66526e+02	2.73349e+02	2.16447e+03	1.15455e+03	2.15657e+00	0.00000e+00	0.00000e+00
4.68539e+02	2.73406e+02	2.16353e+03	3.51947e+03	4.56114e+00	2.59986e+00	4.12095e+13
6.87303e+02	2.91655e+02	2.13025e+03	3.51947e+03	7.99586e+00	4.55141e+00	9.89643e+12
9.01268e+02	3.09621e+02	2.09696e+03	3.52427e+03	8.00905e+00	4.55282e+00	2.82746e+12
1.11067e+03	3.27304e+02	2.06368e+03	3.52888e+03	8.02160e+00	4.55401e+00	9.31965e+11
1.31543e+03	3.44705e+02	2.03039e+03	3.53333e+03	8.03356e+00	4.55502e+00	3.45851e+11
1.51545e+03	3.61822e+02	1.99711e+03	3.53762e+03	8.04495e+00	4.55585e+00	1.41763e+11
1.71063e+03	3.78657e+02	1.96382e+03	3.54176e+03	8.05582e+00	4.55652e+00	6.32149e+10
1.90088e+03	3.95208e+02	1.93054e+03	3.54574e+03	8.06616e+00	4.55705e+00	3.02938e+10
2.08611e+03	4.11477e+02	1.89725e+03	3.54957e+03	8.21555e+00	4.67043e+00	1.54469e+10
2.26619e+03	4.27462e+02	1.86397e+03	3.60097e+03	8.24418e+00	4.68603e+00	8.31252e+09
2.44338e+03	4.43165e+02	1.83068e+03	3.61103e+03	8.25314e+00	4.68586e+00	4.70504e+09
2.61528e+03	4.58585e+02	1.79740e+03	3.61438e+03	8.37647e+00	4.75176e+00	2.77507e+09
2.78143e+03	4.73722e+02	1.76411e+03	3.62701e+03	8.43746e+00	4.78179e+00	1.69664e+09
2.94209e+03	4.88576e+02	1.73083e+03	3.63439e+03	8.44471e+00	4.78102e+00	1.07152e+09
3.09685e+03	5.03147e+02	1.69754e+03	3.63724e+03	8.45149e+00	4.78016e+00	6.96370e+08
3.24534e+03	5.17435e+02	1.66426e+03	3.63995e+03	8.45777e+00	4.77921e+00	4.64205e+08
3.38739e+03	5.31440e+02	1.63097e+03	3.64251e+03	8.46356e+00	4.77816e+00	3.16592e+08
3.52284e+03	5.45162e+02	1.59769e+03	3.64491e+03	8.46886e+00	4.77701e+00	2.20415e+08
3.65149e+03	5.58602e+02	1.56440e+03	3.64717e+03	8.47365e+00	4.77578e+00	1.56343e+08
3.77314e+03	5.71758e+02	1.53112e+03	3.64926e+03	8.47794e+00	4.77445e+00	1.12787e+08
3.88757e+03	5.84631e+02	1.49783e+03	3.65120e+03	8.48168e+00	4.77301e+00	8.26242e+07
3.99456e+03	5.97222e+02	1.46455e+03	3.65297e+03	8.48488e+00	4.77148e+00	6.13785e+07
4.09384e+03	6.09530e+02	1.43126e+03	3.65457e+03	8.48754e+00	4.76985e+00	4.61783e+07
4.18515e+03	6.21554e+02	1.39798e+03	3.65600e+03	8.48962e+00	4.76810e+00	3.51457e+07
4.26818e+03	6.33296e+02	1.36469e+03	3.65725e+03	8.49109e+00	4.76625e+00	2.70307e+07
4.34261e+03	6.44755e+02	1.33141e+03	3.65832e+03	8.49194e+00	4.76427e+00	2.09877e+07
4.40809e+03	6.55930e+02	1.29812e+03	3.65919e+03	8.49215e+00	4.76217e+00	1.64359e+07
4.46423e+03	6.66823e+02	1.26484e+03	3.65986e+03	8.49168e+00	4.75994e+00	1.29705e+07
4.51060e+03	6.77433e+02	1.23155e+03	3.66033e+03	8.49050e+00	4.75757e+00	1.03059e+07
4.54674e+03	6.87760e+02	1.19827e+03	3.66057e+03	8.48855e+00	4.75505e+00	8.23802e+06
4.57212e+03	6.97804e+02	1.16498e+03	3.66058e+03	8.48581e+00	4.75236e+00	6.61919e+06
4.58615e+03	7.07566e+02	1.13169e+03	3.66035e+03	8.48223e+00	4.74950e+00	5.34161e+06
4.58821e+03	7.17044e+02	1.09841e+03	3.65986e+03	8.47773e+00	4.74644e+00	4.32569e+06
4.57757e+03	7.26239e+02	1.06512e+03	3.65910e+03	8.47226e+00	4.74318e+00	3.51211e+06
4.55342e+03	7.35152e+02	1.03184e+03	3.65804e+03	8.46574e+00	4.73969e+00	2.85630e+06
4.51485e+03	7.43781e+02	9.98554e+02	3.65667e+03	8.45809e+00	4.73596e+00	2.32446e+06
4.46084e+03	7.52128e+02	9.65269e+02	3.65496e+03	8.44920e+00	4.73194e+00	1.89079e+06
4.39022e+03	7.60191e+02	9.31984e+02	3.65288e+03	8.43897e+00	4.72762e+00	1.53545e+06
4.30165e+03	7.67972e+02	8.98699e+02	3.65040e+03	8.42725e+00	4.72296e+00	1.24308e+06
4.19362e+03	7.75469e+02	8.65414e+02	3.64749e+03	8.41390e+00	4.71792e+00	1.00171e+06
4.06435e+03	7.82684e+02	8.32129e+02	3.64409e+03	8.39872e+00	4.71245e+00	8.02010e+05
3.91182e+03	7.89616e+02	7.98843e+02	3.64017e+03	8.38150e+00	4.70649e+00	6.36617e+05
3.73365e+03	7.96265e+02	7.65558e+02	3.63565e+03	8.36199e+00	4.69998e+00	4.99731e+05
3.52704e+03	8.02631e+02	7.32273e+02	3.63047e+03	8.15216e+00	4.58160e+00	3.86751e+05
3.28873e+03	8.08714e+02	6.98988e+02	3.60281e+03	7.98682e+00	4.46467e+00	2.94009e+05
3.01643e+03	8.14514e+02	6.65703e+02	3.55049e+03	7.95722e+00	4.45502e+00	2.18820e+05
2.70809e+03	8.20031e+02	6.32418e+02	3.54240e+03	7.92382e+00	4.44432e+00	1.58884e+05
2.35491e+03	8.25266e+02	5.99133e+02	3.53325e+03	7.88556e+00	4.43227e+00	1.11509e+05
1.95012e+03	8.30217e+02	5.65847e+02	3.52272e+03	7.84151e+00	4.41863e+00	7.49852e+04
1.48541e+03	8.34885e+02	5.32562e+02	3.51058e+03	7.79041e+00	4.40303e+00	4.77708e+04
9.50383e+02	8.39271e+02	4.99277e+02	3.49649e+03	7.48466e+00	4.23235e+00	2.84072e+04
3.31902e+02	8.43373e+02	4.65992e+02	3.39051e+03	7.38513e+00	4.18783e+00	1.54588e+04
-3.68390e+02	8.47193e+02	4.32707e+02	3.35678e+03	7.30915e+00	4.14876e+00	7.62945e+03
-1.18389e+03	8.50730e+02	3.99422e+02	3.28738e+03	7.31783e+00	4.17421e+00	3.26147e+03
-2.13231e+03	8.53983e+02	3.66137e+02	3.27981e+03	7.32368e+00	4.20259e+00	1.16182e+03
-3.26937e+03	8.56954e+02	3.32851e+02	3.26880e+03	7.32793e+00	4.23609e+00	3.14882e+02
-4.65158e+03	8.59642e+02	2.99566e+02	3.25412e+03	7.33052e+00	4.27635e+00	5.78296e+01
-6.36137e+03	8.62047e+02	2.66281e+02	3.23489e+03	7.33138e+00	4.32573e+00	5.98566e+00
-8.52358e+03	8.64169e+02	2.32996e+02	3.20983e+03	7.33045e+00	4.38785e+00	2.56616e-01
-1.13369e+04	8.66008e+02	1.99711e+02	3.17702e+03	7.32761e+00	4.46845e+00	2.63540e-03
-1.51382e+04	8.67564e+02	1.66426e+02	3.13342e+03	7.32507e+00	4.57764e+00	2.25944e-06
-2.05481e+04	8.68837e+02	1.33141e+02	3.07517e+03	7.34734e+00	4.73720e+00	1.69624e-11
-2.88553e+04	8.69828e+02	9.98554e+01	3.00676e+03	7.38151e+00	4.98253e+00	4.11788e-21
-4.33070e+04	8.70535e+02	6.65703e+01	2.90149e+03	7.43924e+00	5.40965e+00	6.87158e-43
-7.46976e+04	8.70959e+02	3.32851e+01	2.71700e+03	7.55939e+00	6.33772e+00	2.58413e-112
-1.92293e+05	NaN	0.00000e+00	2.31253e+03	NaN	NaN	NaN
-1.92293e+05	NaN	0.00000e+00	8.00000e+03	NaN	NaN	1.00000e+04
NaN	NaN	0.00000e+00	NaN	NaN	NaN	1.00000e+04
NaN	NaN	0.00000e+00	NaN	NaN	NaN	1.00000e+04
NaN	NaN	0.00000e+00	NaN	NaN	NaN	1.00000e+04
NaN	NaN	0.00000e+00	NaN	NaN	NaN	1.00000e+04
NaN	NaN	0.00000e+00	NaN	NaN	NaN	1.00000e+04
NaN	NaN	0.00000e+00	NaN	NaN	NaN	1.00000e+04
NaN	NaN	0.00000e+00	NaN	NaN	NaN	1.00000e+04
NaN	NaN	0.00000e+00	NaN	NaN	NaN	1.00000e+04
NaN	NaN	0.00000e+00	NaN	NaN	NaN	1.00000e+04
