   0.0000000e+00   1.1000000e+02   2.4103000e+03   9.3166535e+02   3.9798936e+00   1.9655294e+00   3.0951647e+04
   3.7454322e-01   1.1539050e+02   2.4100185e+03   9.3166535e+02   3.9802762e+00   1.9657183e+00   1.8583896e+04
   7.4908645e-01   1.2104516e+02   2.4097823e+03   9.3145909e+02   3.9807168e+00   1.9659359e+00   1.1427189e+04
   1.1236297e+00   1.2697692e+02   2.4095461e+03   9.3122178e+02   3.9812240e+00   1.9661864e+00   7.1880018e+03
   1.4981729e+00   1.3319936e+02   2.4093099e+03   9.3094889e+02   3.9818075e+00   1.9664746e+00   4.6204279e+03
   1.8727161e+00   1.3972674e+02   2.4090736e+03   9.3063524e+02   3.9824784e+00   1.9668059e+00   3.0319504e+03
   2.2472593e+00   1.4657398e+02   2.4088373e+03   9.3027492e+02   3.9832496e+00   1.9671868e+00   2.0291260e+03
   2.6218026e+00   1.5375677e+02   2.4086009e+03   9.2986122e+02   3.9841356e+00   1.9676243e+00   1.3837056e+03
   2.9963458e+00   1.6129155e+02   2.4083644e+03   9.2938659e+02   3.9851528e+00   1.9681267e+00   9.6060646e+02
   3.3708890e+00   1.6919557e+02   2.4081278e+03   9.2884266e+02   3.9863195e+00   1.9687029e+00   6.7834652e+02
   3.7454322e+00   1.7748692e+02   2.4078911e+03   9.2822032e+02   3.9876556e+00   1.9693627e+00   4.8687345e+02
   4.1199755e+00   1.8618458e+02   2.4076543e+03   9.2750984e+02   3.9891826e+00   1.9701169e+00   3.5490265e+02
   4.4945187e+00   1.9530847e+02   2.4074173e+03   9.2670124e+02   3.9909226e+00   1.9709762e+00   2.6255284e+02
   4.8690619e+00   2.0487947e+02   2.4071801e+03   9.2578480e+02   3.9928975e+00   1.9719515e+00   1.9698759e+02
   5.2436051e+00   2.1491950e+02   2.4069427e+03   9.2475177e+02   3.9951270e+00   1.9730526e+00   1.4979250e+02
   5.6181483e+00   2.2545153e+02   2.4067050e+03   9.2359546e+02   3.9976271e+00   1.9742873e+00   1.1537135e+02
   5.9926916e+00   2.3649967e+02   2.4064671e+03   9.2231259e+02   4.0004064e+00   1.9756599e+00   8.9950387e+01
   6.3672348e+00   2.4808923e+02   2.4062289e+03   9.2090480e+02   4.0034629e+00   1.9771694e+00   7.0950878e+01
   6.7417780e+00   2.6024673e+02   2.4059903e+03   9.1938038e+02   4.0067806e+00   1.9788079e+00   5.6588256e+01
   7.1163212e+00   2.7300000e+02   2.4057513e+03   9.1775562e+02   4.0103258e+00   1.9805587e+00   4.5612486e+01
   1.1100507e+01   2.7300000e+02   2.4034273e+03   1.0054352e+03   1.4171729e+00   0.0000000e+00   0.0000000e+00
   1.5084693e+01   2.7300000e+02   2.4011096e+03   1.0074100e+03   1.4238270e+00   0.0000000e+00   0.0000000e+00
   1.9068879e+01   2.7300000e+02   2.3987982e+03   1.0093662e+03   1.4305041e+00   0.0000000e+00   0.0000000e+00
   2.3053065e+01   2.7300000e+02   2.3964930e+03   1.0113040e+03   1.4372011e+00   0.0000000e+00   0.0000000e+00
   2.7037251e+01   2.7300000e+02   2.3941940e+03   1.0132236e+03   1.4439281e+00   0.0000000e+00   0.0000000e+00
   3.1021437e+01   2.7300000e+02   2.3919011e+03   1.0151254e+03   1.4507010e+00   0.0000000e+00   0.0000000e+00
   3.5005623e+01   2.7300000e+02   2.3896142e+03   1.0170094e+03   1.4575357e+00   0.0000000e+00   0.0000000e+00
   3.8989809e+01   2.7300000e+02   2.3873333e+03   1.0188758e+03   1.4644480e+00   0.0000000e+00   0.0000000e+00
   4.2973995e+01   2.7300000e+02   2.3850583e+03   1.0207250e+03   1.4714513e+00   0.0000000e+00   0.0000000e+00
   4.6958181e+01   2.7300000e+02   2.3827891e+03   1.0225572e+03   1.4785382e+00   0.0000000e+00   0.0000000e+00
   5.0942367e+01   2.7300000e+02   2.3805256e+03   1.0243724e+03   1.4856907e+00   0.0000000e+00   0.0000000e+00
   5.4926553e+01   2.7300000e+02   2.3782679e+03   1.0261710e+03   1.4928916e+00   0.0000000e+00   0.0000000e+00
   5.8910739e+01   2.7300000e+02   2.3760158e+03   1.0279532e+03   1.5001247e+00   0.0000000e+00   0.0000000e+00
   6.2894925e+01   2.7300000e+02   2.3737693e+03   1.0297191e+03   1.5073755e+00   0.0000000e+00   0.0000000e+00
   6.6879111e+01   2.7300000e+02   2.3715283e+03   1.0314691e+03   1.5146393e+00   0.0000000e+00   0.0000000e+00
   7.0863296e+01   2.7300000e+02   2.3692928e+03   1.0332032e+03   1.5219173e+00   0.0000000e+00   0.0000000e+00
   7.4847482e+01   2.7300000e+02   2.3670628e+03   1.0349218e+03   1.5292085e+00   0.0000000e+00   0.0000000e+00
   7.8831668e+01   2.7300000e+02   2.3648380e+03   1.0366250e+03   1.5365081e+00   0.0000000e+00   0.0000000e+00
   8.2815854e+01   2.7300000e+02   2.3626186e+03   1.0383130e+03   1.5438108e+00   0.0000000e+00   0.0000000e+00
   8.6800040e+01   2.7300000e+02   2.3604045e+03   1.0399861e+03   1.5511110e+00   0.0000000e+00   0.0000000e+00
   9.0784226e+01   2.7300000e+02   2.3581955e+03   1.0416445e+03   1.5584034e+00   0.0000000e+00   0.0000000e+00
   9.4768412e+01   2.7300000e+02   2.3559917e+03   1.0432883e+03   1.5656848e+00   0.0000000e+00   0.0000000e+00
   9.8752598e+01   2.7300000e+02   2.3537930e+03   1.0449179e+03   1.5729578e+00   0.0000000e+00   0.0000000e+00
   1.0273678e+02   2.7300000e+02   2.3515994e+03   1.0465334e+03   1.5802256e+00   0.0000000e+00   0.0000000e+00
   1.0672097e+02   2.7300000e+02   2.3494107e+03   1.0481349e+03   1.5874925e+00   0.0000000e+00   0.0000000e+00
   1.1070516e+02   2.7300000e+02   2.3472271e+03   1.0497229e+03   1.5947630e+00   0.0000000e+00   0.0000000e+00
   1.1468934e+02   2.7300000e+02   2.3450483e+03   1.0512973e+03   1.6020405e+00   0.0000000e+00   0.0000000e+00
   1.1867353e+02   2.7300000e+02   2.3428744e+03   1.0528585e+03   1.6093243e+00   0.0000000e+00   0.0000000e+00
   1.2265771e+02   2.7300000e+02   2.3407053e+03   1.0544067e+03   1.6166133e+00   0.0000000e+00   0.0000000e+00
   1.2664190e+02   2.7300000e+02   2.3385411e+03   1.0559420e+03   1.6239066e+00   0.0000000e+00   0.0000000e+00
   1.3062609e+02   2.7300000e+02   2.3363815e+03   1.0574647e+03   1.6312031e+00   0.0000000e+00   0.0000000e+00
   1.3461027e+02   2.7300000e+02   2.3342267e+03   1.0589749e+03   1.6385020e+00   0.0000000e+00   0.0000000e+00
   1.3859446e+02   2.7300000e+02   2.3320765e+03   1.0604728e+03   1.6458023e+00   0.0000000e+00   0.0000000e+00
   1.4257864e+02   2.7300000e+02   2.3299309e+03   1.0619586e+03   1.6531032e+00   0.0000000e+00   0.0000000e+00
   1.4656283e+02   2.7300000e+02   2.3277899e+03   1.0634323e+03   1.6604035e+00   0.0000000e+00   0.0000000e+00
   1.5054702e+02   2.7300000e+02   2.3256534e+03   1.0648941e+03   1.6677019e+00   0.0000000e+00   0.0000000e+00
   1.5453120e+02   2.7300000e+02   2.3235215e+03   1.0663443e+03   1.6749972e+00   0.0000000e+00   0.0000000e+00
   1.5851539e+02   2.7300000e+02   2.3213940e+03   1.0677829e+03   1.6822884e+00   0.0000000e+00   0.0000000e+00
   1.6249957e+02   2.7300000e+02   2.3192709e+03   1.0692101e+03   1.6895744e+00   0.0000000e+00   0.0000000e+00
   1.6648376e+02   2.7300000e+02   2.3171522e+03   1.0706260e+03   1.6968535e+00   0.0000000e+00   0.0000000e+00
   1.7046795e+02   2.7300000e+02   2.3150379e+03   1.0720308e+03   1.7041237e+00   0.0000000e+00   0.0000000e+00
   1.7445213e+02   2.7300000e+02   2.3129279e+03   1.0734246e+03   1.7113833e+00   0.0000000e+00   0.0000000e+00
   1.7843632e+02   2.7300000e+02   2.3108222e+03   1.0748077e+03   1.7186321e+00   0.0000000e+00   0.0000000e+00
   1.8242050e+02   2.7300000e+02   2.3087207e+03   1.0761802e+03   1.7258696e+00   0.0000000e+00   0.0000000e+00
   1.8640469e+02   2.7300000e+02   2.3066234e+03   1.0775423e+03   1.7330908e+00   0.0000000e+00   0.0000000e+00
   1.9038888e+02   2.7300000e+02   2.3045303e+03   1.0788941e+03   1.7402868e+00   0.0000000e+00   0.0000000e+00
   1.9437306e+02   2.7300000e+02   2.3024414e+03   1.0802359e+03   1.7474473e+00   0.0000000e+00   0.0000000e+00
   1.9835725e+02   2.7300000e+02   2.3003566e+03   1.0815678e+03   1.7545580e+00   0.0000000e+00   0.0000000e+00
   2.0234143e+02   2.7300000e+02   2.2982759e+03   1.0828899e+03   1.7616044e+00   0.0000000e+00   0.0000000e+00
   2.0632562e+02   2.7300000e+02   2.2961992e+03   1.0842025e+03   1.7685840e+00   0.0000000e+00   0.0000000e+00
   2.1030980e+02   2.7300000e+02   2.2941266e+03   1.0855057e+03   1.7755031e+00   0.0000000e+00   0.0000000e+00
   2.1429399e+02   2.7300000e+02   2.2920580e+03   1.0867997e+03   1.7823695e+00   0.0000000e+00   0.0000000e+00
   2.1827818e+02   2.7300000e+02   2.2899933e+03   1.0880846e+03   1.7891938e+00   0.0000000e+00   0.0000000e+00
   2.2226236e+02   2.7300000e+02   2.2879326e+03   1.0893605e+03   1.7959867e+00   0.0000000e+00   0.0000000e+00
   2.2624655e+02   2.7300000e+02   2.2858758e+03   1.0906277e+03   1.8027532e+00   0.0000000e+00   0.0000000e+00
   2.3023073e+02   2.7300000e+02   2.2838229e+03   1.0918862e+03   1.8094936e+00   0.0000000e+00   0.0000000e+00
   2.3421492e+02   2.7300000e+02   2.2817739e+03   1.0931360e+03   1.8162077e+00   0.0000000e+00   0.0000000e+00
   2.3819911e+02   2.7300000e+02   2.2797287e+03   1.0943775e+03   1.8228960e+00   0.0000000e+00   0.0000000e+00
   2.4218329e+02   2.7300000e+02   2.2776873e+03   1.0956106e+03   1.8295585e+00   0.0000000e+00   0.0000000e+00
   2.4616748e+02   2.7300000e+02   2.2756497e+03   1.0968356e+03   1.8361951e+00   0.0000000e+00   0.0000000e+00
   2.5015166e+02   2.7300000e+02   2.2736158e+03   1.0980525e+03   1.8428053e+00   0.0000000e+00   0.0000000e+00
   2.5413585e+02   2.7300000e+02   2.2715857e+03   1.0992615e+03   1.8493886e+00   0.0000000e+00   0.0000000e+00
   2.5812004e+02   2.7300000e+02   2.2695594e+03   1.1004626e+03   1.8559446e+00   0.0000000e+00   0.0000000e+00
   2.6210422e+02   2.7300000e+02   2.2675367e+03   1.1016561e+03   1.8624730e+00   0.0000000e+00   0.0000000e+00
   2.6608841e+02   2.7300000e+02   2.2655176e+03   1.1028419e+03   1.8689734e+00   0.0000000e+00   0.0000000e+00
   2.7007259e+02   2.7300000e+02   2.2635022e+03   1.1040202e+03   1.8754456e+00   0.0000000e+00   0.0000000e+00
   2.7405678e+02   2.7300000e+02   2.2614905e+03   1.1051912e+03   1.8818894e+00   0.0000000e+00   0.0000000e+00
   2.7804097e+02   2.7300000e+02   2.2594823e+03   1.1063548e+03   1.8883047e+00   0.0000000e+00   0.0000000e+00
   2.8202515e+02   2.7300000e+02   2.2574777e+03   1.1075113e+03   1.8946915e+00   0.0000000e+00   0.0000000e+00
   2.8600934e+02   2.7300000e+02   2.2554767e+03   1.1086606e+03   1.9010492e+00   0.0000000e+00   0.0000000e+00
   2.8999352e+02   2.7300000e+02   2.2534792e+03   1.1098030e+03   1.9073767e+00   0.0000000e+00   0.0000000e+00
   2.9397771e+02   2.7300000e+02   2.2514852e+03   1.1109385e+03   1.9136725e+00   0.0000000e+00   0.0000000e+00
   2.9796190e+02   2.7300000e+02   2.2494947e+03   1.1120672e+03   1.9199338e+00   0.0000000e+00   0.0000000e+00
   3.0194608e+02   2.7300000e+02   2.2475077e+03   1.1131893e+03   1.9261577e+00   0.0000000e+00   0.0000000e+00
   3.0593027e+02   2.7300000e+02   2.2455241e+03   1.1143047e+03   1.9323428e+00   0.0000000e+00   0.0000000e+00
   3.0991445e+02   2.7300000e+02   2.2435440e+03   1.1154137e+03   1.9384890e+00   0.0000000e+00   0.0000000e+00
   3.1389864e+02   2.7300000e+02   2.2415673e+03   1.1165162e+03   1.9445971e+00   0.0000000e+00   0.0000000e+00
   3.1788283e+02   2.7300000e+02   2.2395940e+03   1.1176124e+03   1.9506687e+00   0.0000000e+00   0.0000000e+00
   3.2186701e+02   2.7300000e+02   2.2376240e+03   1.1187024e+03   1.9567061e+00   0.0000000e+00   0.0000000e+00
   3.2585120e+02   2.7300000e+02   2.2356574e+03   1.1197862e+03   1.9627105e+00   0.0000000e+00   0.0000000e+00
   3.2983538e+02   2.7300000e+02   2.2336942e+03   1.1208640e+03   1.9686819e+00   0.0000000e+00   0.0000000e+00
   3.3381957e+02   2.7300000e+02   2.2317343e+03   1.1219358e+03   1.9746201e+00   0.0000000e+00   0.0000000e+00
   3.3780376e+02   2.7300000e+02   2.2297777e+03   1.1230018e+03   1.9805248e+00   0.0000000e+00   0.0000000e+00
   3.4178794e+02   2.7300000e+02   2.2278243e+03   1.1240620e+03   1.9863955e+00   0.0000000e+00   0.0000000e+00
   3.4577213e+02   2.7300000e+02   2.2258743e+03   1.1251165e+03   1.9922317e+00   0.0000000e+00   0.0000000e+00
   3.4975631e+02   2.7300000e+02   2.2239275e+03   1.1261653e+03   1.9980330e+00   0.0000000e+00   0.0000000e+00
   3.5374050e+02   2.7300000e+02   2.2219839e+03   1.1272086e+03   2.0037991e+00   0.0000000e+00   0.0000000e+00
   3.5772469e+02   2.7300000e+02   2.2200436e+03   1.1282465e+03   2.0095297e+00   0.0000000e+00   0.0000000e+00
   3.6170887e+02   2.7300000e+02   2.2181064e+03   1.1292789e+03   2.0152244e+00   0.0000000e+00   0.0000000e+00
   3.6569306e+02   2.7300000e+02   2.2161725e+03   1.1303060e+03   2.0208834e+00   0.0000000e+00   0.0000000e+00
   3.6967724e+02   2.7300000e+02   2.2142417e+03   1.1313278e+03   2.0265069e+00   0.0000000e+00   0.0000000e+00
   3.7366143e+02   2.7300000e+02   2.2123141e+03   1.1323445e+03   2.0320954e+00   0.0000000e+00   0.0000000e+00
   3.7764561e+02   2.7300000e+02   2.2103897e+03   1.1333561e+03   2.0376488e+00   0.0000000e+00   0.0000000e+00
   3.8162980e+02   2.7300000e+02   2.2084683e+03   1.1343626e+03   2.0431671e+00   0.0000000e+00   0.0000000e+00
   3.8561399e+02   2.7300000e+02   2.2065501e+03   1.1353642e+03   2.0486518e+00   0.0000000e+00   0.0000000e+00
   3.8959817e+02   2.7300000e+02   2.2046350e+03   1.1363609e+03   2.0541066e+00   0.0000000e+00   0.0000000e+00
   3.9358236e+02   2.7300000e+02   2.2027229e+03   1.1373528e+03   2.0595353e+00   0.0000000e+00   0.0000000e+00
   3.9756654e+02   2.7300000e+02   2.2008140e+03   1.1383398e+03   2.0649428e+00   0.0000000e+00   0.0000000e+00
   4.0155073e+02   2.7300000e+02   2.1989081e+03   1.1393221e+03   2.0703343e+00   0.0000000e+00   0.0000000e+00
   4.0553492e+02   2.7300000e+02   2.1970052e+03   1.1402997e+03   2.0757123e+00   0.0000000e+00   0.0000000e+00
   4.0951910e+02   2.7300000e+02   2.1951054e+03   1.1412726e+03   2.0810760e+00   0.0000000e+00   0.0000000e+00
   4.1350329e+02   2.7300000e+02   2.1932086e+03   1.1422410e+03   2.0864246e+00   0.0000000e+00   0.0000000e+00
   4.1748747e+02   2.7300000e+02   2.1913147e+03   1.1432049e+03   2.0917565e+00   0.0000000e+00   0.0000000e+00
   4.2147166e+02   2.7300000e+02   2.1894239e+03   1.1441642e+03   2.0970703e+00   0.0000000e+00   0.0000000e+00
   4.2545585e+02   2.7300000e+02   2.1875361e+03   1.1451192e+03   2.1023653e+00   0.0000000e+00   0.0000000e+00
   4.2944003e+02   2.7300000e+02   2.1856512e+03   1.1460698e+03   2.1076418e+00   0.0000000e+00   0.0000000e+00
   4.3342422e+02   2.7300000e+02   2.1837693e+03   1.1470160e+03   2.1129001e+00   0.0000000e+00   0.0000000e+00
   4.3740840e+02   2.7300000e+02   2.1818903e+03   1.1479579e+03   2.1181405e+00   0.0000000e+00   0.0000000e+00
   4.4139259e+02   2.7300000e+02   2.1800142e+03   1.1488956e+03   2.1233631e+00   0.0000000e+00   0.0000000e+00
   4.4537678e+02   2.7300000e+02   2.1781411e+03   1.1498291e+03   2.1285678e+00   0.0000000e+00   0.0000000e+00
   4.4936096e+02   2.7300000e+02   2.1762709e+03   1.1507584e+03   2.1337548e+00   0.0000000e+00   0.0000000e+00
   4.5334515e+02   2.7300000e+02   2.1744035e+03   1.1516836e+03   2.1389243e+00   0.0000000e+00   0.0000000e+00
   4.5732933e+02   2.7300000e+02   2.1725390e+03   1.1526047e+03   2.1440763e+00   0.0000000e+00   0.0000000e+00
   4.6131352e+02   2.7300000e+02   2.1706774e+03   1.1535218e+03   2.1492112e+00   0.0000000e+00   0.0000000e+00
   4.6529771e+02   2.7300000e+02   2.1688187e+03   1.1544348e+03   2.1543290e+00   0.0000000e+00   0.0000000e+00
   4.6928189e+02   2.7300000e+02   2.1669628e+03   1.1553439e+03   2.1594300e+00   0.0000000e+00   0.0000000e+00
   4.7326608e+02   2.7300000e+02   2.1651097e+03   1.1562491e+03   2.1645143e+00   0.0000000e+00   0.0000000e+00
   4.7725026e+02   2.7300000e+02   2.1632595e+03   1.1571504e+03   2.1695827e+00   0.0000000e+00   0.0000000e+00
   4.8123445e+02   2.7300000e+02   2.1614120e+03   1.1580478e+03   2.1746360e+00   0.0000000e+00   0.0000000e+00
   4.8521864e+02   2.7300000e+02   2.1595674e+03   1.1589415e+03   2.1796747e+00   0.0000000e+00   0.0000000e+00
   4.8920282e+02   2.7300000e+02   2.1577256e+03   3.5200768e+03   4.5623885e+00   2.6002537e+00   4.5797318e+13
   7.2547560e+02   2.9281033e+02   2.1217635e+03   3.5200768e+03   7.9990888e+00   4.5521858e+00   9.6800480e+12
   9.5615875e+02   3.1228772e+02   2.0858014e+03   3.5252444e+03   8.0131889e+00   4.5536468e+00   2.5085087e+12
   1.1815247e+03   3.3143216e+02   2.0498393e+03   3.5302001e+03   8.0265676e+00   4.5548672e+00   7.6675282e+11
   1.4014613e+03   3.5024365e+02   2.0138772e+03   3.5349645e+03   8.0392744e+00   4.5558726e+00   2.6825460e+11
   1.6158541e+03   3.6872219e+02   1.9779151e+03   3.5395442e+03   8.0513465e+00   4.5566857e+00   1.0496502e+11
   1.8245843e+03   3.8686779e+02   1.9419530e+03   3.5439474e+03   8.0627982e+00   4.5573177e+00   4.5111410e+10
   2.0275291e+03   4.0468044e+02   1.9059909e+03   3.5481750e+03   8.1621862e+00   4.6295730e+00   2.0990969e+10
   2.2245601e+03   4.2216015e+02   1.8700288e+03   3.5825481e+03   8.2427720e+00   4.6865184e+00   1.0453587e+10
   2.4171727e+03   4.3930690e+02   1.8340667e+03   3.6103728e+03   8.2525152e+00   4.6863298e+00   5.5328462e+09
   2.6046642e+03   4.5612072e+02   1.7981046e+03   3.6140174e+03   8.3469486e+00   4.7351187e+00   3.0847356e+09
   2.7854921e+03   4.7260158e+02   1.7621426e+03   3.6244974e+03   8.4383452e+00   4.7822239e+00   1.7964004e+09
   2.9598247e+03   4.8874950e+02   1.7261805e+03   3.6345836e+03   8.4461889e+00   4.7813819e+00   1.0874285e+09
   3.1274161e+03   5.0456447e+02   1.6902184e+03   3.6376755e+03   8.4535033e+00   4.7804375e+00   6.8111040e+08
   3.2877181e+03   5.2004649e+02   1.6542563e+03   3.6406040e+03   8.4602522e+00   4.7793847e+00   4.3955529e+08
   3.4405237e+03   5.3519557e+02   1.6182942e+03   3.6433585e+03   8.4664272e+00   4.7782210e+00   2.9132956e+08
   3.5856103e+03   5.5001170e+02   1.5823321e+03   3.6459359e+03   8.4720208e+00   4.7769476e+00   1.9774974e+08
   3.7227385e+03   5.6449488e+02   1.5463700e+03   3.6483343e+03   8.4770285e+00   4.7755664e+00   1.3713521e+08
   3.8516501e+03   5.7864512e+02   1.5104079e+03   3.6505493e+03   8.4814364e+00   4.7740754e+00   9.6951348e+07
   3.9720652e+03   5.9246241e+02   1.4744458e+03   3.6525777e+03   8.4852315e+00   4.7724732e+00   6.9744063e+07
   4.0836802e+03   6.0594676e+02   1.4384837e+03   3.6544145e+03   8.4883937e+00   4.7707554e+00   5.0965220e+07
   4.1861641e+03   6.1909815e+02   1.4025216e+03   3.6560540e+03   8.4908867e+00   4.7689092e+00   3.7773842e+07
   4.2791552e+03   6.3191660e+02   1.3665595e+03   3.6574863e+03   8.4926986e+00   4.7669378e+00   2.8356706e+07
   4.3622568e+03   6.4440211e+02   1.3305974e+03   3.6587067e+03   8.4938069e+00   4.7648354e+00   2.1533394e+07
   4.4350324e+03   6.5655466e+02   1.2946353e+03   3.6597076e+03   8.4941715e+00   4.7625903e+00   1.6521293e+07
   4.4970003e+03   6.6837427e+02   1.2586733e+03   3.6604785e+03   8.4937437e+00   4.7601902e+00   1.2792690e+07
   4.5476265e+03   6.7986094e+02   1.2227112e+03   3.6610054e+03   8.4924925e+00   4.7576296e+00   9.9861449e+06
   4.5863175e+03   6.9101465e+02   1.1867491e+03   3.6612786e+03   8.4903680e+00   4.7548951e+00   7.8504734e+06
   4.6124108e+03   7.0183542e+02   1.1507870e+03   3.6612840e+03   8.4873057e+00   4.7519676e+00   6.2087439e+06
   4.6251640e+03   7.1232324e+02   1.1148249e+03   3.6610035e+03   8.4832510e+00   4.7488382e+00   4.9347489e+06
   4.6237419e+03   7.2247812e+02   1.0788628e+03   3.6604202e+03   8.4781146e+00   4.7454783e+00   3.9374033e+06
   4.6072010e+03   7.3230005e+02   1.0429007e+03   3.6595102e+03   8.4718211e+00   4.7418721e+00   3.1502506e+06
   4.5744704e+03   7.4178903e+02   1.0069386e+03   3.6582515e+03   8.4642672e+00   4.7379914e+00   2.5243110e+06
   4.5243292e+03   7.5094507e+02   9.7097651e+02   3.6566150e+03   8.4553354e+00   4.7338049e+00   2.0231468e+06
   4.4553784e+03   7.5976816e+02   9.3501441e+02   3.6545676e+03   8.4448939e+00   4.7292797e+00   1.6194183e+06
   4.3660065e+03   7.6825830e+02   8.9905232e+02   3.6520719e+03   8.4327749e+00   4.7243703e+00   1.2924520e+06
   4.2543469e+03   7.7641549e+02   8.6309023e+02   3.6490809e+03   8.4187984e+00   4.7190309e+00   1.0265073e+06
   4.1182247e+03   7.8423974e+02   8.2712814e+02   3.6455443e+03   8.4027255e+00   4.7131985e+00   8.0952592e+05
   3.9550891e+03   7.9173105e+02   7.9116604e+02   3.6413966e+03   8.3842991e+00   4.7068064e+00   6.3222192e+05
   3.7619281e+03   7.9888940e+02   7.5520395e+02   3.6365655e+03   8.3631840e+00   4.6997686e+00   4.8740988e+05
   3.5351585e+03   8.0571481e+02   7.1924186e+02   3.6309580e+03   8.1734094e+00   4.5979403e+00   3.6950256e+05
   3.2704830e+03   8.1220727e+02   6.8327976e+02   3.6098911e+03   7.9831646e+00   4.4629882e+00   2.7412746e+05
   2.9639394e+03   8.1836679e+02   6.4731767e+02   3.5496570e+03   7.9499637e+00   4.4522210e+00   1.9801022e+05
   2.6134056e+03   8.2419335e+02   6.1135558e+02   3.5405731e+03   7.9120813e+00   4.4401653e+00   1.3865924e+05
   2.2069783e+03   8.2968698e+02   5.7539349e+02   3.5301673e+03   7.8680839e+00   4.4264168e+00   9.2944196e+04
   1.7350889e+03   8.3484765e+02   5.3943139e+02   3.5180452e+03   7.8165852e+00   4.4105906e+00   5.8891599e+04
   1.1856411e+03   8.3967538e+02   5.0346930e+02   3.5038382e+03   7.5098622e+00   4.2402268e+00   3.4687380e+04
   5.4309890e+02   8.4417016e+02   4.6750721e+02   3.3981545e+03   7.4371379e+00   4.2165744e+00   1.8564807e+04
  -1.9355227e+02   8.4833199e+02   4.3154511e+02   3.3764846e+03   7.3065570e+00   4.1429355e+00   8.9097371e+03
  -1.0660899e+03   8.5216088e+02   3.9558302e+02   3.2889035e+03   7.3146677e+00   4.1696650e+00   3.6234886e+03
  -2.0907186e+03   8.5565682e+02   3.5962093e+02   3.2802267e+03   7.3201792e+00   4.2001186e+00   1.1973893e+03
  -3.3401571e+03   8.5881982e+02   3.2365884e+02   3.2679325e+03   7.3236437e+00   4.2366426e+00   2.8597877e+02
  -4.8898571e+03   8.6164986e+02   2.8769674e+02   3.2511968e+03   7.3249241e+00   4.2813933e+00   4.2301051e+01
  -6.8541743e+03   8.6414696e+02   2.5173465e+02   3.2288134e+03   7.3238471e+00   4.3376478e+00   2.9934927e+00
  -9.4152377e+03   8.6631112e+02   2.1577256e+02   3.1989717e+03   7.3201728e+00   4.4106344e+00   6.4031262e-02
  -1.2882084e+04   8.6814233e+02   1.7981046e+02   3.1588052e+03   7.3236442e+00   4.5107891e+00   1.7094082e-04
  -1.7824956e+04   8.6964059e+02   1.4384837e+02   3.1091676e+03   7.3464222e+00   4.6564791e+00   8.5692942e-09
  -2.5440365e+04   8.7080590e+02   1.0788628e+02   3.0483526e+03   7.3819929e+00   4.8813248e+00   7.0339130e-17
  -3.8728144e+04   8.7163827e+02   7.1924186e+01   2.9547256e+03   7.4427758e+00   5.2740375e+00   3.0279102e-35
  -6.7722843e+04   8.7213769e+02   3.5962093e+01   2.7902481e+03   7.5703588e+00   6.1313600e+00   3.8664684e-94
  -1.7726643e+05             NaN   0.0000000e+00   2.4277087e+03             NaN             NaN             NaN
  -1.7726643e+05             NaN   0.0000000e+00   8.0000000e+03             NaN             NaN   1.0000000e+04
             NaN             NaN   0.0000000e+00             NaN             NaN             NaN   1.0000000e+04
             NaN             NaN   0.0000000e+00             NaN             NaN             NaN   1.0000000e+04
             NaN             NaN   0.0000000e+00             NaN             NaN             NaN   1.0000000e+04
             NaN             NaN   0.0000000e+00             NaN             NaN             NaN   1.0000000e+04
             NaN             NaN   0.0000000e+00             NaN             NaN             NaN   1.0000000e+04
             NaN             NaN   0.0000000e+00             NaN             NaN             NaN   1.0000000e+04
             NaN             NaN   0.0000000e+00             NaN             NaN             NaN   1.0000000e+04
             NaN             NaN   0.0000000e+00             NaN             NaN             NaN   1.0000000e+04
             NaN             NaN   0.0000000e+00             NaN             NaN             NaN   1.0000000e+04
