   0.0000000e+00   1.1000000e+02   2.4103000e+03   9.3177646e+02   3.9798936e+00   1.9655294e+00   2.7451649e+04
   1.3527443e+00   1.3522215e+02   2.4092833e+03   9.3177646e+02   3.9820712e+00   1.9666048e+00   3.6618531e+03
   2.7054887e+00   1.6622754e+02   2.4084307e+03   9.3168200e+02   3.9859940e+00   1.9685421e+00   7.1124136e+02
   4.0582330e+00   2.0434222e+02   2.4075783e+03   9.3155729e+02   3.9929701e+00   1.9719874e+00   1.8753359e+02
   5.4109774e+00   2.5119631e+02   2.4067261e+03   9.3139797e+02   4.0045526e+00   1.9777076e+00   6.3405485e+01
   6.7637217e+00   2.5127261e+02   2.4058740e+03   9.3119907e+02   4.0042521e+00   1.9775591e+00   6.3314488e+01
   8.1164660e+00   2.5134892e+02   2.4050219e+03   9.3095488e+02   4.0039516e+00   1.9774107e+00   6.3223674e+01
   9.4692104e+00   2.5142523e+02   2.4041699e+03   9.3065897e+02   4.0036512e+00   1.9772624e+00   6.3133042e+01
   1.0821955e+01   2.5150154e+02   2.4033179e+03   9.3030408e+02   4.0033509e+00   1.9771141e+00   6.3042592e+01
   1.2174699e+01   2.5157786e+02   2.4024659e+03   9.2988220e+02   4.0030508e+00   1.9769659e+00   6.2952320e+01
   1.3527443e+01   2.5165418e+02   2.4016137e+03   9.2938455e+02   4.0027508e+00   1.9768177e+00   6.2862227e+01
   1.4880188e+01   2.5173051e+02   2.4007614e+03   9.2880177e+02   4.0024509e+00   1.9766696e+00   6.2772311e+01
   1.6232932e+01   2.5180685e+02   2.3999088e+03   9.2812419e+02   4.0021513e+00   1.9765216e+00   6.2682570e+01
   1.7585676e+01   2.5188319e+02   2.3990558e+03   9.2734231e+02   4.0018518e+00   1.9763737e+00   6.2593004e+01
   1.8938421e+01   2.5195954e+02   2.3982024e+03   9.2644744e+02   4.0015525e+00   1.9762259e+00   6.2503610e+01
   2.0291165e+01   2.5203590e+02   2.3973485e+03   9.2543266e+02   4.0012535e+00   1.9760783e+00   6.2414387e+01
   2.1643909e+01   2.5211226e+02   2.3964939e+03   9.2429405e+02   4.0009547e+00   1.9759307e+00   6.2325333e+01
   2.2996654e+01   2.5218864e+02   2.3956385e+03   9.2303213e+02   4.0006562e+00   1.9757833e+00   6.2236447e+01
   2.4349398e+01   2.5226504e+02   2.3947823e+03   9.2165345e+02   4.0003580e+00   1.9756360e+00   6.2147728e+01
   2.5702142e+01   2.7000000e+02   2.3939250e+03   9.2017194e+02   4.0050569e+00   1.9779566e+00   4.5612486e+01
   2.9645027e+01   2.7000000e+02   2.3919698e+03   1.1774661e+03   1.6758705e+00   0.0000000e+00   0.0000000e+00
   3.3587911e+01   2.7000000e+02   2.3900179e+03   1.1788758e+03   1.6835392e+00   0.0000000e+00   0.0000000e+00
   3.7530795e+01   2.7000000e+02   2.3880694e+03   1.1802735e+03   1.6911309e+00   0.0000000e+00   0.0000000e+00
   4.1473679e+01   2.7000000e+02   2.3861241e+03   1.1816593e+03   1.6986289e+00   0.0000000e+00   0.0000000e+00
   4.5416563e+01   2.7000000e+02   2.3841820e+03   1.1830336e+03   1.7060274e+00   0.0000000e+00   0.0000000e+00
   4.9359447e+01   2.7000000e+02   2.3822432e+03   1.1843965e+03   1.7133353e+00   0.0000000e+00   0.0000000e+00
   5.3302331e+01   2.7000000e+02   2.3803076e+03   1.1857483e+03   1.7205631e+00   0.0000000e+00   0.0000000e+00
   5.7245215e+01   2.7000000e+02   2.3783751e+03   1.1870891e+03   1.7277228e+00   0.0000000e+00   0.0000000e+00
   6.1188100e+01   2.7000000e+02   2.3764458e+03   1.1884193e+03   1.7348273e+00   0.0000000e+00   0.0000000e+00
   6.5130984e+01   2.7000000e+02   2.3745195e+03   1.1897390e+03   1.7418847e+00   0.0000000e+00   0.0000000e+00
   6.9073868e+01   2.7000000e+02   2.3725964e+03   1.1910485e+03   1.7488956e+00   0.0000000e+00   0.0000000e+00
   7.3016752e+01   2.7000000e+02   2.3706763e+03   1.1923479e+03   1.7558600e+00   0.0000000e+00   0.0000000e+00
   7.6959636e+01   2.7000000e+02   2.3687593e+03   1.1936376e+03   1.7627781e+00   0.0000000e+00   0.0000000e+00
   8.0902520e+01   2.7000000e+02   2.3668453e+03   1.1949176e+03   1.7696503e+00   0.0000000e+00   0.0000000e+00
   8.4845404e+01   2.7000000e+02   2.3649343e+03   1.1961884e+03   1.7764756e+00   0.0000000e+00   0.0000000e+00
   8.8788288e+01   2.7000000e+02   2.3630263e+03   1.1974500e+03   1.7832503e+00   0.0000000e+00   0.0000000e+00
   9.2731173e+01   2.7000000e+02   2.3611212e+03   1.1987027e+03   1.7899702e+00   0.0000000e+00   0.0000000e+00
   9.6674057e+01   2.7000000e+02   2.3592190e+03   1.1999465e+03   1.7966313e+00   0.0000000e+00   0.0000000e+00
   1.0061694e+02   2.7000000e+02   2.3573198e+03   1.2011816e+03   1.8032294e+00   0.0000000e+00   0.0000000e+00
   1.0455983e+02   2.7000000e+02   2.3554235e+03   1.2024082e+03   1.8097624e+00   0.0000000e+00   0.0000000e+00
   1.0850271e+02   2.7000000e+02   2.3535300e+03   1.2036265e+03   1.8162327e+00   0.0000000e+00   0.0000000e+00
   1.1244559e+02   2.7000000e+02   2.3516394e+03   1.2048365e+03   1.8226433e+00   0.0000000e+00   0.0000000e+00
   1.1638848e+02   2.7000000e+02   2.3497516e+03   1.2060384e+03   1.8289976e+00   0.0000000e+00   0.0000000e+00
   1.2033136e+02   2.7000000e+02   2.3478667e+03   1.2072324e+03   1.8352989e+00   0.0000000e+00   0.0000000e+00
   1.2427425e+02   2.7000000e+02   2.3459845e+03   1.2084187e+03   1.8415501e+00   0.0000000e+00   0.0000000e+00
   1.2821713e+02   2.7000000e+02   2.3441052e+03   1.2095973e+03   1.8477523e+00   0.0000000e+00   0.0000000e+00
   1.3216001e+02   2.7000000e+02   2.3422285e+03   1.2107684e+03   1.8539065e+00   0.0000000e+00   0.0000000e+00
   1.3610290e+02   2.7000000e+02   2.3403547e+03   1.2119321e+03   1.8600140e+00   0.0000000e+00   0.0000000e+00
   1.4004578e+02   2.7000000e+02   2.3384835e+03   1.2130886e+03   1.8660761e+00   0.0000000e+00   0.0000000e+00
   1.4398867e+02   2.7000000e+02   2.3366151e+03   1.2142379e+03   1.8720942e+00   0.0000000e+00   0.0000000e+00
   1.4793155e+02   2.7000000e+02   2.3347494e+03   1.2153801e+03   1.8780692e+00   0.0000000e+00   0.0000000e+00
   1.5187443e+02   2.7000000e+02   2.3328864e+03   1.2165154e+03   1.8840020e+00   0.0000000e+00   0.0000000e+00
   1.5581732e+02   2.7000000e+02   2.3310260e+03   1.2176439e+03   1.8898934e+00   0.0000000e+00   0.0000000e+00
   1.5976020e+02   2.7000000e+02   2.3291683e+03   1.2187657e+03   1.8957442e+00   0.0000000e+00   0.0000000e+00
   1.6370309e+02   2.7000000e+02   2.3273132e+03   1.2198809e+03   1.9015550e+00   0.0000000e+00   0.0000000e+00
   1.6764597e+02   2.7000000e+02   2.3254607e+03   1.2209896e+03   1.9073268e+00   0.0000000e+00   0.0000000e+00
   1.7158886e+02   2.7000000e+02   2.3236108e+03   1.2220920e+03   1.9130603e+00   0.0000000e+00   0.0000000e+00
   1.7553174e+02   2.7000000e+02   2.3217636e+03   1.2231881e+03   1.9187560e+00   0.0000000e+00   0.0000000e+00
   1.7947462e+02   2.7000000e+02   2.3199189e+03   1.2242779e+03   1.9244142e+00   0.0000000e+00   0.0000000e+00
   1.8341751e+02   2.7000000e+02   2.3180767e+03   1.2253617e+03   1.9300353e+00   0.0000000e+00   0.0000000e+00
   1.8736039e+02   2.7000000e+02   2.3162371e+03   1.2264394e+03   1.9356200e+00   0.0000000e+00   0.0000000e+00
   1.9130328e+02   2.7000000e+02   2.3144001e+03   1.2275112e+03   1.9411691e+00   0.0000000e+00   0.0000000e+00
   1.9524616e+02   2.7000000e+02   2.3125655e+03   1.2285771e+03   1.9466840e+00   0.0000000e+00   0.0000000e+00
   1.9918904e+02   2.7000000e+02   2.3107335e+03   1.2296372e+03   1.9521662e+00   0.0000000e+00   0.0000000e+00
   2.0313193e+02   2.7000000e+02   2.3089040e+03   1.2306916e+03   1.9576171e+00   0.0000000e+00   0.0000000e+00
   2.0707481e+02   2.7000000e+02   2.3070769e+03   1.2317404e+03   1.9630365e+00   0.0000000e+00   0.0000000e+00
   2.1101770e+02   2.7000000e+02   2.3052524e+03   1.2327837e+03   1.9684234e+00   0.0000000e+00   0.0000000e+00
   2.1496058e+02   2.7000000e+02   2.3034303e+03   1.2338214e+03   1.9737766e+00   0.0000000e+00   0.0000000e+00
   2.1890346e+02   2.7000000e+02   2.3016106e+03   1.2348538e+03   1.9790946e+00   0.0000000e+00   0.0000000e+00
   2.2284635e+02   2.7000000e+02   2.2997933e+03   1.2358809e+03   1.9843761e+00   0.0000000e+00   0.0000000e+00
   2.2678923e+02   2.7000000e+02   2.2979785e+03   1.2369027e+03   1.9896204e+00   0.0000000e+00   0.0000000e+00
   2.3073212e+02   2.7000000e+02   2.2961661e+03   1.2379194e+03   1.9948275e+00   0.0000000e+00   0.0000000e+00
   2.3467500e+02   2.7000000e+02   2.2943561e+03   1.2389309e+03   1.9999972e+00   0.0000000e+00   0.0000000e+00
   2.3861789e+02   2.7000000e+02   2.2925485e+03   1.2399375e+03   2.0051297e+00   0.0000000e+00   0.0000000e+00
   2.4256077e+02   2.7000000e+02   2.2907433e+03   1.2409391e+03   2.0102253e+00   0.0000000e+00   0.0000000e+00
   2.4650365e+02   2.7000000e+02   2.2889404e+03   1.2419358e+03   2.0152844e+00   0.0000000e+00   0.0000000e+00
   2.5044654e+02   2.7000000e+02   2.2871399e+03   1.2429277e+03   2.0203079e+00   0.0000000e+00   0.0000000e+00
   2.5438942e+02   2.7000000e+02   2.2853417e+03   1.2439149e+03   2.0252965e+00   0.0000000e+00   0.0000000e+00
   2.5833231e+02   2.7000000e+02   2.2835459e+03   1.2448974e+03   2.0302514e+00   0.0000000e+00   0.0000000e+00
   2.6227519e+02   2.7000000e+02   2.2817523e+03   1.2458753e+03   2.0351739e+00   0.0000000e+00   0.0000000e+00
   2.6621807e+02   2.7000000e+02   2.2799611e+03   1.2468487e+03   2.0400653e+00   0.0000000e+00   0.0000000e+00
   2.7016096e+02   2.7000000e+02   2.2781722e+03   1.2478175e+03   2.0449274e+00   0.0000000e+00   0.0000000e+00
   2.7410384e+02   2.7000000e+02   2.2763856e+03   1.2487819e+03   2.0497619e+00   0.0000000e+00   0.0000000e+00
   2.7804673e+02   2.7000000e+02   2.2746013e+03   1.2497419e+03   2.0545708e+00   0.0000000e+00   0.0000000e+00
   2.8198961e+02   2.7000000e+02   2.2728192e+03   1.2506975e+03   2.0593565e+00   0.0000000e+00   0.0000000e+00
   2.8593249e+02   2.7000000e+02   2.2710395e+03   1.2516489e+03   2.0641207e+00   0.0000000e+00   0.0000000e+00
   2.8987538e+02   2.7000000e+02   2.2692619e+03   1.2525960e+03   2.0688646e+00   0.0000000e+00   0.0000000e+00
   2.9381826e+02   2.7000000e+02   2.2674867e+03   1.2535389e+03   2.0735892e+00   0.0000000e+00   0.0000000e+00
   2.9776115e+02   2.7000000e+02   2.2657136e+03   1.2544776e+03   2.0782936e+00   0.0000000e+00   0.0000000e+00
   3.0170403e+02   2.7000000e+02   2.2639428e+03   1.2554123e+03   2.0829764e+00   0.0000000e+00   0.0000000e+00
   3.0564692e+02   2.7000000e+02   2.2621742e+03   1.2563429e+03   2.0876366e+00   0.0000000e+00   0.0000000e+00
   3.0958980e+02   2.7000000e+02   2.2604078e+03   1.2572695e+03   2.0922728e+00   0.0000000e+00   0.0000000e+00
   3.1353268e+02   2.7000000e+02   2.2586436e+03   1.2581921e+03   2.0968842e+00   0.0000000e+00   0.0000000e+00
   3.1747557e+02   2.7000000e+02   2.2568816e+03   1.2591108e+03   2.1014704e+00   0.0000000e+00   0.0000000e+00
   3.2141845e+02   2.7000000e+02   2.2551218e+03   1.2600257e+03   2.1060314e+00   0.0000000e+00   0.0000000e+00
   3.2536134e+02   2.7000000e+02   2.2533642e+03   1.2609367e+03   2.1105672e+00   0.0000000e+00   0.0000000e+00
   3.2930422e+02   2.7000000e+02   2.2516087e+03   1.2618439e+03   2.1150783e+00   0.0000000e+00   0.0000000e+00
   3.3324710e+02   2.7000000e+02   2.2498554e+03   1.2627474e+03   2.1195654e+00   0.0000000e+00   0.0000000e+00
   3.3718999e+02   2.7000000e+02   2.2481043e+03   1.2636471e+03   2.1240302e+00   0.0000000e+00   0.0000000e+00
   3.4113287e+02   2.7000000e+02   2.2463552e+03   1.2645432e+03   2.1284754e+00   0.0000000e+00   0.0000000e+00
   3.4507576e+02   2.7000000e+02   2.2446084e+03   1.2654357e+03   2.1329036e+00   0.0000000e+00   0.0000000e+00
   3.4901864e+02   2.7000000e+02   2.2428636e+03   1.2663246e+03   2.1373178e+00   0.0000000e+00   0.0000000e+00
   3.5296153e+02   2.7000000e+02   2.2411210e+03   1.2672099e+03   2.1417210e+00   0.0000000e+00   0.0000000e+00
   3.5690441e+02   2.7000000e+02   2.2393805e+03   1.2680917e+03   2.1461142e+00   0.0000000e+00   0.0000000e+00
   3.6084729e+02   2.7000000e+02   2.2376421e+03   1.2689700e+03   2.1504976e+00   0.0000000e+00   0.0000000e+00
   3.6479018e+02   2.7000000e+02   2.2359058e+03   1.2698448e+03   2.1548708e+00   0.0000000e+00   0.0000000e+00
   3.6873306e+02   2.7000000e+02   2.2341716e+03   1.2707162e+03   2.1592327e+00   0.0000000e+00   0.0000000e+00
   3.7267595e+02   2.7000000e+02   2.2324394e+03   1.2715841e+03   2.1635822e+00   0.0000000e+00   0.0000000e+00
   3.7661883e+02   2.7000000e+02   2.2307094e+03   1.2724487e+03   2.1679189e+00   0.0000000e+00   0.0000000e+00
   3.8056171e+02   2.7000000e+02   2.2289814e+03   1.2733099e+03   2.1722431e+00   0.0000000e+00   0.0000000e+00
   3.8450460e+02   2.7000000e+02   2.2272555e+03   1.2741678e+03   2.1765549e+00   0.0000000e+00   0.0000000e+00
   3.8844748e+02   2.7000000e+02   2.2255316e+03   1.2750224e+03   2.1808543e+00   0.0000000e+00   0.0000000e+00
   3.9239037e+02   2.7000000e+02   2.2238098e+03   1.2758737e+03   2.1851412e+00   0.0000000e+00   0.0000000e+00
   3.9633325e+02   2.7000000e+02   2.2220900e+03   1.2767218e+03   2.1894150e+00   0.0000000e+00   0.0000000e+00
   4.0027613e+02   2.7000000e+02   2.2203722e+03   1.2775667e+03   2.1936752e+00   0.0000000e+00   0.0000000e+00
   4.0421902e+02   2.7000000e+02   2.2186565e+03   1.2784083e+03   2.1979211e+00   0.0000000e+00   0.0000000e+00
   4.0816190e+02   2.7000000e+02   2.2169428e+03   1.2792468e+03   2.2021529e+00   0.0000000e+00   0.0000000e+00
   4.1210479e+02   2.7000000e+02   2.2152311e+03   1.2800822e+03   2.2063708e+00   0.0000000e+00   0.0000000e+00
   4.1604767e+02   2.7000000e+02   2.2135215e+03   1.2809145e+03   2.2105758e+00   0.0000000e+00   0.0000000e+00
   4.1999056e+02   2.7000000e+02   2.2118138e+03   1.2817436e+03   2.2147695e+00   0.0000000e+00   0.0000000e+00
   4.2393344e+02   2.7000000e+02   2.2101081e+03   1.2825697e+03   2.2189536e+00   0.0000000e+00   0.0000000e+00
   4.2787632e+02   2.7000000e+02   2.2084044e+03   1.2833928e+03   2.2231306e+00   0.0000000e+00   0.0000000e+00
   4.3181921e+02   2.7000000e+02   2.2067027e+03   1.2842128e+03   2.2273032e+00   0.0000000e+00   0.0000000e+00
   4.3576209e+02   2.7000000e+02   2.2050030e+03   1.2850299e+03   2.2314737e+00   0.0000000e+00   0.0000000e+00
   4.3970498e+02   2.7000000e+02   2.2033052e+03   1.2858439e+03   2.2356441e+00   0.0000000e+00   0.0000000e+00
   4.4364786e+02   2.7000000e+02   2.2016094e+03   1.2866550e+03   2.2398161e+00   0.0000000e+00   0.0000000e+00
   4.4759074e+02   2.7000000e+02   2.1999156e+03   1.2874631e+03   2.2439895e+00   0.0000000e+00   0.0000000e+00
   4.5153363e+02   2.7000000e+02   2.1982237e+03   1.2882683e+03   2.2481638e+00   0.0000000e+00   0.0000000e+00
   4.5547651e+02   2.7000000e+02   2.1965338e+03   1.2890705e+03   2.2523373e+00   0.0000000e+00   0.0000000e+00
   4.5941940e+02   2.7000000e+02   2.1948458e+03   1.2898698e+03   2.2565075e+00   0.0000000e+00   0.0000000e+00
   4.6336228e+02   2.7000000e+02   2.1931597e+03   1.2906663e+03   2.2606716e+00   0.0000000e+00   0.0000000e+00
   4.6730516e+02   2.7000000e+02   2.1914756e+03   1.2914598e+03   2.2648281e+00   0.0000000e+00   0.0000000e+00
   4.7124805e+02   2.7000000e+02   2.1897934e+03   1.2922505e+03   2.2689756e+00   0.0000000e+00   0.0000000e+00
   4.7519093e+02   2.7000000e+02   2.1881131e+03   1.2930383e+03   2.2731134e+00   0.0000000e+00   0.0000000e+00
   4.7913382e+02   2.7000000e+02   2.1864347e+03   1.2938234e+03   2.2772413e+00   0.0000000e+00   0.0000000e+00
   4.8307670e+02   2.7000000e+02   2.1847583e+03   1.2946056e+03   2.2813593e+00   0.0000000e+00   0.0000000e+00
   4.8701959e+02   2.7000000e+02   2.1830837e+03   1.2953851e+03   2.2854666e+00   0.0000000e+00   0.0000000e+00
   4.9096247e+02   2.7000000e+02   2.1814110e+03   1.2961618e+03   2.2895626e+00   0.0000000e+00   0.0000000e+00
   4.9490535e+02   2.7000000e+02   2.1797402e+03   1.2969358e+03   2.2936465e+00   0.0000000e+00   0.0000000e+00
   4.9884824e+02   2.7000000e+02   2.1780713e+03   1.2977070e+03   2.2977177e+00   0.0000000e+00   0.0000000e+00
   5.0279112e+02   2.7000000e+02   2.1764043e+03   1.2984756e+03   2.3017755e+00   0.0000000e+00   0.0000000e+00
   5.0673401e+02   2.7000000e+02   2.1747392e+03   1.2992415e+03   2.3058197e+00   0.0000000e+00   0.0000000e+00
   5.1067689e+02   2.7000000e+02   2.1730759e+03   1.3000047e+03   2.3098503e+00   0.0000000e+00   0.0000000e+00
   5.1461977e+02   2.7000000e+02   2.1714145e+03   1.3007653e+03   2.3138672e+00   0.0000000e+00   0.0000000e+00
   5.1856266e+02   2.7000000e+02   2.1697549e+03   1.3015233e+03   2.3178702e+00   0.0000000e+00   0.0000000e+00
   5.2250554e+02   2.7000000e+02   2.1680972e+03   1.3022788e+03   2.3218589e+00   0.0000000e+00   0.0000000e+00
   5.2644843e+02   2.7000000e+02   2.1664413e+03   1.3030316e+03   2.3258329e+00   0.0000000e+00   0.0000000e+00
   5.3039131e+02   2.7000000e+02   2.1647873e+03   1.3037819e+03   2.3297915e+00   0.0000000e+00   0.0000000e+00
   5.3433419e+02   2.7000000e+02   2.1631352e+03   1.3045297e+03   2.3337342e+00   0.0000000e+00   0.0000000e+00
   5.3827708e+02   2.7000000e+02   2.1614848e+03   1.3052750e+03   2.3376606e+00   0.0000000e+00   0.0000000e+00
   5.4221996e+02   2.7000000e+02   2.1598363e+03   1.3060179e+03   2.3415704e+00   0.0000000e+00   0.0000000e+00
   5.4616285e+02   2.7000000e+02   2.1581896e+03   1.3067582e+03   2.3454636e+00   0.0000000e+00   0.0000000e+00
   5.5010573e+02   2.7000000e+02   2.1565448e+03   1.3074961e+03   2.3493406e+00   0.0000000e+00   0.0000000e+00
   5.5404862e+02   2.7000000e+02   2.1549017e+03   1.3082317e+03   2.3532016e+00   0.0000000e+00   0.0000000e+00
   5.5799150e+02   2.7000000e+02   2.1532605e+03   1.3089648e+03   2.3570477e+00   0.0000000e+00   0.0000000e+00
   5.6193438e+02   2.7000000e+02   2.1516210e+03   1.3096955e+03   2.3608797e+00   0.0000000e+00   0.0000000e+00
   5.6587727e+02   2.7000000e+02   2.1499834e+03   1.3104239e+03   2.3646987e+00   0.0000000e+00   0.0000000e+00
   5.6982015e+02   2.7000000e+02   2.1483475e+03   1.3111499e+03   2.3685055e+00   0.0000000e+00   0.0000000e+00
   5.7376304e+02   2.7000000e+02   2.1467135e+03   1.3118735e+03   2.3723014e+00   0.0000000e+00   0.0000000e+00
   5.7770592e+02   2.7000000e+02   2.1450812e+03   1.3125949e+03   2.3760881e+00   0.0000000e+00   0.0000000e+00
   5.8164880e+02   2.7000000e+02   2.1434508e+03   1.3133139e+03   2.3798676e+00   0.0000000e+00   0.0000000e+00
   5.8559169e+02   2.7000000e+02   2.1418221e+03   1.3140306e+03   2.3836426e+00   0.0000000e+00   0.0000000e+00
   5.8953457e+02   2.7000000e+02   2.1401951e+03   1.3147451e+03   2.3874171e+00   0.0000000e+00   0.0000000e+00
   5.9347746e+02   2.7000000e+02   2.1385700e+03   1.3154573e+03   2.3911946e+00   0.0000000e+00   0.0000000e+00
   5.9742034e+02   2.7000000e+02   2.1369466e+03   1.3161672e+03   2.3949775e+00   0.0000000e+00   0.0000000e+00
   6.0136323e+02   2.7000000e+02   2.1353250e+03   1.3168749e+03   2.3987673e+00   0.0000000e+00   0.0000000e+00
   6.0530611e+02   2.7000000e+02   2.1337051e+03   1.3175804e+03   2.4025643e+00   0.0000000e+00   0.0000000e+00
   6.0924899e+02   2.7000000e+02   2.1320870e+03   1.3182836e+03   2.4063666e+00   0.0000000e+00   0.0000000e+00
   6.1319188e+02   2.7000000e+02   2.1304706e+03   1.3189846e+03   2.4101720e+00   0.0000000e+00   0.0000000e+00
   6.1713476e+02   2.7000000e+02   2.1288560e+03   3.5238635e+03   4.5701916e+00   2.6027238e+00   9.3862127e+13
   1.0511727e+03   3.0737127e+02   2.0623292e+03   3.5238635e+03   8.0243899e+00   4.5575511e+00   5.0177829e+12
   1.4660769e+03   3.4355614e+02   1.9958025e+03   3.5331899e+03   8.0483872e+00   4.5594757e+00   5.1739291e+11
   1.8625103e+03   3.7855463e+02   1.9292757e+03   3.5418341e+03   8.0791808e+00   4.5680321e+00   8.3856088e+10
   2.2397306e+03   4.1236673e+02   1.8627490e+03   3.5529682e+03   8.2485193e+00   4.6896726e+00   1.8781775e+10
   2.5972578e+03   4.4499244e+02   1.7962222e+03   3.6115825e+03   8.3306349e+00   4.7262549e+00   5.3482956e+09
   2.9386940e+03   4.7643176e+02   1.7296955e+03   3.6235292e+03   8.4500814e+00   4.7846326e+00   1.8394345e+09
   3.2576573e+03   5.0668469e+02   1.6631687e+03   3.6381548e+03   8.4639137e+00   4.7828020e+00   7.2817346e+08
   3.5531318e+03   5.3575123e+02   1.5966420e+03   3.6437089e+03   8.4759729e+00   4.7806460e+00   3.2243697e+08
   3.8229550e+03   5.6363138e+02   1.5301152e+03   3.6487112e+03   8.4861235e+00   4.7781394e+00   1.5617303e+08
   4.0656373e+03   5.9032514e+02   1.4635885e+03   3.6531195e+03   8.4943331e+00   4.7752946e+00   8.1403789e+07
   4.2794526e+03   6.1583251e+02   1.3970617e+03   3.6569170e+03   8.5004790e+00   4.7720810e+00   4.5080652e+07
   4.4623821e+03   6.4015349e+02   1.3305350e+03   3.6600688e+03   8.5044608e+00   4.7684864e+00   2.6250096e+07
   4.6120368e+03   6.6328809e+02   1.2640082e+03   3.6625396e+03   8.5060777e+00   4.7644575e+00   1.5932770e+07
   4.7255564e+03   6.8523629e+02   1.1974815e+03   3.6642728e+03   8.5051265e+00   4.7599486e+00   1.0004308e+07
   4.7994739e+03   7.0599810e+02   1.1309547e+03   3.6652076e+03   8.5013265e+00   4.7548899e+00   6.4539091e+06
   4.8295313e+03   7.2557353e+02   1.0644280e+03   3.6652626e+03   8.4943059e+00   4.7491853e+00   4.2492139e+06
   4.8104256e+03   7.4396257e+02   9.9790124e+02   3.6643311e+03   8.4835977e+00   4.7427132e+00   2.8357653e+06
   4.7354512e+03   7.6116521e+02   9.3137449e+02   3.6622805e+03   8.4685835e+00   4.7353127e+00   1.9038337e+06
   4.5959848e+03   7.7718147e+02   8.6484774e+02   3.6589351e+03   8.4484330e+00   4.7267668e+00   1.2744174e+06
   4.3807298e+03   7.9201134e+02   7.9832099e+02   3.6540617e+03   8.4220353e+00   4.7167854e+00   8.4107786e+05
   4.0745710e+03   8.0565481e+02   7.3179424e+02   3.6473478e+03   8.3878302e+00   4.7049603e+00   5.3910392e+05
   3.6567908e+03   8.1811190e+02   6.6526749e+02   3.6383587e+03   8.1821846e+00   4.5995264e+00   3.2854822e+05
   3.0981834e+03   8.2938260e+02   5.9874075e+02   3.6127453e+03   7.9570579e+00   4.4523250e+00   1.8446054e+05
   2.3589958e+03   8.3946691e+02   5.3221400e+02   3.5432532e+03   7.8779474e+00   4.4275285e+00   9.1000761e+04
   1.3877632e+03   8.4836483e+02   4.6568725e+02   3.5214246e+03   7.7721377e+00   4.3953419e+00   3.6760714e+04
   7.3792529e+01   8.5607636e+02   3.9916050e+02   3.4921804e+03   7.3023130e+00   4.1333795e+00   1.0483431e+04
  -1.7534834e+03   8.6260151e+02   3.3263375e+02   3.2911545e+03   7.3057863e+00   4.1851215e+00   1.6104336e+03
  -4.2850469e+03   8.6794026e+02   2.6610700e+02   3.2668812e+03   7.3037180e+00   4.2567384e+00   8.7033436e+01
  -8.2621513e+03   8.7209262e+02   1.9958025e+02   3.2285473e+03   7.3261875e+00   4.3730135e+00   3.8332968e-01
  -1.5303236e+04   8.7505859e+02   1.3305350e+02   3.1830044e+03   7.3742863e+00   4.5803856e+00   1.8111963e-06
  -3.0982585e+04   8.7683818e+02   6.6526749e+01   3.1069550e+03   7.4838397e+00   5.0437909e+00   9.7974323e-24
  -9.2287154e+04             NaN   0.0000000e+00   2.9381869e+03             NaN             NaN             NaN
  -9.2287154e+04             NaN   0.0000000e+00   8.0000000e+03             NaN             NaN   1.0000000e+04
             NaN             NaN   0.0000000e+00             NaN             NaN             NaN   1.0000000e+04
             NaN             NaN   0.0000000e+00             NaN             NaN             NaN   1.0000000e+04
             NaN             NaN   0.0000000e+00             NaN             NaN             NaN   1.0000000e+04
             NaN             NaN   0.0000000e+00             NaN             NaN             NaN   1.0000000e+04
             NaN             NaN   0.0000000e+00             NaN             NaN             NaN   1.0000000e+04
             NaN             NaN   0.0000000e+00             NaN             NaN             NaN   1.0000000e+04
             NaN             NaN   0.0000000e+00             NaN             NaN             NaN   1.0000000e+04
             NaN             NaN   0.0000000e+00             NaN             NaN             NaN   1.0000000e+04
             NaN             NaN   0.0000000e+00             NaN             NaN             NaN   1.0000000e+04
