P (MPa)		T (K)		r (km)		rho (kg m-3)	VP (km s-1)	VS (km s-1)	QS/gamma	k for 0.01 mol/kg MgSO4 (S m-1)	
0.00000e+00	1.10000e+02	2.41030e+03	9.31851e+02	3.87940e+00	1.96225e+00	3.09516e+04	0.00000e+00
4.23699e-01	1.15742e+02	2.40998e+03	9.31851e+02	3.88015e+00	1.96270e+00	1.80048e+04	0.00000e+00
8.47398e-01	1.21785e+02	2.40971e+03	9.31858e+02	3.88097e+00	1.96318e+00	1.07588e+04	0.00000e+00
1.27110e+00	1.28142e+02	2.40945e+03	9.31863e+02	3.88186e+00	1.96370e+00	6.59536e+03	0.00000e+00
1.69480e+00	1.34832e+02	2.40918e+03	9.31867e+02	3.88284e+00	1.96426e+00	4.14243e+03	0.00000e+00
2.11849e+00	1.41871e+02	2.40891e+03	9.31871e+02	3.88392e+00	1.96487e+00	2.66253e+03	0.00000e+00
2.54219e+00	1.49277e+02	2.40865e+03	9.31873e+02	3.88511e+00	1.96554e+00	1.74927e+03	0.00000e+00
2.96589e+00	1.57070e+02	2.40838e+03	9.31874e+02	3.88644e+00	1.96628e+00	1.17347e+03	0.00000e+00
3.38959e+00	1.65270e+02	2.40811e+03	9.31875e+02	3.88792e+00	1.96709e+00	8.02948e+02	0.00000e+00
3.81329e+00	1.73898e+02	2.40785e+03	9.31874e+02	3.88958e+00	1.96800e+00	5.59860e+02	0.00000e+00
4.23699e+00	1.82976e+02	2.40758e+03	9.31872e+02	3.89144e+00	1.96900e+00	3.97413e+02	0.00000e+00
4.66069e+00	1.92528e+02	2.40731e+03	9.31870e+02	3.89352e+00	1.97012e+00	2.86938e+02	0.00000e+00
5.08439e+00	2.02579e+02	2.40705e+03	9.31866e+02	3.89586e+00	1.97137e+00	2.10549e+02	0.00000e+00
5.50808e+00	2.13155e+02	2.40678e+03	9.31860e+02	3.89847e+00	1.97276e+00	1.56887e+02	0.00000e+00
5.93178e+00	2.24282e+02	2.40651e+03	9.31854e+02	3.90138e+00	1.97430e+00	1.18621e+02	0.00000e+00
6.35548e+00	2.35991e+02	2.40624e+03	9.31847e+02	3.90460e+00	1.97599e+00	9.09410e+01	0.00000e+00
6.77918e+00	2.48311e+02	2.40598e+03	9.31838e+02	3.90812e+00	1.97784e+00	7.06453e+01	0.00000e+00
7.20288e+00	2.61273e+02	2.40571e+03	9.31828e+02	3.91193e+00	1.97984e+00	5.55711e+01	0.00000e+00
7.62658e+00	2.61296e+02	2.40544e+03	9.31816e+02	3.91220e+00	1.98004e+00	5.55495e+01	0.00000e+00
8.05028e+00	2.61318e+02	2.40518e+03	9.31804e+02	3.91247e+00	1.98024e+00	5.55278e+01	0.00000e+00
8.47398e+00	2.61340e+02	2.40491e+03	9.31789e+02	3.91273e+00	1.98044e+00	5.55059e+01	0.00000e+00
8.89767e+00	2.61363e+02	2.40464e+03	9.31774e+02	3.91300e+00	1.98064e+00	5.54838e+01	0.00000e+00
9.32137e+00	2.61386e+02	2.40438e+03	9.31757e+02	3.91327e+00	1.98084e+00	5.54615e+01	0.00000e+00
9.74507e+00	2.61409e+02	2.40411e+03	9.31738e+02	3.91353e+00	1.98104e+00	5.54390e+01	0.00000e+00
1.01688e+01	2.61432e+02	2.40385e+03	9.31718e+02	3.91380e+00	1.98125e+00	5.54164e+01	0.00000e+00
1.05925e+01	2.61456e+02	2.40358e+03	9.31697e+02	3.91406e+00	1.98145e+00	5.53935e+01	0.00000e+00
1.10162e+01	2.61479e+02	2.40331e+03	9.31673e+02	3.91433e+00	1.98165e+00	5.53704e+01	0.00000e+00
1.14399e+01	2.61503e+02	2.40305e+03	9.31648e+02	3.91460e+00	1.98185e+00	5.53472e+01	0.00000e+00
1.18636e+01	2.61527e+02	2.40278e+03	9.31622e+02	3.91486e+00	1.98205e+00	5.53238e+01	0.00000e+00
1.22873e+01	2.61552e+02	2.40251e+03	9.31593e+02	3.91513e+00	1.98225e+00	5.53001e+01	0.00000e+00
1.27110e+01	2.61576e+02	2.40225e+03	9.31563e+02	3.91539e+00	1.98245e+00	5.52763e+01	0.00000e+00
1.31347e+01	2.61601e+02	2.40198e+03	9.31531e+02	3.91566e+00	1.98265e+00	5.52522e+01	0.00000e+00
1.35584e+01	2.61626e+02	2.40171e+03	9.31497e+02	3.91592e+00	1.98285e+00	5.52280e+01	0.00000e+00
1.39821e+01	2.61651e+02	2.40145e+03	9.31461e+02	3.91619e+00	1.98305e+00	5.52035e+01	0.00000e+00
1.44058e+01	2.61677e+02	2.40118e+03	9.31423e+02	3.91645e+00	1.98325e+00	5.51789e+01	0.00000e+00
1.48295e+01	2.61702e+02	2.40091e+03	9.31383e+02	3.91672e+00	1.98345e+00	5.51540e+01	0.00000e+00
1.52532e+01	2.61728e+02	2.40065e+03	9.31341e+02	3.91698e+00	1.98365e+00	5.51289e+01	0.00000e+00
1.56769e+01	2.61754e+02	2.40038e+03	9.31297e+02	3.91724e+00	1.98385e+00	5.51037e+01	0.00000e+00
1.61006e+01	2.61781e+02	2.40012e+03	9.31250e+02	3.91751e+00	1.98405e+00	5.50782e+01	0.00000e+00
1.65243e+01	2.61807e+02	2.39985e+03	9.31201e+02	3.91777e+00	1.98425e+00	5.50525e+01	0.00000e+00
1.69480e+01	2.61834e+02	2.39958e+03	9.31150e+02	3.91804e+00	1.98445e+00	5.50265e+01	0.00000e+00
1.73716e+01	2.61861e+02	2.39932e+03	9.31097e+02	3.91830e+00	1.98465e+00	5.50004e+01	0.00000e+00
1.77953e+01	2.61889e+02	2.39905e+03	9.31041e+02	3.91856e+00	1.98484e+00	5.49740e+01	0.00000e+00
1.82190e+01	2.61916e+02	2.39878e+03	9.30983e+02	3.91882e+00	1.98504e+00	5.49475e+01	0.00000e+00
1.86427e+01	2.61944e+02	2.39852e+03	9.30922e+02	3.91909e+00	1.98524e+00	5.49207e+01	0.00000e+00
1.90664e+01	2.61972e+02	2.39825e+03	9.30858e+02	3.91935e+00	1.98544e+00	5.48936e+01	0.00000e+00
1.94901e+01	2.62001e+02	2.39799e+03	9.30792e+02	3.91961e+00	1.98564e+00	5.48664e+01	0.00000e+00
1.99138e+01	2.62029e+02	2.39772e+03	9.30723e+02	3.91988e+00	1.98584e+00	5.48389e+01	0.00000e+00
2.03375e+01	2.62058e+02	2.39745e+03	9.30652e+02	3.92014e+00	1.98604e+00	5.48112e+01	0.00000e+00
2.07612e+01	2.62087e+02	2.39719e+03	9.30577e+02	3.92040e+00	1.98624e+00	5.47832e+01	0.00000e+00
2.11849e+01	2.62117e+02	2.39692e+03	9.30499e+02	3.92066e+00	1.98643e+00	5.47551e+01	0.00000e+00
2.16086e+01	2.62147e+02	2.39665e+03	9.30419e+02	3.92092e+00	1.98663e+00	5.47267e+01	0.00000e+00
2.20323e+01	2.62177e+02	2.39639e+03	9.30335e+02	3.92119e+00	1.98683e+00	5.46980e+01	0.00000e+00
2.24560e+01	2.62207e+02	2.39612e+03	9.30248e+02	3.92145e+00	1.98703e+00	5.46691e+01	0.00000e+00
2.28797e+01	2.62237e+02	2.39586e+03	9.30158e+02	3.92171e+00	1.98723e+00	5.46400e+01	0.00000e+00
2.33034e+01	2.62268e+02	2.39559e+03	9.30065e+02	3.92197e+00	1.98742e+00	5.46107e+01	0.00000e+00
2.37271e+01	2.62299e+02	2.39532e+03	9.29968e+02	3.92223e+00	1.98762e+00	5.45811e+01	0.00000e+00
2.41508e+01	2.62330e+02	2.39506e+03	9.29868e+02	3.92249e+00	1.98782e+00	5.45512e+01	0.00000e+00
2.45745e+01	2.62362e+02	2.39479e+03	9.29765e+02	3.92275e+00	1.98802e+00	5.45211e+01	0.00000e+00
2.49982e+01	2.62394e+02	2.39453e+03	9.29658e+02	3.92301e+00	1.98821e+00	5.44908e+01	0.00000e+00
2.54219e+01	2.62426e+02	2.39426e+03	9.29547e+02	3.92327e+00	1.98841e+00	5.44602e+01	0.00000e+00
2.58456e+01	2.62459e+02	2.39399e+03	9.29433e+02	3.92354e+00	1.98861e+00	5.44293e+01	0.00000e+00
2.62693e+01	2.62491e+02	2.39373e+03	9.29314e+02	3.92380e+00	1.98881e+00	5.43982e+01	0.00000e+00
2.66930e+01	2.62524e+02	2.39346e+03	9.29192e+02	3.92406e+00	1.98900e+00	5.43669e+01	0.00000e+00
2.71167e+01	2.62558e+02	2.39319e+03	9.29067e+02	3.92432e+00	1.98920e+00	5.43352e+01	0.00000e+00
2.75404e+01	2.62592e+02	2.39293e+03	9.28937e+02	3.92458e+00	1.98940e+00	5.43034e+01	0.00000e+00
2.79641e+01	2.62626e+02	2.39266e+03	9.28803e+02	3.92484e+00	1.98960e+00	5.42712e+01	0.00000e+00
2.83878e+01	2.62660e+02	2.39240e+03	9.28665e+02	3.92510e+00	1.98979e+00	5.42388e+01	0.00000e+00
2.88115e+01	2.62694e+02	2.39213e+03	9.28523e+02	3.92536e+00	1.98999e+00	5.42062e+01	0.00000e+00
2.92352e+01	2.62729e+02	2.39186e+03	9.28376e+02	3.92561e+00	1.99019e+00	5.41732e+01	0.00000e+00
2.96589e+01	2.62765e+02	2.39160e+03	9.28226e+02	3.92587e+00	1.99038e+00	5.41400e+01	0.00000e+00
3.00826e+01	2.62800e+02	2.39133e+03	9.28071e+02	3.92613e+00	1.99058e+00	5.41066e+01	0.00000e+00
3.05063e+01	2.62836e+02	2.39106e+03	9.27912e+02	3.92639e+00	1.99078e+00	5.40728e+01	0.00000e+00
3.09300e+01	2.62872e+02	2.39080e+03	9.27748e+02	3.92665e+00	1.99097e+00	5.40388e+01	0.00000e+00
3.13537e+01	2.62909e+02	2.39053e+03	9.27580e+02	3.92691e+00	1.99117e+00	5.40045e+01	0.00000e+00
3.17774e+01	2.62946e+02	2.39027e+03	9.27407e+02	3.92717e+00	1.99136e+00	5.39699e+01	0.00000e+00
3.22011e+01	2.62983e+02	2.39000e+03	9.27230e+02	3.92743e+00	1.99156e+00	5.39350e+01	0.00000e+00
3.26248e+01	2.63020e+02	2.38973e+03	9.27048e+02	3.92769e+00	1.99176e+00	5.38999e+01	0.00000e+00
3.30485e+01	2.63058e+02	2.38947e+03	9.26862e+02	3.92795e+00	1.99195e+00	5.38645e+01	0.00000e+00
3.34722e+01	2.63096e+02	2.38920e+03	9.26671e+02	3.92820e+00	1.99215e+00	5.38287e+01	0.00000e+00
3.38959e+01	2.63135e+02	2.38893e+03	9.26476e+02	3.92846e+00	1.99235e+00	5.37927e+01	0.00000e+00
3.43196e+01	2.63174e+02	2.38867e+03	9.26275e+02	3.92872e+00	1.99254e+00	5.37564e+01	0.00000e+00
3.47433e+01	2.63213e+02	2.38840e+03	9.26071e+02	3.92898e+00	1.99274e+00	5.37198e+01	0.00000e+00
3.51670e+01	2.63253e+02	2.38813e+03	9.25861e+02	3.92924e+00	1.99293e+00	5.36830e+01	0.00000e+00
3.55907e+01	2.63293e+02	2.38787e+03	9.25647e+02	3.92949e+00	1.99313e+00	5.36458e+01	0.00000e+00
3.60144e+01	2.63333e+02	2.38760e+03	9.25429e+02	3.92975e+00	1.99332e+00	5.36083e+01	0.00000e+00
3.64381e+01	2.63374e+02	2.38733e+03	9.25206e+02	3.93001e+00	1.99352e+00	5.35705e+01	0.00000e+00
3.68618e+01	2.63415e+02	2.38707e+03	9.24978e+02	3.93027e+00	1.99372e+00	5.35324e+01	0.00000e+00
3.72855e+01	2.63456e+02	2.38680e+03	9.24746e+02	3.93052e+00	1.99391e+00	5.34940e+01	0.00000e+00
3.77092e+01	2.63498e+02	2.38653e+03	9.24510e+02	3.93078e+00	1.99411e+00	5.34553e+01	0.00000e+00
3.81329e+01	2.63540e+02	2.38627e+03	9.24269e+02	3.93104e+00	1.99430e+00	5.34163e+01	0.00000e+00
3.85566e+01	2.63583e+02	2.38600e+03	9.24024e+02	3.93130e+00	1.99450e+00	5.33770e+01	0.00000e+00
3.89803e+01	2.63626e+02	2.38573e+03	9.23775e+02	3.93155e+00	1.99469e+00	5.33373e+01	0.00000e+00
3.94040e+01	2.63669e+02	2.38547e+03	9.23522e+02	3.93181e+00	1.99489e+00	5.32974e+01	0.00000e+00
3.98277e+01	2.63713e+02	2.38520e+03	9.23264e+02	3.93207e+00	1.99508e+00	5.32571e+01	0.00000e+00
4.02514e+01	2.63757e+02	2.38493e+03	9.23003e+02	3.93232e+00	1.99528e+00	5.32165e+01	0.00000e+00
4.06751e+01	2.69809e+02	2.38466e+03	9.22739e+02	3.93426e+00	1.99633e+00	4.80492e+01	0.00000e+00
4.10988e+01	2.69872e+02	2.38440e+03	9.22471e+02	3.93452e+00	1.99652e+00	4.79987e+01	0.00000e+00
4.15225e+01	2.69936e+02	2.38413e+03	9.22199e+02	3.93479e+00	1.99672e+00	4.79482e+01	0.00000e+00
4.19462e+01	2.70000e+02	2.38386e+03	9.21924e+02	3.93505e+00	1.99692e+00	4.78978e+01	0.00000e+00
4.40752e+01	2.70006e+02	2.38265e+03	1.02142e+03	1.45857e+00	0.00000e+00	0.00000e+00	7.61394e-02
4.62042e+01	2.70012e+02	2.38144e+03	1.02242e+03	1.46243e+00	0.00000e+00	0.00000e+00	7.63148e-02
4.83332e+01	2.70020e+02	2.38023e+03	1.02341e+03	1.46630e+00	0.00000e+00	0.00000e+00	7.64903e-02
5.04622e+01	2.70029e+02	2.37902e+03	1.02440e+03	1.47020e+00	0.00000e+00	0.00000e+00	7.66658e-02
5.25912e+01	2.70038e+02	2.37782e+03	1.02538e+03	1.47411e+00	0.00000e+00	0.00000e+00	7.68413e-02
5.47202e+01	2.70048e+02	2.37661e+03	1.02636e+03	1.47804e+00	0.00000e+00	0.00000e+00	7.70169e-02
5.68492e+01	2.70060e+02	2.37541e+03	1.02733e+03	1.48199e+00	0.00000e+00	0.00000e+00	7.71925e-02
5.89782e+01	2.70072e+02	2.37421e+03	1.02829e+03	1.48595e+00	0.00000e+00	0.00000e+00	7.73682e-02
6.11073e+01	2.70085e+02	2.37301e+03	1.02926e+03	1.48992e+00	0.00000e+00	0.00000e+00	7.75439e-02
6.32363e+01	2.70099e+02	2.37181e+03	1.03021e+03	1.49390e+00	0.00000e+00	0.00000e+00	7.77197e-02
6.53653e+01	2.70113e+02	2.37062e+03	1.03116e+03	1.49789e+00	0.00000e+00	0.00000e+00	7.78955e-02
6.74943e+01	2.70129e+02	2.36942e+03	1.03211e+03	1.50189e+00	0.00000e+00	0.00000e+00	7.80713e-02
6.96233e+01	2.70145e+02	2.36823e+03	1.03305e+03	1.50590e+00	0.00000e+00	0.00000e+00	7.82471e-02
7.17523e+01	2.70162e+02	2.36704e+03	1.03399e+03	1.50992e+00	0.00000e+00	0.00000e+00	7.84230e-02
7.38813e+01	2.70180e+02	2.36585e+03	1.03492e+03	1.51394e+00	0.00000e+00	0.00000e+00	7.85989e-02
7.60103e+01	2.70199e+02	2.36466e+03	1.03585e+03	1.51798e+00	0.00000e+00	0.00000e+00	7.87749e-02
7.81393e+01	2.70218e+02	2.36348e+03	1.03677e+03	1.52202e+00	0.00000e+00	0.00000e+00	7.89508e-02
8.02683e+01	2.70239e+02	2.36229e+03	1.03768e+03	1.52607e+00	0.00000e+00	0.00000e+00	7.91268e-02
8.23973e+01	2.70260e+02	2.36111e+03	1.03860e+03	1.53012e+00	0.00000e+00	0.00000e+00	7.93027e-02
8.45263e+01	2.70281e+02	2.35992e+03	1.03950e+03	1.53418e+00	0.00000e+00	0.00000e+00	7.94787e-02
8.66554e+01	2.70304e+02	2.35874e+03	1.04041e+03	1.53824e+00	0.00000e+00	0.00000e+00	7.96547e-02
8.87844e+01	2.70327e+02	2.35757e+03	1.04130e+03	1.54230e+00	0.00000e+00	0.00000e+00	7.98307e-02
9.09134e+01	2.70351e+02	2.35639e+03	1.04220e+03	1.54637e+00	0.00000e+00	0.00000e+00	8.00067e-02
9.30424e+01	2.70375e+02	2.35521e+03	1.04308e+03	1.55044e+00	0.00000e+00	0.00000e+00	8.01827e-02
9.51714e+01	2.70400e+02	2.35404e+03	1.04397e+03	1.55450e+00	0.00000e+00	0.00000e+00	8.03586e-02
9.73004e+01	2.70426e+02	2.35286e+03	1.04485e+03	1.55858e+00	0.00000e+00	0.00000e+00	8.05346e-02
9.94294e+01	2.70453e+02	2.35169e+03	1.04572e+03	1.56265e+00	0.00000e+00	0.00000e+00	8.07105e-02
1.01558e+02	2.70480e+02	2.35052e+03	1.04659e+03	1.56672e+00	0.00000e+00	0.00000e+00	8.08864e-02
1.03687e+02	2.70508e+02	2.34935e+03	1.04745e+03	1.57080e+00	0.00000e+00	0.00000e+00	8.10623e-02
1.05816e+02	2.70536e+02	2.34819e+03	1.04832e+03	1.57488e+00	0.00000e+00	0.00000e+00	8.12381e-02
1.07945e+02	2.70565e+02	2.34702e+03	1.04917e+03	1.57896e+00	0.00000e+00	0.00000e+00	8.14139e-02
1.10074e+02	2.70595e+02	2.34586e+03	1.05002e+03	1.58304e+00	0.00000e+00	0.00000e+00	8.15897e-02
1.12203e+02	2.70625e+02	2.34469e+03	1.05087e+03	1.58713e+00	0.00000e+00	0.00000e+00	8.17654e-02
1.14332e+02	2.70656e+02	2.34353e+03	1.05171e+03	1.59122e+00	0.00000e+00	0.00000e+00	8.19410e-02
1.16461e+02	2.70687e+02	2.34237e+03	1.05255e+03	1.59531e+00	0.00000e+00	0.00000e+00	8.21166e-02
1.18590e+02	2.70719e+02	2.34121e+03	1.05339e+03	1.59940e+00	0.00000e+00	0.00000e+00	8.22921e-02
1.20719e+02	2.70752e+02	2.34005e+03	1.05422e+03	1.60350e+00	0.00000e+00	0.00000e+00	8.24675e-02
1.22848e+02	2.70785e+02	2.33890e+03	1.05504e+03	1.60760e+00	0.00000e+00	0.00000e+00	8.26428e-02
1.24978e+02	2.70819e+02	2.33774e+03	1.05586e+03	1.61170e+00	0.00000e+00	0.00000e+00	8.28181e-02
1.27107e+02	2.70853e+02	2.33659e+03	1.05668e+03	1.61580e+00	0.00000e+00	0.00000e+00	8.29932e-02
1.29236e+02	2.70888e+02	2.33544e+03	1.05749e+03	1.61990e+00	0.00000e+00	0.00000e+00	8.31683e-02
1.31365e+02	2.70923e+02	2.33429e+03	1.05830e+03	1.62400e+00	0.00000e+00	0.00000e+00	8.33432e-02
1.33494e+02	2.70959e+02	2.33314e+03	1.05911e+03	1.62811e+00	0.00000e+00	0.00000e+00	8.35181e-02
1.35623e+02	2.70995e+02	2.33199e+03	1.05991e+03	1.63221e+00	0.00000e+00	0.00000e+00	8.36928e-02
1.37752e+02	2.71031e+02	2.33084e+03	1.06071e+03	1.63631e+00	0.00000e+00	0.00000e+00	8.38674e-02
1.39881e+02	2.71069e+02	2.32970e+03	1.06150e+03	1.64042e+00	0.00000e+00	0.00000e+00	8.40419e-02
1.42010e+02	2.71106e+02	2.32855e+03	1.06229e+03	1.64452e+00	0.00000e+00	0.00000e+00	8.42163e-02
1.44139e+02	2.71144e+02	2.32741e+03	1.06307e+03	1.64862e+00	0.00000e+00	0.00000e+00	8.43905e-02
1.46268e+02	2.71183e+02	2.32627e+03	1.06386e+03	1.65273e+00	0.00000e+00	0.00000e+00	8.45646e-02
1.48397e+02	2.71222e+02	2.32513e+03	1.06463e+03	1.65683e+00	0.00000e+00	0.00000e+00	8.47386e-02
1.50526e+02	2.71261e+02	2.32399e+03	1.06541e+03	1.66093e+00	0.00000e+00	0.00000e+00	8.49124e-02
1.52655e+02	2.71301e+02	2.32285e+03	1.06618e+03	1.66502e+00	0.00000e+00	0.00000e+00	8.50862e-02
1.54784e+02	2.71341e+02	2.32172e+03	1.06694e+03	1.66912e+00	0.00000e+00	0.00000e+00	8.52597e-02
1.56913e+02	2.71382e+02	2.32058e+03	1.06770e+03	1.67321e+00	0.00000e+00	0.00000e+00	8.54332e-02
1.59042e+02	2.71423e+02	2.31945e+03	1.06846e+03	1.67730e+00	0.00000e+00	0.00000e+00	8.56065e-02
1.61171e+02	2.71465e+02	2.31831e+03	1.06922e+03	1.68139e+00	0.00000e+00	0.00000e+00	8.57797e-02
1.63300e+02	2.71506e+02	2.31718e+03	1.06997e+03	1.68548e+00	0.00000e+00	0.00000e+00	8.59528e-02
1.65429e+02	2.71549e+02	2.31605e+03	1.07072e+03	1.68956e+00	0.00000e+00	0.00000e+00	8.61257e-02
1.67558e+02	2.71591e+02	2.31492e+03	1.07146e+03	1.69364e+00	0.00000e+00	0.00000e+00	8.62985e-02
1.69687e+02	2.71634e+02	2.31380e+03	1.07220e+03	1.69771e+00	0.00000e+00	0.00000e+00	8.64712e-02
1.71816e+02	2.71678e+02	2.31267e+03	1.07294e+03	1.70178e+00	0.00000e+00	0.00000e+00	8.66437e-02
1.73945e+02	2.71721e+02	2.31154e+03	1.07367e+03	1.70585e+00	0.00000e+00	0.00000e+00	8.68162e-02
1.76074e+02	2.71766e+02	2.31042e+03	1.07440e+03	1.70991e+00	0.00000e+00	0.00000e+00	8.69885e-02
1.78203e+02	2.71810e+02	2.30930e+03	1.07513e+03	1.71397e+00	0.00000e+00	0.00000e+00	8.71608e-02
1.80332e+02	2.71855e+02	2.30818e+03	1.07585e+03	1.71803e+00	0.00000e+00	0.00000e+00	8.73329e-02
1.82461e+02	2.71900e+02	2.30706e+03	1.07657e+03	1.72208e+00	0.00000e+00	0.00000e+00	8.75050e-02
1.84590e+02	2.71945e+02	2.30594e+03	1.07729e+03	1.72612e+00	0.00000e+00	0.00000e+00	8.76769e-02
1.86719e+02	2.71991e+02	2.30482e+03	1.07800e+03	1.73016e+00	0.00000e+00	0.00000e+00	8.78488e-02
1.88848e+02	2.72037e+02	2.30370e+03	1.07871e+03	1.73419e+00	0.00000e+00	0.00000e+00	8.80206e-02
1.90977e+02	2.72084e+02	2.30259e+03	1.07941e+03	1.73821e+00	0.00000e+00	0.00000e+00	8.81923e-02
1.93106e+02	2.72130e+02	2.30147e+03	1.08012e+03	1.74222e+00	0.00000e+00	0.00000e+00	8.83640e-02
1.95235e+02	2.72177e+02	2.30036e+03	1.08082e+03	1.74621e+00	0.00000e+00	0.00000e+00	8.85356e-02
1.97364e+02	2.72225e+02	2.29925e+03	1.08151e+03	1.75019e+00	0.00000e+00	0.00000e+00	8.87071e-02
1.99493e+02	2.72272e+02	2.29814e+03	1.08221e+03	1.75415e+00	0.00000e+00	0.00000e+00	8.88786e-02
2.01622e+02	2.72320e+02	2.29703e+03	1.08290e+03	1.75809e+00	0.00000e+00	0.00000e+00	8.90500e-02
2.03751e+02	2.72368e+02	2.29592e+03	1.08359e+03	1.76201e+00	0.00000e+00	0.00000e+00	8.92214e-02
2.05880e+02	2.72417e+02	2.29481e+03	1.08427e+03	1.76591e+00	0.00000e+00	0.00000e+00	8.93928e-02
2.08009e+02	2.72466e+02	2.29370e+03	1.08495e+03	1.76979e+00	0.00000e+00	0.00000e+00	8.95640e-02
2.10138e+02	2.72514e+02	2.29260e+03	1.08563e+03	1.77366e+00	0.00000e+00	0.00000e+00	8.97352e-02
2.12267e+02	2.72564e+02	2.29149e+03	1.08631e+03	1.77750e+00	0.00000e+00	0.00000e+00	8.99063e-02
2.14396e+02	2.72613e+02	2.29039e+03	1.08698e+03	1.78133e+00	0.00000e+00	0.00000e+00	9.00772e-02
2.16525e+02	2.72663e+02	2.28929e+03	1.08765e+03	1.78515e+00	0.00000e+00	0.00000e+00	9.02480e-02
2.18654e+02	2.72713e+02	2.28819e+03	1.08831e+03	1.78895e+00	0.00000e+00	0.00000e+00	9.04187e-02
2.20783e+02	2.72763e+02	2.28709e+03	1.08898e+03	1.79274e+00	0.00000e+00	0.00000e+00	9.05891e-02
2.22912e+02	2.72814e+02	2.28599e+03	1.08964e+03	1.79653e+00	0.00000e+00	0.00000e+00	9.07595e-02
2.25041e+02	2.72864e+02	2.28489e+03	1.09030e+03	1.80030e+00	0.00000e+00	0.00000e+00	9.09296e-02
2.27170e+02	2.72915e+02	2.28379e+03	1.09095e+03	1.80407e+00	0.00000e+00	0.00000e+00	9.10995e-02
2.29299e+02	2.72966e+02	2.28270e+03	1.09161e+03	1.80782e+00	0.00000e+00	0.00000e+00	9.12693e-02
2.31428e+02	2.73018e+02	2.28161e+03	1.09226e+03	1.81157e+00	0.00000e+00	0.00000e+00	9.14388e-02
2.33557e+02	2.73069e+02	2.28051e+03	1.09290e+03	1.81530e+00	0.00000e+00	0.00000e+00	9.16081e-02
2.35686e+02	2.73121e+02	2.27942e+03	1.09355e+03	1.81903e+00	0.00000e+00	0.00000e+00	9.17771e-02
2.37815e+02	2.73173e+02	2.27833e+03	1.09419e+03	1.82274e+00	0.00000e+00	0.00000e+00	9.19459e-02
2.39944e+02	2.73225e+02	2.27724e+03	1.09483e+03	1.82645e+00	0.00000e+00	0.00000e+00	9.21145e-02
2.42073e+02	2.73277e+02	2.27615e+03	1.09547e+03	1.83015e+00	0.00000e+00	0.00000e+00	9.22827e-02
2.44202e+02	2.73330e+02	2.27506e+03	1.09610e+03	1.83384e+00	0.00000e+00	0.00000e+00	9.24507e-02
2.46331e+02	2.73382e+02	2.27398e+03	1.09673e+03	1.83752e+00	0.00000e+00	0.00000e+00	9.26184e-02
2.48460e+02	2.73435e+02	2.27289e+03	1.09736e+03	1.84120e+00	0.00000e+00	0.00000e+00	9.27859e-02
2.50589e+02	2.73488e+02	2.27180e+03	1.09799e+03	1.84486e+00	0.00000e+00	0.00000e+00	9.29530e-02
2.52718e+02	2.73542e+02	2.27072e+03	1.09861e+03	1.84851e+00	0.00000e+00	0.00000e+00	9.31198e-02
2.54847e+02	2.73595e+02	2.26964e+03	1.09923e+03	1.85216e+00	0.00000e+00	0.00000e+00	9.32863e-02
2.56976e+02	2.73649e+02	2.26856e+03	1.09985e+03	1.85579e+00	0.00000e+00	0.00000e+00	9.34525e-02
2.59105e+02	2.73702e+02	2.26748e+03	1.10047e+03	1.85942e+00	0.00000e+00	0.00000e+00	9.36184e-02
2.61234e+02	2.73756e+02	2.26640e+03	1.10108e+03	1.86304e+00	0.00000e+00	0.00000e+00	9.37839e-02
2.63363e+02	2.73810e+02	2.26532e+03	1.10170e+03	1.86665e+00	0.00000e+00	0.00000e+00	9.39491e-02
2.65492e+02	2.73865e+02	2.26424e+03	1.10231e+03	1.87025e+00	0.00000e+00	0.00000e+00	9.41140e-02
2.67621e+02	2.73919e+02	2.26316e+03	1.10291e+03	1.87384e+00	0.00000e+00	0.00000e+00	9.42785e-02
2.69750e+02	2.73974e+02	2.26209e+03	1.10352e+03	1.87742e+00	0.00000e+00	0.00000e+00	9.44427e-02
2.71879e+02	2.74028e+02	2.26101e+03	1.10412e+03	1.88099e+00	0.00000e+00	0.00000e+00	9.46065e-02
2.74008e+02	2.74083e+02	2.25994e+03	1.10472e+03	1.88456e+00	0.00000e+00	0.00000e+00	9.47699e-02
2.76137e+02	2.74138e+02	2.25887e+03	1.10532e+03	1.88811e+00	0.00000e+00	0.00000e+00	9.49330e-02
2.78266e+02	2.74193e+02	2.25780e+03	1.10592e+03	1.89166e+00	0.00000e+00	0.00000e+00	9.50958e-02
2.80395e+02	2.74249e+02	2.25673e+03	1.10651e+03	1.89519e+00	0.00000e+00	0.00000e+00	9.52581e-02
2.82524e+02	2.74304e+02	2.25566e+03	1.10710e+03	1.89872e+00	0.00000e+00	0.00000e+00	9.54201e-02
2.84653e+02	2.74360e+02	2.25459e+03	1.10769e+03	1.90224e+00	0.00000e+00	0.00000e+00	9.55817e-02
2.86782e+02	2.74415e+02	2.25352e+03	1.10828e+03	1.90575e+00	0.00000e+00	0.00000e+00	9.57429e-02
2.88911e+02	2.74471e+02	2.25246e+03	1.10886e+03	1.90925e+00	0.00000e+00	0.00000e+00	9.59037e-02
2.91040e+02	2.74527e+02	2.25139e+03	1.10945e+03	1.91273e+00	0.00000e+00	0.00000e+00	9.60642e-02
2.93169e+02	2.74583e+02	2.25033e+03	1.11003e+03	1.91621e+00	0.00000e+00	0.00000e+00	9.62242e-02
2.95298e+02	2.74639e+02	2.24926e+03	1.11061e+03	1.91968e+00	0.00000e+00	0.00000e+00	9.63839e-02
2.97427e+02	2.74696e+02	2.24820e+03	1.11118e+03	1.92313e+00	0.00000e+00	0.00000e+00	9.65432e-02
2.99556e+02	2.74752e+02	2.24714e+03	1.11176e+03	1.92657e+00	0.00000e+00	0.00000e+00	9.67020e-02
3.01685e+02	2.74809e+02	2.24608e+03	1.11233e+03	1.93000e+00	0.00000e+00	0.00000e+00	9.68605e-02
3.03814e+02	2.74865e+02	2.24502e+03	1.11290e+03	1.93342e+00	0.00000e+00	0.00000e+00	9.70186e-02
3.05943e+02	2.74922e+02	2.24396e+03	1.11347e+03	1.93682e+00	0.00000e+00	0.00000e+00	9.71762e-02
3.08072e+02	2.74979e+02	2.24290e+03	1.11403e+03	1.94021e+00	0.00000e+00	0.00000e+00	9.73334e-02
3.10201e+02	2.75036e+02	2.24185e+03	1.11460e+03	1.94359e+00	0.00000e+00	0.00000e+00	9.74902e-02
3.12330e+02	2.75093e+02	2.24079e+03	1.11516e+03	1.94696e+00	0.00000e+00	0.00000e+00	9.76465e-02
3.14459e+02	2.75150e+02	2.23973e+03	1.11572e+03	1.95031e+00	0.00000e+00	0.00000e+00	9.78024e-02
3.16588e+02	2.75208e+02	2.23868e+03	1.11628e+03	1.95365e+00	0.00000e+00	0.00000e+00	9.79577e-02
3.18717e+02	2.75265e+02	2.23763e+03	1.11684e+03	1.95698e+00	0.00000e+00	0.00000e+00	9.81126e-02
3.20846e+02	2.75323e+02	2.23658e+03	1.11739e+03	1.96030e+00	0.00000e+00	0.00000e+00	9.82669e-02
3.22975e+02	2.75380e+02	2.23552e+03	1.11794e+03	1.96361e+00	0.00000e+00	0.00000e+00	9.84208e-02
3.25104e+02	2.75438e+02	2.23447e+03	1.11850e+03	1.96691e+00	0.00000e+00	0.00000e+00	9.85741e-02
3.27233e+02	2.75496e+02	2.23343e+03	1.11904e+03	1.97020e+00	0.00000e+00	0.00000e+00	9.87268e-02
3.29362e+02	2.75554e+02	2.23238e+03	1.11959e+03	1.97347e+00	0.00000e+00	0.00000e+00	9.88790e-02
3.31491e+02	2.75612e+02	2.23133e+03	1.12014e+03	1.97674e+00	0.00000e+00	0.00000e+00	9.90307e-02
3.33620e+02	2.75670e+02	2.23028e+03	1.12068e+03	1.98000e+00	0.00000e+00	0.00000e+00	9.91817e-02
3.35749e+02	2.75728e+02	2.22924e+03	1.12122e+03	1.98324e+00	0.00000e+00	0.00000e+00	9.93322e-02
3.37878e+02	2.75786e+02	2.22819e+03	1.12176e+03	1.98648e+00	0.00000e+00	0.00000e+00	9.94821e-02
3.40007e+02	2.75844e+02	2.22715e+03	1.12230e+03	1.98970e+00	0.00000e+00	0.00000e+00	9.96313e-02
3.42136e+02	2.75903e+02	2.22611e+03	1.12284e+03	1.99291e+00	0.00000e+00	0.00000e+00	9.97799e-02
3.44265e+02	2.75961e+02	2.22506e+03	1.12337e+03	1.99612e+00	0.00000e+00	0.00000e+00	9.99279e-02
3.46394e+02	2.76020e+02	2.22402e+03	1.12391e+03	1.99931e+00	0.00000e+00	0.00000e+00	1.00075e-01
3.48523e+02	2.76078e+02	2.22298e+03	1.12444e+03	2.00249e+00	0.00000e+00	0.00000e+00	1.00222e-01
3.50652e+02	2.76137e+02	2.22194e+03	1.12497e+03	2.00567e+00	0.00000e+00	0.00000e+00	1.00368e-01
3.52781e+02	2.76196e+02	2.22091e+03	1.12550e+03	2.00883e+00	0.00000e+00	0.00000e+00	1.00513e-01
3.54910e+02	2.76255e+02	2.21987e+03	1.12602e+03	2.01198e+00	0.00000e+00	0.00000e+00	1.00658e-01
3.57039e+02	2.76314e+02	2.21883e+03	1.12655e+03	2.01513e+00	0.00000e+00	0.00000e+00	1.00802e-01
3.59168e+02	2.76373e+02	2.21780e+03	1.12707e+03	2.01826e+00	0.00000e+00	0.00000e+00	1.00945e-01
3.61297e+02	2.76432e+02	2.21676e+03	1.12759e+03	2.02138e+00	0.00000e+00	0.00000e+00	1.01088e-01
3.63426e+02	2.76491e+02	2.21573e+03	1.12811e+03	2.02450e+00	0.00000e+00	0.00000e+00	1.01229e-01
3.65555e+02	2.76550e+02	2.21470e+03	1.12863e+03	2.02760e+00	0.00000e+00	0.00000e+00	1.01370e-01
3.67684e+02	2.76610e+02	2.21366e+03	1.12915e+03	2.03070e+00	0.00000e+00	0.00000e+00	1.01511e-01
3.69813e+02	2.76669e+02	2.21263e+03	1.12966e+03	2.03379e+00	0.00000e+00	0.00000e+00	1.01650e-01
3.71942e+02	2.76728e+02	2.21160e+03	1.13018e+03	2.03686e+00	0.00000e+00	0.00000e+00	1.01789e-01
3.74072e+02	2.76788e+02	2.21057e+03	1.13069e+03	2.03993e+00	0.00000e+00	0.00000e+00	1.01927e-01
3.76201e+02	2.76847e+02	2.20954e+03	1.13120e+03	2.04299e+00	0.00000e+00	0.00000e+00	1.02064e-01
3.78330e+02	2.76907e+02	2.20852e+03	1.13171e+03	2.04604e+00	0.00000e+00	0.00000e+00	1.02200e-01
3.80459e+02	2.76967e+02	2.20749e+03	1.13222e+03	2.04908e+00	0.00000e+00	0.00000e+00	1.02336e-01
3.82588e+02	2.77026e+02	2.20646e+03	1.13272e+03	2.05212e+00	0.00000e+00	0.00000e+00	1.02470e-01
3.84717e+02	2.77086e+02	2.20544e+03	1.13323e+03	2.05515e+00	0.00000e+00	0.00000e+00	1.02604e-01
3.86846e+02	2.77146e+02	2.20442e+03	1.13373e+03	2.05817e+00	0.00000e+00	0.00000e+00	1.02737e-01
3.88975e+02	2.77206e+02	2.20339e+03	1.13423e+03	2.06118e+00	0.00000e+00	0.00000e+00	1.02870e-01
3.91104e+02	2.77266e+02	2.20237e+03	1.13473e+03	2.06419e+00	0.00000e+00	0.00000e+00	1.03001e-01
3.93233e+02	2.77326e+02	2.20135e+03	1.13523e+03	2.06719e+00	0.00000e+00	0.00000e+00	1.03131e-01
3.95362e+02	2.77386e+02	2.20033e+03	1.13573e+03	2.07018e+00	0.00000e+00	0.00000e+00	1.03261e-01
3.97491e+02	2.77446e+02	2.19931e+03	1.13622e+03	2.07317e+00	0.00000e+00	0.00000e+00	1.03390e-01
3.99620e+02	2.77506e+02	2.19829e+03	1.13672e+03	2.07615e+00	0.00000e+00	0.00000e+00	1.03517e-01
4.01749e+02	2.77567e+02	2.19727e+03	1.13721e+03	2.07913e+00	0.00000e+00	0.00000e+00	1.03644e-01
4.03878e+02	2.77627e+02	2.19625e+03	1.13770e+03	2.08210e+00	0.00000e+00	0.00000e+00	1.03770e-01
4.06007e+02	2.77687e+02	2.19524e+03	1.13819e+03	2.08506e+00	0.00000e+00	0.00000e+00	1.03896e-01
4.08136e+02	2.77748e+02	2.19422e+03	1.13868e+03	2.08802e+00	0.00000e+00	0.00000e+00	1.04020e-01
4.10265e+02	2.77808e+02	2.19321e+03	1.13917e+03	2.09098e+00	0.00000e+00	0.00000e+00	1.04143e-01
4.12394e+02	2.77868e+02	2.19219e+03	1.13965e+03	2.09393e+00	0.00000e+00	0.00000e+00	1.04266e-01
4.14523e+02	2.77929e+02	2.19118e+03	1.14014e+03	2.09688e+00	0.00000e+00	0.00000e+00	1.04387e-01
4.16652e+02	2.77990e+02	2.19017e+03	1.14062e+03	2.09982e+00	0.00000e+00	0.00000e+00	1.04508e-01
4.18781e+02	2.78050e+02	2.18915e+03	1.14110e+03	2.10276e+00	0.00000e+00	0.00000e+00	1.04628e-01
4.20910e+02	2.78111e+02	2.18814e+03	1.14158e+03	2.10569e+00	0.00000e+00	0.00000e+00	1.04747e-01
4.23039e+02	2.78172e+02	2.18713e+03	1.14206e+03	2.10862e+00	0.00000e+00	0.00000e+00	1.04865e-01
4.25168e+02	2.78232e+02	2.18613e+03	1.14254e+03	2.11155e+00	0.00000e+00	0.00000e+00	1.04983e-01
4.27297e+02	2.78293e+02	2.18512e+03	1.14302e+03	2.11447e+00	0.00000e+00	0.00000e+00	1.05100e-01
4.29426e+02	2.78354e+02	2.18411e+03	1.14349e+03	2.11739e+00	0.00000e+00	0.00000e+00	1.05215e-01
4.31555e+02	2.78415e+02	2.18310e+03	1.14397e+03	2.12030e+00	0.00000e+00	0.00000e+00	1.05331e-01
4.33684e+02	2.78476e+02	2.18210e+03	1.14444e+03	2.12321e+00	0.00000e+00	0.00000e+00	1.05445e-01
4.35813e+02	2.78537e+02	2.18109e+03	1.14491e+03	2.12612e+00	0.00000e+00	0.00000e+00	1.05558e-01
4.37942e+02	2.78598e+02	2.18009e+03	1.14538e+03	2.12902e+00	0.00000e+00	0.00000e+00	1.05671e-01
4.40071e+02	2.78659e+02	2.17909e+03	1.14585e+03	2.13192e+00	0.00000e+00	0.00000e+00	1.05783e-01
4.42200e+02	2.78720e+02	2.17808e+03	1.14632e+03	2.13482e+00	0.00000e+00	0.00000e+00	1.05894e-01
4.44329e+02	2.78782e+02	2.17708e+03	1.14678e+03	2.13771e+00	0.00000e+00	0.00000e+00	1.06005e-01
4.46458e+02	2.78843e+02	2.17608e+03	1.14725e+03	2.14059e+00	0.00000e+00	0.00000e+00	1.06115e-01
4.48587e+02	2.78904e+02	2.17508e+03	1.14771e+03	2.14347e+00	0.00000e+00	0.00000e+00	1.06224e-01
4.50716e+02	2.78965e+02	2.17408e+03	1.14817e+03	2.14635e+00	0.00000e+00	0.00000e+00	1.06332e-01
4.52845e+02	2.79027e+02	2.17308e+03	1.14864e+03	2.14923e+00	0.00000e+00	0.00000e+00	1.06440e-01
4.54974e+02	2.79088e+02	2.17209e+03	1.14910e+03	2.15210e+00	0.00000e+00	0.00000e+00	1.06547e-01
4.57103e+02	2.79150e+02	2.17109e+03	1.14955e+03	2.15497e+00	0.00000e+00	0.00000e+00	1.06654e-01
4.59232e+02	2.79211e+02	2.17009e+03	1.15001e+03	2.15783e+00	0.00000e+00	0.00000e+00	1.06759e-01
4.61361e+02	2.79273e+02	2.16910e+03	1.15047e+03	2.16069e+00	0.00000e+00	0.00000e+00	1.06865e-01
4.63490e+02	2.79334e+02	2.16810e+03	1.15092e+03	2.16354e+00	0.00000e+00	0.00000e+00	1.06969e-01
4.65619e+02	2.79396e+02	2.16711e+03	1.15138e+03	2.16639e+00	0.00000e+00	0.00000e+00	1.07073e-01
4.67748e+02	2.79458e+02	2.16612e+03	1.15183e+03	2.16924e+00	0.00000e+00	0.00000e+00	1.07176e-01
4.69877e+02	2.79519e+02	2.16512e+03	1.15228e+03	2.17208e+00	0.00000e+00	0.00000e+00	1.07279e-01
4.72006e+02	2.79581e+02	2.16413e+03	1.15273e+03	2.17491e+00	0.00000e+00	0.00000e+00	1.07381e-01
4.74135e+02	2.79643e+02	2.16314e+03	1.15318e+03	2.17775e+00	0.00000e+00	0.00000e+00	1.07483e-01
4.76264e+02	2.79704e+02	2.16215e+03	1.15363e+03	2.18057e+00	0.00000e+00	0.00000e+00	1.07583e-01
4.78393e+02	2.79766e+02	2.16116e+03	3.51929e+03	4.56021e+00	2.59913e+00	2.04868e+13	0.00000e+00
7.86944e+02	3.05499e+02	2.11418e+03	3.51929e+03	7.99972e+00	4.55067e+00	3.17447e+12	0.00000e+00
1.08592e+03	3.30666e+02	2.06720e+03	3.52601e+03	8.01774e+00	4.55242e+00	6.62893e+11	0.00000e+00
1.37575e+03	3.55267e+02	2.02022e+03	3.53239e+03	8.03458e+00	4.55379e+00	1.74188e+11	0.00000e+00
1.65617e+03	3.79303e+02	1.97324e+03	3.53845e+03	8.05037e+00	4.55484e+00	5.47944e+10	0.00000e+00
1.92691e+03	4.02773e+02	1.92625e+03	3.54421e+03	8.06510e+00	4.55559e+00	1.98987e+10	0.00000e+00
2.18771e+03	4.25678e+02	1.87927e+03	3.54967e+03	8.23784e+00	4.68461e+00	8.11933e+09	0.00000e+00
2.43825e+03	4.48017e+02	1.83229e+03	3.60911e+03	8.25049e+00	4.68434e+00	3.64642e+09	0.00000e+00
2.68190e+03	4.69791e+02	1.78531e+03	3.61384e+03	8.40038e+00	4.76333e+00	1.78264e+09	0.00000e+00
2.91409e+03	4.90999e+02	1.73833e+03	3.62970e+03	8.44109e+00	4.77963e+00	9.30935e+08	0.00000e+00
3.13513e+03	5.11641e+02	1.69135e+03	3.63633e+03	8.45083e+00	4.77844e+00	5.14651e+08	0.00000e+00
3.34394e+03	5.31718e+02	1.64436e+03	3.64021e+03	8.45963e+00	4.77706e+00	2.98529e+08	0.00000e+00
3.53988e+03	5.51230e+02	1.59738e+03	3.64380e+03	8.46746e+00	4.77551e+00	1.80474e+08	0.00000e+00
3.72244e+03	5.70176e+02	1.55040e+03	3.64709e+03	8.47429e+00	4.77378e+00	1.13093e+08	0.00000e+00
3.89105e+03	5.88556e+02	1.50342e+03	3.65007e+03	8.48010e+00	4.77185e+00	7.31251e+07	0.00000e+00
4.04510e+03	6.06371e+02	1.45644e+03	3.65273e+03	8.48486e+00	4.76974e+00	4.85960e+07	0.00000e+00
4.18388e+03	6.23620e+02	1.40945e+03	3.65506e+03	8.48851e+00	4.76742e+00	3.30799e+07	0.00000e+00
4.30662e+03	6.40304e+02	1.36247e+03	3.65705e+03	8.49101e+00	4.76488e+00	2.29963e+07	0.00000e+00
4.41244e+03	6.56422e+02	1.31549e+03	3.65868e+03	8.49229e+00	4.76212e+00	1.62822e+07	0.00000e+00
4.50034e+03	6.71975e+02	1.26851e+03	3.65993e+03	8.49228e+00	4.75910e+00	1.17127e+07	0.00000e+00
4.56919e+03	6.86962e+02	1.22153e+03	3.66078e+03	8.49087e+00	4.75582e+00	8.54051e+06	0.00000e+00
4.61769e+03	7.01383e+02	1.17455e+03	3.66121e+03	8.48798e+00	4.75224e+00	6.29829e+06	0.00000e+00
4.64434e+03	7.15239e+02	1.12756e+03	3.66117e+03	8.48346e+00	4.74832e+00	4.68714e+06	0.00000e+00
4.64740e+03	7.28529e+02	1.08058e+03	3.66064e+03	8.47717e+00	4.74404e+00	3.51196e+06	0.00000e+00
4.62483e+03	7.41254e+02	1.03360e+03	3.65958e+03	8.46890e+00	4.73933e+00	2.64301e+06	0.00000e+00
4.57422e+03	7.53414e+02	9.86618e+02	3.65791e+03	8.45845e+00	4.73415e+00	1.99253e+06	0.00000e+00
4.49274e+03	7.65007e+02	9.39636e+02	3.65560e+03	8.44553e+00	4.72841e+00	1.50027e+06	0.00000e+00
4.37695e+03	7.76036e+02	8.92655e+02	3.65255e+03	8.42981e+00	4.72204e+00	1.12428e+06	0.00000e+00
4.22271e+03	7.86498e+02	8.45673e+02	3.64867e+03	8.41086e+00	4.71491e+00	8.35042e+05	0.00000e+00
4.02499e+03	7.96395e+02	7.98691e+02	3.64384e+03	8.38816e+00	4.70690e+00	6.11555e+05	0.00000e+00
3.77753e+03	8.05727e+02	7.51709e+02	3.63793e+03	8.36104e+00	4.69783e+00	4.38773e+05	0.00000e+00
3.47252e+03	8.14493e+02	7.04727e+02	3.63073e+03	8.00756e+00	4.47270e+00	3.05834e+05	0.00000e+00
3.10006e+03	8.22693e+02	6.57745e+02	3.55700e+03	7.96090e+00	4.45464e+00	2.04818e+05	0.00000e+00
2.65553e+03	8.30328e+02	6.10764e+02	3.54395e+03	7.91286e+00	4.43930e+00	1.30642e+05	0.00000e+00
2.11669e+03	8.37398e+02	5.63782e+02	3.53076e+03	7.85448e+00	4.42110e+00	7.74571e+04	0.00000e+00
1.46151e+03	8.43901e+02	5.16800e+02	3.51467e+03	7.78258e+00	4.39915e+00	4.14753e+04	0.00000e+00
6.60225e+02	8.49840e+02	4.69818e+02	3.49484e+03	7.44701e+00	4.21877e+00	1.92327e+04	0.00000e+00
-3.28942e+02	8.55212e+02	4.22836e+02	3.37979e+03	7.30392e+00	4.14482e+00	7.24652e+03	0.00000e+00
-1.53432e+03	8.60020e+02	3.75855e+02	3.28648e+03	7.30850e+00	4.18001e+00	2.07396e+03	0.00000e+00
-3.04099e+03	8.64261e+02	3.28873e+02	3.27118e+03	7.30820e+00	4.22280e+00	3.87921e+02	0.00000e+00
-5.02260e+03	8.67937e+02	2.81891e+02	3.24886e+03	7.30533e+00	4.27854e+00	3.46319e+01	0.00000e+00
-7.72452e+03	8.71048e+02	2.34909e+02	3.21823e+03	7.32079e+00	4.35744e+00	8.49731e-01	0.00000e+00
-1.16021e+04	8.73593e+02	1.87927e+02	3.18749e+03	7.34708e+00	4.47134e+00	1.74852e-03	0.00000e+00
-1.76270e+04	8.75572e+02	1.40945e+02	3.14567e+03	7.39081e+00	4.64899e+00	1.48421e-08	0.00000e+00
-2.82230e+04	8.76986e+02	9.39636e+01	3.08219e+03	7.46844e+00	4.96211e+00	3.80103e-20	0.00000e+00
-5.16111e+04	8.77834e+02	4.69818e+01	2.97057e+03	7.63569e+00	5.65397e+00	7.64327e-58	0.00000e+00
-1.41815e+05	NaN	0.00000e+00	2.72098e+03	NaN	NaN	NaN	NaN
-1.41815e+05	NaN	0.00000e+00	8.00000e+03	NaN	NaN	1.00000e+04	0.00000e+00
NaN	NaN	0.00000e+00	NaN	NaN	NaN	1.00000e+04	0.00000e+00
NaN	NaN	0.00000e+00	NaN	NaN	NaN	1.00000e+04	0.00000e+00
NaN	NaN	0.00000e+00	NaN	NaN	NaN	1.00000e+04	0.00000e+00
NaN	NaN	0.00000e+00	NaN	NaN	NaN	1.00000e+04	0.00000e+00
NaN	NaN	0.00000e+00	NaN	NaN	NaN	1.00000e+04	0.00000e+00
NaN	NaN	0.00000e+00	NaN	NaN	NaN	1.00000e+04	0.00000e+00
NaN	NaN	0.00000e+00	NaN	NaN	NaN	1.00000e+04	0.00000e+00
NaN	NaN	0.00000e+00	NaN	NaN	NaN	1.00000e+04	0.00000e+00
NaN	NaN	0.00000e+00	NaN	NaN	NaN	1.00000e+04	0.00000e+00
