P (MPa)		T (K)		r (km)		rho (kg m-3)	VP (km s-1)	VS (km s-1)	QS/gamma	k for 0.01 mol/kg MgSO4 (S m-1)	
0.00000e+00	1.10000e+02	2.41030e+03	9.31948e+02	3.87940e+00	1.96225e+00	1.84014e+04	0.00000e+00
1.28459e+00	1.23824e+02	2.40933e+03	9.31948e+02	3.88144e+00	1.96348e+00	5.76249e+03	0.00000e+00
2.56918e+00	1.39385e+02	2.40853e+03	9.32052e+02	3.88390e+00	1.96493e+00	2.05430e+03	0.00000e+00
3.85377e+00	1.56901e+02	2.40772e+03	9.32154e+02	3.88697e+00	1.96668e+00	8.21722e+02	0.00000e+00
5.13836e+00	1.76619e+02	2.40691e+03	9.32256e+02	3.89086e+00	1.96885e+00	3.64093e+02	0.00000e+00
6.42295e+00	1.98814e+02	2.40610e+03	9.32356e+02	3.89589e+00	1.97160e+00	1.76671e+02	0.00000e+00
7.70754e+00	2.23799e+02	2.40529e+03	9.32456e+02	3.90235e+00	1.97507e+00	9.29352e+01	0.00000e+00
8.99213e+00	2.51924e+02	2.40448e+03	9.32555e+02	3.91046e+00	1.97937e+00	5.25219e+01	0.00000e+00
1.02767e+01	2.51942e+02	2.40368e+03	9.32653e+02	3.91125e+00	1.97997e+00	5.25052e+01	0.00000e+00
1.15613e+01	2.51960e+02	2.40287e+03	9.32750e+02	3.91204e+00	1.98057e+00	5.24884e+01	0.00000e+00
1.28459e+01	2.51978e+02	2.40206e+03	9.32846e+02	3.91283e+00	1.98117e+00	5.24714e+01	0.00000e+00
1.41305e+01	2.51996e+02	2.40125e+03	9.32941e+02	3.91362e+00	1.98177e+00	5.24544e+01	0.00000e+00
1.54151e+01	2.52014e+02	2.40045e+03	9.33035e+02	3.91440e+00	1.98237e+00	5.24371e+01	0.00000e+00
1.66997e+01	2.52032e+02	2.39964e+03	9.33128e+02	3.91518e+00	1.98296e+00	5.24198e+01	0.00000e+00
1.79843e+01	2.52051e+02	2.39884e+03	9.33219e+02	3.91596e+00	1.98356e+00	5.24023e+01	0.00000e+00
1.92688e+01	2.52069e+02	2.39803e+03	9.33310e+02	3.91674e+00	1.98415e+00	5.23847e+01	0.00000e+00
2.05534e+01	2.52088e+02	2.39723e+03	9.33399e+02	3.91752e+00	1.98474e+00	5.23669e+01	0.00000e+00
2.18380e+01	2.52107e+02	2.39642e+03	9.33487e+02	3.91829e+00	1.98533e+00	5.23489e+01	0.00000e+00
2.31226e+01	2.52126e+02	2.39562e+03	9.33574e+02	3.91906e+00	1.98592e+00	5.23309e+01	0.00000e+00
2.44072e+01	2.52146e+02	2.39481e+03	9.33659e+02	3.91983e+00	1.98651e+00	5.23127e+01	0.00000e+00
2.56918e+01	2.52165e+02	2.39401e+03	9.33743e+02	3.92060e+00	1.98710e+00	5.22943e+01	0.00000e+00
2.69764e+01	2.52185e+02	2.39321e+03	9.33826e+02	3.92137e+00	1.98769e+00	5.22758e+01	0.00000e+00
2.82610e+01	2.52205e+02	2.39240e+03	9.33907e+02	3.92213e+00	1.98827e+00	5.22571e+01	0.00000e+00
2.95456e+01	2.52225e+02	2.39160e+03	9.33987e+02	3.92290e+00	1.98885e+00	5.22383e+01	0.00000e+00
3.08302e+01	2.52245e+02	2.39080e+03	9.34065e+02	3.92366e+00	1.98944e+00	5.22194e+01	0.00000e+00
3.21147e+01	2.52265e+02	2.39000e+03	9.34141e+02	3.92441e+00	1.99002e+00	5.22002e+01	0.00000e+00
3.33993e+01	2.52286e+02	2.38920e+03	9.34216e+02	3.92517e+00	1.99060e+00	5.21810e+01	0.00000e+00
3.46839e+01	2.52307e+02	2.38839e+03	9.34290e+02	3.92593e+00	1.99118e+00	5.21616e+01	0.00000e+00
3.59685e+01	2.52328e+02	2.38759e+03	9.34361e+02	3.92668e+00	1.99176e+00	5.21420e+01	0.00000e+00
3.72531e+01	2.52349e+02	2.38679e+03	9.34431e+02	3.92743e+00	1.99234e+00	5.21222e+01	0.00000e+00
3.85377e+01	2.52370e+02	2.38599e+03	9.34500e+02	3.92818e+00	1.99291e+00	5.21023e+01	0.00000e+00
3.98223e+01	2.52391e+02	2.38519e+03	9.34566e+02	3.92893e+00	1.99349e+00	5.20823e+01	0.00000e+00
4.11069e+01	2.52413e+02	2.38439e+03	9.34630e+02	3.92968e+00	1.99406e+00	5.20621e+01	0.00000e+00
4.23915e+01	2.52435e+02	2.38359e+03	9.34693e+02	3.93042e+00	1.99464e+00	5.20417e+01	0.00000e+00
4.36761e+01	2.52457e+02	2.38279e+03	9.34753e+02	3.93116e+00	1.99521e+00	5.20212e+01	0.00000e+00
4.49606e+01	2.52479e+02	2.38199e+03	9.34812e+02	3.93190e+00	1.99578e+00	5.20005e+01	0.00000e+00
4.62452e+01	2.52501e+02	2.38119e+03	9.34868e+02	3.93264e+00	1.99635e+00	5.19796e+01	0.00000e+00
4.75298e+01	2.52524e+02	2.38040e+03	9.34922e+02	3.93338e+00	1.99692e+00	5.19585e+01	0.00000e+00
4.88144e+01	2.52547e+02	2.37960e+03	9.34974e+02	3.93412e+00	1.99749e+00	5.19373e+01	0.00000e+00
5.00990e+01	2.52570e+02	2.37880e+03	9.35024e+02	3.93485e+00	1.99806e+00	5.19160e+01	0.00000e+00
5.13836e+01	2.52593e+02	2.37800e+03	9.35072e+02	3.93559e+00	1.99863e+00	5.18944e+01	0.00000e+00
5.26682e+01	2.52616e+02	2.37720e+03	9.35117e+02	3.93632e+00	1.99919e+00	5.18727e+01	0.00000e+00
5.39528e+01	2.52640e+02	2.37641e+03	9.35160e+02	3.93705e+00	1.99976e+00	5.18508e+01	0.00000e+00
5.52374e+01	2.52663e+02	2.37561e+03	9.35200e+02	3.93778e+00	2.00032e+00	5.18287e+01	0.00000e+00
5.65220e+01	2.52687e+02	2.37481e+03	9.35238e+02	3.93850e+00	2.00088e+00	5.18065e+01	0.00000e+00
5.78065e+01	2.52711e+02	2.37402e+03	9.35273e+02	3.93923e+00	2.00145e+00	5.17841e+01	0.00000e+00
5.90911e+01	2.52736e+02	2.37322e+03	9.35306e+02	3.93995e+00	2.00201e+00	5.17615e+01	0.00000e+00
6.03757e+01	2.52760e+02	2.37243e+03	9.35335e+02	3.94068e+00	2.00257e+00	5.17387e+01	0.00000e+00
6.16603e+01	2.52785e+02	2.37163e+03	9.35362e+02	3.94140e+00	2.00313e+00	5.17158e+01	0.00000e+00
6.29449e+01	2.52810e+02	2.37084e+03	9.35387e+02	3.94212e+00	2.00369e+00	5.16926e+01	0.00000e+00
6.42295e+01	2.52835e+02	2.37004e+03	9.35408e+02	3.94283e+00	2.00424e+00	5.16693e+01	0.00000e+00
6.55141e+01	2.52861e+02	2.36925e+03	9.35426e+02	3.94355e+00	2.00480e+00	5.16458e+01	0.00000e+00
6.67987e+01	2.52887e+02	2.36845e+03	9.35442e+02	3.94427e+00	2.00536e+00	5.16221e+01	0.00000e+00
6.80833e+01	2.52912e+02	2.36766e+03	9.35454e+02	3.94498e+00	2.00591e+00	5.15982e+01	0.00000e+00
6.93679e+01	2.52938e+02	2.36687e+03	9.35463e+02	3.94569e+00	2.00647e+00	5.15742e+01	0.00000e+00
7.06524e+01	2.52965e+02	2.36607e+03	9.35469e+02	3.94640e+00	2.00702e+00	5.15499e+01	0.00000e+00
7.19370e+01	2.52991e+02	2.36528e+03	9.35471e+02	3.94711e+00	2.00757e+00	5.15254e+01	0.00000e+00
7.32216e+01	2.53018e+02	2.36449e+03	9.35470e+02	3.94782e+00	2.00813e+00	5.15008e+01	0.00000e+00
7.45062e+01	2.53045e+02	2.36369e+03	9.35466e+02	3.94853e+00	2.00868e+00	5.14760e+01	0.00000e+00
7.57908e+01	2.53072e+02	2.36290e+03	9.35459e+02	3.94924e+00	2.00923e+00	5.14509e+01	0.00000e+00
7.70754e+01	2.53100e+02	2.36211e+03	9.35447e+02	3.94994e+00	2.00978e+00	5.14257e+01	0.00000e+00
7.83600e+01	2.53127e+02	2.36132e+03	9.35432e+02	3.95065e+00	2.01033e+00	5.14003e+01	0.00000e+00
7.96446e+01	2.53155e+02	2.36052e+03	9.35414e+02	3.95135e+00	2.01088e+00	5.13746e+01	0.00000e+00
8.09292e+01	2.53184e+02	2.35973e+03	9.35391e+02	3.95205e+00	2.01142e+00	5.13488e+01	0.00000e+00
8.22138e+01	2.53212e+02	2.35894e+03	9.35365e+02	3.95275e+00	2.01197e+00	5.13228e+01	0.00000e+00
8.34983e+01	2.53241e+02	2.35815e+03	9.35335e+02	3.95345e+00	2.01252e+00	5.12965e+01	0.00000e+00
8.47829e+01	2.53270e+02	2.35736e+03	9.35301e+02	3.95414e+00	2.01306e+00	5.12701e+01	0.00000e+00
8.60675e+01	2.53299e+02	2.35657e+03	9.35263e+02	3.95484e+00	2.01361e+00	5.12434e+01	0.00000e+00
8.73521e+01	2.53328e+02	2.35578e+03	9.35221e+02	3.95554e+00	2.01415e+00	5.12166e+01	0.00000e+00
8.86367e+01	2.53358e+02	2.35499e+03	9.35175e+02	3.95623e+00	2.01469e+00	5.11895e+01	0.00000e+00
8.99213e+01	2.53388e+02	2.35420e+03	9.35124e+02	3.95692e+00	2.01524e+00	5.11622e+01	0.00000e+00
9.12059e+01	2.53418e+02	2.35341e+03	9.35070e+02	3.95761e+00	2.01578e+00	5.11347e+01	0.00000e+00
9.24905e+01	2.53448e+02	2.35262e+03	9.35011e+02	3.95830e+00	2.01632e+00	5.11070e+01	0.00000e+00
9.37751e+01	2.53479e+02	2.35183e+03	9.34947e+02	3.95899e+00	2.01686e+00	5.10791e+01	0.00000e+00
9.50597e+01	2.53510e+02	2.35104e+03	9.34879e+02	3.95968e+00	2.01740e+00	5.10510e+01	0.00000e+00
9.63442e+01	2.53541e+02	2.35025e+03	9.34807e+02	3.96037e+00	2.01794e+00	5.10226e+01	0.00000e+00
9.76288e+01	2.53573e+02	2.34946e+03	9.34730e+02	3.96105e+00	2.01848e+00	5.09940e+01	0.00000e+00
9.89134e+01	2.53604e+02	2.34867e+03	9.34649e+02	3.96174e+00	2.01901e+00	5.09652e+01	0.00000e+00
1.00198e+02	2.53637e+02	2.34788e+03	9.34563e+02	3.96242e+00	2.01955e+00	5.09362e+01	0.00000e+00
1.01483e+02	2.53669e+02	2.34710e+03	9.34472e+02	3.96311e+00	2.02009e+00	5.09069e+01	0.00000e+00
1.02767e+02	2.53701e+02	2.34631e+03	9.34377e+02	3.96379e+00	2.02062e+00	5.08774e+01	0.00000e+00
1.04052e+02	2.53734e+02	2.34552e+03	9.34277e+02	3.96447e+00	2.02116e+00	5.08477e+01	0.00000e+00
1.05336e+02	2.53767e+02	2.34473e+03	9.34172e+02	3.96515e+00	2.02169e+00	5.08178e+01	0.00000e+00
1.06621e+02	2.53801e+02	2.34394e+03	9.34063e+02	3.96583e+00	2.02223e+00	5.07876e+01	0.00000e+00
1.07906e+02	2.53835e+02	2.34316e+03	9.33948e+02	3.96651e+00	2.02276e+00	5.07572e+01	0.00000e+00
1.09190e+02	2.53869e+02	2.34237e+03	9.33829e+02	3.96718e+00	2.02329e+00	5.07266e+01	0.00000e+00
1.10475e+02	2.53903e+02	2.34158e+03	9.33706e+02	3.96786e+00	2.02382e+00	5.06957e+01	0.00000e+00
1.11759e+02	2.53938e+02	2.34080e+03	9.33577e+02	3.96853e+00	2.02436e+00	5.06646e+01	0.00000e+00
1.13044e+02	2.53972e+02	2.34001e+03	9.33444e+02	3.96921e+00	2.02489e+00	5.06332e+01	0.00000e+00
1.14329e+02	2.54008e+02	2.33922e+03	9.33306e+02	3.96988e+00	2.02542e+00	5.06016e+01	0.00000e+00
1.15613e+02	2.54043e+02	2.33844e+03	9.33163e+02	3.97055e+00	2.02595e+00	5.05698e+01	0.00000e+00
1.16898e+02	2.54079e+02	2.33765e+03	9.33016e+02	3.97122e+00	2.02648e+00	5.05377e+01	0.00000e+00
1.18182e+02	2.54115e+02	2.33686e+03	9.32864e+02	3.97189e+00	2.02701e+00	5.05053e+01	0.00000e+00
1.19467e+02	2.54151e+02	2.33608e+03	9.32707e+02	3.97256e+00	2.02753e+00	5.04728e+01	0.00000e+00
1.20751e+02	2.54188e+02	2.33529e+03	9.32546e+02	3.97323e+00	2.02806e+00	5.04399e+01	0.00000e+00
1.22036e+02	2.54225e+02	2.33450e+03	9.32381e+02	3.97390e+00	2.02859e+00	5.04069e+01	0.00000e+00
1.23321e+02	2.54263e+02	2.33372e+03	9.32211e+02	3.97457e+00	2.02911e+00	5.03735e+01	0.00000e+00
1.24605e+02	2.54300e+02	2.33293e+03	9.32037e+02	3.97523e+00	2.02964e+00	5.03399e+01	0.00000e+00
1.25890e+02	2.59942e+02	2.33215e+03	9.31858e+02	3.97746e+00	2.03097e+00	4.56574e+01	0.00000e+00
1.27174e+02	2.60000e+02	2.33136e+03	9.31676e+02	3.97813e+00	2.03149e+00	4.56125e+01	0.00000e+00
1.29114e+02	2.60014e+02	2.33041e+03	1.15818e+03	1.73859e+00	0.00000e+00	0.00000e+00	4.74722e-02
1.31054e+02	2.60029e+02	2.32945e+03	1.15882e+03	1.74213e+00	0.00000e+00	0.00000e+00	4.75511e-02
1.32993e+02	2.60044e+02	2.32850e+03	1.15945e+03	1.74566e+00	0.00000e+00	0.00000e+00	4.76300e-02
1.34933e+02	2.60059e+02	2.32755e+03	1.16009e+03	1.74917e+00	0.00000e+00	0.00000e+00	4.77088e-02
1.36872e+02	2.60074e+02	2.32660e+03	1.16072e+03	1.75267e+00	0.00000e+00	0.00000e+00	4.77876e-02
1.38812e+02	2.60090e+02	2.32565e+03	1.16135e+03	1.75616e+00	0.00000e+00	0.00000e+00	4.78665e-02
1.40752e+02	2.60106e+02	2.32470e+03	1.16198e+03	1.75963e+00	0.00000e+00	0.00000e+00	4.79453e-02
1.42691e+02	2.60122e+02	2.32375e+03	1.16261e+03	1.76309e+00	0.00000e+00	0.00000e+00	4.80240e-02
1.44631e+02	2.60138e+02	2.32280e+03	1.16323e+03	1.76653e+00	0.00000e+00	0.00000e+00	4.81028e-02
1.46571e+02	2.60155e+02	2.32186e+03	1.16385e+03	1.76996e+00	0.00000e+00	0.00000e+00	4.81816e-02
1.48510e+02	2.60172e+02	2.32091e+03	1.16447e+03	1.77338e+00	0.00000e+00	0.00000e+00	4.82603e-02
1.50450e+02	2.60189e+02	2.31997e+03	1.16508e+03	1.77678e+00	0.00000e+00	0.00000e+00	4.83390e-02
1.52389e+02	2.60206e+02	2.31902e+03	1.16570e+03	1.78017e+00	0.00000e+00	0.00000e+00	4.84178e-02
1.54329e+02	2.60223e+02	2.31808e+03	1.16631e+03	1.78354e+00	0.00000e+00	0.00000e+00	4.84965e-02
1.56269e+02	2.60241e+02	2.31713e+03	1.16691e+03	1.78690e+00	0.00000e+00	0.00000e+00	4.85752e-02
1.58208e+02	2.60259e+02	2.31619e+03	1.16752e+03	1.79025e+00	0.00000e+00	0.00000e+00	4.86539e-02
1.60148e+02	2.60277e+02	2.31525e+03	1.16813e+03	1.79359e+00	0.00000e+00	0.00000e+00	4.87326e-02
1.62087e+02	2.60295e+02	2.31431e+03	1.16873e+03	1.79691e+00	0.00000e+00	0.00000e+00	4.88113e-02
1.64027e+02	2.60314e+02	2.31337e+03	1.16933e+03	1.80021e+00	0.00000e+00	0.00000e+00	4.88901e-02
1.65967e+02	2.60332e+02	2.31243e+03	1.16992e+03	1.80351e+00	0.00000e+00	0.00000e+00	4.89688e-02
1.67906e+02	2.60351e+02	2.31149e+03	1.17052e+03	1.80679e+00	0.00000e+00	0.00000e+00	4.90475e-02
1.69846e+02	2.60370e+02	2.31055e+03	1.17111e+03	1.81006e+00	0.00000e+00	0.00000e+00	4.91262e-02
1.71785e+02	2.60390e+02	2.30962e+03	1.17170e+03	1.81332e+00	0.00000e+00	0.00000e+00	4.92050e-02
1.73725e+02	2.60409e+02	2.30868e+03	1.17229e+03	1.81656e+00	0.00000e+00	0.00000e+00	4.92837e-02
1.75665e+02	2.60429e+02	2.30774e+03	1.17288e+03	1.81980e+00	0.00000e+00	0.00000e+00	4.93625e-02
1.77604e+02	2.60449e+02	2.30681e+03	1.17346e+03	1.82302e+00	0.00000e+00	0.00000e+00	4.94413e-02
1.79544e+02	2.60469e+02	2.30588e+03	1.17405e+03	1.82623e+00	0.00000e+00	0.00000e+00	4.95202e-02
1.81484e+02	2.60489e+02	2.30494e+03	1.17463e+03	1.82943e+00	0.00000e+00	0.00000e+00	4.95990e-02
1.83423e+02	2.60509e+02	2.30401e+03	1.17521e+03	1.83261e+00	0.00000e+00	0.00000e+00	4.96779e-02
1.85363e+02	2.60530e+02	2.30308e+03	1.17578e+03	1.83579e+00	0.00000e+00	0.00000e+00	4.97568e-02
1.87302e+02	2.60551e+02	2.30215e+03	1.17636e+03	1.83895e+00	0.00000e+00	0.00000e+00	4.98358e-02
1.89242e+02	2.60572e+02	2.30122e+03	1.17693e+03	1.84211e+00	0.00000e+00	0.00000e+00	4.99148e-02
1.91182e+02	2.60593e+02	2.30029e+03	1.17750e+03	1.84525e+00	0.00000e+00	0.00000e+00	4.99938e-02
1.93121e+02	2.60614e+02	2.29936e+03	1.17807e+03	1.84838e+00	0.00000e+00	0.00000e+00	5.00729e-02
1.95061e+02	2.60636e+02	2.29843e+03	1.17864e+03	1.85151e+00	0.00000e+00	0.00000e+00	5.01520e-02
1.97000e+02	2.60657e+02	2.29750e+03	1.17920e+03	1.85462e+00	0.00000e+00	0.00000e+00	5.02312e-02
1.98940e+02	2.60679e+02	2.29658e+03	1.17976e+03	1.85772e+00	0.00000e+00	0.00000e+00	5.03105e-02
2.00880e+02	2.60701e+02	2.29565e+03	1.18032e+03	1.86082e+00	0.00000e+00	0.00000e+00	5.03898e-02
2.02819e+02	2.60723e+02	2.29472e+03	1.18088e+03	1.86391e+00	0.00000e+00	0.00000e+00	5.04691e-02
2.04759e+02	2.60745e+02	2.29380e+03	1.18144e+03	1.86698e+00	0.00000e+00	0.00000e+00	5.05486e-02
2.06699e+02	2.60768e+02	2.29288e+03	1.18200e+03	1.87005e+00	0.00000e+00	0.00000e+00	5.06280e-02
2.08638e+02	2.60790e+02	2.29195e+03	1.18255e+03	1.87311e+00	0.00000e+00	0.00000e+00	5.07076e-02
2.10578e+02	2.60813e+02	2.29103e+03	1.18310e+03	1.87616e+00	0.00000e+00	0.00000e+00	5.07871e-02
2.12517e+02	2.60836e+02	2.29011e+03	1.18365e+03	1.87921e+00	0.00000e+00	0.00000e+00	5.08667e-02
2.14457e+02	2.60859e+02	2.28919e+03	1.18420e+03	1.88224e+00	0.00000e+00	0.00000e+00	5.09464e-02
2.16397e+02	2.60882e+02	2.28827e+03	1.18475e+03	1.88527e+00	0.00000e+00	0.00000e+00	5.10260e-02
2.18336e+02	2.60905e+02	2.28735e+03	1.18529e+03	1.88829e+00	0.00000e+00	0.00000e+00	5.11057e-02
2.20276e+02	2.60929e+02	2.28643e+03	1.18583e+03	1.89130e+00	0.00000e+00	0.00000e+00	5.11854e-02
2.22215e+02	2.60952e+02	2.28551e+03	1.18638e+03	1.89430e+00	0.00000e+00	0.00000e+00	5.12651e-02
2.24155e+02	2.60976e+02	2.28459e+03	1.18692e+03	1.89730e+00	0.00000e+00	0.00000e+00	5.13448e-02
2.26095e+02	2.61000e+02	2.28367e+03	1.18745e+03	1.90029e+00	0.00000e+00	0.00000e+00	5.14245e-02
2.28034e+02	2.61023e+02	2.28276e+03	1.18799e+03	1.90327e+00	0.00000e+00	0.00000e+00	5.15042e-02
2.29974e+02	2.61048e+02	2.28184e+03	1.18852e+03	1.90624e+00	0.00000e+00	0.00000e+00	5.15839e-02
2.31913e+02	2.61072e+02	2.28093e+03	1.18906e+03	1.90921e+00	0.00000e+00	0.00000e+00	5.16636e-02
2.33853e+02	2.61096e+02	2.28001e+03	1.18959e+03	1.91216e+00	0.00000e+00	0.00000e+00	5.17433e-02
2.35793e+02	2.61121e+02	2.27910e+03	1.19012e+03	1.91511e+00	0.00000e+00	0.00000e+00	5.18230e-02
2.37732e+02	2.61145e+02	2.27819e+03	1.19065e+03	1.91805e+00	0.00000e+00	0.00000e+00	5.19026e-02
2.39672e+02	2.61170e+02	2.27727e+03	1.19117e+03	1.92099e+00	0.00000e+00	0.00000e+00	5.19823e-02
2.41612e+02	2.61195e+02	2.27636e+03	1.19170e+03	1.92391e+00	0.00000e+00	0.00000e+00	5.20619e-02
2.43551e+02	2.61220e+02	2.27545e+03	1.19222e+03	1.92682e+00	0.00000e+00	0.00000e+00	5.21414e-02
2.45491e+02	2.61245e+02	2.27454e+03	1.19274e+03	1.92973e+00	0.00000e+00	0.00000e+00	5.22210e-02
2.47430e+02	2.61270e+02	2.27363e+03	1.19326e+03	1.93262e+00	0.00000e+00	0.00000e+00	5.23005e-02
2.49370e+02	2.61295e+02	2.27272e+03	1.19378e+03	1.93551e+00	0.00000e+00	0.00000e+00	5.23799e-02
2.51310e+02	2.61320e+02	2.27181e+03	1.19430e+03	1.93838e+00	0.00000e+00	0.00000e+00	5.24594e-02
2.53249e+02	2.61346e+02	2.27090e+03	1.19481e+03	1.94124e+00	0.00000e+00	0.00000e+00	5.25387e-02
2.55189e+02	2.61372e+02	2.27000e+03	1.19533e+03	1.94409e+00	0.00000e+00	0.00000e+00	5.26181e-02
2.57128e+02	2.61397e+02	2.26909e+03	1.19584e+03	1.94692e+00	0.00000e+00	0.00000e+00	5.26974e-02
2.59068e+02	2.61423e+02	2.26819e+03	1.19635e+03	1.94975e+00	0.00000e+00	0.00000e+00	5.27766e-02
2.61008e+02	2.61449e+02	2.26728e+03	1.19686e+03	1.95256e+00	0.00000e+00	0.00000e+00	5.28558e-02
2.62947e+02	2.61475e+02	2.26638e+03	1.19737e+03	1.95535e+00	0.00000e+00	0.00000e+00	5.29349e-02
2.64887e+02	2.61501e+02	2.26547e+03	1.19787e+03	1.95813e+00	0.00000e+00	0.00000e+00	5.30140e-02
2.66826e+02	2.61527e+02	2.26457e+03	1.19838e+03	1.96090e+00	0.00000e+00	0.00000e+00	5.30930e-02
2.68766e+02	2.61554e+02	2.26367e+03	1.19888e+03	1.96365e+00	0.00000e+00	0.00000e+00	5.31719e-02
2.70706e+02	2.61580e+02	2.26276e+03	1.19939e+03	1.96639e+00	0.00000e+00	0.00000e+00	5.32508e-02
2.72645e+02	2.61607e+02	2.26186e+03	1.19989e+03	1.96911e+00	0.00000e+00	0.00000e+00	5.33297e-02
2.74585e+02	2.61633e+02	2.26096e+03	1.20039e+03	1.97182e+00	0.00000e+00	0.00000e+00	5.34084e-02
2.76525e+02	2.61660e+02	2.26006e+03	1.20088e+03	1.97452e+00	0.00000e+00	0.00000e+00	5.34872e-02
2.78464e+02	2.61687e+02	2.25916e+03	1.20138e+03	1.97721e+00	0.00000e+00	0.00000e+00	5.35658e-02
2.80404e+02	2.61714e+02	2.25826e+03	1.20188e+03	1.97988e+00	0.00000e+00	0.00000e+00	5.36444e-02
2.82343e+02	2.61741e+02	2.25737e+03	1.20237e+03	1.98255e+00	0.00000e+00	0.00000e+00	5.37229e-02
2.84283e+02	2.61768e+02	2.25647e+03	1.20286e+03	1.98520e+00	0.00000e+00	0.00000e+00	5.38013e-02
2.86223e+02	2.61795e+02	2.25557e+03	1.20335e+03	1.98784e+00	0.00000e+00	0.00000e+00	5.38797e-02
2.88162e+02	2.61823e+02	2.25468e+03	1.20384e+03	1.99048e+00	0.00000e+00	0.00000e+00	5.39581e-02
2.90102e+02	2.61850e+02	2.25378e+03	1.20433e+03	1.99310e+00	0.00000e+00	0.00000e+00	5.40363e-02
2.92041e+02	2.61877e+02	2.25288e+03	1.20482e+03	1.99572e+00	0.00000e+00	0.00000e+00	5.41145e-02
2.93981e+02	2.61905e+02	2.25199e+03	1.20531e+03	1.99833e+00	0.00000e+00	0.00000e+00	5.41926e-02
2.95921e+02	2.61933e+02	2.25110e+03	1.20579e+03	2.00093e+00	0.00000e+00	0.00000e+00	5.42707e-02
2.97860e+02	2.61961e+02	2.25020e+03	1.20628e+03	2.00352e+00	0.00000e+00	0.00000e+00	5.43487e-02
2.99800e+02	2.61988e+02	2.24931e+03	1.20676e+03	2.00611e+00	0.00000e+00	0.00000e+00	5.44266e-02
3.01740e+02	2.62016e+02	2.24842e+03	1.20724e+03	2.00869e+00	0.00000e+00	0.00000e+00	5.45045e-02
3.03679e+02	2.62044e+02	2.24753e+03	1.20772e+03	2.01126e+00	0.00000e+00	0.00000e+00	5.45823e-02
3.05619e+02	2.62073e+02	2.24664e+03	1.20820e+03	2.01383e+00	0.00000e+00	0.00000e+00	5.46600e-02
3.07558e+02	2.62101e+02	2.24575e+03	1.20868e+03	2.01639e+00	0.00000e+00	0.00000e+00	5.47377e-02
3.09498e+02	2.62129e+02	2.24486e+03	1.20915e+03	2.01895e+00	0.00000e+00	0.00000e+00	5.48153e-02
3.11438e+02	2.62157e+02	2.24397e+03	1.20963e+03	2.02150e+00	0.00000e+00	0.00000e+00	5.48928e-02
3.13377e+02	2.62186e+02	2.24308e+03	1.21010e+03	2.02404e+00	0.00000e+00	0.00000e+00	5.49702e-02
3.15317e+02	2.62215e+02	2.24219e+03	1.21057e+03	2.02659e+00	0.00000e+00	0.00000e+00	5.50476e-02
3.17256e+02	2.62243e+02	2.24131e+03	1.21105e+03	2.02912e+00	0.00000e+00	0.00000e+00	5.51248e-02
3.19196e+02	2.62272e+02	2.24042e+03	1.21152e+03	2.03165e+00	0.00000e+00	0.00000e+00	5.52020e-02
3.21136e+02	2.62301e+02	2.23953e+03	1.21198e+03	2.03418e+00	0.00000e+00	0.00000e+00	5.52791e-02
3.23075e+02	2.62330e+02	2.23865e+03	1.21245e+03	2.03670e+00	0.00000e+00	0.00000e+00	5.53560e-02
3.25015e+02	2.62359e+02	2.23776e+03	1.21292e+03	2.03922e+00	0.00000e+00	0.00000e+00	5.54329e-02
3.26954e+02	2.62388e+02	2.23688e+03	1.21339e+03	2.04174e+00	0.00000e+00	0.00000e+00	5.55096e-02
3.28894e+02	2.62417e+02	2.23600e+03	1.21385e+03	2.04425e+00	0.00000e+00	0.00000e+00	5.55862e-02
3.30834e+02	2.62446e+02	2.23511e+03	1.21431e+03	2.04676e+00	0.00000e+00	0.00000e+00	5.56627e-02
3.32773e+02	2.62476e+02	2.23423e+03	1.21478e+03	2.04927e+00	0.00000e+00	0.00000e+00	5.57391e-02
3.34713e+02	2.62505e+02	2.23335e+03	1.21524e+03	2.05177e+00	0.00000e+00	0.00000e+00	5.58154e-02
3.36653e+02	2.62535e+02	2.23247e+03	1.21570e+03	2.05427e+00	0.00000e+00	0.00000e+00	5.58915e-02
3.38592e+02	2.62564e+02	2.23159e+03	1.21616e+03	2.05677e+00	0.00000e+00	0.00000e+00	5.59675e-02
3.40532e+02	2.62594e+02	2.23071e+03	1.21661e+03	2.05926e+00	0.00000e+00	0.00000e+00	5.60434e-02
3.42471e+02	2.62624e+02	2.22983e+03	1.21707e+03	2.06175e+00	0.00000e+00	0.00000e+00	5.61191e-02
3.44411e+02	2.62653e+02	2.22895e+03	1.21753e+03	2.06423e+00	0.00000e+00	0.00000e+00	5.61947e-02
3.46351e+02	2.62683e+02	2.22807e+03	1.21798e+03	2.06672e+00	0.00000e+00	0.00000e+00	5.62702e-02
3.48290e+02	2.62713e+02	2.22720e+03	1.21843e+03	2.06920e+00	0.00000e+00	0.00000e+00	5.63455e-02
3.50230e+02	2.62743e+02	2.22632e+03	1.21889e+03	2.07167e+00	0.00000e+00	0.00000e+00	5.64206e-02
3.52169e+02	2.62774e+02	2.22544e+03	1.21934e+03	2.07415e+00	0.00000e+00	0.00000e+00	5.64956e-02
3.54109e+02	2.62804e+02	2.22457e+03	1.21979e+03	2.07662e+00	0.00000e+00	0.00000e+00	5.65704e-02
3.56049e+02	2.62834e+02	2.22369e+03	1.22024e+03	2.07909e+00	0.00000e+00	0.00000e+00	5.66450e-02
3.57988e+02	2.62865e+02	2.22282e+03	1.22069e+03	2.08155e+00	0.00000e+00	0.00000e+00	5.67195e-02
3.59928e+02	2.62895e+02	2.22194e+03	1.22113e+03	2.08401e+00	0.00000e+00	0.00000e+00	5.67938e-02
3.61868e+02	2.62926e+02	2.22107e+03	1.22158e+03	2.08647e+00	0.00000e+00	0.00000e+00	5.68679e-02
3.63807e+02	2.62956e+02	2.22020e+03	1.22202e+03	2.08892e+00	0.00000e+00	0.00000e+00	5.69419e-02
3.65747e+02	2.62987e+02	2.21932e+03	1.22247e+03	2.09137e+00	0.00000e+00	0.00000e+00	5.70156e-02
3.67686e+02	2.63018e+02	2.21845e+03	1.22291e+03	2.09382e+00	0.00000e+00	0.00000e+00	5.70892e-02
3.69626e+02	2.63049e+02	2.21758e+03	1.22335e+03	2.09626e+00	0.00000e+00	0.00000e+00	5.71625e-02
3.71566e+02	2.63080e+02	2.21671e+03	1.22379e+03	2.09870e+00	0.00000e+00	0.00000e+00	5.72357e-02
3.73505e+02	2.63111e+02	2.21584e+03	1.22423e+03	2.10114e+00	0.00000e+00	0.00000e+00	5.73086e-02
3.75445e+02	2.63142e+02	2.21497e+03	1.22467e+03	2.10357e+00	0.00000e+00	0.00000e+00	5.73813e-02
3.77384e+02	2.63173e+02	2.21410e+03	1.22511e+03	2.10600e+00	0.00000e+00	0.00000e+00	5.74538e-02
3.79324e+02	2.63204e+02	2.21323e+03	1.22554e+03	2.10843e+00	0.00000e+00	0.00000e+00	5.75261e-02
3.81264e+02	2.63236e+02	2.21237e+03	1.22598e+03	2.11085e+00	0.00000e+00	0.00000e+00	5.75982e-02
3.83203e+02	2.63267e+02	2.21150e+03	1.22642e+03	2.11327e+00	0.00000e+00	0.00000e+00	5.76700e-02
3.85143e+02	2.63298e+02	2.21063e+03	1.22685e+03	2.11569e+00	0.00000e+00	0.00000e+00	5.77416e-02
3.87082e+02	2.63330e+02	2.20977e+03	1.22728e+03	2.11810e+00	0.00000e+00	0.00000e+00	5.78129e-02
3.89022e+02	2.63362e+02	2.20890e+03	1.22771e+03	2.12051e+00	0.00000e+00	0.00000e+00	5.78840e-02
3.90962e+02	2.63393e+02	2.20804e+03	1.22814e+03	2.12291e+00	0.00000e+00	0.00000e+00	5.79548e-02
3.92901e+02	2.63425e+02	2.20717e+03	1.22857e+03	2.12531e+00	0.00000e+00	0.00000e+00	5.80254e-02
3.94841e+02	2.63457e+02	2.20631e+03	1.22900e+03	2.12771e+00	0.00000e+00	0.00000e+00	5.80957e-02
3.96781e+02	2.63489e+02	2.20544e+03	1.22943e+03	2.13011e+00	0.00000e+00	0.00000e+00	5.81658e-02
3.98720e+02	2.63521e+02	2.20458e+03	1.22986e+03	2.13250e+00	0.00000e+00	0.00000e+00	5.82356e-02
4.00660e+02	2.63553e+02	2.20372e+03	1.23028e+03	2.13489e+00	0.00000e+00	0.00000e+00	5.83050e-02
4.02599e+02	2.63585e+02	2.20286e+03	1.23071e+03	2.13727e+00	0.00000e+00	0.00000e+00	5.83743e-02
4.04539e+02	2.63617e+02	2.20200e+03	1.23113e+03	2.13965e+00	0.00000e+00	0.00000e+00	5.84432e-02
4.06479e+02	2.63649e+02	2.20114e+03	1.23156e+03	2.14203e+00	0.00000e+00	0.00000e+00	5.85118e-02
4.08418e+02	2.63681e+02	2.20028e+03	1.23198e+03	2.14441e+00	0.00000e+00	0.00000e+00	5.85802e-02
4.10358e+02	2.63714e+02	2.19942e+03	1.23240e+03	2.14678e+00	0.00000e+00	0.00000e+00	5.86483e-02
4.12297e+02	2.63746e+02	2.19856e+03	1.23282e+03	2.14915e+00	0.00000e+00	0.00000e+00	5.87161e-02
4.14237e+02	2.63779e+02	2.19770e+03	1.23324e+03	2.15152e+00	0.00000e+00	0.00000e+00	5.87837e-02
4.16177e+02	2.63811e+02	2.19684e+03	1.23366e+03	2.15388e+00	0.00000e+00	0.00000e+00	5.88510e-02
4.18116e+02	2.63844e+02	2.19598e+03	1.23407e+03	2.15624e+00	0.00000e+00	0.00000e+00	5.89180e-02
4.20056e+02	2.63876e+02	2.19513e+03	1.23449e+03	2.15860e+00	0.00000e+00	0.00000e+00	5.89848e-02
4.21995e+02	2.63909e+02	2.19427e+03	1.23491e+03	2.16095e+00	0.00000e+00	0.00000e+00	5.90512e-02
4.23935e+02	2.63942e+02	2.19342e+03	1.23532e+03	2.16331e+00	0.00000e+00	0.00000e+00	5.91175e-02
4.25875e+02	2.63975e+02	2.19256e+03	1.23573e+03	2.16566e+00	0.00000e+00	0.00000e+00	5.91834e-02
4.27814e+02	2.64008e+02	2.19171e+03	1.23615e+03	2.16800e+00	0.00000e+00	0.00000e+00	5.92491e-02
4.29754e+02	2.64040e+02	2.19085e+03	1.23656e+03	2.17035e+00	0.00000e+00	0.00000e+00	5.93146e-02
4.31694e+02	2.64073e+02	2.19000e+03	1.23697e+03	2.17269e+00	0.00000e+00	0.00000e+00	5.93798e-02
4.33633e+02	2.64107e+02	2.18915e+03	1.23738e+03	2.17503e+00	0.00000e+00	0.00000e+00	5.94447e-02
4.35573e+02	2.64140e+02	2.18829e+03	1.23779e+03	2.17737e+00	0.00000e+00	0.00000e+00	5.95094e-02
4.37512e+02	2.64173e+02	2.18744e+03	1.23820e+03	2.17970e+00	0.00000e+00	0.00000e+00	5.95739e-02
4.39452e+02	2.64206e+02	2.18659e+03	1.23861e+03	2.18203e+00	0.00000e+00	0.00000e+00	5.96381e-02
4.41392e+02	2.64239e+02	2.18574e+03	1.23901e+03	2.18436e+00	0.00000e+00	0.00000e+00	5.97020e-02
4.43331e+02	2.64273e+02	2.18489e+03	1.23942e+03	2.18669e+00	0.00000e+00	0.00000e+00	5.97658e-02
4.45271e+02	2.64306e+02	2.18404e+03	1.23982e+03	2.18902e+00	0.00000e+00	0.00000e+00	5.98292e-02
4.47210e+02	2.64339e+02	2.18319e+03	1.24023e+03	2.19134e+00	0.00000e+00	0.00000e+00	5.98925e-02
4.49150e+02	2.64373e+02	2.18234e+03	1.24063e+03	2.19366e+00	0.00000e+00	0.00000e+00	5.99555e-02
4.51090e+02	2.64406e+02	2.18149e+03	1.24103e+03	2.19597e+00	0.00000e+00	0.00000e+00	6.00183e-02
4.53029e+02	2.64440e+02	2.18065e+03	1.24144e+03	2.19829e+00	0.00000e+00	0.00000e+00	6.00809e-02
4.54969e+02	2.64473e+02	2.17980e+03	1.24184e+03	2.20060e+00	0.00000e+00	0.00000e+00	6.01432e-02
4.56909e+02	2.64507e+02	2.17895e+03	1.24224e+03	2.20291e+00	0.00000e+00	0.00000e+00	6.02053e-02
4.58848e+02	2.64541e+02	2.17811e+03	1.24264e+03	2.20521e+00	0.00000e+00	0.00000e+00	6.02672e-02
4.60788e+02	2.64575e+02	2.17726e+03	1.24303e+03	2.20751e+00	0.00000e+00	0.00000e+00	6.03289e-02
4.62727e+02	2.64608e+02	2.17642e+03	1.24343e+03	2.20980e+00	0.00000e+00	0.00000e+00	6.03904e-02
4.64667e+02	2.64642e+02	2.17557e+03	1.24383e+03	2.21209e+00	0.00000e+00	0.00000e+00	6.04517e-02
4.66607e+02	2.64676e+02	2.17473e+03	1.24422e+03	2.21438e+00	0.00000e+00	0.00000e+00	6.05128e-02
4.68546e+02	2.64710e+02	2.17388e+03	1.24462e+03	2.21666e+00	0.00000e+00	0.00000e+00	6.05736e-02
4.70486e+02	2.64744e+02	2.17304e+03	1.24501e+03	2.21894e+00	0.00000e+00	0.00000e+00	6.06343e-02
4.72425e+02	2.64778e+02	2.17220e+03	1.24541e+03	2.22121e+00	0.00000e+00	0.00000e+00	6.06948e-02
4.74365e+02	2.64812e+02	2.17136e+03	1.24580e+03	2.22347e+00	0.00000e+00	0.00000e+00	6.07551e-02
4.76305e+02	2.64846e+02	2.17052e+03	1.24619e+03	2.22573e+00	0.00000e+00	0.00000e+00	6.08152e-02
4.78244e+02	2.64880e+02	2.16968e+03	1.24658e+03	2.22798e+00	0.00000e+00	0.00000e+00	6.08751e-02
4.80184e+02	2.64914e+02	2.16884e+03	1.24697e+03	2.23022e+00	0.00000e+00	0.00000e+00	6.09349e-02
4.82123e+02	2.64949e+02	2.16800e+03	1.24736e+03	2.23246e+00	0.00000e+00	0.00000e+00	6.09945e-02
4.84063e+02	2.64983e+02	2.16716e+03	1.24775e+03	2.23470e+00	0.00000e+00	0.00000e+00	6.10539e-02
4.86003e+02	2.65017e+02	2.16632e+03	1.24814e+03	2.23693e+00	0.00000e+00	0.00000e+00	6.11131e-02
4.87942e+02	2.65051e+02	2.16548e+03	1.24852e+03	2.23915e+00	0.00000e+00	0.00000e+00	6.11722e-02
4.89882e+02	2.65086e+02	2.16464e+03	1.24891e+03	2.24137e+00	0.00000e+00	0.00000e+00	6.12311e-02
4.91822e+02	2.65120e+02	2.16380e+03	1.24930e+03	2.24359e+00	0.00000e+00	0.00000e+00	6.12898e-02
4.93761e+02	2.65155e+02	2.16297e+03	1.24968e+03	2.24580e+00	0.00000e+00	0.00000e+00	6.13484e-02
4.95701e+02	2.65189e+02	2.16213e+03	1.25006e+03	2.24801e+00	0.00000e+00	0.00000e+00	6.14069e-02
4.97640e+02	2.65224e+02	2.16130e+03	1.25045e+03	2.25022e+00	0.00000e+00	0.00000e+00	6.14652e-02
4.99580e+02	2.65258e+02	2.16046e+03	1.25083e+03	2.25243e+00	0.00000e+00	0.00000e+00	6.15234e-02
5.01520e+02	2.65293e+02	2.15963e+03	1.25121e+03	2.25463e+00	0.00000e+00	0.00000e+00	6.15815e-02
5.03459e+02	2.65327e+02	2.15879e+03	1.25159e+03	2.25683e+00	0.00000e+00	0.00000e+00	6.16394e-02
5.05399e+02	2.65362e+02	2.15796e+03	1.25197e+03	2.25903e+00	0.00000e+00	0.00000e+00	6.16971e-02
5.07338e+02	2.65397e+02	2.15712e+03	1.25235e+03	2.26123e+00	0.00000e+00	0.00000e+00	6.17548e-02
5.09278e+02	2.65432e+02	2.15629e+03	1.25273e+03	2.26343e+00	0.00000e+00	0.00000e+00	6.18123e-02
5.11218e+02	2.65466e+02	2.15546e+03	1.25311e+03	2.26563e+00	0.00000e+00	0.00000e+00	6.18696e-02
5.13157e+02	2.65501e+02	2.15463e+03	1.25349e+03	2.26783e+00	0.00000e+00	0.00000e+00	6.19267e-02
5.15097e+02	2.65536e+02	2.15380e+03	3.52134e+03	4.56557e+00	2.60172e+00	1.21444e+14	0.00000e+00
7.50425e+02	2.85382e+02	2.11790e+03	3.52134e+03	8.00451e+00	4.55471e+00	2.28548e+13	0.00000e+00
9.80171e+02	3.04895e+02	2.08200e+03	3.52647e+03	8.01860e+00	4.55621e+00	5.38749e+12	0.00000e+00
1.20460e+03	3.24075e+02	2.04611e+03	3.53141e+03	8.03196e+00	4.55746e+00	1.52257e+12	0.00000e+00
1.42361e+03	3.42920e+02	2.01021e+03	3.53616e+03	8.04463e+00	4.55848e+00	4.98782e+11	0.00000e+00
1.63708e+03	3.61433e+02	1.97431e+03	3.54072e+03	8.05665e+00	4.55930e+00	1.84578e+11	0.00000e+00
1.84489e+03	3.79611e+02	1.93842e+03	3.54510e+03	8.06804e+00	4.55993e+00	7.56236e+10	0.00000e+00
2.04692e+03	3.97457e+02	1.90252e+03	3.54931e+03	8.23315e+00	4.68553e+00	3.37637e+10	0.00000e+00
2.24304e+03	4.14968e+02	1.86662e+03	3.60620e+03	8.24767e+00	4.68902e+00	1.62195e+10	0.00000e+00
2.43595e+03	4.32146e+02	1.83073e+03	3.61146e+03	8.25745e+00	4.68885e+00	8.33268e+09	0.00000e+00
2.62243e+03	4.48991e+02	1.79483e+03	3.61511e+03	8.40152e+00	4.76629e+00	4.51691e+09	0.00000e+00
2.80225e+03	4.65502e+02	1.75893e+03	3.62963e+03	8.44314e+00	4.78476e+00	2.56550e+09	0.00000e+00
2.97578e+03	4.81679e+02	1.72304e+03	3.63559e+03	8.45091e+00	4.78391e+00	1.51907e+09	0.00000e+00
3.14234e+03	4.97523e+02	1.68714e+03	3.63866e+03	8.45812e+00	4.78294e+00	9.32553e+08	0.00000e+00
3.30162e+03	5.13033e+02	1.65124e+03	3.64156e+03	8.46477e+00	4.78187e+00	5.91021e+08	0.00000e+00
3.45339e+03	5.28210e+02	1.61535e+03	3.64429e+03	8.47085e+00	4.78068e+00	3.85345e+08	0.00000e+00
3.59745e+03	5.43053e+02	1.57945e+03	3.64684e+03	8.47636e+00	4.77939e+00	2.57694e+08	0.00000e+00
3.73354e+03	5.57562e+02	1.54355e+03	3.64921e+03	8.48127e+00	4.77799e+00	1.76291e+08	0.00000e+00
3.86142e+03	5.71738e+02	1.50766e+03	3.65140e+03	8.48559e+00	4.77648e+00	1.23091e+08	0.00000e+00
3.98079e+03	5.85581e+02	1.47176e+03	3.65340e+03	8.48928e+00	4.77485e+00	8.75412e+07	0.00000e+00
4.09136e+03	5.99090e+02	1.43586e+03	3.65521e+03	8.49234e+00	4.77310e+00	6.33001e+07	0.00000e+00
4.19279e+03	6.12265e+02	1.39997e+03	3.65682e+03	8.49475e+00	4.77124e+00	4.64616e+07	0.00000e+00
4.28471e+03	6.25107e+02	1.36407e+03	3.65823e+03	8.49647e+00	4.76925e+00	3.45655e+07	0.00000e+00
4.36674e+03	6.37615e+02	1.32818e+03	3.65942e+03	8.49748e+00	4.76712e+00	2.60291e+07	0.00000e+00
4.43843e+03	6.49790e+02	1.29228e+03	3.66039e+03	8.49774e+00	4.76484e+00	1.98152e+07	0.00000e+00
4.49930e+03	6.61631e+02	1.25638e+03	3.66113e+03	8.49722e+00	4.76242e+00	1.52315e+07	0.00000e+00
4.54881e+03	6.73139e+02	1.22049e+03	3.66163e+03	8.49588e+00	4.75984e+00	1.18088e+07	0.00000e+00
4.58637e+03	6.84313e+02	1.18459e+03	3.66188e+03	8.49364e+00	4.75707e+00	9.22368e+06	0.00000e+00
4.61131e+03	6.95153e+02	1.14869e+03	3.66186e+03	8.49049e+00	4.75412e+00	7.25051e+06	0.00000e+00
4.62289e+03	7.05660e+02	1.11280e+03	3.66155e+03	8.48633e+00	4.75096e+00	5.72959e+06	0.00000e+00
4.62027e+03	7.15834e+02	1.07690e+03	3.66094e+03	8.48110e+00	4.74758e+00	4.54656e+06	0.00000e+00
4.60249e+03	7.25674e+02	1.04100e+03	3.66000e+03	8.47470e+00	4.74394e+00	3.61856e+06	0.00000e+00
4.56849e+03	7.35180e+02	1.00511e+03	3.65871e+03	8.46704e+00	4.74003e+00	2.88496e+06	0.00000e+00
4.51704e+03	7.44353e+02	9.69209e+02	3.65704e+03	8.45800e+00	4.73582e+00	2.30092e+06	0.00000e+00
4.44673e+03	7.53192e+02	9.33312e+02	3.65496e+03	8.44744e+00	4.73126e+00	1.83302e+06	0.00000e+00
4.35595e+03	7.61697e+02	8.97416e+02	3.65243e+03	8.43521e+00	4.72632e+00	1.45611e+06	0.00000e+00
4.24282e+03	7.69870e+02	8.61519e+02	3.64941e+03	8.42110e+00	4.72094e+00	1.15116e+06	0.00000e+00
4.10515e+03	7.77708e+02	8.25622e+02	3.64583e+03	8.40490e+00	4.71508e+00	9.03643e+05	0.00000e+00
3.94039e+03	7.85213e+02	7.89726e+02	3.64165e+03	8.38634e+00	4.70865e+00	7.02441e+05	0.00000e+00
3.74551e+03	7.92384e+02	7.53829e+02	3.63678e+03	8.36507e+00	4.70157e+00	5.38969e+05	0.00000e+00
3.51691e+03	7.99222e+02	7.17932e+02	3.63113e+03	8.16293e+00	4.59020e+00	4.06577e+05	0.00000e+00
3.25028e+03	8.05727e+02	6.82036e+02	3.60609e+03	7.98472e+00	4.46459e+00	3.00071e+05	0.00000e+00
2.94197e+03	8.11897e+02	6.46139e+02	3.54971e+03	7.95136e+00	4.45378e+00	2.15611e+05	0.00000e+00
2.58922e+03	8.17735e+02	6.10243e+02	3.54058e+03	7.91328e+00	4.44166e+00	1.50096e+05	0.00000e+00
2.18036e+03	8.23238e+02	5.74346e+02	3.53012e+03	7.86903e+00	4.42784e+00	9.99574e+04	0.00000e+00
1.70579e+03	8.28408e+02	5.38449e+02	3.51792e+03	7.81727e+00	4.41194e+00	6.28741e+04	0.00000e+00
1.15337e+03	8.33245e+02	5.02553e+02	3.50364e+03	7.50987e+00	4.24127e+00	3.67246e+04	0.00000e+00
5.07505e+02	8.37748e+02	4.66656e+02	3.39778e+03	7.43674e+00	4.21748e+00	1.94639e+04	0.00000e+00
-2.32797e+02	8.41917e+02	4.30759e+02	3.37599e+03	7.30956e+00	4.14579e+00	9.23570e+03	0.00000e+00
-1.10951e+03	8.45753e+02	3.94863e+02	3.28892e+03	7.31840e+00	4.17216e+00	3.70447e+03	0.00000e+00
-2.13908e+03	8.49255e+02	3.58966e+02	3.28051e+03	7.33105e+00	4.20534e+00	1.20334e+03	0.00000e+00
-3.39454e+03	8.52424e+02	3.23070e+02	3.27167e+03	7.34103e+00	4.24408e+00	2.81064e+02	0.00000e+00
-4.95325e+03	8.55259e+02	2.87173e+02	3.25806e+03	7.34855e+00	4.29071e+00	4.02668e+01	0.00000e+00
-6.93079e+03	8.57761e+02	2.51276e+02	3.23860e+03	7.35541e+00	4.34941e+00	2.71753e+00	0.00000e+00
-9.51139e+03	8.59929e+02	2.15380e+02	3.21246e+03	7.36209e+00	4.42564e+00	5.39925e-02	0.00000e+00
-1.30087e+04	8.61764e+02	1.79483e+02	3.17708e+03	7.36949e+00	4.52877e+00	1.27339e-04	0.00000e+00
-1.80028e+04	8.63265e+02	1.43586e+02	3.12817e+03	7.37928e+00	4.67607e+00	5.06970e-09	0.00000e+00
-2.56996e+04	8.64432e+02	1.07690e+02	3.05781e+03	7.39502e+00	4.90348e+00	2.63411e-17	0.00000e+00
-3.90892e+04	8.65266e+02	7.17932e+01	2.94953e+03	7.42550e+00	5.30017e+00	4.45970e-36	0.00000e+00
-6.81644e+04	8.65766e+02	3.58966e+01	2.76253e+03	7.50024e+00	6.16405e+00	6.26334e-96	0.00000e+00
-1.77112e+05	NaN	0.00000e+00	2.36047e+03	NaN	NaN	NaN	NaN
-1.77112e+05	NaN	0.00000e+00	8.00000e+03	NaN	NaN	1.00000e+04	0.00000e+00
NaN	NaN	0.00000e+00	NaN	NaN	NaN	1.00000e+04	0.00000e+00
NaN	NaN	0.00000e+00	NaN	NaN	NaN	1.00000e+04	0.00000e+00
NaN	NaN	0.00000e+00	NaN	NaN	NaN	1.00000e+04	0.00000e+00
NaN	NaN	0.00000e+00	NaN	NaN	NaN	1.00000e+04	0.00000e+00
NaN	NaN	0.00000e+00	NaN	NaN	NaN	1.00000e+04	0.00000e+00
NaN	NaN	0.00000e+00	NaN	NaN	NaN	1.00000e+04	0.00000e+00
NaN	NaN	0.00000e+00	NaN	NaN	NaN	1.00000e+04	0.00000e+00
NaN	NaN	0.00000e+00	NaN	NaN	NaN	1.00000e+04	0.00000e+00
NaN	NaN	0.00000e+00	NaN	NaN	NaN	1.00000e+04	0.00000e+00
