   0.0000000e+00   1.1000000e+02   2.4103000e+03   9.3273956e+02   3.9798936e+00   1.9655294e+00   2.7451649e+04
   9.8940190e+00   1.1003427e+02   2.4028718e+03   9.3273956e+02   3.9775582e+00   1.9643760e+00   2.7359474e+04
   1.9788038e+01   1.1007002e+02   2.3966572e+03   9.3361097e+02   3.9752286e+00   1.9632255e+00   2.7263683e+04
   2.9682057e+01   1.1010734e+02   2.3904628e+03   9.3445233e+02   3.9729120e+00   1.9620814e+00   2.7164149e+04
   3.9576076e+01   1.1014627e+02   2.3842885e+03   9.3525692e+02   3.9706153e+00   1.9609471e+00   2.7060746e+04
   4.9470095e+01   1.1018690e+02   2.3781341e+03   9.3601764e+02   3.9683451e+00   1.9598259e+00   2.6953340e+04
   5.9364114e+01   1.1022930e+02   2.3719991e+03   9.3672701e+02   3.9661077e+00   1.9587210e+00   2.6841798e+04
   6.9258133e+01   1.1027354e+02   2.3658833e+03   9.3737715e+02   3.9639093e+00   1.9576352e+00   2.6725981e+04
   7.9152152e+01   1.1031971e+02   2.3597863e+03   9.3795977e+02   3.9617552e+00   1.9565714e+00   2.6605750e+04
   8.9046171e+01   1.1036790e+02   2.3537076e+03   9.3846622e+02   3.9596507e+00   1.9555321e+00   2.6480961e+04
   9.8940190e+01   1.1041818e+02   2.3476468e+03   9.3888748e+02   3.9576002e+00   1.9545194e+00   2.6351467e+04
   1.0883421e+02   1.1047066e+02   2.3416034e+03   9.3921423e+02   3.9556077e+00   1.9535354e+00   2.6217122e+04
   1.1872823e+02   1.1052543e+02   2.3355767e+03   9.3943704e+02   3.9536767e+00   1.9525817e+00   2.6077772e+04
   1.2862225e+02   1.1058260e+02   2.3295662e+03   9.3954654e+02   3.9518100e+00   1.9516598e+00   2.5933267e+04
   1.3851627e+02   1.1064227e+02   2.3235710e+03   9.3953377e+02   3.9500099e+00   1.9507709e+00   2.5783451e+04
   1.4841028e+02   1.1070455e+02   2.3175906e+03   9.3939065e+02   3.9482783e+00   1.9499156e+00   2.5628169e+04
   1.5830430e+02   1.1076957e+02   2.3116241e+03   9.3911065e+02   3.9466162e+00   1.9490948e+00   2.5467264e+04
   1.6819832e+02   1.1083743e+02   2.3056707e+03   9.3868957e+02   3.9450244e+00   1.9483087e+00   2.5300578e+04
   1.7809234e+02   1.1090827e+02   2.2997295e+03   9.3812656e+02   3.9435033e+00   1.9475574e+00   2.5127955e+04
   1.8798636e+02   2.5250000e+02   2.2937999e+03   9.3742516e+02   3.9680294e+00   1.9596700e+00   6.1875976e+01
   1.9156861e+02   2.5250000e+02   2.2920949e+03   1.1782928e+03   1.8277046e+00   0.0000000e+00   0.0000000e+00
   1.9515087e+02   2.5250000e+02   2.2903924e+03   1.1793616e+03   1.8336183e+00   0.0000000e+00   0.0000000e+00
   1.9873312e+02   2.5250000e+02   2.2886923e+03   1.1804235e+03   1.8394954e+00   0.0000000e+00   0.0000000e+00
   2.0231537e+02   2.5250000e+02   2.2869947e+03   1.1814787e+03   1.8453365e+00   0.0000000e+00   0.0000000e+00
   2.0589762e+02   2.5250000e+02   2.2852996e+03   1.1825273e+03   1.8511419e+00   0.0000000e+00   0.0000000e+00
   2.0947988e+02   2.5250000e+02   2.2836068e+03   1.1835694e+03   1.8569116e+00   0.0000000e+00   0.0000000e+00
   2.1306213e+02   2.5250000e+02   2.2819164e+03   1.1846050e+03   1.8626456e+00   0.0000000e+00   0.0000000e+00
   2.1664438e+02   2.5250000e+02   2.2802284e+03   1.1856344e+03   1.8683437e+00   0.0000000e+00   0.0000000e+00
   2.2022663e+02   2.5250000e+02   2.2785428e+03   1.1866576e+03   1.8740053e+00   0.0000000e+00   0.0000000e+00
   2.2380889e+02   2.5250000e+02   2.2768595e+03   1.1876747e+03   1.8796300e+00   0.0000000e+00   0.0000000e+00
   2.2739114e+02   2.5250000e+02   2.2751786e+03   1.1886858e+03   1.8852172e+00   0.0000000e+00   0.0000000e+00
   2.3097339e+02   2.5250000e+02   2.2735000e+03   1.1896910e+03   1.8907662e+00   0.0000000e+00   0.0000000e+00
   2.3455564e+02   2.5250000e+02   2.2718238e+03   1.1906903e+03   1.8962763e+00   0.0000000e+00   0.0000000e+00
   2.3813790e+02   2.5250000e+02   2.2701498e+03   1.1916840e+03   1.9017467e+00   0.0000000e+00   0.0000000e+00
   2.4172015e+02   2.5250000e+02   2.2684781e+03   1.1926720e+03   1.9071769e+00   0.0000000e+00   0.0000000e+00
   2.4530240e+02   2.5250000e+02   2.2668087e+03   1.1936545e+03   1.9125661e+00   0.0000000e+00   0.0000000e+00
   2.4888465e+02   2.5250000e+02   2.2651416e+03   1.1946315e+03   1.9179135e+00   0.0000000e+00   0.0000000e+00
   2.5246691e+02   2.5250000e+02   2.2634768e+03   1.1956033e+03   1.9232184e+00   0.0000000e+00   0.0000000e+00
   2.5604916e+02   2.5250000e+02   2.2618142e+03   1.1965697e+03   1.9284801e+00   0.0000000e+00   0.0000000e+00
   2.5963141e+02   2.5250000e+02   2.2601538e+03   1.1975311e+03   1.9336980e+00   0.0000000e+00   0.0000000e+00
   2.6321366e+02   2.5250000e+02   2.2584957e+03   1.1984873e+03   1.9388713e+00   0.0000000e+00   0.0000000e+00
   2.6679592e+02   2.5250000e+02   2.2568397e+03   1.1994385e+03   1.9440002e+00   0.0000000e+00   0.0000000e+00
   2.7037817e+02   2.5250000e+02   2.2551860e+03   1.2003848e+03   1.9490850e+00   0.0000000e+00   0.0000000e+00
   2.7396042e+02   2.5250000e+02   2.2535345e+03   1.2013263e+03   1.9541262e+00   0.0000000e+00   0.0000000e+00
   2.7754267e+02   2.5250000e+02   2.2518852e+03   1.2022629e+03   1.9591253e+00   0.0000000e+00   0.0000000e+00
   2.8112493e+02   2.5250000e+02   2.2502380e+03   1.2031949e+03   1.9640837e+00   0.0000000e+00   0.0000000e+00
   2.8470718e+02   2.5250000e+02   2.2485930e+03   1.2041222e+03   1.9690031e+00   0.0000000e+00   0.0000000e+00
   2.8828943e+02   2.5250000e+02   2.2469501e+03   1.2050450e+03   1.9738847e+00   0.0000000e+00   0.0000000e+00
   2.9187168e+02   2.5250000e+02   2.2453094e+03   1.2059632e+03   1.9787300e+00   0.0000000e+00   0.0000000e+00
   2.9545394e+02   2.5250000e+02   2.2436709e+03   1.2068771e+03   1.9835400e+00   0.0000000e+00   0.0000000e+00
   2.9903619e+02   2.5250000e+02   2.2420344e+03   1.2077867e+03   1.9883160e+00   0.0000000e+00   0.0000000e+00
   3.0261844e+02   2.5250000e+02   2.2404001e+03   1.2086920e+03   1.9930588e+00   0.0000000e+00   0.0000000e+00
   3.0620069e+02   2.5250000e+02   2.2387679e+03   1.2095930e+03   1.9977701e+00   0.0000000e+00   0.0000000e+00
   3.0978295e+02   2.5250000e+02   2.2371377e+03   1.2104899e+03   2.0024515e+00   0.0000000e+00   0.0000000e+00
   3.1336520e+02   2.5250000e+02   2.2355097e+03   1.2113827e+03   2.0071049e+00   0.0000000e+00   0.0000000e+00
   3.1694745e+02   2.5250000e+02   2.2338838e+03   1.2122714e+03   2.0117324e+00   0.0000000e+00   0.0000000e+00
   3.2052970e+02   2.5250000e+02   2.2322599e+03   1.2131561e+03   2.0163364e+00   0.0000000e+00   0.0000000e+00
   3.2411196e+02   2.5250000e+02   2.2306381e+03   1.2140368e+03   2.0209190e+00   0.0000000e+00   0.0000000e+00
   3.2769421e+02   2.5250000e+02   2.2290183e+03   1.2149136e+03   2.0254824e+00   0.0000000e+00   0.0000000e+00
   3.3127646e+02   2.5256563e+02   2.2273141e+03   1.1540883e+03   2.0393560e+00   0.0000000e+00   0.0000000e+00
   3.3485871e+02   2.5265969e+02   2.2256114e+03   1.1543653e+03   2.0486830e+00   0.0000000e+00   0.0000000e+00
   3.3844097e+02   2.5265969e+02   2.2239980e+03   1.2175109e+03   3.7237946e+00   1.9964544e+00   1.1736946e+02
   3.4202322e+02   2.5284780e+02   2.2222981e+03   1.1549173e+03   3.7233477e+00   1.9962148e+00   1.1713615e+02
   3.4560547e+02   2.5284780e+02   2.2206888e+03   1.2192175e+03   3.7224578e+00   1.9957377e+00   1.1667145e+02
   3.4918772e+02   2.5303591e+02   2.2190995e+03   1.2338051e+03   4.2535960e+00   2.2235230e+00   1.2398759e+02
   3.5276998e+02   2.5312996e+02   2.2175117e+03   1.2344065e+03   4.2525597e+00   2.2229813e+00   1.2398759e+02
   3.5635223e+02   2.5328036e+02   2.2159256e+03   1.2350016e+03   4.2515350e+00   2.2224457e+00   1.2398759e+02
   3.5993448e+02   2.5347943e+02   2.2143411e+03   1.2355909e+03   4.2505211e+00   2.2219157e+00   1.2398759e+02
   3.6351673e+02   2.5367850e+02   2.2127582e+03   1.2361771e+03   4.2495132e+00   2.2213888e+00   1.2398759e+02
   3.6709899e+02   2.5387758e+02   2.2111768e+03   1.2367602e+03   4.2485112e+00   2.2208650e+00   1.2398759e+02
   3.7068124e+02   2.5407665e+02   2.2095971e+03   1.2373404e+03   4.2475151e+00   2.2203443e+00   1.2398759e+02
   3.7426349e+02   2.5427572e+02   2.2080189e+03   1.2379175e+03   4.2465249e+00   2.2198267e+00   1.2398759e+02
   3.7784574e+02   2.5447479e+02   2.2064423e+03   1.2384915e+03   4.2455407e+00   2.2193122e+00   1.2398759e+02
   3.8142800e+02   2.5467497e+02   2.2048673e+03   1.2390623e+03   4.2445626e+00   2.2188009e+00   1.2398759e+02
   3.8501025e+02   2.5487641e+02   2.2032938e+03   1.2396300e+03   4.2435906e+00   2.2182928e+00   1.2398759e+02
   3.8859250e+02   2.5507785e+02   2.2017219e+03   1.2401946e+03   4.2426246e+00   2.2177879e+00   1.2398759e+02
   3.9217475e+02   2.5527929e+02   2.2001516e+03   1.2407560e+03   4.2416647e+00   2.2172861e+00   1.2398759e+02
   3.9575701e+02   2.5548072e+02   2.1985828e+03   1.2413143e+03   4.2407107e+00   2.2167874e+00   1.2398759e+02
   3.9933926e+02   2.5568216e+02   2.1970156e+03   1.2418694e+03   4.2397627e+00   2.2162918e+00   1.2398759e+02
   4.0292151e+02   2.5588360e+02   2.1954499e+03   1.2424214e+03   4.2388208e+00   2.2157995e+00   1.2398759e+02
   4.0650376e+02   2.5608394e+02   2.1938857e+03   1.2429703e+03   4.2378848e+00   2.2153102e+00   1.2398759e+02
   4.1008602e+02   2.5628267e+02   2.1923231e+03   1.2435161e+03   4.2369547e+00   2.2148240e+00   1.2398759e+02
   4.1366827e+02   2.5648139e+02   2.1907620e+03   1.2440587e+03   4.2360306e+00   2.2143409e+00   1.2398759e+02
   4.1725052e+02   2.5668011e+02   2.1892024e+03   1.2445981e+03   4.2351126e+00   2.2138610e+00   1.2398759e+02
   4.2083278e+02   2.5687883e+02   2.1876443e+03   1.2451342e+03   4.2342006e+00   2.2133843e+00   1.2398759e+02
   4.2441503e+02   2.5707755e+02   2.1860878e+03   1.2456672e+03   4.2332947e+00   2.2129108e+00   1.2398759e+02
   4.2799728e+02   2.5727627e+02   2.1845327e+03   1.2461970e+03   4.2323949e+00   2.2124404e+00   1.2398759e+02
   4.3157953e+02   2.5747317e+02   2.1829792e+03   1.2467236e+03   4.2315009e+00   2.2119730e+00   1.2398759e+02
   4.3516179e+02   2.5766643e+02   2.1814272e+03   1.2472472e+03   4.2306126e+00   2.2115087e+00   1.2398759e+02
   4.3874404e+02   2.5785969e+02   2.1798766e+03   1.2477675e+03   4.2297303e+00   2.2110475e+00   1.2398759e+02
   4.4232629e+02   2.5805295e+02   2.1783276e+03   1.2482847e+03   4.2288541e+00   2.2105895e+00   1.2398759e+02
   4.4590854e+02   2.5824621e+02   2.1767800e+03   1.2487985e+03   4.2279840e+00   2.2101346e+00   1.2398759e+02
   4.4949080e+02   2.5843947e+02   2.1752339e+03   1.2493091e+03   4.2271199e+00   2.2096829e+00   1.2398759e+02
   4.5307305e+02   2.5863273e+02   2.1736893e+03   1.2498165e+03   4.2262619e+00   2.2092344e+00   1.2398759e+02
   4.5665530e+02   2.5882416e+02   2.1721461e+03   1.2503206e+03   4.2254097e+00   2.2087889e+00   1.2398759e+02
   4.6023755e+02   2.5901055e+02   2.1706044e+03   1.2508219e+03   4.2245630e+00   2.2083463e+00   1.2398759e+02
   4.6381981e+02   2.5919695e+02   2.1690642e+03   1.2513198e+03   4.2237223e+00   2.2079069e+00   1.2398759e+02
   4.6740206e+02   2.5938334e+02   2.1675254e+03   1.2518145e+03   4.2228877e+00   2.2074706e+00   1.2398759e+02
   4.7098431e+02   2.5956974e+02   2.1659881e+03   1.2523059e+03   4.2220591e+00   2.2070374e+00   1.2398759e+02
   4.7456656e+02   2.5975614e+02   2.1644522e+03   1.2527941e+03   4.2212364e+00   2.2066074e+00   1.2398759e+02
   4.7814882e+02   2.5994253e+02   2.1629178e+03   1.2532789e+03   4.2204198e+00   2.2061805e+00   1.2398759e+02
   4.8173107e+02   2.6012742e+02   2.1613848e+03   1.2537606e+03   4.2196090e+00   2.2057567e+00   1.2398759e+02
   4.8531332e+02   2.6030628e+02   2.1598532e+03   1.2542394e+03   4.2188036e+00   2.2053357e+00   1.2398759e+02
   4.8889557e+02   2.6048514e+02   2.1583231e+03   1.2547149e+03   4.2180041e+00   2.2049178e+00   1.2398759e+02
   4.9247783e+02   2.6066400e+02   2.1567944e+03   1.2551871e+03   4.2172106e+00   2.2045030e+00   1.2398759e+02
   4.9606008e+02   2.6084286e+02   2.1552671e+03   3.5211465e+03   4.5656041e+00   2.6020775e+00   2.0798215e+14
   6.3933012e+02   2.7290261e+02   2.1334967e+03   3.5211465e+03   4.5707483e+00   2.6026703e+00   7.0468720e+13
   7.8056095e+02   2.8483992e+02   2.1117263e+03   3.5242731e+03   8.0076364e+00   4.5556818e+00   2.6264335e+13
   9.1986383e+02   2.9665480e+02   2.0899560e+03   3.5273433e+03   8.0162383e+00   4.5566244e+00   1.0636687e+13
   1.0572156e+03   3.0834725e+02   2.0681856e+03   3.5303503e+03   8.0245652e+00   4.5574717e+00   4.6317862e+12
   1.1925924e+03   3.1991726e+02   2.0464152e+03   3.5332855e+03   8.0325908e+00   4.5582088e+00   2.1496515e+12
   1.3259694e+03   3.3136484e+02   2.0246448e+03   3.5361432e+03   8.0403849e+00   4.5588768e+00   1.0554507e+12
   1.4573213e+03   3.4268998e+02   2.0028745e+03   3.5389356e+03   8.0479322e+00   4.5594659e+00   5.4477409e+11
   1.5866223e+03   3.5389269e+02   1.9811041e+03   3.5416608e+03   8.0552175e+00   4.5599678e+00   2.9400843e+11
   1.7138462e+03   3.6497297e+02   1.9593337e+03   3.5443158e+03   8.0622978e+00   4.5604155e+00   1.6513988e+11
   1.8389660e+03   3.7593081e+02   1.9375633e+03   3.5469111e+03   8.0691404e+00   4.5607892e+00   9.6150016e+10
   1.9619544e+03   3.8676622e+02   1.9157930e+03   3.5494392e+03   8.1686204e+00   4.6365353e+00   5.7827764e+10
   2.0827830e+03   3.9747919e+02   1.8940226e+03   3.5837755e+03   8.2361947e+00   4.6862336e+00   3.5816988e+10
   2.2024872e+03   4.0806973e+02   1.8722522e+03   3.6070710e+03   8.2470371e+00   4.6899651e+00   2.2824178e+10
   2.3205903e+03   4.1853784e+02   1.8504818e+03   3.6109523e+03   8.2530937e+00   4.6899037e+00   1.4915824e+10
   2.4363809e+03   4.2888351e+02   1.8287115e+03   3.6132024e+03   8.2589408e+00   4.6897929e+00   9.9644910e+09
   2.5497715e+03   4.3910675e+02   1.8069411e+03   3.6153897e+03   8.3625291e+00   4.7461454e+00   6.7918832e+09
   2.6607267e+03   4.4920756e+02   1.7851707e+03   3.6255239e+03   8.4381589e+00   4.7863482e+00   4.7157157e+09
   2.7694500e+03   4.5918593e+02   1.7634003e+03   3.6333276e+03   8.4431557e+00   4.7858910e+00   3.3314949e+09
   2.8758141e+03   4.6904186e+02   1.7416300e+03   3.6352754e+03   8.4479843e+00   4.7854076e+00   2.3913009e+09
   2.9795971e+03   4.7877536e+02   1.7198596e+03   3.6371698e+03   8.4525890e+00   4.7848737e+00   1.7414648e+09
   3.0807580e+03   4.8838643e+02   1.6980892e+03   3.6389969e+03   8.4569929e+00   4.7843016e+00   1.2853548e+09
   3.1792535e+03   4.9787507e+02   1.6763189e+03   3.6407623e+03   8.4611905e+00   4.7836891e+00   9.6060440e+08
   3.2750388e+03   5.0724127e+02   1.6545485e+03   3.6424636e+03   8.4651692e+00   4.7830321e+00   7.2627772e+08
   3.3680672e+03   5.1648503e+02   1.6327781e+03   3.6440995e+03   8.4689497e+00   4.7823394e+00   5.5507837e+08
   3.4582898e+03   5.2560637e+02   1.6110077e+03   3.6456727e+03   8.4725066e+00   4.7816009e+00   4.2853447e+08
   3.5456557e+03   5.3460526e+02   1.5892374e+03   3.6471774e+03   8.4758626e+00   4.7808281e+00   3.3397180e+08
   3.6301115e+03   5.4348173e+02   1.5674670e+03   3.6486190e+03   8.4789858e+00   4.7800073e+00   2.6258045e+08
   3.7116014e+03   5.5223576e+02   1.5456966e+03   3.6499902e+03   8.4819097e+00   4.7791544e+00   2.0816144e+08
   3.7900668e+03   5.6086736e+02   1.5239262e+03   3.6512970e+03   8.4845940e+00   4.7782516e+00   1.6630242e+08
   3.8654463e+03   5.6937652e+02   1.5021559e+03   3.6525312e+03   8.4870662e+00   4.7773137e+00   1.3382857e+08
   3.9376753e+03   5.7776325e+02   1.4803855e+03   3.6536981e+03   8.4892965e+00   4.7763267e+00   1.0843195e+08
   4.0066858e+03   5.8602754e+02   1.4586151e+03   3.6547916e+03   8.4913076e+00   4.7753032e+00   8.8418494e+07
   4.0724062e+03   5.9416940e+02   1.4368447e+03   3.6558148e+03   8.4930720e+00   4.7742308e+00   7.2533247e+07
   4.1347612e+03   6.0218883e+02   1.4150744e+03   3.6567623e+03   8.4945993e+00   4.7731161e+00   5.9838460e+07
   4.1936710e+03   6.1008582e+02   1.3933040e+03   3.6576359e+03   8.4958748e+00   4.7719535e+00   4.9627586e+07
   4.2490514e+03   6.1786038e+02   1.3715336e+03   3.6584313e+03   8.4968957e+00   4.7707423e+00   4.1364104e+07
   4.3008134e+03   6.2551250e+02   1.3497632e+03   3.6591476e+03   8.4976604e+00   4.7694846e+00   3.4637542e+07
   4.3488624e+03   6.3304219e+02   1.3279929e+03   3.6597840e+03   8.4981479e+00   4.7681706e+00   2.9131639e+07
   4.3930984e+03   6.4044945e+02   1.3062225e+03   3.6603354e+03   8.4983775e+00   4.7668119e+00   2.4601063e+07
   4.4334148e+03   6.4773427e+02   1.2844521e+03   3.6608054e+03   8.4983072e+00   4.7653896e+00   2.0854274e+07
   4.4696985e+03   6.5489666e+02   1.2626817e+03   3.6611846e+03   8.4979500e+00   4.7639153e+00   1.7740807e+07
   4.5018290e+03   6.6193662e+02   1.2409114e+03   3.6614743e+03   8.4972920e+00   4.7623808e+00   1.5141767e+07
   4.5296777e+03   6.6885414e+02   1.2191410e+03   3.6616713e+03   8.4963135e+00   4.7607807e+00   1.2962676e+07
   4.5531072e+03   6.7564922e+02   1.1973706e+03   3.6617709e+03   8.4950255e+00   4.7591228e+00   1.1128054e+07
   4.5719709e+03   6.8232188e+02   1.1756002e+03   3.6617738e+03   8.4933822e+00   4.7573880e+00   9.5772875e+06
   4.5861113e+03   6.8887209e+02   1.1538299e+03   3.6616701e+03   8.4913960e+00   4.7555855e+00   8.2614625e+06
   4.5953600e+03   6.9529988e+02   1.1320595e+03   3.6614611e+03   8.4890467e+00   4.7537079e+00   7.1409193e+06
   4.5995357e+03   7.0160523e+02   1.1102891e+03   3.6611415e+03   8.4863076e+00   4.7517468e+00   6.1833563e+06
   4.5984437e+03   7.0778815e+02   1.0885187e+03   3.6607043e+03   8.4831776e+00   4.7497058e+00   5.3623513e+06
   4.5918738e+03   7.1384863e+02   1.0667484e+03   3.6601478e+03   8.4796229e+00   4.7475728e+00   4.6562013e+06
   4.5795997e+03   7.1978668e+02   1.0449780e+03   3.6594638e+03   8.4756260e+00   4.7453434e+00   4.0470098e+06
   4.5613762e+03   7.2560229e+02   1.0232076e+03   3.6586472e+03   8.4711761e+00   4.7430175e+00   3.5199628e+06
   4.5369382e+03   7.3129547e+02   1.0014372e+03   3.6576937e+03   8.4662290e+00   4.7405808e+00   3.0627542e+06
   4.5059977e+03   7.3686622e+02   9.7966686e+02   3.6565922e+03   8.4607680e+00   4.7380295e+00   2.6651257e+06
   4.4682421e+03   7.4231453e+02   9.5789649e+02   3.6553374e+03   8.4547634e+00   4.7353573e+00   2.3184989e+06
   4.4233306e+03   7.4764041e+02   9.3612611e+02   3.6539206e+03   8.4481787e+00   4.7325532e+00   2.0156776e+06
   4.3708914e+03   7.5284386e+02   9.1435574e+02   3.6523324e+03   8.4409732e+00   4.7296065e+00   1.7506082e+06
   4.3105182e+03   7.5792487e+02   8.9258536e+02   3.6505619e+03   8.4331147e+00   4.7265098e+00   1.5181839e+06
   4.2417655e+03   7.6288344e+02   8.7081499e+02   3.6485978e+03   8.4245551e+00   4.7232511e+00   1.3140863e+06
   4.1641441e+03   7.6771959e+02   8.4904461e+02   3.6464283e+03   8.4152301e+00   4.7198101e+00   1.1346549e+06
   4.0771152e+03   7.7243329e+02   8.2727424e+02   3.6440361e+03   8.4051033e+00   4.7161809e+00   9.7677990e+05
   3.9800846e+03   7.7702457e+02   8.0550386e+02   3.6414100e+03   8.3940988e+00   4.7123435e+00   8.3781415e+05
   3.8723945e+03   7.8149341e+02   7.8373349e+02   3.6385288e+03   8.3821536e+00   4.7082804e+00   7.1549947e+05
   3.7533151e+03   7.8583982e+02   7.6196311e+02   3.6353756e+03   8.3691728e+00   4.7039661e+00   6.0790568e+05
   3.6220346e+03   7.9006379e+02   7.4019274e+02   3.6319242e+03   8.2624172e+00   4.6469671e+00   5.1337911e+05
   3.4776468e+03   7.9416533e+02   7.1842236e+02   3.6202872e+03   8.1759272e+00   4.6017693e+00   4.3049921e+05
   3.3194812e+03   7.9814443e+02   6.9665199e+02   3.6100675e+03   7.9954933e+00   4.4690778e+00   3.5813271e+05
   3.1463923e+03   8.0200110e+02   6.7488161e+02   3.5523299e+03   7.9766873e+00   4.4629112e+00   2.9517222e+05
   2.9596432e+03   8.0573534e+02   6.5311124e+02   3.5471989e+03   7.9564649e+00   4.4563580e+00   2.4112794e+05
   2.7553479e+03   8.0934714e+02   6.3134087e+02   3.5416645e+03   7.9344103e+00   4.4492987e+00   1.9454152e+05
   2.5318944e+03   8.1283651e+02   6.0957049e+02   3.5356108e+03   7.9102921e+00   4.4416689e+00   1.5470100e+05
   2.2874482e+03   8.1620345e+02   5.8780012e+02   3.5289760e+03   7.8838703e+00   4.4334001e+00   1.2096611e+05
   2.0199081e+03   8.1944795e+02   5.6602974e+02   3.5216947e+03   7.8548312e+00   4.4244051e+00   9.2749997e+04
   1.7268558e+03   8.2257001e+02   5.4425937e+02   3.5136851e+03   7.8228394e+00   4.4145932e+00   6.9503612e+04
   1.4054942e+03   8.2556965e+02   5.2248899e+02   3.5048555e+03   7.7874509e+00   4.4038429e+00   5.0702330e+04
   1.0525696e+03   8.2844685e+02   5.0071862e+02   3.4950907e+03   7.5016060e+00   4.2394323e+00   3.5835212e+04
   6.6427620e+02   8.3120161e+02   4.7894824e+02   3.3949936e+03   7.4577527e+00   4.2251613e+00   2.4397690e+04
   2.4710210e+02   8.3383394e+02   4.5717787e+02   3.3819207e+03   7.3632035e+00   4.1747756e+00   1.6052835e+04
  -2.1376971e+02   8.3634384e+02   4.3540749e+02   3.3471288e+03   7.3115682e+00   4.1466465e+00   1.0036642e+04
  -7.2138114e+02   8.3873130e+02   4.1363712e+02   3.2894463e+03   7.3156029e+00   4.1608152e+00   5.9198816e+03
  -1.2787487e+03   8.4099633e+02   3.9186674e+02   3.2840386e+03   7.3208539e+00   4.1771705e+00   3.2674498e+03
  -1.9032816e+03   8.4313892e+02   3.7009637e+02   3.2784759e+03   7.3275513e+00   4.1962808e+00   1.6464721e+03
  -2.6067996e+03   8.4515909e+02   3.4832599e+02   3.2726085e+03   7.3358893e+00   4.2185718e+00   7.4082357e+02
  -3.4041203e+03   8.4705681e+02   3.2655562e+02   3.2663547e+03   7.3461103e+00   4.2445756e+00   2.8904824e+02
  -4.3140984e+03   8.4883210e+02   3.0478525e+02   3.2596111e+03   7.3585208e+00   4.2749676e+00   9.4021029e+01
  -5.3611003e+03   8.5048496e+02   2.8301487e+02   3.2522457e+03   7.3711136e+00   4.3094188e+00   2.4157362e+01
  -6.5771765e+03   8.5201539e+02   2.6124450e+02   3.2428860e+03   7.3793880e+00   4.3465660e+00   4.5458557e+00
  -8.0048203e+03   8.5342338e+02   2.3947412e+02   3.2287973e+03   7.3882607e+00   4.3900401e+00   5.6245358e-01
  -9.7010043e+03   8.5470894e+02   2.1770375e+02   3.2117931e+03   7.3980681e+00   4.4415834e+00   3.9103816e-02
  -1.1747125e+04   8.5587206e+02   1.9593337e+02   3.1911786e+03   7.4093035e+00   4.5036881e+00   1.1998242e-03
  -1.4261530e+04   8.5691275e+02   1.7416300e+02   3.1659674e+03   7.4226887e+00   4.5799793e+00   1.1067824e-05
  -1.7423221e+04   8.5783100e+02   1.5239262e+02   3.1347278e+03   7.4393200e+00   4.6759411e+00   1.6166826e-08
  -2.1516564e+04   8.5862682e+02   1.3062225e+02   3.0952963e+03   7.4609438e+00   4.8002869e+00   1.1975777e-12
  -2.7022509e+04   8.5930021e+02   1.0885187e+02   3.0442384e+03   7.4905182e+00   4.9677546e+00   5.0456810e-19
  -3.4824830e+04   8.5985116e+02   8.7081499e+01   2.9757474e+03   7.5334828e+00   5.2054275e+00   1.1363973e-29
  -4.6746248e+04   8.6027968e+02   6.5311124e+01   2.8791552e+03   7.6010587e+00   5.5691630e+00   1.3519936e-49
  -6.7256606e+04   8.6058577e+02   4.3540749e+01   2.7324605e+03   7.7207607e+00   6.1959394e+00   3.1903810e-94
  -1.1105858e+05   8.6076942e+02   2.1770375e+01   2.4817088e+03   7.9830683e+00   7.5363137e+00  2.3360188e-233
  -2.7019433e+05             NaN   0.0000000e+00   1.9494145e+03             NaN             NaN             NaN
  -2.7019433e+05             NaN   0.0000000e+00   8.0000000e+03             NaN             NaN   1.0000000e+04
             NaN             NaN   0.0000000e+00             NaN             NaN             NaN   1.0000000e+04
             NaN             NaN   0.0000000e+00             NaN             NaN             NaN   1.0000000e+04
             NaN             NaN   0.0000000e+00             NaN             NaN             NaN   1.0000000e+04
             NaN             NaN   0.0000000e+00             NaN             NaN             NaN   1.0000000e+04
             NaN             NaN   0.0000000e+00             NaN             NaN             NaN   1.0000000e+04
             NaN             NaN   0.0000000e+00             NaN             NaN             NaN   1.0000000e+04
             NaN             NaN   0.0000000e+00             NaN             NaN             NaN   1.0000000e+04
             NaN             NaN   0.0000000e+00             NaN             NaN             NaN   1.0000000e+04
             NaN             NaN   0.0000000e+00             NaN             NaN             NaN   1.0000000e+04
