P (MPa)		T (K)		r (km)		rho (kg m-3)	VP (km s-1)	VS (km s-1)	QS/gamma	KS (GPa)	GS (GPa)	k for 0.01 mol/kg MgSO4 (S m-1)	
0.00000e+00	1.10000e+02	2.41030e+03	9.31988e+02	3.87940e+00	1.96225e+00	1.54936e+04	9.24000e+00	3.58800e+00	0.00000e+00
1.63693e+00	1.25952e+02	2.40927e+03	9.31988e+02	3.88187e+00	1.96376e+00	4.24201e+03	9.24539e+00	3.59151e+00	0.00000e+00
3.27386e+00	1.44217e+02	2.40824e+03	9.32131e+02	3.88492e+00	1.96556e+00	1.36849e+03	9.25078e+00	3.59502e+00	0.00000e+00
4.91079e+00	1.65131e+02	2.40721e+03	9.32274e+02	3.88884e+00	1.96779e+00	5.09496e+02	9.25614e+00	3.59852e+00	0.00000e+00
6.54772e+00	1.89078e+02	2.40618e+03	9.32415e+02	3.89401e+00	1.97066e+00	2.14974e+02	9.26150e+00	3.60202e+00	0.00000e+00
8.18465e+00	2.16498e+02	2.40515e+03	9.32556e+02	3.90090e+00	1.97440e+00	1.01180e+02	9.26684e+00	3.60551e+00	0.00000e+00
9.82158e+00	2.47894e+02	2.40412e+03	9.32695e+02	3.90988e+00	1.97921e+00	5.23906e+01	9.27216e+00	3.60900e+00	0.00000e+00
1.14585e+01	2.47911e+02	2.40309e+03	9.32834e+02	3.91088e+00	1.97997e+00	5.23746e+01	9.27747e+00	3.61248e+00	0.00000e+00
1.30954e+01	2.47928e+02	2.40206e+03	9.32972e+02	3.91189e+00	1.98073e+00	5.23584e+01	9.28277e+00	3.61596e+00	0.00000e+00
1.47324e+01	2.47945e+02	2.40103e+03	9.33109e+02	3.91288e+00	1.98149e+00	5.23421e+01	9.28805e+00	3.61943e+00	0.00000e+00
1.63693e+01	2.47962e+02	2.40000e+03	9.33245e+02	3.91388e+00	1.98225e+00	5.23257e+01	9.29332e+00	3.62289e+00	0.00000e+00
1.80062e+01	2.47979e+02	2.39898e+03	9.33380e+02	3.91487e+00	1.98301e+00	5.23091e+01	9.29858e+00	3.62635e+00	0.00000e+00
1.96432e+01	2.47997e+02	2.39795e+03	9.33514e+02	3.91586e+00	1.98376e+00	5.22925e+01	9.30382e+00	3.62981e+00	0.00000e+00
2.12801e+01	2.48014e+02	2.39693e+03	9.33646e+02	3.91685e+00	1.98451e+00	5.22756e+01	9.30905e+00	3.63326e+00	0.00000e+00
2.29170e+01	2.48032e+02	2.39590e+03	9.33778e+02	3.91783e+00	1.98527e+00	5.22587e+01	9.31426e+00	3.63670e+00	0.00000e+00
2.45540e+01	2.48050e+02	2.39488e+03	9.33908e+02	3.91881e+00	1.98601e+00	5.22416e+01	9.31946e+00	3.64014e+00	0.00000e+00
2.61909e+01	2.48068e+02	2.39385e+03	9.34037e+02	3.91978e+00	1.98676e+00	5.22244e+01	9.32465e+00	3.64357e+00	0.00000e+00
2.78278e+01	2.48086e+02	2.39283e+03	9.34165e+02	3.92076e+00	1.98751e+00	5.22070e+01	9.32982e+00	3.64700e+00	0.00000e+00
2.94647e+01	2.48105e+02	2.39181e+03	9.34291e+02	3.92173e+00	1.98825e+00	5.21895e+01	9.33498e+00	3.65042e+00	0.00000e+00
3.11017e+01	2.48123e+02	2.39079e+03	9.34416e+02	3.92269e+00	1.98899e+00	5.21719e+01	9.34012e+00	3.65384e+00	0.00000e+00
3.27386e+01	2.48142e+02	2.38976e+03	9.34540e+02	3.92366e+00	1.98973e+00	5.21541e+01	9.34525e+00	3.65725e+00	0.00000e+00
3.43755e+01	2.48161e+02	2.38874e+03	9.34662e+02	3.92462e+00	1.99047e+00	5.21362e+01	9.35037e+00	3.66066e+00	0.00000e+00
3.60125e+01	2.48179e+02	2.38772e+03	9.34783e+02	3.92558e+00	1.99121e+00	5.21181e+01	9.35547e+00	3.66406e+00	0.00000e+00
3.76494e+01	2.48199e+02	2.38670e+03	9.34902e+02	3.92653e+00	1.99194e+00	5.21000e+01	9.36056e+00	3.66745e+00	0.00000e+00
3.92863e+01	2.48218e+02	2.38568e+03	9.35019e+02	3.92748e+00	1.99267e+00	5.20816e+01	9.36563e+00	3.67084e+00	0.00000e+00
4.09233e+01	2.48237e+02	2.38466e+03	9.35135e+02	3.92843e+00	1.99340e+00	5.20631e+01	9.37069e+00	3.67423e+00	0.00000e+00
4.25602e+01	2.48257e+02	2.38364e+03	9.35249e+02	3.92938e+00	1.99413e+00	5.20445e+01	9.37574e+00	3.67761e+00	0.00000e+00
4.41971e+01	2.48277e+02	2.38263e+03	9.35361e+02	3.93032e+00	1.99486e+00	5.20257e+01	9.38077e+00	3.68098e+00	0.00000e+00
4.58340e+01	2.48297e+02	2.38161e+03	9.35472e+02	3.93126e+00	1.99559e+00	5.20068e+01	9.38579e+00	3.68435e+00	0.00000e+00
4.74710e+01	2.48317e+02	2.38059e+03	9.35580e+02	3.93220e+00	1.99631e+00	5.19878e+01	9.39080e+00	3.68771e+00	0.00000e+00
4.91079e+01	2.48337e+02	2.37958e+03	9.35687e+02	3.93314e+00	1.99704e+00	5.19685e+01	9.39579e+00	3.69107e+00	0.00000e+00
5.07448e+01	2.48357e+02	2.37856e+03	9.35792e+02	3.93407e+00	1.99776e+00	5.19492e+01	9.40076e+00	3.69442e+00	0.00000e+00
5.23818e+01	2.48378e+02	2.37754e+03	9.35895e+02	3.93500e+00	1.99848e+00	5.19297e+01	9.40573e+00	3.69777e+00	0.00000e+00
5.40187e+01	2.48399e+02	2.37653e+03	9.35995e+02	3.93593e+00	1.99920e+00	5.19100e+01	9.41067e+00	3.70111e+00	0.00000e+00
5.56556e+01	2.48420e+02	2.37552e+03	9.36094e+02	3.93685e+00	1.99991e+00	5.18902e+01	9.41561e+00	3.70445e+00	0.00000e+00
5.72926e+01	2.48441e+02	2.37450e+03	9.36190e+02	3.93777e+00	2.00063e+00	5.18702e+01	9.42053e+00	3.70778e+00	0.00000e+00
5.89295e+01	2.48462e+02	2.37349e+03	9.36285e+02	3.93869e+00	2.00134e+00	5.18500e+01	9.42544e+00	3.71111e+00	0.00000e+00
6.05664e+01	2.48484e+02	2.37248e+03	9.36377e+02	3.93961e+00	2.00206e+00	5.18297e+01	9.43033e+00	3.71443e+00	0.00000e+00
6.22033e+01	2.48505e+02	2.37146e+03	9.36466e+02	3.94053e+00	2.00277e+00	5.18093e+01	9.43521e+00	3.71774e+00	0.00000e+00
6.38403e+01	2.48527e+02	2.37045e+03	9.36553e+02	3.94144e+00	2.00348e+00	5.17887e+01	9.44008e+00	3.72105e+00	0.00000e+00
6.54772e+01	2.48549e+02	2.36944e+03	9.36638e+02	3.94235e+00	2.00418e+00	5.17679e+01	9.44493e+00	3.72436e+00	0.00000e+00
6.71141e+01	2.48571e+02	2.36843e+03	9.36721e+02	3.94326e+00	2.00489e+00	5.17470e+01	9.44977e+00	3.72766e+00	0.00000e+00
6.87511e+01	2.48594e+02	2.36742e+03	9.36800e+02	3.94416e+00	2.00560e+00	5.17259e+01	9.45459e+00	3.73095e+00	0.00000e+00
7.03880e+01	2.48616e+02	2.36641e+03	9.36877e+02	3.94507e+00	2.00630e+00	5.17046e+01	9.45940e+00	3.73424e+00	0.00000e+00
7.20249e+01	2.48639e+02	2.36540e+03	9.36952e+02	3.94597e+00	2.00700e+00	5.16832e+01	9.46419e+00	3.73752e+00	0.00000e+00
7.36619e+01	2.48662e+02	2.36439e+03	9.37023e+02	3.94687e+00	2.00771e+00	5.16616e+01	9.46898e+00	3.74080e+00	0.00000e+00
7.52988e+01	2.48685e+02	2.36338e+03	9.37092e+02	3.94777e+00	2.00841e+00	5.16398e+01	9.47374e+00	3.74407e+00	0.00000e+00
7.69357e+01	2.48709e+02	2.36237e+03	9.37158e+02	3.94866e+00	2.00911e+00	5.16179e+01	9.47850e+00	3.74734e+00	0.00000e+00
7.85727e+01	2.48732e+02	2.36137e+03	9.37221e+02	3.94955e+00	2.00980e+00	5.15958e+01	9.48324e+00	3.75060e+00	0.00000e+00
8.02096e+01	2.48756e+02	2.36036e+03	9.37281e+02	3.95044e+00	2.01050e+00	5.15735e+01	9.48796e+00	3.75386e+00	0.00000e+00
8.18465e+01	2.48780e+02	2.35935e+03	9.37338e+02	3.95133e+00	2.01119e+00	5.15511e+01	9.49268e+00	3.75711e+00	0.00000e+00
8.34834e+01	2.48804e+02	2.35835e+03	9.37392e+02	3.95222e+00	2.01189e+00	5.15285e+01	9.49737e+00	3.76035e+00	0.00000e+00
8.51204e+01	2.48828e+02	2.35734e+03	9.37443e+02	3.95310e+00	2.01258e+00	5.15057e+01	9.50206e+00	3.76359e+00	0.00000e+00
8.67573e+01	2.48853e+02	2.35633e+03	9.37490e+02	3.95399e+00	2.01327e+00	5.14827e+01	9.50673e+00	3.76683e+00	0.00000e+00
8.83942e+01	2.48878e+02	2.35533e+03	9.37534e+02	3.95487e+00	2.01396e+00	5.14596e+01	9.51139e+00	3.77006e+00	0.00000e+00
9.00312e+01	2.48903e+02	2.35433e+03	9.37575e+02	3.95575e+00	2.01465e+00	5.14362e+01	9.51603e+00	3.77328e+00	0.00000e+00
9.16681e+01	2.48928e+02	2.35332e+03	9.37612e+02	3.95662e+00	2.01534e+00	5.14127e+01	9.52066e+00	3.77650e+00	0.00000e+00
9.33050e+01	2.48953e+02	2.35232e+03	9.37646e+02	3.95750e+00	2.01603e+00	5.13890e+01	9.52527e+00	3.77971e+00	0.00000e+00
9.49420e+01	2.48979e+02	2.35132e+03	9.37676e+02	3.95837e+00	2.01671e+00	5.13652e+01	9.52987e+00	3.78292e+00	0.00000e+00
9.65789e+01	2.49005e+02	2.35031e+03	9.37702e+02	3.95924e+00	2.01740e+00	5.13411e+01	9.53446e+00	3.78612e+00	0.00000e+00
9.82158e+01	2.49031e+02	2.34931e+03	9.37725e+02	3.96011e+00	2.01808e+00	5.13169e+01	9.53903e+00	3.78932e+00	0.00000e+00
9.98527e+01	2.49057e+02	2.34831e+03	9.37744e+02	3.96098e+00	2.01876e+00	5.12925e+01	9.54359e+00	3.79251e+00	0.00000e+00
1.01490e+02	2.49083e+02	2.34731e+03	9.37759e+02	3.96185e+00	2.01945e+00	5.12678e+01	9.54814e+00	3.79570e+00	0.00000e+00
1.03127e+02	2.49110e+02	2.34631e+03	9.37770e+02	3.96271e+00	2.02013e+00	5.12430e+01	9.55267e+00	3.79888e+00	0.00000e+00
1.04764e+02	2.49137e+02	2.34531e+03	9.37777e+02	3.96357e+00	2.02081e+00	5.12180e+01	9.55718e+00	3.80206e+00	0.00000e+00
1.06400e+02	2.49164e+02	2.34431e+03	9.37780e+02	3.96443e+00	2.02148e+00	5.11929e+01	9.56169e+00	3.80523e+00	0.00000e+00
1.08037e+02	2.49191e+02	2.34331e+03	9.37779e+02	3.96529e+00	2.02216e+00	5.11675e+01	9.56618e+00	3.80839e+00	0.00000e+00
1.09674e+02	2.49219e+02	2.34231e+03	9.37774e+02	3.96615e+00	2.02284e+00	5.11419e+01	9.57065e+00	3.81155e+00	0.00000e+00
1.11311e+02	2.49247e+02	2.34131e+03	9.37764e+02	3.96700e+00	2.02351e+00	5.11161e+01	9.57511e+00	3.81471e+00	0.00000e+00
1.12948e+02	2.49275e+02	2.34031e+03	9.37750e+02	3.96786e+00	2.02419e+00	5.10902e+01	9.57956e+00	3.81786e+00	0.00000e+00
1.14585e+02	2.49303e+02	2.33931e+03	9.37732e+02	3.96871e+00	2.02486e+00	5.10640e+01	9.58399e+00	3.82100e+00	0.00000e+00
1.16222e+02	2.49332e+02	2.33831e+03	9.37710e+02	3.96956e+00	2.02553e+00	5.10376e+01	9.58841e+00	3.82414e+00	0.00000e+00
1.17859e+02	2.49361e+02	2.33732e+03	9.37682e+02	3.97041e+00	2.02620e+00	5.10111e+01	9.59282e+00	3.82727e+00	0.00000e+00
1.19496e+02	2.49390e+02	2.33632e+03	9.37651e+02	3.97126e+00	2.02687e+00	5.09843e+01	9.59721e+00	3.83040e+00	0.00000e+00
1.21133e+02	2.49419e+02	2.33532e+03	9.37614e+02	3.97211e+00	2.02754e+00	5.09573e+01	9.60159e+00	3.83352e+00	0.00000e+00
1.22770e+02	2.49448e+02	2.33433e+03	9.37573e+02	3.97295e+00	2.02821e+00	5.09301e+01	9.60595e+00	3.83664e+00	0.00000e+00
1.24407e+02	2.49478e+02	2.33333e+03	9.37528e+02	3.97379e+00	2.02888e+00	5.09028e+01	9.61030e+00	3.83975e+00	0.00000e+00
1.26044e+02	2.49508e+02	2.33234e+03	9.37477e+02	3.97464e+00	2.02954e+00	5.08752e+01	9.61464e+00	3.84285e+00	0.00000e+00
1.27681e+02	2.49538e+02	2.33134e+03	9.37422e+02	3.97548e+00	2.03021e+00	5.08474e+01	9.61896e+00	3.84596e+00	0.00000e+00
1.29317e+02	2.49569e+02	2.33035e+03	9.37362e+02	3.97632e+00	2.03088e+00	5.08193e+01	9.62327e+00	3.84905e+00	0.00000e+00
1.30954e+02	2.49600e+02	2.32935e+03	9.37297e+02	3.97715e+00	2.03154e+00	5.07911e+01	9.62756e+00	3.85214e+00	0.00000e+00
1.32591e+02	2.49631e+02	2.32836e+03	9.37227e+02	3.97799e+00	2.03220e+00	5.07627e+01	9.63184e+00	3.85523e+00	0.00000e+00
1.34228e+02	2.49662e+02	2.32736e+03	9.37152e+02	3.97882e+00	2.03286e+00	5.07340e+01	9.63611e+00	3.85831e+00	0.00000e+00
1.35865e+02	2.49693e+02	2.32637e+03	9.37073e+02	3.97966e+00	2.03353e+00	5.07051e+01	9.64036e+00	3.86138e+00	0.00000e+00
1.37502e+02	2.49725e+02	2.32538e+03	9.36988e+02	3.98049e+00	2.03419e+00	5.06760e+01	9.64460e+00	3.86445e+00	0.00000e+00
1.39139e+02	2.49757e+02	2.32438e+03	9.36898e+02	3.98132e+00	2.03485e+00	5.06467e+01	9.64882e+00	3.86751e+00	0.00000e+00
1.40776e+02	2.49790e+02	2.32339e+03	9.36803e+02	3.98215e+00	2.03550e+00	5.06172e+01	9.65303e+00	3.87057e+00	0.00000e+00
1.42413e+02	2.49822e+02	2.32240e+03	9.36703e+02	3.98298e+00	2.03616e+00	5.05874e+01	9.65723e+00	3.87362e+00	0.00000e+00
1.44050e+02	2.49855e+02	2.32141e+03	9.36599e+02	3.98380e+00	2.03682e+00	5.05574e+01	9.66141e+00	3.87667e+00	0.00000e+00
1.45687e+02	2.49888e+02	2.32041e+03	9.36489e+02	3.98463e+00	2.03747e+00	5.05272e+01	9.66558e+00	3.87971e+00	0.00000e+00
1.47324e+02	2.49922e+02	2.31942e+03	9.36374e+02	3.98545e+00	2.03813e+00	5.04967e+01	9.66974e+00	3.88275e+00	0.00000e+00
1.48961e+02	2.49956e+02	2.31843e+03	9.36254e+02	3.98628e+00	2.03878e+00	5.04661e+01	9.67388e+00	3.88578e+00	0.00000e+00
1.50598e+02	2.49990e+02	2.31744e+03	9.36130e+02	3.98710e+00	2.03944e+00	5.04352e+01	9.67800e+00	3.88880e+00	0.00000e+00
1.52235e+02	2.50024e+02	2.31645e+03	9.36000e+02	3.98792e+00	2.04009e+00	5.04040e+01	9.68212e+00	3.89182e+00	0.00000e+00
1.53871e+02	2.50058e+02	2.31546e+03	9.35865e+02	3.98874e+00	2.04074e+00	5.03727e+01	9.68622e+00	3.89484e+00	0.00000e+00
1.55508e+02	2.50093e+02	2.31447e+03	9.35726e+02	3.98955e+00	2.04139e+00	5.03411e+01	9.69030e+00	3.89785e+00	0.00000e+00
1.57145e+02	2.50129e+02	2.31348e+03	9.35582e+02	3.99037e+00	2.04205e+00	5.03092e+01	9.69437e+00	3.90085e+00	0.00000e+00
1.58782e+02	2.50164e+02	2.31249e+03	9.35433e+02	3.99119e+00	2.04270e+00	5.02771e+01	9.69843e+00	3.90385e+00	0.00000e+00
1.60419e+02	2.55643e+02	2.31150e+03	9.35003e+02	3.99352e+00	2.04412e+00	4.56569e+01	9.70247e+00	3.90685e+00	0.00000e+00
1.62056e+02	2.55700e+02	2.31051e+03	9.35122e+02	3.99434e+00	2.04477e+00	4.56125e+01	9.70650e+00	3.90983e+00	0.00000e+00
1.63918e+02	2.55707e+02	2.30962e+03	1.16974e+03	1.78537e+00	0.00000e+00	0.00000e+00	3.72861e+00	0.00000e+00	3.36324e-02
1.65780e+02	2.55715e+02	2.30872e+03	1.17032e+03	1.78864e+00	0.00000e+00	0.00000e+00	3.74414e+00	0.00000e+00	3.36688e-02
1.67642e+02	2.55723e+02	2.30782e+03	1.17090e+03	1.79190e+00	0.00000e+00	0.00000e+00	3.75965e+00	0.00000e+00	3.37055e-02
1.69504e+02	2.55731e+02	2.30692e+03	1.17148e+03	1.79514e+00	0.00000e+00	0.00000e+00	3.77514e+00	0.00000e+00	3.37425e-02
1.71367e+02	2.55739e+02	2.30603e+03	1.17205e+03	1.79838e+00	0.00000e+00	0.00000e+00	3.79062e+00	0.00000e+00	3.37797e-02
1.73229e+02	2.55748e+02	2.30513e+03	1.17263e+03	1.80161e+00	0.00000e+00	0.00000e+00	3.80609e+00	0.00000e+00	3.38171e-02
1.75091e+02	2.55757e+02	2.30424e+03	1.17320e+03	1.80482e+00	0.00000e+00	0.00000e+00	3.82154e+00	0.00000e+00	3.38548e-02
1.76953e+02	2.55765e+02	2.30334e+03	1.17377e+03	1.80802e+00	0.00000e+00	0.00000e+00	3.83698e+00	0.00000e+00	3.38928e-02
1.78815e+02	2.55774e+02	2.30245e+03	1.17433e+03	1.81122e+00	0.00000e+00	0.00000e+00	3.85241e+00	0.00000e+00	3.39311e-02
1.80677e+02	2.55784e+02	2.30155e+03	1.17490e+03	1.81440e+00	0.00000e+00	0.00000e+00	3.86782e+00	0.00000e+00	3.39695e-02
1.82539e+02	2.55793e+02	2.30066e+03	1.17546e+03	1.81757e+00	0.00000e+00	0.00000e+00	3.88321e+00	0.00000e+00	3.40083e-02
1.84401e+02	2.55803e+02	2.29977e+03	1.17602e+03	1.82073e+00	0.00000e+00	0.00000e+00	3.89859e+00	0.00000e+00	3.40473e-02
1.86263e+02	2.55813e+02	2.29888e+03	1.17658e+03	1.82388e+00	0.00000e+00	0.00000e+00	3.91396e+00	0.00000e+00	3.40866e-02
1.88125e+02	2.55823e+02	2.29799e+03	1.17714e+03	1.82702e+00	0.00000e+00	0.00000e+00	3.92931e+00	0.00000e+00	3.41261e-02
1.89988e+02	2.55833e+02	2.29710e+03	1.17770e+03	1.83015e+00	0.00000e+00	0.00000e+00	3.94465e+00	0.00000e+00	3.41659e-02
1.91850e+02	2.55843e+02	2.29621e+03	1.17825e+03	1.83328e+00	0.00000e+00	0.00000e+00	3.95998e+00	0.00000e+00	3.42060e-02
1.93712e+02	2.55854e+02	2.29532e+03	1.17880e+03	1.83639e+00	0.00000e+00	0.00000e+00	3.97529e+00	0.00000e+00	3.42463e-02
1.95574e+02	2.55864e+02	2.29444e+03	1.17935e+03	1.83949e+00	0.00000e+00	0.00000e+00	3.99059e+00	0.00000e+00	3.42869e-02
1.97436e+02	2.55875e+02	2.29355e+03	1.17990e+03	1.84258e+00	0.00000e+00	0.00000e+00	4.00587e+00	0.00000e+00	3.43278e-02
1.99298e+02	2.55886e+02	2.29266e+03	1.18045e+03	1.84566e+00	0.00000e+00	0.00000e+00	4.02114e+00	0.00000e+00	3.43689e-02
2.01160e+02	2.55898e+02	2.29178e+03	1.18099e+03	1.84873e+00	0.00000e+00	0.00000e+00	4.03640e+00	0.00000e+00	3.44103e-02
2.03022e+02	2.55909e+02	2.29089e+03	1.18153e+03	1.85179e+00	0.00000e+00	0.00000e+00	4.05164e+00	0.00000e+00	3.44520e-02
2.04884e+02	2.55920e+02	2.29001e+03	1.18207e+03	1.85484e+00	0.00000e+00	0.00000e+00	4.06687e+00	0.00000e+00	3.44939e-02
2.06746e+02	2.55932e+02	2.28912e+03	1.18261e+03	1.85789e+00	0.00000e+00	0.00000e+00	4.08208e+00	0.00000e+00	3.45361e-02
2.08609e+02	2.55944e+02	2.28824e+03	1.18315e+03	1.86092e+00	0.00000e+00	0.00000e+00	4.09729e+00	0.00000e+00	3.45785e-02
2.10471e+02	2.55956e+02	2.28736e+03	1.18369e+03	1.86395e+00	0.00000e+00	0.00000e+00	4.11248e+00	0.00000e+00	3.46212e-02
2.12333e+02	2.55968e+02	2.28648e+03	1.18422e+03	1.86696e+00	0.00000e+00	0.00000e+00	4.12766e+00	0.00000e+00	3.46642e-02
2.14195e+02	2.55981e+02	2.28560e+03	1.18475e+03	1.86997e+00	0.00000e+00	0.00000e+00	4.14283e+00	0.00000e+00	3.47073e-02
2.16057e+02	2.55993e+02	2.28472e+03	1.18529e+03	1.87297e+00	0.00000e+00	0.00000e+00	4.15798e+00	0.00000e+00	3.47508e-02
2.17919e+02	2.56006e+02	2.28384e+03	1.18581e+03	1.87595e+00	0.00000e+00	0.00000e+00	4.17312e+00	0.00000e+00	3.47944e-02
2.19781e+02	2.56019e+02	2.28296e+03	1.18634e+03	1.87893e+00	0.00000e+00	0.00000e+00	4.18825e+00	0.00000e+00	3.48383e-02
2.21643e+02	2.56032e+02	2.28208e+03	1.18687e+03	1.88191e+00	0.00000e+00	0.00000e+00	4.20337e+00	0.00000e+00	3.48824e-02
2.23505e+02	2.56045e+02	2.28120e+03	1.18739e+03	1.88487e+00	0.00000e+00	0.00000e+00	4.21848e+00	0.00000e+00	3.49267e-02
2.25367e+02	2.56058e+02	2.28032e+03	1.18791e+03	1.88782e+00	0.00000e+00	0.00000e+00	4.23357e+00	0.00000e+00	3.49713e-02
2.27230e+02	2.56072e+02	2.27945e+03	1.18844e+03	1.89077e+00	0.00000e+00	0.00000e+00	4.24865e+00	0.00000e+00	3.50160e-02
2.29092e+02	2.56085e+02	2.27857e+03	1.18895e+03	1.89370e+00	0.00000e+00	0.00000e+00	4.26371e+00	0.00000e+00	3.50610e-02
2.30954e+02	2.56099e+02	2.27770e+03	1.18947e+03	1.89663e+00	0.00000e+00	0.00000e+00	4.27876e+00	0.00000e+00	3.51062e-02
2.32816e+02	2.56113e+02	2.27682e+03	1.18999e+03	1.89954e+00	0.00000e+00	0.00000e+00	4.29379e+00	0.00000e+00	3.51516e-02
2.34678e+02	2.56127e+02	2.27595e+03	1.19050e+03	1.90245e+00	0.00000e+00	0.00000e+00	4.30881e+00	0.00000e+00	3.51972e-02
2.36540e+02	2.56141e+02	2.27507e+03	1.19102e+03	1.90535e+00	0.00000e+00	0.00000e+00	4.32380e+00	0.00000e+00	3.52429e-02
2.38402e+02	2.56155e+02	2.27420e+03	1.19153e+03	1.90823e+00	0.00000e+00	0.00000e+00	4.33877e+00	0.00000e+00	3.52889e-02
2.40264e+02	2.56170e+02	2.27333e+03	1.19204e+03	1.91111e+00	0.00000e+00	0.00000e+00	4.35371e+00	0.00000e+00	3.53351e-02
2.42126e+02	2.56184e+02	2.27246e+03	1.19255e+03	1.91397e+00	0.00000e+00	0.00000e+00	4.36863e+00	0.00000e+00	3.53815e-02
2.43988e+02	2.56199e+02	2.27159e+03	1.19305e+03	1.91682e+00	0.00000e+00	0.00000e+00	4.38351e+00	0.00000e+00	3.54280e-02
2.45850e+02	2.56214e+02	2.27072e+03	1.19356e+03	1.91966e+00	0.00000e+00	0.00000e+00	4.39836e+00	0.00000e+00	3.54748e-02
2.47713e+02	2.56229e+02	2.26985e+03	1.19406e+03	1.92248e+00	0.00000e+00	0.00000e+00	4.41317e+00	0.00000e+00	3.55217e-02
2.49575e+02	2.56244e+02	2.26898e+03	1.19457e+03	1.92529e+00	0.00000e+00	0.00000e+00	4.42795e+00	0.00000e+00	3.55689e-02
2.51437e+02	2.56259e+02	2.26811e+03	1.19507e+03	1.92809e+00	0.00000e+00	0.00000e+00	4.44268e+00	0.00000e+00	3.56162e-02
2.53299e+02	2.56274e+02	2.26724e+03	1.19557e+03	1.93087e+00	0.00000e+00	0.00000e+00	4.45737e+00	0.00000e+00	3.56637e-02
2.55161e+02	2.56290e+02	2.26637e+03	1.19607e+03	1.93363e+00	0.00000e+00	0.00000e+00	4.47201e+00	0.00000e+00	3.57113e-02
2.57023e+02	2.56305e+02	2.26551e+03	1.19656e+03	1.93638e+00	0.00000e+00	0.00000e+00	4.48661e+00	0.00000e+00	3.57592e-02
2.58885e+02	2.56321e+02	2.26464e+03	1.19706e+03	1.93912e+00	0.00000e+00	0.00000e+00	4.50117e+00	0.00000e+00	3.58072e-02
2.60747e+02	2.56337e+02	2.26378e+03	1.19755e+03	1.94185e+00	0.00000e+00	0.00000e+00	4.51569e+00	0.00000e+00	3.58554e-02
2.62609e+02	2.56353e+02	2.26291e+03	1.19804e+03	1.94456e+00	0.00000e+00	0.00000e+00	4.53017e+00	0.00000e+00	3.59038e-02
2.64471e+02	2.56369e+02	2.26205e+03	1.19854e+03	1.94725e+00	0.00000e+00	0.00000e+00	4.54461e+00	0.00000e+00	3.59524e-02
2.66334e+02	2.56386e+02	2.26118e+03	1.19903e+03	1.94994e+00	0.00000e+00	0.00000e+00	4.55902e+00	0.00000e+00	3.60011e-02
2.68196e+02	2.56402e+02	2.26032e+03	1.19951e+03	1.95261e+00	0.00000e+00	0.00000e+00	4.57339e+00	0.00000e+00	3.60500e-02
2.70058e+02	2.56418e+02	2.25946e+03	1.20000e+03	1.95528e+00	0.00000e+00	0.00000e+00	4.58774e+00	0.00000e+00	3.60991e-02
2.71920e+02	2.56435e+02	2.25860e+03	1.20049e+03	1.95793e+00	0.00000e+00	0.00000e+00	4.60206e+00	0.00000e+00	3.61484e-02
2.73782e+02	2.56452e+02	2.25773e+03	1.20097e+03	1.96057e+00	0.00000e+00	0.00000e+00	4.61636e+00	0.00000e+00	3.61978e-02
2.75644e+02	2.56469e+02	2.25687e+03	1.20146e+03	1.96321e+00	0.00000e+00	0.00000e+00	4.63063e+00	0.00000e+00	3.62474e-02
2.77506e+02	2.56486e+02	2.25601e+03	1.20194e+03	1.96583e+00	0.00000e+00	0.00000e+00	4.64489e+00	0.00000e+00	3.62971e-02
2.79368e+02	2.56503e+02	2.25515e+03	1.20242e+03	1.96845e+00	0.00000e+00	0.00000e+00	4.65912e+00	0.00000e+00	3.63471e-02
2.81230e+02	2.56520e+02	2.25429e+03	1.20290e+03	1.97105e+00	0.00000e+00	0.00000e+00	4.67333e+00	0.00000e+00	3.63971e-02
2.83092e+02	2.56538e+02	2.25344e+03	1.20338e+03	1.97365e+00	0.00000e+00	0.00000e+00	4.68752e+00	0.00000e+00	3.64474e-02
2.84955e+02	2.56555e+02	2.25258e+03	1.20385e+03	1.97624e+00	0.00000e+00	0.00000e+00	4.70170e+00	0.00000e+00	3.64978e-02
2.86817e+02	2.56573e+02	2.25172e+03	1.20433e+03	1.97882e+00	0.00000e+00	0.00000e+00	4.71584e+00	0.00000e+00	3.65483e-02
2.88679e+02	2.56590e+02	2.25086e+03	1.20480e+03	1.98139e+00	0.00000e+00	0.00000e+00	4.72997e+00	0.00000e+00	3.65991e-02
2.90541e+02	2.56608e+02	2.25001e+03	1.20528e+03	1.98395e+00	0.00000e+00	0.00000e+00	4.74407e+00	0.00000e+00	3.66499e-02
2.92403e+02	2.56626e+02	2.24915e+03	1.20575e+03	1.98651e+00	0.00000e+00	0.00000e+00	4.75814e+00	0.00000e+00	3.67010e-02
2.94265e+02	2.56644e+02	2.24830e+03	1.20622e+03	1.98905e+00	0.00000e+00	0.00000e+00	4.77218e+00	0.00000e+00	3.67521e-02
2.96127e+02	2.56663e+02	2.24744e+03	1.20669e+03	1.99158e+00	0.00000e+00	0.00000e+00	4.78618e+00	0.00000e+00	3.68035e-02
2.97989e+02	2.56681e+02	2.24659e+03	1.20716e+03	1.99409e+00	0.00000e+00	0.00000e+00	4.80016e+00	0.00000e+00	3.68550e-02
2.99851e+02	2.56699e+02	2.24574e+03	1.20763e+03	1.99660e+00	0.00000e+00	0.00000e+00	4.81410e+00	0.00000e+00	3.69066e-02
3.01713e+02	2.56718e+02	2.24488e+03	1.20809e+03	1.99910e+00	0.00000e+00	0.00000e+00	4.82801e+00	0.00000e+00	3.69584e-02
3.03576e+02	2.56737e+02	2.24403e+03	1.20856e+03	2.00158e+00	0.00000e+00	0.00000e+00	4.84188e+00	0.00000e+00	3.70103e-02
3.05438e+02	2.56755e+02	2.24318e+03	1.20902e+03	2.00405e+00	0.00000e+00	0.00000e+00	4.85572e+00	0.00000e+00	3.70624e-02
3.07300e+02	2.56774e+02	2.24233e+03	1.20949e+03	2.00652e+00	0.00000e+00	0.00000e+00	4.86953e+00	0.00000e+00	3.71146e-02
3.09162e+02	2.56793e+02	2.24148e+03	1.20995e+03	2.00897e+00	0.00000e+00	0.00000e+00	4.88331e+00	0.00000e+00	3.71669e-02
3.11024e+02	2.56812e+02	2.24063e+03	1.21041e+03	2.01142e+00	0.00000e+00	0.00000e+00	4.89707e+00	0.00000e+00	3.72193e-02
3.12886e+02	2.56832e+02	2.23978e+03	1.21087e+03	2.01386e+00	0.00000e+00	0.00000e+00	4.91081e+00	0.00000e+00	3.72719e-02
3.14748e+02	2.56851e+02	2.23893e+03	1.21133e+03	2.01628e+00	0.00000e+00	0.00000e+00	4.92453e+00	0.00000e+00	3.73246e-02
3.16610e+02	2.56870e+02	2.23808e+03	1.21178e+03	2.01871e+00	0.00000e+00	0.00000e+00	4.93824e+00	0.00000e+00	3.73775e-02
3.18472e+02	2.56890e+02	2.23724e+03	1.21224e+03	2.02112e+00	0.00000e+00	0.00000e+00	4.95194e+00	0.00000e+00	3.74304e-02
3.20334e+02	2.56909e+02	2.23639e+03	1.21270e+03	2.02354e+00	0.00000e+00	0.00000e+00	4.96563e+00	0.00000e+00	3.74835e-02
3.22196e+02	2.56929e+02	2.23554e+03	1.21315e+03	2.02594e+00	0.00000e+00	0.00000e+00	4.97931e+00	0.00000e+00	3.75367e-02
3.24059e+02	2.56949e+02	2.23470e+03	1.21360e+03	2.02835e+00	0.00000e+00	0.00000e+00	4.99299e+00	0.00000e+00	3.75899e-02
3.25921e+02	2.56969e+02	2.23385e+03	1.21406e+03	2.03075e+00	0.00000e+00	0.00000e+00	5.00667e+00	0.00000e+00	3.76433e-02
3.27783e+02	2.56989e+02	2.23301e+03	1.21451e+03	2.03314e+00	0.00000e+00	0.00000e+00	5.02036e+00	0.00000e+00	3.76968e-02
3.29645e+02	2.57009e+02	2.23216e+03	1.21496e+03	2.03553e+00	0.00000e+00	0.00000e+00	5.03404e+00	0.00000e+00	3.77504e-02
3.31507e+02	2.57029e+02	2.23132e+03	1.21540e+03	2.03792e+00	0.00000e+00	0.00000e+00	5.04773e+00	0.00000e+00	3.78040e-02
3.33369e+02	2.57050e+02	2.23048e+03	1.21585e+03	2.04031e+00	0.00000e+00	0.00000e+00	5.06142e+00	0.00000e+00	3.78578e-02
3.35231e+02	2.57070e+02	2.22963e+03	1.21630e+03	2.04269e+00	0.00000e+00	0.00000e+00	5.07512e+00	0.00000e+00	3.79116e-02
3.37093e+02	2.57091e+02	2.22879e+03	1.21674e+03	2.04507e+00	0.00000e+00	0.00000e+00	5.08882e+00	0.00000e+00	3.79656e-02
3.38955e+02	2.57112e+02	2.22795e+03	1.21719e+03	2.04745e+00	0.00000e+00	0.00000e+00	5.10253e+00	0.00000e+00	3.80196e-02
3.40817e+02	2.57132e+02	2.22711e+03	1.21763e+03	2.04983e+00	0.00000e+00	0.00000e+00	5.11624e+00	0.00000e+00	3.80737e-02
3.42680e+02	2.57153e+02	2.22627e+03	1.21808e+03	2.05220e+00	0.00000e+00	0.00000e+00	5.12997e+00	0.00000e+00	3.81279e-02
3.44542e+02	2.57174e+02	2.22543e+03	1.21852e+03	2.05457e+00	0.00000e+00	0.00000e+00	5.14370e+00	0.00000e+00	3.81821e-02
3.46404e+02	2.57195e+02	2.22459e+03	1.21896e+03	2.05694e+00	0.00000e+00	0.00000e+00	5.15743e+00	0.00000e+00	3.82365e-02
3.48266e+02	2.57217e+02	2.22375e+03	1.21940e+03	2.05931e+00	0.00000e+00	0.00000e+00	5.17118e+00	0.00000e+00	3.82909e-02
3.50128e+02	2.57238e+02	2.22291e+03	1.21984e+03	2.06168e+00	0.00000e+00	0.00000e+00	5.18493e+00	0.00000e+00	3.83453e-02
3.51990e+02	2.57259e+02	2.22207e+03	1.22027e+03	2.06404e+00	0.00000e+00	0.00000e+00	5.19869e+00	0.00000e+00	3.83998e-02
3.53852e+02	2.57281e+02	2.22124e+03	1.22071e+03	2.06640e+00	0.00000e+00	0.00000e+00	5.21245e+00	0.00000e+00	3.84544e-02
3.55714e+02	2.57302e+02	2.22040e+03	1.22115e+03	2.06876e+00	0.00000e+00	0.00000e+00	5.22623e+00	0.00000e+00	3.85091e-02
3.57576e+02	2.57324e+02	2.21956e+03	1.22158e+03	2.07112e+00	0.00000e+00	0.00000e+00	5.24001e+00	0.00000e+00	3.85638e-02
3.59438e+02	2.57346e+02	2.21873e+03	1.22201e+03	2.07347e+00	0.00000e+00	0.00000e+00	5.25380e+00	0.00000e+00	3.86185e-02
3.61301e+02	2.57368e+02	2.21789e+03	1.22245e+03	2.07583e+00	0.00000e+00	0.00000e+00	5.26760e+00	0.00000e+00	3.86733e-02
3.63163e+02	2.57390e+02	2.21706e+03	1.22288e+03	2.07818e+00	0.00000e+00	0.00000e+00	5.28140e+00	0.00000e+00	3.87281e-02
3.65025e+02	2.57412e+02	2.21623e+03	1.22331e+03	2.08053e+00	0.00000e+00	0.00000e+00	5.29521e+00	0.00000e+00	3.87830e-02
3.66887e+02	2.57434e+02	2.21539e+03	1.22374e+03	2.08287e+00	0.00000e+00	0.00000e+00	5.30903e+00	0.00000e+00	3.88379e-02
3.68749e+02	2.57456e+02	2.21456e+03	1.22417e+03	2.08522e+00	0.00000e+00	0.00000e+00	5.32285e+00	0.00000e+00	3.88929e-02
3.70611e+02	2.57479e+02	2.21373e+03	1.22459e+03	2.08756e+00	0.00000e+00	0.00000e+00	5.33668e+00	0.00000e+00	3.89478e-02
3.72473e+02	2.57501e+02	2.21289e+03	1.22502e+03	2.08990e+00	0.00000e+00	0.00000e+00	5.35052e+00	0.00000e+00	3.90028e-02
3.74335e+02	2.57524e+02	2.21206e+03	1.22545e+03	2.09224e+00	0.00000e+00	0.00000e+00	5.36436e+00	0.00000e+00	3.90578e-02
3.76197e+02	2.57547e+02	2.21123e+03	1.22587e+03	2.09458e+00	0.00000e+00	0.00000e+00	5.37821e+00	0.00000e+00	3.91129e-02
3.78059e+02	2.57569e+02	2.21040e+03	1.22630e+03	2.09691e+00	0.00000e+00	0.00000e+00	5.39207e+00	0.00000e+00	3.91679e-02
3.79922e+02	2.57592e+02	2.20957e+03	1.22672e+03	2.09924e+00	0.00000e+00	0.00000e+00	5.40593e+00	0.00000e+00	3.92230e-02
3.81784e+02	2.57615e+02	2.20874e+03	1.22714e+03	2.10157e+00	0.00000e+00	0.00000e+00	5.41979e+00	0.00000e+00	3.92780e-02
3.83646e+02	2.57638e+02	2.20791e+03	1.22756e+03	2.10390e+00	0.00000e+00	0.00000e+00	5.43367e+00	0.00000e+00	3.93331e-02
3.85508e+02	2.57662e+02	2.20709e+03	1.22798e+03	2.10622e+00	0.00000e+00	0.00000e+00	5.44755e+00	0.00000e+00	3.93881e-02
3.87370e+02	2.57685e+02	2.20626e+03	1.22840e+03	2.10855e+00	0.00000e+00	0.00000e+00	5.46143e+00	0.00000e+00	3.94431e-02
3.89232e+02	2.57708e+02	2.20543e+03	1.22882e+03	2.11087e+00	0.00000e+00	0.00000e+00	5.47532e+00	0.00000e+00	3.94982e-02
3.91094e+02	2.57732e+02	2.20460e+03	1.22924e+03	2.11318e+00	0.00000e+00	0.00000e+00	5.48921e+00	0.00000e+00	3.95532e-02
3.92956e+02	2.57755e+02	2.20378e+03	1.22965e+03	2.11550e+00	0.00000e+00	0.00000e+00	5.50311e+00	0.00000e+00	3.96082e-02
3.94818e+02	2.57779e+02	2.20295e+03	1.23007e+03	2.11781e+00	0.00000e+00	0.00000e+00	5.51702e+00	0.00000e+00	3.96631e-02
3.96680e+02	2.57802e+02	2.20213e+03	1.23048e+03	2.12012e+00	0.00000e+00	0.00000e+00	5.53093e+00	0.00000e+00	3.97181e-02
3.98542e+02	2.57826e+02	2.20130e+03	1.23090e+03	2.12243e+00	0.00000e+00	0.00000e+00	5.54484e+00	0.00000e+00	3.97729e-02
4.00405e+02	2.57850e+02	2.20048e+03	1.23131e+03	2.12474e+00	0.00000e+00	0.00000e+00	5.55876e+00	0.00000e+00	3.98278e-02
4.02267e+02	2.57874e+02	2.19966e+03	1.23172e+03	2.12704e+00	0.00000e+00	0.00000e+00	5.57269e+00	0.00000e+00	3.98826e-02
4.04129e+02	2.57898e+02	2.19883e+03	1.23213e+03	2.12934e+00	0.00000e+00	0.00000e+00	5.58662e+00	0.00000e+00	3.99374e-02
4.05991e+02	2.57922e+02	2.19801e+03	1.23254e+03	2.13164e+00	0.00000e+00	0.00000e+00	5.60055e+00	0.00000e+00	3.99921e-02
4.07853e+02	2.57946e+02	2.19719e+03	1.23295e+03	2.13394e+00	0.00000e+00	0.00000e+00	5.61449e+00	0.00000e+00	4.00468e-02
4.09715e+02	2.57971e+02	2.19637e+03	1.23336e+03	2.13623e+00	0.00000e+00	0.00000e+00	5.62844e+00	0.00000e+00	4.01014e-02
4.11577e+02	2.57995e+02	2.19555e+03	1.23377e+03	2.13853e+00	0.00000e+00	0.00000e+00	5.64238e+00	0.00000e+00	4.01560e-02
4.13439e+02	2.58019e+02	2.19472e+03	1.23417e+03	2.14082e+00	0.00000e+00	0.00000e+00	5.65634e+00	0.00000e+00	4.02106e-02
4.15301e+02	2.58044e+02	2.19390e+03	1.23458e+03	2.14310e+00	0.00000e+00	0.00000e+00	5.67030e+00	0.00000e+00	4.02651e-02
4.17163e+02	2.58069e+02	2.19308e+03	1.23498e+03	2.14539e+00	0.00000e+00	0.00000e+00	5.68426e+00	0.00000e+00	4.03195e-02
4.19026e+02	2.58093e+02	2.19227e+03	1.23539e+03	2.14767e+00	0.00000e+00	0.00000e+00	5.69823e+00	0.00000e+00	4.03740e-02
4.20888e+02	2.58118e+02	2.19145e+03	1.23579e+03	2.14995e+00	0.00000e+00	0.00000e+00	5.71220e+00	0.00000e+00	4.04283e-02
4.22750e+02	2.58143e+02	2.19063e+03	1.23619e+03	2.15223e+00	0.00000e+00	0.00000e+00	5.72618e+00	0.00000e+00	4.04826e-02
4.24612e+02	2.58168e+02	2.18981e+03	1.23660e+03	2.15451e+00	0.00000e+00	0.00000e+00	5.74016e+00	0.00000e+00	4.05369e-02
4.26474e+02	2.58193e+02	2.18899e+03	1.23700e+03	2.15678e+00	0.00000e+00	0.00000e+00	5.75414e+00	0.00000e+00	4.05912e-02
4.28336e+02	2.58218e+02	2.18818e+03	1.23740e+03	2.15905e+00	0.00000e+00	0.00000e+00	5.76813e+00	0.00000e+00	4.06454e-02
4.30198e+02	2.58243e+02	2.18736e+03	1.23779e+03	2.16132e+00	0.00000e+00	0.00000e+00	5.78213e+00	0.00000e+00	4.06995e-02
4.32060e+02	2.58268e+02	2.18655e+03	1.23819e+03	2.16359e+00	0.00000e+00	0.00000e+00	5.79613e+00	0.00000e+00	4.07536e-02
4.33922e+02	2.58294e+02	2.18573e+03	1.23859e+03	2.16585e+00	0.00000e+00	0.00000e+00	5.81013e+00	0.00000e+00	4.08076e-02
4.35784e+02	2.58319e+02	2.18492e+03	1.23899e+03	2.16812e+00	0.00000e+00	0.00000e+00	5.82414e+00	0.00000e+00	4.08617e-02
4.37647e+02	2.58345e+02	2.18410e+03	1.23938e+03	2.17038e+00	0.00000e+00	0.00000e+00	5.83815e+00	0.00000e+00	4.09156e-02
4.39509e+02	2.58370e+02	2.18329e+03	1.23978e+03	2.17263e+00	0.00000e+00	0.00000e+00	5.85217e+00	0.00000e+00	4.09695e-02
4.41371e+02	2.58396e+02	2.18248e+03	1.24017e+03	2.17489e+00	0.00000e+00	0.00000e+00	5.86619e+00	0.00000e+00	4.10234e-02
4.43233e+02	2.58421e+02	2.18166e+03	1.24056e+03	2.17714e+00	0.00000e+00	0.00000e+00	5.88021e+00	0.00000e+00	4.10772e-02
4.45095e+02	2.58447e+02	2.18085e+03	1.24096e+03	2.17939e+00	0.00000e+00	0.00000e+00	5.89424e+00	0.00000e+00	4.11310e-02
4.46957e+02	2.58473e+02	2.18004e+03	1.24135e+03	2.18164e+00	0.00000e+00	0.00000e+00	5.90827e+00	0.00000e+00	4.11848e-02
4.48819e+02	2.58499e+02	2.17923e+03	1.24174e+03	2.18389e+00	0.00000e+00	0.00000e+00	5.92230e+00	0.00000e+00	4.12385e-02
4.50681e+02	2.58504e+02	2.17842e+03	1.24948e+03	4.20603e+00	2.21055e+00	1.23988e+02	1.39633e+01	6.10561e+00	0.00000e+00
4.52543e+02	2.58604e+02	2.17762e+03	1.24974e+03	4.20665e+00	2.21062e+00	1.23988e+02	1.39722e+01	6.10729e+00	0.00000e+00
4.54405e+02	2.58705e+02	2.17681e+03	1.25000e+03	4.20727e+00	2.21069e+00	1.23988e+02	1.39811e+01	6.10896e+00	0.00000e+00
4.56268e+02	2.58804e+02	2.17601e+03	1.25027e+03	4.20789e+00	2.21076e+00	1.23988e+02	1.39901e+01	6.11064e+00	0.00000e+00
4.58130e+02	2.58901e+02	2.17520e+03	1.25053e+03	4.20851e+00	2.21083e+00	1.23988e+02	1.39990e+01	6.11232e+00	0.00000e+00
4.59992e+02	2.58998e+02	2.17440e+03	1.25079e+03	4.20913e+00	2.21091e+00	1.23988e+02	1.40080e+01	6.11399e+00	0.00000e+00
4.61854e+02	2.59095e+02	2.17360e+03	1.25105e+03	4.20976e+00	2.21098e+00	1.23988e+02	1.40169e+01	6.11567e+00	0.00000e+00
4.63716e+02	2.59192e+02	2.17279e+03	1.25131e+03	4.21038e+00	2.21106e+00	1.23988e+02	1.40258e+01	6.11734e+00	0.00000e+00
4.65578e+02	2.59288e+02	2.17199e+03	1.25156e+03	4.21101e+00	2.21113e+00	1.23988e+02	1.40348e+01	6.11902e+00	0.00000e+00
4.67440e+02	2.59385e+02	2.17119e+03	1.25182e+03	4.21164e+00	2.21121e+00	1.23988e+02	1.40437e+01	6.12070e+00	0.00000e+00
4.69302e+02	2.59482e+02	2.17039e+03	1.25208e+03	4.21227e+00	2.21128e+00	1.23988e+02	1.40527e+01	6.12237e+00	0.00000e+00
4.71164e+02	2.59579e+02	2.16958e+03	1.25233e+03	4.21290e+00	2.21136e+00	1.23988e+02	1.40616e+01	6.12405e+00	0.00000e+00
4.73026e+02	2.59676e+02	2.16878e+03	1.25258e+03	4.21353e+00	2.21144e+00	1.23988e+02	1.40705e+01	6.12572e+00	0.00000e+00
4.74888e+02	2.59773e+02	2.16798e+03	1.25284e+03	4.21416e+00	2.21152e+00	1.23988e+02	1.40795e+01	6.12740e+00	0.00000e+00
4.76751e+02	2.59870e+02	2.16718e+03	1.25309e+03	4.21479e+00	2.21160e+00	1.23988e+02	1.40884e+01	6.12908e+00	0.00000e+00
4.78613e+02	2.59967e+02	2.16638e+03	1.25334e+03	4.21543e+00	2.21168e+00	1.23988e+02	1.40973e+01	6.13075e+00	0.00000e+00
4.80475e+02	2.60064e+02	2.16558e+03	1.25359e+03	4.21606e+00	2.21176e+00	1.23988e+02	1.41063e+01	6.13243e+00	0.00000e+00
4.82337e+02	2.60158e+02	2.16478e+03	1.25384e+03	4.21670e+00	2.21184e+00	1.23988e+02	1.41152e+01	6.13410e+00	0.00000e+00
4.84199e+02	2.60251e+02	2.16399e+03	1.25409e+03	4.21734e+00	2.21192e+00	1.23988e+02	1.41242e+01	6.13578e+00	0.00000e+00
4.86061e+02	2.60344e+02	2.16319e+03	1.25434e+03	4.21798e+00	2.21201e+00	1.23988e+02	1.41331e+01	6.13745e+00	0.00000e+00
4.87923e+02	2.60437e+02	2.16239e+03	1.25459e+03	4.21862e+00	2.21209e+00	1.23988e+02	1.41420e+01	6.13913e+00	0.00000e+00
4.89785e+02	2.60530e+02	2.16159e+03	1.25483e+03	4.21926e+00	2.21218e+00	1.23988e+02	1.41510e+01	6.14081e+00	0.00000e+00
4.91647e+02	2.60623e+02	2.16079e+03	1.25508e+03	4.21990e+00	2.21226e+00	1.23988e+02	1.41599e+01	6.14248e+00	0.00000e+00
4.93509e+02	2.60716e+02	2.16000e+03	1.25532e+03	4.22054e+00	2.21235e+00	1.23988e+02	1.41688e+01	6.14416e+00	0.00000e+00
4.95372e+02	2.60808e+02	2.15920e+03	1.25557e+03	4.22119e+00	2.21244e+00	1.23988e+02	1.41778e+01	6.14583e+00	0.00000e+00
4.97234e+02	2.60901e+02	2.15840e+03	1.25581e+03	4.22184e+00	2.21252e+00	1.23988e+02	1.41867e+01	6.14751e+00	0.00000e+00
4.99096e+02	2.60994e+02	2.15761e+03	1.25605e+03	4.22248e+00	2.21261e+00	1.23988e+02	1.41957e+01	6.14919e+00	0.00000e+00
5.00958e+02	2.61087e+02	2.15681e+03	1.25629e+03	4.22313e+00	2.21270e+00	1.23988e+02	1.42046e+01	6.15086e+00	0.00000e+00
5.02820e+02	2.61180e+02	2.15602e+03	1.25653e+03	4.22378e+00	2.21279e+00	1.23988e+02	1.42135e+01	6.15254e+00	0.00000e+00
5.04682e+02	2.61273e+02	2.15522e+03	1.25677e+03	4.22443e+00	2.21288e+00	1.23988e+02	1.42225e+01	6.15421e+00	0.00000e+00
5.06544e+02	2.61366e+02	2.15443e+03	1.25701e+03	4.22508e+00	2.21297e+00	1.23988e+02	1.42314e+01	6.15589e+00	0.00000e+00
5.08406e+02	2.61455e+02	2.15364e+03	1.25725e+03	4.22573e+00	2.21306e+00	1.23988e+02	1.42403e+01	6.15757e+00	0.00000e+00
5.10268e+02	2.61544e+02	2.15284e+03	1.25748e+03	4.22639e+00	2.21316e+00	1.23988e+02	1.42493e+01	6.15924e+00	0.00000e+00
5.12130e+02	2.61633e+02	2.15205e+03	1.25772e+03	4.22704e+00	2.21325e+00	1.23988e+02	1.42582e+01	6.16092e+00	0.00000e+00
5.13993e+02	2.61722e+02	2.15126e+03	1.25796e+03	4.22770e+00	2.21335e+00	1.23988e+02	1.42672e+01	6.16259e+00	0.00000e+00
5.15855e+02	2.61810e+02	2.15046e+03	1.25819e+03	4.22835e+00	2.21344e+00	1.23988e+02	1.42761e+01	6.16427e+00	0.00000e+00
5.17717e+02	2.61899e+02	2.14967e+03	1.25842e+03	4.22901e+00	2.21354e+00	1.23988e+02	1.42850e+01	6.16595e+00	0.00000e+00
5.19579e+02	2.61988e+02	2.14888e+03	1.25866e+03	4.22967e+00	2.21363e+00	1.23988e+02	1.42940e+01	6.16762e+00	0.00000e+00
5.21441e+02	2.62077e+02	2.14809e+03	1.25889e+03	4.23033e+00	2.21373e+00	1.23988e+02	1.43029e+01	6.16930e+00	0.00000e+00
5.23303e+02	2.62166e+02	2.14730e+03	1.25912e+03	4.23099e+00	2.21383e+00	1.23988e+02	1.43119e+01	6.17097e+00	0.00000e+00
5.25165e+02	2.62255e+02	2.14651e+03	1.25935e+03	4.23165e+00	2.21393e+00	1.23988e+02	1.43208e+01	6.17265e+00	0.00000e+00
5.27027e+02	2.62344e+02	2.14572e+03	1.25958e+03	4.23232e+00	2.21402e+00	1.23988e+02	1.43297e+01	6.17432e+00	0.00000e+00
5.28889e+02	2.62433e+02	2.14493e+03	1.25980e+03	4.23298e+00	2.21412e+00	1.23988e+02	1.43387e+01	6.17600e+00	0.00000e+00
5.30751e+02	2.62522e+02	2.14414e+03	1.26003e+03	4.23365e+00	2.21423e+00	1.23988e+02	1.43476e+01	6.17768e+00	0.00000e+00
5.32614e+02	2.62609e+02	2.14335e+03	1.26026e+03	4.23431e+00	2.21433e+00	1.23988e+02	1.43565e+01	6.17935e+00	0.00000e+00
5.34476e+02	2.62693e+02	2.14256e+03	1.26048e+03	4.23498e+00	2.21443e+00	1.23988e+02	1.43655e+01	6.18103e+00	0.00000e+00
5.36338e+02	2.62778e+02	2.14177e+03	1.26071e+03	4.23565e+00	2.21453e+00	1.23988e+02	1.43744e+01	6.18270e+00	0.00000e+00
5.38200e+02	2.62863e+02	2.14099e+03	1.26093e+03	4.23632e+00	2.21463e+00	1.23988e+02	1.43834e+01	6.18438e+00	0.00000e+00
5.40062e+02	2.62948e+02	2.14020e+03	1.26116e+03	4.23699e+00	2.21474e+00	1.23988e+02	1.43923e+01	6.18606e+00	0.00000e+00
5.41924e+02	2.63033e+02	2.13941e+03	1.26138e+03	4.23766e+00	2.21484e+00	1.23988e+02	1.44012e+01	6.18773e+00	0.00000e+00
5.43786e+02	2.63118e+02	2.13862e+03	1.26160e+03	4.23833e+00	2.21495e+00	1.23988e+02	1.44102e+01	6.18941e+00	0.00000e+00
5.45648e+02	2.63202e+02	2.13784e+03	1.26182e+03	4.23901e+00	2.21506e+00	1.23988e+02	1.44191e+01	6.19108e+00	0.00000e+00
5.47510e+02	2.63287e+02	2.13705e+03	1.26204e+03	4.23968e+00	2.21516e+00	1.23988e+02	1.44280e+01	6.19276e+00	0.00000e+00
5.49372e+02	2.63372e+02	2.13627e+03	1.26226e+03	4.24036e+00	2.21527e+00	1.23988e+02	1.44370e+01	6.19444e+00	0.00000e+00
5.51234e+02	2.63457e+02	2.13548e+03	1.26248e+03	4.24104e+00	2.21538e+00	1.23988e+02	1.44459e+01	6.19611e+00	0.00000e+00
5.53097e+02	2.63542e+02	2.13470e+03	1.26269e+03	4.24172e+00	2.21549e+00	1.23988e+02	1.44549e+01	6.19779e+00	0.00000e+00
5.54959e+02	2.63627e+02	2.13391e+03	1.26291e+03	4.24240e+00	2.21560e+00	1.23988e+02	1.44638e+01	6.19946e+00	0.00000e+00
5.56821e+02	2.63711e+02	2.13313e+03	1.26313e+03	4.24308e+00	2.21571e+00	1.23988e+02	1.44727e+01	6.20114e+00	0.00000e+00
5.58683e+02	2.63793e+02	2.13234e+03	1.26334e+03	4.24376e+00	2.21582e+00	1.23988e+02	1.44817e+01	6.20281e+00	0.00000e+00
5.60545e+02	2.63873e+02	2.13156e+03	1.26355e+03	4.24444e+00	2.21593e+00	1.23988e+02	1.44906e+01	6.20449e+00	0.00000e+00
5.62407e+02	2.63954e+02	2.13078e+03	1.26377e+03	4.24512e+00	2.21604e+00	1.23988e+02	1.44996e+01	6.20617e+00	0.00000e+00
5.64269e+02	2.64035e+02	2.12999e+03	1.26398e+03	4.24581e+00	2.21616e+00	1.23988e+02	1.45085e+01	6.20784e+00	0.00000e+00
5.66131e+02	2.64116e+02	2.12921e+03	1.26419e+03	4.24649e+00	2.21627e+00	1.23988e+02	1.45174e+01	6.20952e+00	0.00000e+00
5.67993e+02	2.64197e+02	2.12843e+03	1.26440e+03	4.24718e+00	2.21638e+00	1.23988e+02	1.45264e+01	6.21119e+00	0.00000e+00
5.69855e+02	2.64277e+02	2.12765e+03	1.26461e+03	4.24787e+00	2.21650e+00	1.23988e+02	1.45353e+01	6.21287e+00	0.00000e+00
5.71718e+02	2.64358e+02	2.12687e+03	1.26482e+03	4.24856e+00	2.21662e+00	1.23988e+02	1.45442e+01	6.21455e+00	0.00000e+00
5.73580e+02	2.64439e+02	2.12609e+03	1.26503e+03	4.24925e+00	2.21673e+00	1.23988e+02	1.45532e+01	6.21622e+00	0.00000e+00
5.75442e+02	2.64520e+02	2.12531e+03	1.26523e+03	4.24994e+00	2.21685e+00	1.23988e+02	1.45621e+01	6.21790e+00	0.00000e+00
5.77304e+02	2.64601e+02	2.12453e+03	1.26544e+03	4.25063e+00	2.21697e+00	1.23988e+02	1.45711e+01	6.21957e+00	0.00000e+00
5.79166e+02	2.64681e+02	2.12375e+03	1.26565e+03	4.25133e+00	2.21709e+00	1.23988e+02	1.45800e+01	6.22125e+00	0.00000e+00
5.81028e+02	2.64762e+02	2.12297e+03	1.26585e+03	4.25202e+00	2.21721e+00	1.23988e+02	1.45889e+01	6.22293e+00	0.00000e+00
5.82890e+02	2.64842e+02	2.12219e+03	1.26605e+03	4.25272e+00	2.21733e+00	1.23988e+02	1.45979e+01	6.22460e+00	0.00000e+00
5.84752e+02	2.64919e+02	2.12141e+03	1.26626e+03	4.25341e+00	2.21745e+00	1.23988e+02	1.46068e+01	6.22628e+00	0.00000e+00
5.86614e+02	2.64995e+02	2.12063e+03	1.26646e+03	4.25411e+00	2.21757e+00	1.23988e+02	1.46157e+01	6.22795e+00	0.00000e+00
5.88476e+02	2.65072e+02	2.11985e+03	1.26666e+03	4.25481e+00	2.21769e+00	1.23988e+02	1.46247e+01	6.22963e+00	0.00000e+00
5.90339e+02	2.65149e+02	2.11907e+03	1.26686e+03	4.25551e+00	2.21781e+00	1.23988e+02	1.46336e+01	6.23130e+00	0.00000e+00
5.92201e+02	2.65226e+02	2.11830e+03	1.26706e+03	4.25621e+00	2.21794e+00	1.23988e+02	1.46426e+01	6.23298e+00	0.00000e+00
5.94063e+02	2.65303e+02	2.11752e+03	1.26726e+03	4.25691e+00	2.21806e+00	1.23988e+02	1.46515e+01	6.23466e+00	0.00000e+00
5.95925e+02	2.65380e+02	2.11674e+03	1.26746e+03	4.25761e+00	2.21819e+00	1.23988e+02	1.46604e+01	6.23633e+00	0.00000e+00
5.97787e+02	2.65456e+02	2.11597e+03	1.26765e+03	4.25832e+00	2.21831e+00	1.23988e+02	1.46694e+01	6.23801e+00	0.00000e+00
5.99649e+02	2.65533e+02	2.11519e+03	1.26785e+03	4.25902e+00	2.21844e+00	1.23988e+02	1.46783e+01	6.23968e+00	0.00000e+00
6.01511e+02	2.65610e+02	2.11442e+03	1.26805e+03	4.25973e+00	2.21856e+00	1.23988e+02	1.46873e+01	6.24136e+00	0.00000e+00
6.03373e+02	2.65687e+02	2.11364e+03	1.26824e+03	4.26043e+00	2.21869e+00	1.23988e+02	1.46962e+01	6.24304e+00	0.00000e+00
6.05235e+02	2.65764e+02	2.11287e+03	1.26844e+03	4.26114e+00	2.21882e+00	1.23988e+02	1.47051e+01	6.24471e+00	0.00000e+00
6.07097e+02	2.65841e+02	2.11209e+03	1.26863e+03	4.26185e+00	2.21895e+00	1.23988e+02	1.47141e+01	6.24639e+00	0.00000e+00
6.08960e+02	2.65915e+02	2.11132e+03	1.26882e+03	4.26256e+00	2.21908e+00	1.23988e+02	1.47230e+01	6.24806e+00	0.00000e+00
6.10822e+02	2.65988e+02	2.11054e+03	1.26901e+03	4.26327e+00	2.21921e+00	1.23988e+02	1.47319e+01	6.24974e+00	0.00000e+00
6.12684e+02	2.66061e+02	2.10977e+03	1.26920e+03	4.26398e+00	2.21934e+00	1.23988e+02	1.47409e+01	6.25142e+00	0.00000e+00
6.14546e+02	2.66134e+02	2.10900e+03	1.26939e+03	4.26470e+00	2.21947e+00	1.23988e+02	1.47498e+01	6.25309e+00	0.00000e+00
6.16408e+02	2.66207e+02	2.10822e+03	1.26958e+03	4.26541e+00	2.21960e+00	1.23988e+02	1.47588e+01	6.25477e+00	0.00000e+00
6.18270e+02	2.66280e+02	2.10745e+03	1.26977e+03	4.26613e+00	2.21973e+00	1.23988e+02	1.47677e+01	6.25644e+00	0.00000e+00
6.20132e+02	2.66353e+02	2.10668e+03	1.26996e+03	4.26684e+00	2.21987e+00	1.23988e+02	1.47766e+01	6.25812e+00	0.00000e+00
6.21994e+02	2.66426e+02	2.10591e+03	1.27015e+03	4.26756e+00	2.22000e+00	1.23988e+02	1.47856e+01	6.25979e+00	0.00000e+00
6.23856e+02	2.66499e+02	2.10514e+03	1.27033e+03	4.26828e+00	2.22014e+00	1.23988e+02	1.47945e+01	6.26147e+00	0.00000e+00
6.25718e+02	2.66572e+02	2.10436e+03	1.27052e+03	4.26900e+00	2.22027e+00	1.23988e+02	1.48034e+01	6.26315e+00	0.00000e+00
6.27580e+02	2.66645e+02	2.10359e+03	1.27070e+03	4.26972e+00	2.22041e+00	1.23988e+02	1.48124e+01	6.26482e+00	0.00000e+00
6.29443e+02	2.66718e+02	2.10282e+03	1.27088e+03	4.27044e+00	2.22054e+00	1.23988e+02	1.48213e+01	6.26650e+00	0.00000e+00
6.31305e+02	2.66791e+02	2.10205e+03	1.27107e+03	4.27116e+00	2.22068e+00	1.23988e+02	1.48303e+01	6.26817e+00	0.00000e+00
6.33167e+02	2.66870e+02	2.10128e+03	1.27125e+03	4.27188e+00	2.22082e+00	1.23988e+02	1.48392e+01	6.26985e+00	0.00000e+00
6.35029e+02	2.66988e+02	2.10051e+03	1.27143e+03	4.27261e+00	2.22096e+00	1.23988e+02	1.48481e+01	6.27153e+00	0.00000e+00
6.36891e+02	2.67106e+02	2.09981e+03	1.39485e+03	4.40045e+00	2.25033e+00	1.19230e+02	1.72113e+01	6.91067e+00	0.00000e+00
6.38753e+02	2.67224e+02	2.09911e+03	1.39484e+03	4.40158e+00	2.25117e+00	1.18948e+02	1.72189e+01	6.91626e+00	0.00000e+00
6.40615e+02	2.67342e+02	2.09841e+03	1.39484e+03	4.40270e+00	2.25201e+00	1.18667e+02	1.72265e+01	6.92185e+00	0.00000e+00
6.42477e+02	2.67460e+02	2.09771e+03	1.39483e+03	4.40383e+00	2.25286e+00	1.18387e+02	1.72342e+01	6.92743e+00	0.00000e+00
6.44339e+02	2.67578e+02	2.09701e+03	1.39482e+03	4.40495e+00	2.25370e+00	1.18108e+02	1.72418e+01	6.93302e+00	0.00000e+00
6.46201e+02	2.67696e+02	2.09631e+03	1.39481e+03	4.40608e+00	2.25454e+00	1.17830e+02	1.72494e+01	6.93860e+00	0.00000e+00
6.48064e+02	2.67814e+02	2.09561e+03	1.39481e+03	4.40720e+00	2.25538e+00	1.17553e+02	1.72571e+01	6.94419e+00	0.00000e+00
6.49926e+02	2.67931e+02	2.09491e+03	1.39480e+03	4.40833e+00	2.25622e+00	1.17276e+02	1.72647e+01	6.94978e+00	0.00000e+00
6.51788e+02	2.68049e+02	2.09421e+03	1.39479e+03	4.40945e+00	2.25706e+00	1.17001e+02	1.72723e+01	6.95536e+00	0.00000e+00
6.53650e+02	2.68167e+02	2.09351e+03	1.39478e+03	4.41058e+00	2.25791e+00	1.16726e+02	1.72800e+01	6.96095e+00	0.00000e+00
6.55512e+02	2.68285e+02	2.09281e+03	1.39477e+03	4.41170e+00	2.25875e+00	1.16452e+02	1.72876e+01	6.96654e+00	0.00000e+00
6.57374e+02	2.68403e+02	2.09211e+03	1.39477e+03	4.41283e+00	2.25959e+00	1.16180e+02	1.72952e+01	6.97212e+00	0.00000e+00
6.59236e+02	2.68527e+02	2.09141e+03	1.39476e+03	4.41395e+00	2.26043e+00	1.15895e+02	1.73029e+01	6.97771e+00	0.00000e+00
6.61098e+02	2.68655e+02	2.09071e+03	1.39475e+03	4.41508e+00	2.26127e+00	1.15600e+02	1.73105e+01	6.98329e+00	0.00000e+00
6.62960e+02	2.68783e+02	2.09002e+03	1.39474e+03	4.41620e+00	2.26211e+00	1.15307e+02	1.73181e+01	6.98888e+00	0.00000e+00
6.64822e+02	2.68912e+02	2.08932e+03	1.39473e+03	4.41733e+00	2.26295e+00	1.15014e+02	1.73258e+01	6.99447e+00	0.00000e+00
6.66685e+02	2.69040e+02	2.08862e+03	1.39473e+03	4.41845e+00	2.26379e+00	1.14722e+02	1.73334e+01	7.00005e+00	0.00000e+00
6.68547e+02	2.69168e+02	2.08792e+03	1.39472e+03	4.41958e+00	2.26463e+00	1.14432e+02	1.73410e+01	7.00564e+00	0.00000e+00
6.70409e+02	2.69296e+02	2.08722e+03	1.39471e+03	4.42070e+00	2.26546e+00	1.14142e+02	1.73487e+01	7.01123e+00	0.00000e+00
6.72271e+02	2.69425e+02	2.08652e+03	1.39470e+03	4.42183e+00	2.26630e+00	1.13854e+02	1.73563e+01	7.01681e+00	0.00000e+00
6.74133e+02	2.69553e+02	2.08583e+03	1.39469e+03	4.42295e+00	2.26714e+00	1.13566e+02	1.73639e+01	7.02240e+00	0.00000e+00
6.75995e+02	2.69681e+02	2.08513e+03	1.39468e+03	4.42408e+00	2.26798e+00	1.13280e+02	1.73716e+01	7.02799e+00	0.00000e+00
6.77857e+02	2.69809e+02	2.08443e+03	1.39468e+03	4.42520e+00	2.26882e+00	1.12994e+02	1.73792e+01	7.03357e+00	0.00000e+00
6.79719e+02	2.69938e+02	2.08373e+03	1.39467e+03	4.42633e+00	2.26966e+00	1.12710e+02	1.73868e+01	7.03916e+00	0.00000e+00
6.81581e+02	2.70066e+02	2.08304e+03	1.39466e+03	4.42745e+00	2.27049e+00	1.12426e+02	1.73945e+01	7.04474e+00	0.00000e+00
6.83443e+02	2.70194e+02	2.08234e+03	1.39465e+03	4.42857e+00	2.27133e+00	1.12144e+02	1.74021e+01	7.05033e+00	0.00000e+00
6.85306e+02	2.70317e+02	2.08164e+03	1.39464e+03	4.42970e+00	2.27217e+00	1.11874e+02	1.74098e+01	7.05592e+00	0.00000e+00
6.87168e+02	2.70440e+02	2.08095e+03	1.39463e+03	4.43082e+00	2.27300e+00	1.11605e+02	1.74174e+01	7.06150e+00	0.00000e+00
6.89030e+02	2.70562e+02	2.08025e+03	1.39463e+03	4.43194e+00	2.27384e+00	1.11338e+02	1.74250e+01	7.06709e+00	0.00000e+00
6.90892e+02	2.70685e+02	2.07955e+03	1.39462e+03	4.43307e+00	2.27468e+00	1.11071e+02	1.74327e+01	7.07268e+00	0.00000e+00
6.92754e+02	2.70808e+02	2.07886e+03	1.39461e+03	4.43419e+00	2.27551e+00	1.10805e+02	1.74403e+01	7.07826e+00	0.00000e+00
6.94616e+02	2.70930e+02	2.07816e+03	1.39460e+03	4.43531e+00	2.27635e+00	1.10540e+02	1.74479e+01	7.08385e+00	0.00000e+00
6.96478e+02	2.71053e+02	2.07746e+03	1.39459e+03	4.43643e+00	2.27718e+00	1.10276e+02	1.74556e+01	7.08943e+00	0.00000e+00
6.98340e+02	2.71175e+02	2.07677e+03	1.39459e+03	4.43756e+00	2.27802e+00	1.10013e+02	1.74632e+01	7.09502e+00	0.00000e+00
7.00202e+02	2.71298e+02	2.07607e+03	1.39458e+03	4.43868e+00	2.27885e+00	1.09751e+02	1.74708e+01	7.10061e+00	0.00000e+00
7.02064e+02	2.71421e+02	2.07538e+03	1.39457e+03	4.43980e+00	2.27969e+00	1.09489e+02	1.74785e+01	7.10619e+00	0.00000e+00
7.03926e+02	2.71543e+02	2.07468e+03	1.39456e+03	4.44092e+00	2.28052e+00	1.09229e+02	1.74861e+01	7.11178e+00	0.00000e+00
7.05789e+02	2.71666e+02	2.07399e+03	1.39455e+03	4.44205e+00	2.28136e+00	1.08969e+02	1.74937e+01	7.11737e+00	0.00000e+00
7.07651e+02	2.71789e+02	2.07329e+03	1.39455e+03	4.44317e+00	2.28219e+00	1.08710e+02	1.75014e+01	7.12295e+00	0.00000e+00
7.09513e+02	2.71909e+02	2.07260e+03	1.39454e+03	4.44429e+00	2.28302e+00	1.08456e+02	1.75090e+01	7.12854e+00	0.00000e+00
7.11375e+02	2.72027e+02	2.07190e+03	1.39453e+03	4.44541e+00	2.28386e+00	1.08210e+02	1.75166e+01	7.13412e+00	0.00000e+00
7.13237e+02	2.72144e+02	2.07121e+03	1.39452e+03	4.44653e+00	2.28469e+00	1.07965e+02	1.75243e+01	7.13971e+00	0.00000e+00
7.15099e+02	2.72262e+02	2.07052e+03	1.39452e+03	4.44765e+00	2.28552e+00	1.07720e+02	1.75319e+01	7.14530e+00	0.00000e+00
7.16961e+02	2.72379e+02	2.06982e+03	1.39451e+03	4.44877e+00	2.28635e+00	1.07476e+02	1.75395e+01	7.15088e+00	0.00000e+00
7.18823e+02	2.72496e+02	2.06913e+03	1.39450e+03	4.44989e+00	2.28719e+00	1.07233e+02	1.75472e+01	7.15647e+00	0.00000e+00
7.20685e+02	2.72614e+02	2.06843e+03	1.39449e+03	4.45101e+00	2.28802e+00	1.06991e+02	1.75548e+01	7.16206e+00	0.00000e+00
7.22547e+02	2.72731e+02	2.06774e+03	1.39448e+03	4.45214e+00	2.28885e+00	1.06749e+02	1.75624e+01	7.16764e+00	0.00000e+00
7.24410e+02	2.72848e+02	2.06705e+03	1.39448e+03	4.45326e+00	2.28968e+00	1.06508e+02	1.75701e+01	7.17323e+00	0.00000e+00
7.26272e+02	2.72966e+02	2.06635e+03	1.39447e+03	4.45438e+00	2.29051e+00	1.06268e+02	1.75777e+01	7.17881e+00	0.00000e+00
7.28134e+02	2.73083e+02	2.06566e+03	1.39446e+03	4.45550e+00	2.29134e+00	1.06029e+02	1.75853e+01	7.18440e+00	0.00000e+00
7.29996e+02	2.73201e+02	2.06497e+03	1.39445e+03	4.45662e+00	2.29217e+00	1.05790e+02	1.75930e+01	7.18999e+00	0.00000e+00
7.31858e+02	2.73318e+02	2.06428e+03	1.39445e+03	4.45774e+00	2.29300e+00	1.05553e+02	1.76006e+01	7.19557e+00	0.00000e+00
7.33720e+02	2.73435e+02	2.06358e+03	1.39444e+03	4.45886e+00	2.29383e+00	1.05315e+02	1.76083e+01	7.20116e+00	0.00000e+00
7.35582e+02	2.73549e+02	2.06289e+03	1.39443e+03	4.45998e+00	2.29466e+00	1.05087e+02	1.76159e+01	7.20675e+00	0.00000e+00
7.37444e+02	2.73661e+02	2.06220e+03	1.39442e+03	4.46110e+00	2.29549e+00	1.04861e+02	1.76235e+01	7.21233e+00	0.00000e+00
7.39306e+02	2.73774e+02	2.06151e+03	1.39442e+03	4.46221e+00	2.29632e+00	1.04636e+02	1.76312e+01	7.21792e+00	0.00000e+00
7.41168e+02	2.73886e+02	2.06082e+03	1.39441e+03	4.46333e+00	2.29715e+00	1.04411e+02	1.76388e+01	7.22351e+00	0.00000e+00
7.43031e+02	2.73999e+02	2.06012e+03	1.39440e+03	4.46445e+00	2.29798e+00	1.04188e+02	1.76464e+01	7.22909e+00	0.00000e+00
7.44893e+02	2.74111e+02	2.05943e+03	1.39439e+03	4.46557e+00	2.29881e+00	1.03964e+02	1.76541e+01	7.23468e+00	0.00000e+00
7.46755e+02	2.74224e+02	2.05874e+03	1.39439e+03	4.46669e+00	2.29964e+00	1.03742e+02	1.76617e+01	7.24026e+00	0.00000e+00
7.48617e+02	2.74336e+02	2.05805e+03	1.39438e+03	4.46781e+00	2.30047e+00	1.03520e+02	1.76693e+01	7.24585e+00	0.00000e+00
7.50479e+02	2.74448e+02	2.05736e+03	1.39437e+03	4.46893e+00	2.30129e+00	1.03299e+02	1.76770e+01	7.25144e+00	0.00000e+00
7.52341e+02	2.74561e+02	2.05667e+03	1.39437e+03	4.47005e+00	2.30212e+00	1.03079e+02	1.76846e+01	7.25702e+00	0.00000e+00
7.54203e+02	2.74673e+02	2.05598e+03	1.39436e+03	4.47116e+00	2.30295e+00	1.02859e+02	1.76922e+01	7.26261e+00	0.00000e+00
7.56065e+02	2.74786e+02	2.05529e+03	1.39435e+03	4.47228e+00	2.30378e+00	1.02640e+02	1.76999e+01	7.26820e+00	0.00000e+00
7.57927e+02	2.74898e+02	2.05460e+03	1.39434e+03	4.47340e+00	2.30460e+00	1.02421e+02	1.77075e+01	7.27378e+00	0.00000e+00
7.59789e+02	2.75010e+02	2.05391e+03	1.39434e+03	4.47452e+00	2.30543e+00	1.02205e+02	1.77151e+01	7.27937e+00	0.00000e+00
7.61652e+02	2.75118e+02	2.05322e+03	1.39433e+03	4.47564e+00	2.30626e+00	1.01996e+02	1.77228e+01	7.28495e+00	0.00000e+00
7.63514e+02	2.75226e+02	2.05253e+03	1.39432e+03	4.47675e+00	2.30708e+00	1.01788e+02	1.77304e+01	7.29054e+00	0.00000e+00
7.65376e+02	2.75333e+02	2.05184e+03	1.39431e+03	4.47787e+00	2.30791e+00	1.01581e+02	1.77380e+01	7.29613e+00	0.00000e+00
7.67238e+02	2.75441e+02	2.05115e+03	1.39431e+03	4.47899e+00	2.30873e+00	1.01375e+02	1.77457e+01	7.30171e+00	0.00000e+00
7.69100e+02	2.75549e+02	2.05046e+03	1.39430e+03	4.48010e+00	2.30956e+00	1.01169e+02	1.77533e+01	7.30730e+00	0.00000e+00
7.70962e+02	2.75657e+02	2.04977e+03	1.39429e+03	4.48122e+00	2.31038e+00	1.00963e+02	1.77609e+01	7.31289e+00	0.00000e+00
7.72824e+02	2.75765e+02	2.04908e+03	1.39429e+03	4.48234e+00	2.31121e+00	1.00758e+02	1.77686e+01	7.31847e+00	0.00000e+00
7.74686e+02	2.75872e+02	2.04839e+03	1.39428e+03	4.48346e+00	2.31203e+00	1.00554e+02	1.77762e+01	7.32406e+00	0.00000e+00
7.76548e+02	2.75980e+02	2.04770e+03	1.39427e+03	4.48457e+00	2.31286e+00	1.00350e+02	1.77838e+01	7.32964e+00	0.00000e+00
7.78410e+02	2.76088e+02	2.04702e+03	1.39427e+03	4.48569e+00	2.31368e+00	1.00147e+02	1.77915e+01	7.33523e+00	0.00000e+00
7.80272e+02	2.76196e+02	2.04633e+03	1.39426e+03	4.48680e+00	2.31451e+00	9.99446e+01	1.77991e+01	7.34082e+00	0.00000e+00
7.82135e+02	2.76304e+02	2.04564e+03	1.39425e+03	4.48792e+00	2.31533e+00	9.97426e+01	1.78068e+01	7.34640e+00	0.00000e+00
7.83997e+02	2.76412e+02	2.04495e+03	1.39424e+03	4.48904e+00	2.31615e+00	9.95411e+01	1.78144e+01	7.35199e+00	0.00000e+00
7.85859e+02	2.76517e+02	2.04426e+03	1.39424e+03	4.49015e+00	2.31698e+00	9.93448e+01	1.78220e+01	7.35758e+00	0.00000e+00
7.87721e+02	2.76621e+02	2.04358e+03	1.39423e+03	4.49127e+00	2.31780e+00	9.91524e+01	1.78297e+01	7.36316e+00	0.00000e+00
7.89583e+02	2.76724e+02	2.04289e+03	1.39422e+03	4.49238e+00	2.31862e+00	9.89605e+01	1.78373e+01	7.36875e+00	0.00000e+00
7.91445e+02	2.76828e+02	2.04220e+03	1.39422e+03	4.49350e+00	2.31944e+00	9.87692e+01	1.78449e+01	7.37434e+00	0.00000e+00
7.93307e+02	2.76931e+02	2.04152e+03	1.39421e+03	4.49462e+00	2.32027e+00	9.85784e+01	1.78526e+01	7.37992e+00	0.00000e+00
7.95169e+02	2.77035e+02	2.04083e+03	1.39420e+03	4.49573e+00	2.32109e+00	9.83881e+01	1.78602e+01	7.38551e+00	0.00000e+00
7.97031e+02	2.77138e+02	2.04014e+03	1.39420e+03	4.49685e+00	2.32191e+00	9.81983e+01	1.78678e+01	7.39109e+00	0.00000e+00
7.98893e+02	2.77242e+02	2.03946e+03	1.39419e+03	4.49796e+00	2.32273e+00	9.80090e+01	1.78755e+01	7.39668e+00	0.00000e+00
8.00756e+02	2.77345e+02	2.03877e+03	1.39418e+03	4.49908e+00	2.32355e+00	9.78202e+01	1.78831e+01	7.40227e+00	0.00000e+00
8.02618e+02	2.77449e+02	2.03808e+03	1.39418e+03	4.50019e+00	2.32437e+00	9.76319e+01	1.78907e+01	7.40785e+00	0.00000e+00
8.04480e+02	2.77552e+02	2.03740e+03	1.39417e+03	4.50131e+00	2.32519e+00	9.74441e+01	1.78984e+01	7.41344e+00	0.00000e+00
8.06342e+02	2.77656e+02	2.03671e+03	1.39416e+03	4.50242e+00	2.32601e+00	9.72568e+01	1.79060e+01	7.41903e+00	0.00000e+00
8.08204e+02	2.77760e+02	2.03603e+03	1.39416e+03	4.50354e+00	2.32684e+00	9.70700e+01	1.79136e+01	7.42461e+00	0.00000e+00
8.10066e+02	2.77863e+02	2.03534e+03	1.39415e+03	4.50465e+00	2.32766e+00	9.68837e+01	1.79213e+01	7.43020e+00	0.00000e+00
8.11928e+02	2.77963e+02	2.03466e+03	1.39414e+03	4.50576e+00	2.32848e+00	9.67049e+01	1.79289e+01	7.43578e+00	0.00000e+00
8.13790e+02	2.78062e+02	2.03397e+03	1.39414e+03	4.50688e+00	2.32929e+00	9.65267e+01	1.79365e+01	7.44137e+00	0.00000e+00
8.15652e+02	2.78162e+02	2.03329e+03	1.39413e+03	4.50799e+00	2.33011e+00	9.63490e+01	1.79442e+01	7.44696e+00	0.00000e+00
8.17514e+02	2.78261e+02	2.03260e+03	1.39412e+03	4.50911e+00	2.33093e+00	9.61717e+01	1.79518e+01	7.45254e+00	0.00000e+00
8.19377e+02	2.78361e+02	2.03192e+03	1.39412e+03	4.51022e+00	2.33175e+00	9.59949e+01	1.79594e+01	7.45813e+00	0.00000e+00
8.21239e+02	2.78460e+02	2.03123e+03	1.39411e+03	4.51133e+00	2.33257e+00	9.58185e+01	1.79671e+01	7.46372e+00	0.00000e+00
8.23101e+02	2.78560e+02	2.03055e+03	1.39410e+03	4.51245e+00	2.33339e+00	9.56426e+01	1.79747e+01	7.46930e+00	0.00000e+00
8.24963e+02	2.78660e+02	2.02986e+03	1.39410e+03	4.51356e+00	2.33421e+00	9.54671e+01	1.79823e+01	7.47489e+00	0.00000e+00
8.26825e+02	2.78759e+02	2.02918e+03	1.39409e+03	4.51467e+00	2.33503e+00	9.52921e+01	1.79900e+01	7.48047e+00	0.00000e+00
8.28687e+02	2.78859e+02	2.02850e+03	1.39408e+03	4.51579e+00	2.33584e+00	9.51175e+01	1.79976e+01	7.48606e+00	0.00000e+00
8.30549e+02	2.78958e+02	2.02781e+03	1.39408e+03	4.51690e+00	2.33666e+00	9.49434e+01	1.80053e+01	7.49165e+00	0.00000e+00
8.32411e+02	2.79058e+02	2.02713e+03	1.39407e+03	4.51801e+00	2.33748e+00	9.47697e+01	1.80129e+01	7.49723e+00	0.00000e+00
8.34273e+02	2.79157e+02	2.02645e+03	1.39406e+03	4.51913e+00	2.33830e+00	9.45965e+01	1.80205e+01	7.50282e+00	0.00000e+00
8.36135e+02	2.79255e+02	2.02577e+03	1.39406e+03	4.52024e+00	2.33911e+00	9.44260e+01	1.80282e+01	7.50841e+00	0.00000e+00
8.37998e+02	2.79351e+02	2.02508e+03	1.39405e+03	4.52135e+00	2.33993e+00	9.42601e+01	1.80358e+01	7.51399e+00	0.00000e+00
8.39860e+02	2.79447e+02	2.02440e+03	1.39405e+03	4.52246e+00	2.34075e+00	9.40945e+01	1.80434e+01	7.51958e+00	0.00000e+00
8.41722e+02	2.79543e+02	2.02372e+03	1.39404e+03	4.52358e+00	2.34156e+00	9.39294e+01	1.80511e+01	7.52517e+00	0.00000e+00
8.43584e+02	2.79639e+02	2.02304e+03	1.39403e+03	4.52469e+00	2.34238e+00	9.37646e+01	1.80587e+01	7.53075e+00	0.00000e+00
8.45446e+02	2.79735e+02	2.02235e+03	1.39403e+03	4.52580e+00	2.34319e+00	9.36003e+01	1.80663e+01	7.53634e+00	0.00000e+00
8.47308e+02	2.79830e+02	2.02167e+03	1.39402e+03	4.52691e+00	2.34401e+00	9.34363e+01	1.80740e+01	7.54192e+00	0.00000e+00
8.49170e+02	2.79926e+02	2.02099e+03	1.39401e+03	4.52802e+00	2.34483e+00	9.32728e+01	1.80816e+01	7.54751e+00	0.00000e+00
8.51032e+02	2.80022e+02	2.02031e+03	1.39401e+03	4.52914e+00	2.34564e+00	9.31096e+01	1.80892e+01	7.55310e+00	0.00000e+00
8.52894e+02	2.80118e+02	2.01963e+03	1.39400e+03	4.53025e+00	2.34646e+00	9.29469e+01	1.80969e+01	7.55868e+00	0.00000e+00
8.54756e+02	2.80214e+02	2.01895e+03	1.39399e+03	4.53136e+00	2.34727e+00	9.27845e+01	1.81045e+01	7.56427e+00	0.00000e+00
8.56618e+02	2.80310e+02	2.01827e+03	1.39399e+03	4.53247e+00	2.34808e+00	9.26226e+01	1.81121e+01	7.56986e+00	0.00000e+00
8.58481e+02	2.80405e+02	2.01758e+03	1.39398e+03	4.53358e+00	2.34890e+00	9.24610e+01	1.81198e+01	7.57544e+00	0.00000e+00
8.60343e+02	2.80501e+02	2.01690e+03	1.39398e+03	4.53469e+00	2.34971e+00	9.22998e+01	1.81274e+01	7.58103e+00	0.00000e+00
8.62205e+02	2.80594e+02	2.01622e+03	1.39397e+03	4.53581e+00	2.35053e+00	9.21435e+01	1.81350e+01	7.58661e+00	0.00000e+00
8.64067e+02	2.80687e+02	2.01554e+03	1.39396e+03	4.53692e+00	2.35134e+00	9.19889e+01	1.81427e+01	7.59220e+00	0.00000e+00
8.65929e+02	2.80779e+02	2.01486e+03	1.39396e+03	4.53803e+00	2.35215e+00	9.18346e+01	1.81503e+01	7.59779e+00	0.00000e+00
8.67791e+02	2.80872e+02	2.01418e+03	1.39395e+03	4.53914e+00	2.35297e+00	9.16806e+01	1.81579e+01	7.60337e+00	0.00000e+00
8.69653e+02	2.80964e+02	2.01350e+03	1.39395e+03	4.54025e+00	2.35378e+00	9.15271e+01	1.81656e+01	7.60896e+00	0.00000e+00
8.71515e+02	2.81056e+02	2.01282e+03	1.39394e+03	4.54136e+00	2.35459e+00	9.13738e+01	1.81732e+01	7.61455e+00	0.00000e+00
8.73377e+02	2.81149e+02	2.01215e+03	1.39393e+03	4.54247e+00	2.35540e+00	9.12210e+01	1.81808e+01	7.62013e+00	0.00000e+00
8.75239e+02	2.81241e+02	2.01147e+03	1.39393e+03	4.54358e+00	2.35622e+00	9.10685e+01	1.81885e+01	7.62572e+00	0.00000e+00
8.77102e+02	2.81334e+02	2.01079e+03	1.39392e+03	4.54469e+00	2.35703e+00	9.09163e+01	1.81961e+01	7.63130e+00	0.00000e+00
8.78964e+02	2.81426e+02	2.01011e+03	1.39392e+03	4.54580e+00	2.35784e+00	9.07645e+01	1.82038e+01	7.63689e+00	0.00000e+00
8.80826e+02	2.81518e+02	2.00943e+03	1.39391e+03	4.54691e+00	2.35865e+00	9.06131e+01	1.82114e+01	7.64248e+00	0.00000e+00
8.82688e+02	2.81611e+02	2.00875e+03	1.39390e+03	4.54802e+00	2.35946e+00	9.04620e+01	1.82190e+01	7.64806e+00	0.00000e+00
8.84550e+02	2.81703e+02	2.00807e+03	1.39390e+03	4.54913e+00	2.36028e+00	9.03113e+01	1.82267e+01	7.65365e+00	0.00000e+00
8.86412e+02	2.81795e+02	2.00740e+03	1.39389e+03	4.55024e+00	2.36109e+00	9.01618e+01	1.82343e+01	7.65924e+00	0.00000e+00
8.88274e+02	2.81884e+02	2.00672e+03	1.39389e+03	4.55135e+00	2.36190e+00	9.00169e+01	1.82419e+01	7.66482e+00	0.00000e+00
8.90136e+02	2.81973e+02	2.00604e+03	1.39388e+03	4.55246e+00	2.36271e+00	8.98724e+01	1.82496e+01	7.67041e+00	0.00000e+00
8.91998e+02	2.82063e+02	2.00536e+03	1.39387e+03	4.55357e+00	2.36352e+00	8.97282e+01	1.82572e+01	7.67600e+00	0.00000e+00
8.93860e+02	2.82152e+02	2.00469e+03	1.39387e+03	4.55468e+00	2.36433e+00	8.95842e+01	1.82648e+01	7.68158e+00	0.00000e+00
8.95723e+02	2.82241e+02	2.00401e+03	1.39386e+03	4.55579e+00	2.36514e+00	8.94407e+01	1.82725e+01	7.68717e+00	0.00000e+00
8.97585e+02	2.82330e+02	2.00333e+03	1.39386e+03	4.55690e+00	2.36595e+00	8.92974e+01	1.82801e+01	7.69275e+00	0.00000e+00
8.99447e+02	2.82419e+02	2.00265e+03	1.39385e+03	4.55801e+00	2.36676e+00	8.91545e+01	1.82877e+01	7.69834e+00	0.00000e+00
9.01309e+02	2.82509e+02	2.00198e+03	1.39384e+03	4.55911e+00	2.36757e+00	8.90118e+01	1.82954e+01	7.70393e+00	0.00000e+00
9.03171e+02	2.82598e+02	2.00130e+03	1.39384e+03	4.56022e+00	2.36838e+00	8.88695e+01	1.83030e+01	7.70951e+00	0.00000e+00
9.05033e+02	2.82687e+02	2.00063e+03	1.39383e+03	4.56133e+00	2.36918e+00	8.87275e+01	1.83106e+01	7.71510e+00	0.00000e+00
9.06895e+02	2.82776e+02	1.99995e+03	1.39383e+03	4.56244e+00	2.36999e+00	8.85859e+01	1.83183e+01	7.72069e+00	0.00000e+00
9.08757e+02	2.82865e+02	1.99927e+03	1.39382e+03	4.56355e+00	2.37080e+00	8.84445e+01	1.83259e+01	7.72627e+00	0.00000e+00
9.10619e+02	2.82955e+02	1.99860e+03	1.39381e+03	4.56466e+00	2.37161e+00	8.83035e+01	1.83335e+01	7.73186e+00	0.00000e+00
9.12481e+02	2.83042e+02	1.99792e+03	1.39381e+03	4.56577e+00	2.37242e+00	8.81655e+01	1.83412e+01	7.73744e+00	0.00000e+00
9.14344e+02	2.83128e+02	1.99725e+03	1.39380e+03	4.56687e+00	2.37323e+00	8.80297e+01	1.83488e+01	7.74303e+00	0.00000e+00
9.16206e+02	2.83215e+02	1.99657e+03	1.39380e+03	4.56798e+00	2.37403e+00	8.78942e+01	1.83564e+01	7.74862e+00	0.00000e+00
9.18068e+02	2.83301e+02	1.99590e+03	1.39379e+03	4.56909e+00	2.37484e+00	8.77590e+01	1.83641e+01	7.75420e+00	0.00000e+00
9.19930e+02	2.83387e+02	1.99522e+03	1.39379e+03	4.57020e+00	2.37565e+00	8.76241e+01	1.83717e+01	7.75979e+00	0.00000e+00
9.21792e+02	2.83473e+02	1.99455e+03	1.39378e+03	4.57130e+00	2.37645e+00	8.74894e+01	1.83793e+01	7.76538e+00	0.00000e+00
9.23654e+02	2.83560e+02	1.99387e+03	1.39378e+03	4.57241e+00	2.37726e+00	8.73551e+01	1.83870e+01	7.77096e+00	0.00000e+00
9.25516e+02	2.83646e+02	1.99320e+03	1.39377e+03	4.57352e+00	2.37807e+00	8.72210e+01	1.83946e+01	7.77655e+00	0.00000e+00
9.27378e+02	2.83732e+02	1.99253e+03	1.39376e+03	4.57463e+00	2.37887e+00	8.70873e+01	1.84023e+01	7.78213e+00	0.00000e+00
9.29240e+02	2.83819e+02	1.99185e+03	1.39376e+03	4.57573e+00	2.37968e+00	8.69538e+01	1.84099e+01	7.78772e+00	0.00000e+00
9.31102e+02	2.83905e+02	1.99118e+03	1.39375e+03	4.57684e+00	2.38049e+00	8.68206e+01	1.84175e+01	7.79331e+00	0.00000e+00
9.32964e+02	2.83991e+02	1.99051e+03	1.39375e+03	4.57795e+00	2.38129e+00	8.66877e+01	1.84252e+01	7.79889e+00	0.00000e+00
9.34827e+02	2.84077e+02	1.98983e+03	1.39374e+03	4.57906e+00	2.38210e+00	8.65551e+01	1.84328e+01	7.80448e+00	0.00000e+00
9.36689e+02	2.84164e+02	1.98916e+03	1.39374e+03	4.58016e+00	2.38290e+00	8.64227e+01	1.84404e+01	7.81007e+00	0.00000e+00
9.38551e+02	2.84247e+02	1.98849e+03	1.39373e+03	4.58127e+00	2.38371e+00	8.62948e+01	1.84481e+01	7.81565e+00	0.00000e+00
9.40413e+02	2.84331e+02	1.98781e+03	1.39372e+03	4.58238e+00	2.38451e+00	8.61672e+01	1.84557e+01	7.82124e+00	0.00000e+00
9.42275e+02	2.84414e+02	1.98714e+03	1.39372e+03	4.58348e+00	2.38532e+00	8.60398e+01	1.84633e+01	7.82682e+00	0.00000e+00
9.44137e+02	2.84498e+02	1.98647e+03	1.39371e+03	4.58459e+00	2.38612e+00	8.59127e+01	1.84710e+01	7.83241e+00	0.00000e+00
9.45999e+02	2.84581e+02	1.98580e+03	1.39371e+03	4.58569e+00	2.38693e+00	8.57858e+01	1.84786e+01	7.83800e+00	0.00000e+00
9.47861e+02	2.84665e+02	1.98512e+03	1.39370e+03	4.58680e+00	2.38773e+00	8.56592e+01	1.84862e+01	7.84358e+00	0.00000e+00
9.49723e+02	2.84748e+02	1.98445e+03	1.39370e+03	4.58791e+00	2.38853e+00	8.55329e+01	1.84939e+01	7.84917e+00	0.00000e+00
9.51585e+02	2.84832e+02	1.98378e+03	1.39369e+03	4.58901e+00	2.38934e+00	8.54069e+01	1.85015e+01	7.85476e+00	0.00000e+00
9.53448e+02	2.84915e+02	1.98311e+03	1.39369e+03	4.59012e+00	2.39014e+00	8.52811e+01	1.85091e+01	7.86034e+00	0.00000e+00
9.55310e+02	2.84999e+02	1.98244e+03	1.39368e+03	4.59123e+00	2.39095e+00	8.51555e+01	1.85168e+01	7.86593e+00	0.00000e+00
9.57172e+02	2.85083e+02	1.98177e+03	1.39367e+03	4.59233e+00	2.39175e+00	8.50302e+01	1.85244e+01	7.87152e+00	0.00000e+00
9.59034e+02	2.85166e+02	1.98110e+03	1.39367e+03	4.59344e+00	2.39255e+00	8.49052e+01	1.85320e+01	7.87710e+00	0.00000e+00
9.60896e+02	2.85250e+02	1.98043e+03	1.39366e+03	4.59454e+00	2.39335e+00	8.47804e+01	1.85397e+01	7.88269e+00	0.00000e+00
9.62758e+02	2.85332e+02	1.97976e+03	1.39366e+03	4.59565e+00	2.39416e+00	8.46574e+01	1.85473e+01	7.88827e+00	0.00000e+00
9.64620e+02	2.85413e+02	1.97909e+03	1.39365e+03	4.59675e+00	2.39496e+00	8.45368e+01	1.85549e+01	7.89386e+00	0.00000e+00
9.66482e+02	2.85494e+02	1.97842e+03	1.39365e+03	4.59786e+00	2.39576e+00	8.44165e+01	1.85626e+01	7.89945e+00	0.00000e+00
9.68344e+02	2.85575e+02	1.97775e+03	1.39364e+03	4.59896e+00	2.39656e+00	8.42965e+01	1.85702e+01	7.90503e+00	0.00000e+00
9.70206e+02	2.85656e+02	1.97708e+03	1.39364e+03	4.60007e+00	2.39736e+00	8.41767e+01	1.85778e+01	7.91062e+00	0.00000e+00
9.72069e+02	2.85737e+02	1.97641e+03	1.39363e+03	4.60117e+00	2.39817e+00	8.40571e+01	1.85855e+01	7.91621e+00	0.00000e+00
9.73931e+02	2.85818e+02	1.97574e+03	1.39363e+03	4.60228e+00	2.39897e+00	8.39377e+01	1.85931e+01	7.92179e+00	0.00000e+00
9.75793e+02	2.85899e+02	1.97507e+03	1.39362e+03	4.60338e+00	2.39977e+00	8.38186e+01	1.86008e+01	7.92738e+00	0.00000e+00
9.77655e+02	2.85981e+02	1.97440e+03	1.39362e+03	4.60449e+00	2.40057e+00	8.36997e+01	1.86084e+01	7.93296e+00	0.00000e+00
9.79517e+02	2.86062e+02	1.97373e+03	1.39361e+03	4.60559e+00	2.40137e+00	8.35811e+01	1.86160e+01	7.93855e+00	0.00000e+00
9.81379e+02	2.86143e+02	1.97306e+03	1.39361e+03	4.60670e+00	2.40217e+00	8.34627e+01	1.86237e+01	7.94414e+00	0.00000e+00
9.83241e+02	2.86224e+02	1.97239e+03	1.39360e+03	4.60780e+00	2.40297e+00	8.33445e+01	1.86313e+01	7.94972e+00	0.00000e+00
9.85103e+02	2.86305e+02	1.97173e+03	1.39359e+03	4.60890e+00	2.40377e+00	8.32266e+01	1.86389e+01	7.95531e+00	0.00000e+00
9.86965e+02	2.86386e+02	1.97106e+03	3.41691e+03	8.42633e+00	4.88727e+00	3.78531e+13	1.33792e+02	8.16141e+01	0.00000e+00
1.09478e+03	2.95229e+02	1.95529e+03	3.41691e+03	8.44723e+00	4.89492e+00	1.90590e+13	1.34930e+02	8.20365e+01	0.00000e+00
1.20259e+03	3.03997e+02	1.93952e+03	3.42386e+03	8.45300e+00	4.89533e+00	1.00400e+13	1.35330e+02	8.21017e+01	0.00000e+00
1.31061e+03	3.12688e+02	1.92375e+03	3.42601e+03	8.46272e+00	4.89737e+00	5.51284e+12	1.35941e+02	8.22536e+01	0.00000e+00
1.41871e+03	3.21302e+02	1.90799e+03	3.42949e+03	8.47594e+00	4.89993e+00	3.14215e+12	1.36785e+02	8.24551e+01	0.00000e+00
1.52692e+03	3.29840e+02	1.89222e+03	3.43429e+03	8.48001e+00	4.89811e+00	1.85305e+12	1.37177e+02	8.24382e+01	0.00000e+00
1.63528e+03	3.38301e+02	1.87645e+03	3.43614e+03	8.48944e+00	4.89926e+00	1.12751e+12	1.37818e+02	8.25620e+01	0.00000e+00
1.74369e+03	3.46685e+02	1.86068e+03	3.43969e+03	8.49463e+00	4.89905e+00	7.05842e+11	1.38213e+02	8.26041e+01	0.00000e+00
1.85222e+03	3.54993e+02	1.84491e+03	3.44174e+03	8.50032e+00	4.89942e+00	4.53615e+11	1.38617e+02	8.26691e+01	0.00000e+00
1.96082e+03	3.63223e+02	1.82914e+03	3.44393e+03	8.50592e+00	4.89974e+00	2.98620e+11	1.39016e+02	8.27309e+01	0.00000e+00
2.06948e+03	3.71376e+02	1.81338e+03	3.44604e+03	8.50978e+00	4.89785e+00	2.01002e+11	1.39400e+02	8.27101e+01	0.00000e+00
2.17821e+03	3.79452e+02	1.79761e+03	3.44785e+03	8.51410e+00	4.89657e+00	1.38103e+11	1.39786e+02	8.27111e+01	0.00000e+00
2.28700e+03	3.87450e+02	1.78184e+03	3.44968e+03	8.51956e+00	4.89672e+00	9.67097e+10	1.40187e+02	8.27677e+01	0.00000e+00
2.39584e+03	3.95371e+02	1.76607e+03	3.45184e+03	8.52513e+00	4.89705e+00	6.89301e+10	1.40586e+02	8.28295e+01	0.00000e+00
2.50475e+03	4.03215e+02	1.75030e+03	3.45395e+03	8.53082e+00	4.89753e+00	4.99450e+10	1.40987e+02	8.28969e+01	0.00000e+00
2.61373e+03	4.10980e+02	1.73454e+03	3.45608e+03	8.53659e+00	4.89810e+00	3.67479e+10	1.41390e+02	8.29678e+01	0.00000e+00
2.72278e+03	4.18668e+02	1.71877e+03	3.45823e+03	8.53922e+00	4.89472e+00	2.74277e+10	1.41763e+02	8.28918e+01	0.00000e+00
2.83189e+03	4.26278e+02	1.70300e+03	3.45983e+03	8.54444e+00	4.89459e+00	2.07471e+10	1.42161e+02	8.29363e+01	0.00000e+00
2.94106e+03	4.33809e+02	1.68723e+03	3.46187e+03	8.55003e+00	4.89497e+00	1.58912e+10	1.42561e+02	8.29993e+01	0.00000e+00
3.05028e+03	4.41262e+02	1.67146e+03	3.46398e+03	8.55534e+00	4.89496e+00	1.23157e+10	1.42965e+02	8.30504e+01	0.00000e+00
3.15958e+03	4.48637e+02	1.65569e+03	3.46612e+03	8.56094e+00	4.89535e+00	9.65070e+09	1.43367e+02	8.31141e+01	0.00000e+00
3.26894e+03	4.55933e+02	1.63993e+03	3.46823e+03	8.56672e+00	4.89595e+00	7.64130e+09	1.43773e+02	8.31865e+01	0.00000e+00
3.37837e+03	4.63150e+02	1.62416e+03	3.47040e+03	8.56965e+00	4.89296e+00	6.10974e+09	1.44151e+02	8.31247e+01	0.00000e+00
3.48787e+03	4.70288e+02	1.60839e+03	3.47205e+03	8.57394e+00	4.89168e+00	4.93043e+09	1.44545e+02	8.31277e+01	0.00000e+00
3.59742e+03	4.77347e+02	1.59262e+03	3.47400e+03	8.57959e+00	4.89213e+00	4.01348e+09	1.44950e+02	8.31934e+01	0.00000e+00
3.70703e+03	4.84327e+02	1.57685e+03	3.47611e+03	8.58556e+00	4.89294e+00	3.29405e+09	1.45360e+02	8.32731e+01	0.00000e+00
3.81671e+03	4.91227e+02	1.56109e+03	3.47828e+03	8.59141e+00	4.89360e+00	2.72474e+09	1.45769e+02	8.33470e+01	0.00000e+00
3.92646e+03	4.98047e+02	1.54532e+03	3.48043e+03	8.59709e+00	4.89408e+00	2.27053e+09	1.46176e+02	8.34142e+01	0.00000e+00
4.03627e+03	5.04787e+02	1.52955e+03	3.48255e+03	8.60273e+00	4.89453e+00	1.90535e+09	1.46581e+02	8.34795e+01	0.00000e+00
4.14615e+03	5.11447e+02	1.51378e+03	3.48464e+03	8.60657e+00	4.89269e+00	1.60957e+09	1.46970e+02	8.34592e+01	0.00000e+00
4.25610e+03	5.18026e+02	1.49801e+03	3.48640e+03	8.61201e+00	4.89285e+00	1.36833e+09	1.47379e+02	8.35151e+01	0.00000e+00
4.36610e+03	5.24525e+02	1.48224e+03	3.48852e+03	8.61777e+00	4.89340e+00	1.17027e+09	1.47790e+02	8.35848e+01	0.00000e+00
4.47617e+03	5.30943e+02	1.46648e+03	3.49065e+03	8.62316e+00	4.89349e+00	1.00663e+09	1.48201e+02	8.36395e+01	0.00000e+00
4.58631e+03	5.37279e+02	1.45071e+03	3.49280e+03	8.62895e+00	4.89408e+00	8.70620e+08	1.48614e+02	8.37105e+01	0.00000e+00
4.69651e+03	5.43534e+02	1.43494e+03	3.49493e+03	8.63472e+00	4.89463e+00	7.56933e+08	1.49030e+02	8.37814e+01	0.00000e+00
4.80678e+03	5.49707e+02	1.41917e+03	3.49710e+03	8.64069e+00	4.89541e+00	6.61384e+08	1.49443e+02	8.38576e+01	0.00000e+00
4.91712e+03	5.55798e+02	1.40340e+03	3.49917e+03	8.68178e+00	4.93068e+00	5.80663e+08	1.50862e+02	8.53792e+01	0.00000e+00
5.02753e+03	5.61807e+02	1.38764e+03	3.51186e+03	8.68693e+00	4.93053e+00	5.12128e+08	1.51269e+02	8.54224e+01	0.00000e+00
5.13834e+03	5.67733e+02	1.37187e+03	3.51386e+03	8.69339e+00	4.93202e+00	4.53794e+08	1.51690e+02	8.55272e+01	0.00000e+00
5.24920e+03	5.73576e+02	1.35610e+03	3.51605e+03	8.69923e+00	4.93279e+00	4.03790e+08	1.52103e+02	8.56057e+01	0.00000e+00
5.36014e+03	5.79335e+02	1.34033e+03	3.51817e+03	8.70544e+00	4.93397e+00	3.60745e+08	1.52522e+02	8.56992e+01	0.00000e+00
5.47115e+03	5.85011e+02	1.32456e+03	3.52034e+03	8.71144e+00	4.93490e+00	3.23537e+08	1.52940e+02	8.57837e+01	0.00000e+00
5.58222e+03	5.90602e+02	1.30879e+03	3.52248e+03	8.71746e+00	4.93586e+00	2.91249e+08	1.53358e+02	8.58692e+01	0.00000e+00
5.69336e+03	5.96108e+02	1.29303e+03	3.52462e+03	8.72404e+00	4.93738e+00	2.63123e+08	1.53788e+02	8.59758e+01	0.00000e+00
5.80457e+03	6.01530e+02	1.27726e+03	3.52682e+03	8.72894e+00	4.93684e+00	2.38536e+08	1.54201e+02	8.60055e+01	0.00000e+00
5.91585e+03	6.06865e+02	1.26149e+03	3.52880e+03	8.73535e+00	4.93821e+00	2.16968e+08	1.54629e+02	8.61063e+01	0.00000e+00
6.02719e+03	6.12115e+02	1.24572e+03	3.53098e+03	8.74136e+00	4.93913e+00	1.97986e+08	1.55050e+02	8.61907e+01	0.00000e+00
6.13860e+03	6.17278e+02	1.22995e+03	3.53313e+03	8.74819e+00	4.94098e+00	1.81228e+08	1.55485e+02	8.63102e+01	0.00000e+00
6.25008e+03	6.22354e+02	1.21419e+03	3.53538e+03	8.75543e+00	4.94339e+00	1.66389e+08	1.55921e+02	8.64501e+01	0.00000e+00
6.36162e+03	6.27343e+02	1.19842e+03	3.53766e+03	8.76029e+00	4.94266e+00	1.53212e+08	1.56334e+02	8.64674e+01	0.00000e+00
6.47324e+03	6.32243e+02	1.18265e+03	3.53941e+03	8.76639e+00	4.94361e+00	1.41479e+08	1.56763e+02	8.65533e+01	0.00000e+00
6.58492e+03	6.37054e+02	1.16688e+03	3.54156e+03	8.77391e+00	4.94650e+00	1.31003e+08	1.57213e+02	8.67193e+01	0.00000e+00
6.69666e+03	6.41776e+02	1.15111e+03	3.54420e+03	8.77991e+00	4.94729e+00	1.21627e+08	1.57638e+02	8.67963e+01	0.00000e+00
6.80849e+03	6.46407e+02	1.13534e+03	3.54622e+03	8.78679e+00	4.94940e+00	1.13218e+08	1.58084e+02	8.69338e+01	0.00000e+00
6.92038e+03	6.50948e+02	1.11958e+03	3.54881e+03	8.79346e+00	4.95119e+00	1.05658e+08	1.58528e+02	8.70581e+01	0.00000e+00
7.03235e+03	6.55396e+02	1.10381e+03	3.55132e+03	8.79908e+00	4.95126e+00	9.88476e+07	1.58951e+02	8.71012e+01	0.00000e+00
7.14440e+03	6.59752e+02	1.08804e+03	3.55298e+03	8.80527e+00	4.95214e+00	9.27008e+07	1.59382e+02	8.71793e+01	0.00000e+00
7.25651e+03	6.64015e+02	1.07227e+03	3.55490e+03	8.81168e+00	4.95349e+00	8.71415e+07	1.59824e+02	8.72832e+01	0.00000e+00
7.36867e+03	6.68183e+02	1.05650e+03	3.55720e+03	8.81687e+00	4.95304e+00	8.21056e+07	1.60240e+02	8.73053e+01	0.00000e+00
7.48091e+03	6.72256e+02	1.04074e+03	3.55874e+03	8.82596e+00	4.95786e+00	7.75373e+07	1.60731e+02	8.75558e+01	0.00000e+00
7.59319e+03	6.76232e+02	1.02497e+03	3.56202e+03	8.82974e+00	4.95561e+00	7.33865e+07	1.61122e+02	8.75012e+01	0.00000e+00
7.70558e+03	6.80111e+02	1.00920e+03	3.56304e+03	8.83797e+00	4.95923e+00	6.96125e+07	1.61598e+02	8.76997e+01	0.00000e+00
7.81800e+03	6.83891e+02	9.93431e+02	3.56590e+03	8.84481e+00	4.96104e+00	6.61751e+07	1.62052e+02	8.78221e+01	0.00000e+00
7.93051e+03	6.87571e+02	9.77663e+02	3.56827e+03	8.85131e+00	4.96239e+00	6.30434e+07	1.62498e+02	8.79231e+01	0.00000e+00
8.04310e+03	6.91150e+02	9.61895e+02	3.57044e+03	8.85842e+00	4.96447e+00	6.01879e+07	1.62957e+02	8.80552e+01	0.00000e+00
8.15575e+03	6.94626e+02	9.46126e+02	3.57280e+03	8.86527e+00	4.96624e+00	5.75831e+07	1.63412e+02	8.81741e+01	0.00000e+00
8.26848e+03	6.97998e+02	9.30358e+02	3.57508e+03	8.87235e+00	4.96829e+00	5.52067e+07	1.63875e+02	8.83073e+01	0.00000e+00
8.38128e+03	7.01264e+02	9.14590e+02	3.57752e+03	8.87942e+00	4.97030e+00	5.30392e+07	1.64335e+02	8.84362e+01	0.00000e+00
8.49416e+03	7.04422e+02	8.98822e+02	3.57985e+03	8.88680e+00	4.97272e+00	5.10631e+07	1.64806e+02	8.85851e+01	0.00000e+00
8.60711e+03	7.07471e+02	8.83054e+02	3.58239e+03	8.89370e+00	4.97447e+00	4.92634e+07	1.65266e+02	8.87030e+01	0.00000e+00
8.72014e+03	7.10409e+02	8.67286e+02	3.58464e+03	8.90032e+00	4.97568e+00	4.76267e+07	1.65723e+02	8.87952e+01	0.00000e+00
8.83325e+03	7.13232e+02	8.51517e+02	3.58661e+03	8.90744e+00	4.97768e+00	4.61414e+07	1.66185e+02	8.89218e+01	0.00000e+00
8.94641e+03	7.15940e+02	8.35749e+02	3.58884e+03	8.91417e+00	4.97912e+00	4.47970e+07	1.66650e+02	8.90287e+01	0.00000e+00
9.05965e+03	7.18530e+02	8.19981e+02	3.59107e+03	8.92080e+00	4.98044e+00	4.35850e+07	1.67106e+02	8.91259e+01	0.00000e+00
9.17295e+03	7.20998e+02	8.04213e+02	3.59309e+03	8.92954e+00	4.98441e+00	4.24980e+07	1.67621e+02	8.93445e+01	0.00000e+00
9.28632e+03	7.23342e+02	7.88445e+02	3.59617e+03	8.94187e+00	4.98976e+00	4.15295e+07	1.68166e+02	8.95411e+01	0.00000e+00
9.39979e+03	7.25559e+02	7.72676e+02	3.59636e+03	8.94652e+00	4.98816e+00	4.06748e+07	1.68998e+02	8.97260e+01	0.00000e+00
9.51326e+03	7.27646e+02	7.56908e+02	3.60610e+03	8.96155e+00	4.99452e+00	3.99287e+07	1.69883e+02	9.00713e+01	0.00000e+00
9.62704e+03	7.29598e+02	7.41140e+02	3.61077e+03	8.97277e+00	4.99856e+00	3.92915e+07	1.70529e+02	9.02776e+01	0.00000e+00
9.74096e+03	7.31412e+02	7.25372e+02	3.61319e+03	8.98541e+00	5.00340e+00	3.87592e+07	1.71439e+02	9.06230e+01	0.00000e+00
9.85497e+03	7.33083e+02	7.09604e+02	3.62002e+03	9.00437e+00	5.01390e+00	3.83299e+07	1.72101e+02	9.09693e+01	0.00000e+00
9.96919e+03	7.34607e+02	6.93835e+02	3.61862e+03	9.01434e+00	5.01650e+00	3.80052e+07	1.73041e+02	9.12829e+01	0.00000e+00
1.00834e+04	7.35979e+02	6.78067e+02	3.62734e+03	9.03347e+00	5.02610e+00	3.77839e+07	1.73923e+02	9.16829e+01	0.00000e+00
1.01978e+04	7.37192e+02	6.62299e+02	3.62934e+03	9.05674e+00	5.03922e+00	3.76716e+07	1.74803e+02	9.21583e+01	0.00000e+00
1.03123e+04	7.38241e+02	6.46531e+02	3.62918e+03	9.07212e+00	5.04577e+00	3.76705e+07	1.75858e+02	9.25887e+01	0.00000e+00
1.04268e+04	7.39118e+02	6.30763e+02	3.63667e+03	9.08635e+00	5.05120e+00	3.77857e+07	1.76945e+02	9.30054e+01	0.00000e+00
1.05416e+04	7.39816e+02	6.14995e+02	3.64518e+03	9.11583e+00	5.06868e+00	3.80269e+07	1.78050e+02	9.36550e+01	0.00000e+00
1.06566e+04	7.40327e+02	5.99226e+02	3.64537e+03	9.12745e+00	5.07161e+00	3.84041e+07	1.79395e+02	9.41388e+01	0.00000e+00
1.07716e+04	7.40641e+02	5.83458e+02	3.65997e+03	9.16761e+00	5.09662e+00	3.89281e+07	1.80844e+02	9.50702e+01	0.00000e+00
1.08871e+04	7.40748e+02	5.67690e+02	3.65999e+03	9.18809e+00	5.10518e+00	3.96179e+07	1.82638e+02	9.58327e+01	0.00000e+00
1.08871e+04	7.40748e+02	5.67690e+02	8.00000e+03	6.53326e+00	3.50489e+00	1.00000e+04	2.10435e+02	9.82742e+01	0.00000e+00
1.16457e+04	7.41571e+02	5.04613e+02	8.00000e+03	6.53326e+00	3.50489e+00	1.00000e+04	2.10435e+02	9.82742e+01	0.00000e+00
1.24043e+04	7.42395e+02	4.41537e+02	8.00000e+03	6.58866e+00	3.53184e+00	1.00000e+04	2.14229e+02	9.97914e+01	0.00000e+00
1.31630e+04	7.43218e+02	3.78460e+02	8.00000e+03	6.64360e+00	3.55859e+00	1.00000e+04	2.18022e+02	1.01309e+02	0.00000e+00
1.39216e+04	7.44041e+02	3.15383e+02	8.00000e+03	6.69810e+00	3.58514e+00	1.00000e+04	2.21815e+02	1.02826e+02	0.00000e+00
1.46802e+04	7.44864e+02	2.52307e+02	8.00000e+03	6.75215e+00	3.61149e+00	1.00000e+04	2.25608e+02	1.04343e+02	0.00000e+00
1.54388e+04	7.45687e+02	1.89230e+02	8.00000e+03	6.80577e+00	3.63766e+00	1.00000e+04	2.29401e+02	1.05860e+02	0.00000e+00
1.61974e+04	7.46510e+02	1.26153e+02	8.00000e+03	6.85897e+00	3.66363e+00	1.00000e+04	2.33194e+02	1.07378e+02	0.00000e+00
1.69561e+04	7.47333e+02	6.30767e+01	8.00000e+03	6.91177e+00	3.68943e+00	1.00000e+04	2.36987e+02	1.08895e+02	0.00000e+00
1.77147e+04	7.48156e+02	0.00000e+00	8.00000e+03	6.96416e+00	3.71504e+00	1.00000e+04	2.40780e+02	1.10412e+02	0.00000e+00
