P (MPa)		T (K)		r (km)		rho (kg m-3)	VP (km s-1)	VS (km s-1)	QS/gamma	KS (GPa)	GS (GPa)	k for 0.01 mol/kg MgSO4 (S m-1)	
0.00000e+00	1.10000e+02	2.41030e+03	9.32026e+02	3.87940e+00	1.96225e+00	1.65838e+04	9.24000e+00	3.58800e+00	0.00000e+00
1.97718e+00	1.29154e+02	2.40905e+03	9.32026e+02	3.88240e+00	1.96408e+00	3.60197e+03	9.24651e+00	3.59224e+00	0.00000e+00
3.95435e+00	1.51644e+02	2.40781e+03	9.32208e+02	3.88630e+00	1.96636e+00	9.81168e+02	9.25301e+00	3.59648e+00	0.00000e+00
5.93153e+00	1.78049e+02	2.40656e+03	9.32388e+02	3.89160e+00	1.96935e+00	3.24122e+02	9.25948e+00	3.60071e+00	0.00000e+00
7.90871e+00	2.09053e+02	2.40532e+03	9.32568e+02	3.89902e+00	1.97341e+00	1.26187e+02	9.26594e+00	3.60493e+00	0.00000e+00
9.88589e+00	2.45455e+02	2.40408e+03	9.32747e+02	3.90926e+00	1.97890e+00	5.65039e+01	9.27237e+00	3.60914e+00	0.00000e+00
1.18631e+01	2.45471e+02	2.40283e+03	9.32925e+02	3.91047e+00	1.97983e+00	5.64863e+01	9.27878e+00	3.61334e+00	0.00000e+00
1.38402e+01	2.45488e+02	2.40159e+03	9.33102e+02	3.91168e+00	1.98075e+00	5.64686e+01	9.28517e+00	3.61754e+00	0.00000e+00
1.58174e+01	2.45505e+02	2.40035e+03	9.33278e+02	3.91289e+00	1.98166e+00	5.64507e+01	9.29155e+00	3.62173e+00	0.00000e+00
1.77946e+01	2.45522e+02	2.39911e+03	9.33453e+02	3.91408e+00	1.98258e+00	5.64327e+01	9.29790e+00	3.62591e+00	0.00000e+00
1.97718e+01	2.45539e+02	2.39787e+03	9.33627e+02	3.91528e+00	1.98349e+00	5.64145e+01	9.30423e+00	3.63008e+00	0.00000e+00
2.17490e+01	2.45556e+02	2.39663e+03	9.33800e+02	3.91646e+00	1.98439e+00	5.63962e+01	9.31054e+00	3.63424e+00	0.00000e+00
2.37261e+01	2.45574e+02	2.39540e+03	9.33971e+02	3.91765e+00	1.98530e+00	5.63778e+01	9.31683e+00	3.63840e+00	0.00000e+00
2.57033e+01	2.45591e+02	2.39416e+03	9.34142e+02	3.91883e+00	1.98620e+00	5.63592e+01	9.32310e+00	3.64255e+00	0.00000e+00
2.76805e+01	2.45609e+02	2.39292e+03	9.34311e+02	3.92000e+00	1.98710e+00	5.63405e+01	9.32935e+00	3.64669e+00	0.00000e+00
2.96577e+01	2.45627e+02	2.39169e+03	9.34479e+02	3.92117e+00	1.98800e+00	5.63217e+01	9.33558e+00	3.65083e+00	0.00000e+00
3.16348e+01	2.45645e+02	2.39045e+03	9.34646e+02	3.92234e+00	1.98889e+00	5.63026e+01	9.34179e+00	3.65495e+00	0.00000e+00
3.36120e+01	2.45663e+02	2.38922e+03	9.34811e+02	3.92350e+00	1.98978e+00	5.62835e+01	9.34798e+00	3.65907e+00	0.00000e+00
3.55892e+01	2.45681e+02	2.38799e+03	9.34975e+02	3.92465e+00	1.99067e+00	5.62642e+01	9.35415e+00	3.66318e+00	0.00000e+00
3.75664e+01	2.45700e+02	2.38675e+03	9.35137e+02	3.92581e+00	1.99156e+00	5.62447e+01	9.36030e+00	3.66728e+00	0.00000e+00
3.95435e+01	2.45718e+02	2.38552e+03	9.35297e+02	3.92696e+00	1.99244e+00	5.62251e+01	9.36643e+00	3.67138e+00	0.00000e+00
4.15207e+01	2.45737e+02	2.38429e+03	9.35456e+02	3.92810e+00	1.99333e+00	5.62054e+01	9.37254e+00	3.67546e+00	0.00000e+00
4.34979e+01	2.45756e+02	2.38306e+03	9.35613e+02	3.92924e+00	1.99421e+00	5.61855e+01	9.37862e+00	3.67954e+00	0.00000e+00
4.54751e+01	2.45775e+02	2.38183e+03	9.35769e+02	3.93037e+00	1.99508e+00	5.61654e+01	9.38469e+00	3.68361e+00	0.00000e+00
4.74523e+01	2.45794e+02	2.38061e+03	9.35923e+02	3.93151e+00	1.99596e+00	5.61452e+01	9.39074e+00	3.68768e+00	0.00000e+00
4.94294e+01	2.45813e+02	2.37938e+03	9.36075e+02	3.93263e+00	1.99683e+00	5.61248e+01	9.39676e+00	3.69173e+00	0.00000e+00
5.14066e+01	2.45833e+02	2.37815e+03	9.36225e+02	3.93376e+00	1.99770e+00	5.61043e+01	9.40277e+00	3.69578e+00	0.00000e+00
5.33838e+01	2.45853e+02	2.37693e+03	9.36373e+02	3.93488e+00	1.99857e+00	5.60836e+01	9.40876e+00	3.69982e+00	0.00000e+00
5.53610e+01	2.45872e+02	2.37570e+03	9.36518e+02	3.93600e+00	1.99943e+00	5.60628e+01	9.41472e+00	3.70385e+00	0.00000e+00
5.73381e+01	2.45892e+02	2.37448e+03	9.36662e+02	3.93711e+00	2.00030e+00	5.60418e+01	9.42067e+00	3.70787e+00	0.00000e+00
5.93153e+01	2.45913e+02	2.37325e+03	9.36804e+02	3.93822e+00	2.00116e+00	5.60206e+01	9.42659e+00	3.71189e+00	0.00000e+00
6.12925e+01	2.45933e+02	2.37203e+03	9.36944e+02	3.93932e+00	2.00202e+00	5.59993e+01	9.43250e+00	3.71590e+00	0.00000e+00
6.32697e+01	2.45953e+02	2.37081e+03	9.37081e+02	3.94043e+00	2.00288e+00	5.59778e+01	9.43838e+00	3.71990e+00	0.00000e+00
6.52469e+01	2.45974e+02	2.36959e+03	9.37216e+02	3.94152e+00	2.00373e+00	5.59561e+01	9.44425e+00	3.72389e+00	0.00000e+00
6.72240e+01	2.45995e+02	2.36837e+03	9.37348e+02	3.94262e+00	2.00458e+00	5.59343e+01	9.45009e+00	3.72788e+00	0.00000e+00
6.92012e+01	2.46016e+02	2.36715e+03	9.37479e+02	3.94371e+00	2.00543e+00	5.59123e+01	9.45591e+00	3.73186e+00	0.00000e+00
7.11784e+01	2.46037e+02	2.36593e+03	9.37606e+02	3.94480e+00	2.00628e+00	5.58901e+01	9.46172e+00	3.73582e+00	0.00000e+00
7.31556e+01	2.46059e+02	2.36471e+03	9.37731e+02	3.94588e+00	2.00713e+00	5.58678e+01	9.46750e+00	3.73979e+00	0.00000e+00
7.51327e+01	2.46080e+02	2.36349e+03	9.37854e+02	3.94697e+00	2.00798e+00	5.58453e+01	9.47326e+00	3.74374e+00	0.00000e+00
7.71099e+01	2.46102e+02	2.36228e+03	9.37974e+02	3.94805e+00	2.00882e+00	5.58226e+01	9.47900e+00	3.74769e+00	0.00000e+00
7.90871e+01	2.46124e+02	2.36106e+03	9.38091e+02	3.94912e+00	2.00966e+00	5.57998e+01	9.48473e+00	3.75162e+00	0.00000e+00
8.10643e+01	2.46146e+02	2.35985e+03	9.38205e+02	3.95019e+00	2.01050e+00	5.57768e+01	9.49043e+00	3.75555e+00	0.00000e+00
8.30414e+01	2.46168e+02	2.35863e+03	9.38316e+02	3.95126e+00	2.01134e+00	5.57536e+01	9.49611e+00	3.75948e+00	0.00000e+00
8.50186e+01	2.46190e+02	2.35742e+03	9.38425e+02	3.95233e+00	2.01217e+00	5.57302e+01	9.50177e+00	3.76339e+00	0.00000e+00
8.69958e+01	2.46213e+02	2.35621e+03	9.38530e+02	3.95339e+00	2.01301e+00	5.57066e+01	9.50741e+00	3.76730e+00	0.00000e+00
8.89730e+01	2.46236e+02	2.35499e+03	9.38632e+02	3.95446e+00	2.01384e+00	5.56829e+01	9.51303e+00	3.77120e+00	0.00000e+00
9.09502e+01	2.46259e+02	2.35378e+03	9.38732e+02	3.95551e+00	2.01467e+00	5.56590e+01	9.51863e+00	3.77509e+00	0.00000e+00
9.29273e+01	2.46282e+02	2.35257e+03	9.38828e+02	3.95657e+00	2.01550e+00	5.56349e+01	9.52421e+00	3.77897e+00	0.00000e+00
9.49045e+01	2.46305e+02	2.35136e+03	9.38920e+02	3.95762e+00	2.01633e+00	5.56106e+01	9.52977e+00	3.78285e+00	0.00000e+00
9.68817e+01	2.46329e+02	2.35015e+03	9.39010e+02	3.95867e+00	2.01715e+00	5.55862e+01	9.53531e+00	3.78672e+00	0.00000e+00
9.88589e+01	2.46353e+02	2.34894e+03	9.39096e+02	3.95972e+00	2.01798e+00	5.55615e+01	9.54082e+00	3.79058e+00	0.00000e+00
1.00836e+02	2.46377e+02	2.34773e+03	9.39178e+02	3.96076e+00	2.01880e+00	5.55367e+01	9.54632e+00	3.79443e+00	0.00000e+00
1.02813e+02	2.46401e+02	2.34653e+03	9.39257e+02	3.96181e+00	2.01962e+00	5.55116e+01	9.55180e+00	3.79827e+00	0.00000e+00
1.04790e+02	2.46425e+02	2.34532e+03	9.39332e+02	3.96284e+00	2.02044e+00	5.54864e+01	9.55726e+00	3.80211e+00	0.00000e+00
1.06768e+02	2.46450e+02	2.34411e+03	9.39404e+02	3.96388e+00	2.02126e+00	5.54610e+01	9.56269e+00	3.80594e+00	0.00000e+00
1.08745e+02	2.46475e+02	2.34291e+03	9.39472e+02	3.96492e+00	2.02207e+00	5.54354e+01	9.56811e+00	3.80976e+00	0.00000e+00
1.10722e+02	2.46500e+02	2.34170e+03	9.39536e+02	3.96595e+00	2.02289e+00	5.54096e+01	9.57351e+00	3.81357e+00	0.00000e+00
1.12699e+02	2.46525e+02	2.34050e+03	9.39596e+02	3.96698e+00	2.02370e+00	5.53836e+01	9.57888e+00	3.81738e+00	0.00000e+00
1.14676e+02	2.46550e+02	2.33930e+03	9.39653e+02	3.96800e+00	2.02451e+00	5.53574e+01	9.58424e+00	3.82117e+00	0.00000e+00
1.16653e+02	2.46576e+02	2.33809e+03	9.39705e+02	3.96903e+00	2.02532e+00	5.53311e+01	9.58958e+00	3.82496e+00	0.00000e+00
1.18631e+02	2.46602e+02	2.33689e+03	9.39753e+02	3.97005e+00	2.02613e+00	5.53045e+01	9.59489e+00	3.82875e+00	0.00000e+00
1.20608e+02	2.46628e+02	2.33569e+03	9.39797e+02	3.97107e+00	2.02694e+00	5.52777e+01	9.60019e+00	3.83252e+00	0.00000e+00
1.22585e+02	2.46654e+02	2.33449e+03	9.39837e+02	3.97209e+00	2.02774e+00	5.52507e+01	9.60546e+00	3.83629e+00	0.00000e+00
1.24562e+02	2.46680e+02	2.33329e+03	9.39872e+02	3.97311e+00	2.02855e+00	5.52235e+01	9.61071e+00	3.84004e+00	0.00000e+00
1.26539e+02	2.46707e+02	2.33209e+03	9.39903e+02	3.97412e+00	2.02935e+00	5.51961e+01	9.61595e+00	3.84379e+00	0.00000e+00
1.28517e+02	2.46734e+02	2.33089e+03	9.39930e+02	3.97513e+00	2.03015e+00	5.51685e+01	9.62116e+00	3.84754e+00	0.00000e+00
1.30494e+02	2.46761e+02	2.32969e+03	9.39952e+02	3.97614e+00	2.03096e+00	5.51407e+01	9.62635e+00	3.85127e+00	0.00000e+00
1.32471e+02	2.46788e+02	2.32850e+03	9.39970e+02	3.97715e+00	2.03175e+00	5.51127e+01	9.63153e+00	3.85500e+00	0.00000e+00
1.34448e+02	2.46816e+02	2.32730e+03	9.39983e+02	3.97815e+00	2.03255e+00	5.50844e+01	9.63668e+00	3.85872e+00	0.00000e+00
1.36425e+02	2.46844e+02	2.32610e+03	9.39992e+02	3.97916e+00	2.03335e+00	5.50560e+01	9.64181e+00	3.86243e+00	0.00000e+00
1.38402e+02	2.46872e+02	2.32491e+03	9.39995e+02	3.98016e+00	2.03414e+00	5.50273e+01	9.64692e+00	3.86613e+00	0.00000e+00
1.40380e+02	2.46900e+02	2.32371e+03	9.39994e+02	3.98116e+00	2.03494e+00	5.49984e+01	9.65202e+00	3.86983e+00	0.00000e+00
1.42357e+02	2.46928e+02	2.32252e+03	9.39988e+02	3.98215e+00	2.03573e+00	5.49694e+01	9.65709e+00	3.87352e+00	0.00000e+00
1.44334e+02	2.46957e+02	2.32132e+03	9.39978e+02	3.98315e+00	2.03652e+00	5.49400e+01	9.66214e+00	3.87720e+00	0.00000e+00
1.46311e+02	2.46986e+02	2.32013e+03	9.39962e+02	3.98414e+00	2.03731e+00	5.49105e+01	9.66717e+00	3.88087e+00	0.00000e+00
1.48288e+02	2.47015e+02	2.31894e+03	9.39941e+02	3.98513e+00	2.03810e+00	5.48808e+01	9.67218e+00	3.88453e+00	0.00000e+00
1.50265e+02	2.47045e+02	2.31775e+03	9.39915e+02	3.98612e+00	2.03889e+00	5.48508e+01	9.67717e+00	3.88819e+00	0.00000e+00
1.52243e+02	2.47074e+02	2.31655e+03	9.39884e+02	3.98711e+00	2.03968e+00	5.48206e+01	9.68214e+00	3.89184e+00	0.00000e+00
1.54220e+02	2.47104e+02	2.31536e+03	9.39848e+02	3.98809e+00	2.04046e+00	5.47902e+01	9.68709e+00	3.89548e+00	0.00000e+00
1.56197e+02	2.47134e+02	2.31417e+03	9.39807e+02	3.98908e+00	2.04125e+00	5.47595e+01	9.69202e+00	3.89911e+00	0.00000e+00
1.58174e+02	2.47165e+02	2.31298e+03	9.39760e+02	3.99006e+00	2.04203e+00	5.47286e+01	9.69693e+00	3.90274e+00	0.00000e+00
1.60151e+02	2.47196e+02	2.31179e+03	9.39708e+02	3.99104e+00	2.04281e+00	5.46975e+01	9.70181e+00	3.90636e+00	0.00000e+00
1.62129e+02	2.47226e+02	2.31060e+03	9.39651e+02	3.99202e+00	2.04360e+00	5.46662e+01	9.70668e+00	3.90997e+00	0.00000e+00
1.64106e+02	2.47258e+02	2.30941e+03	9.39589e+02	3.99299e+00	2.04438e+00	5.46346e+01	9.71153e+00	3.91357e+00	0.00000e+00
1.66083e+02	2.47289e+02	2.30823e+03	9.39521e+02	3.99397e+00	2.04515e+00	5.46028e+01	9.71636e+00	3.91716e+00	0.00000e+00
1.68060e+02	2.47321e+02	2.30704e+03	9.39448e+02	3.99494e+00	2.04593e+00	5.45707e+01	9.72116e+00	3.92075e+00	0.00000e+00
1.70037e+02	2.47353e+02	2.30585e+03	9.39370e+02	3.99591e+00	2.04671e+00	5.45384e+01	9.72595e+00	3.92433e+00	0.00000e+00
1.72014e+02	2.47385e+02	2.30467e+03	9.39286e+02	3.99688e+00	2.04748e+00	5.45059e+01	9.73072e+00	3.92790e+00	0.00000e+00
1.73992e+02	2.47418e+02	2.30348e+03	9.39197e+02	3.99785e+00	2.04826e+00	5.44731e+01	9.73546e+00	3.93146e+00	0.00000e+00
1.75969e+02	2.47450e+02	2.30229e+03	9.39102e+02	3.99881e+00	2.04903e+00	5.44401e+01	9.74019e+00	3.93502e+00	0.00000e+00
1.77946e+02	2.47483e+02	2.30111e+03	9.39002e+02	3.99978e+00	2.04980e+00	5.44068e+01	9.74489e+00	3.93856e+00	0.00000e+00
1.79923e+02	2.47517e+02	2.29992e+03	9.38897e+02	4.00074e+00	2.05058e+00	5.43733e+01	9.74958e+00	3.94210e+00	0.00000e+00
1.81900e+02	2.47550e+02	2.29874e+03	9.38787e+02	4.00170e+00	2.05135e+00	5.43396e+01	9.75424e+00	3.94563e+00	0.00000e+00
1.83877e+02	2.47584e+02	2.29756e+03	9.38671e+02	4.00266e+00	2.05211e+00	5.43055e+01	9.75889e+00	3.94916e+00	0.00000e+00
1.85855e+02	2.47618e+02	2.29637e+03	9.38549e+02	4.00361e+00	2.05288e+00	5.42713e+01	9.76351e+00	3.95267e+00	0.00000e+00
1.87832e+02	2.47653e+02	2.29519e+03	9.38423e+02	4.00457e+00	2.05365e+00	5.42368e+01	9.76812e+00	3.95618e+00	0.00000e+00
1.89809e+02	2.47687e+02	2.29401e+03	9.38292e+02	4.00552e+00	2.05441e+00	5.42020e+01	9.77270e+00	3.95968e+00	0.00000e+00
1.91786e+02	2.47722e+02	2.29283e+03	9.38155e+02	4.00647e+00	2.05518e+00	5.41670e+01	9.77726e+00	3.96317e+00	0.00000e+00
1.93763e+02	2.53045e+02	2.29165e+03	9.37743e+02	4.00889e+00	2.05670e+00	4.92006e+01	9.78180e+00	3.96666e+00	0.00000e+00
1.95741e+02	2.53100e+02	2.29046e+03	9.37867e+02	4.00985e+00	2.05746e+00	4.91528e+01	9.78633e+00	3.97014e+00	0.00000e+00
1.97528e+02	2.53115e+02	2.28954e+03	1.08664e+03	1.68162e+00	0.00000e+00	0.00000e+00	3.07284e+00	0.00000e+00	2.51474e-02
1.99315e+02	2.53130e+02	2.28862e+03	1.08727e+03	1.68523e+00	0.00000e+00	0.00000e+00	3.08783e+00	0.00000e+00	2.52014e-02
2.01102e+02	2.53146e+02	2.28770e+03	1.08790e+03	1.68883e+00	0.00000e+00	0.00000e+00	3.10283e+00	0.00000e+00	2.52561e-02
2.02890e+02	2.53162e+02	2.28678e+03	1.08852e+03	1.69242e+00	0.00000e+00	0.00000e+00	3.11783e+00	0.00000e+00	2.53115e-02
2.04677e+02	2.53178e+02	2.28587e+03	1.08914e+03	1.69600e+00	0.00000e+00	0.00000e+00	3.13283e+00	0.00000e+00	2.53676e-02
2.06464e+02	2.53194e+02	2.28495e+03	1.08976e+03	1.69957e+00	0.00000e+00	0.00000e+00	3.14783e+00	0.00000e+00	2.54244e-02
2.08251e+02	2.53211e+02	2.28403e+03	1.09038e+03	1.70314e+00	0.00000e+00	0.00000e+00	3.16284e+00	0.00000e+00	2.54819e-02
2.10039e+02	2.53228e+02	2.28312e+03	1.09100e+03	1.70669e+00	0.00000e+00	0.00000e+00	3.17784e+00	0.00000e+00	2.55401e-02
2.11826e+02	2.53245e+02	2.28220e+03	1.09161e+03	1.71023e+00	0.00000e+00	0.00000e+00	3.19284e+00	0.00000e+00	2.55990e-02
2.13613e+02	2.53263e+02	2.28129e+03	1.09222e+03	1.71377e+00	0.00000e+00	0.00000e+00	3.20784e+00	0.00000e+00	2.56586e-02
2.15400e+02	2.53280e+02	2.28038e+03	1.09282e+03	1.71729e+00	0.00000e+00	0.00000e+00	3.22284e+00	0.00000e+00	2.57188e-02
2.17187e+02	2.53298e+02	2.27947e+03	1.09343e+03	1.72081e+00	0.00000e+00	0.00000e+00	3.23784e+00	0.00000e+00	2.57797e-02
2.18975e+02	2.53317e+02	2.27855e+03	1.09403e+03	1.72431e+00	0.00000e+00	0.00000e+00	3.25283e+00	0.00000e+00	2.58412e-02
2.20762e+02	2.53335e+02	2.27764e+03	1.09463e+03	1.72781e+00	0.00000e+00	0.00000e+00	3.26782e+00	0.00000e+00	2.59034e-02
2.22549e+02	2.53354e+02	2.27673e+03	1.09522e+03	1.73130e+00	0.00000e+00	0.00000e+00	3.28281e+00	0.00000e+00	2.59662e-02
2.24336e+02	2.53373e+02	2.27583e+03	1.09582e+03	1.73477e+00	0.00000e+00	0.00000e+00	3.29779e+00	0.00000e+00	2.60297e-02
2.26124e+02	2.53392e+02	2.27492e+03	1.09641e+03	1.73824e+00	0.00000e+00	0.00000e+00	3.31277e+00	0.00000e+00	2.60938e-02
2.27911e+02	2.53411e+02	2.27401e+03	1.09700e+03	1.74169e+00	0.00000e+00	0.00000e+00	3.32775e+00	0.00000e+00	2.61585e-02
2.29698e+02	2.53431e+02	2.27310e+03	1.09759e+03	1.74514e+00	0.00000e+00	0.00000e+00	3.34272e+00	0.00000e+00	2.62238e-02
2.31485e+02	2.53451e+02	2.27220e+03	1.09817e+03	1.74858e+00	0.00000e+00	0.00000e+00	3.35769e+00	0.00000e+00	2.62897e-02
2.33273e+02	2.53471e+02	2.27129e+03	1.09876e+03	1.75200e+00	0.00000e+00	0.00000e+00	3.37265e+00	0.00000e+00	2.63562e-02
2.35060e+02	2.53492e+02	2.27039e+03	1.09934e+03	1.75542e+00	0.00000e+00	0.00000e+00	3.38761e+00	0.00000e+00	2.64233e-02
2.36847e+02	2.53512e+02	2.26949e+03	1.09991e+03	1.75883e+00	0.00000e+00	0.00000e+00	3.40256e+00	0.00000e+00	2.64909e-02
2.38634e+02	2.53533e+02	2.26858e+03	1.10049e+03	1.76222e+00	0.00000e+00	0.00000e+00	3.41750e+00	0.00000e+00	2.65592e-02
2.40422e+02	2.53554e+02	2.26768e+03	1.10106e+03	1.76561e+00	0.00000e+00	0.00000e+00	3.43244e+00	0.00000e+00	2.66280e-02
2.42209e+02	2.53575e+02	2.26678e+03	1.10164e+03	1.76899e+00	0.00000e+00	0.00000e+00	3.44738e+00	0.00000e+00	2.66973e-02
2.43996e+02	2.53597e+02	2.26588e+03	1.10221e+03	1.77236e+00	0.00000e+00	0.00000e+00	3.46230e+00	0.00000e+00	2.67672e-02
2.45783e+02	2.53619e+02	2.26498e+03	1.10277e+03	1.77571e+00	0.00000e+00	0.00000e+00	3.47722e+00	0.00000e+00	2.68376e-02
2.47571e+02	2.53641e+02	2.26408e+03	1.10334e+03	1.77906e+00	0.00000e+00	0.00000e+00	3.49213e+00	0.00000e+00	2.69085e-02
2.49358e+02	2.53663e+02	2.26319e+03	1.10390e+03	1.78240e+00	0.00000e+00	0.00000e+00	3.50703e+00	0.00000e+00	2.69800e-02
2.51145e+02	2.53685e+02	2.26229e+03	1.10446e+03	1.78573e+00	0.00000e+00	0.00000e+00	3.52193e+00	0.00000e+00	2.70520e-02
2.52932e+02	2.53708e+02	2.26139e+03	1.10502e+03	1.78904e+00	0.00000e+00	0.00000e+00	3.53681e+00	0.00000e+00	2.71244e-02
2.54720e+02	2.53731e+02	2.26050e+03	1.10558e+03	1.79235e+00	0.00000e+00	0.00000e+00	3.55169e+00	0.00000e+00	2.71974e-02
2.56507e+02	2.53754e+02	2.25960e+03	1.10613e+03	1.79565e+00	0.00000e+00	0.00000e+00	3.56656e+00	0.00000e+00	2.72708e-02
2.58294e+02	2.53777e+02	2.25871e+03	1.10668e+03	1.79893e+00	0.00000e+00	0.00000e+00	3.58141e+00	0.00000e+00	2.73448e-02
2.60081e+02	2.53800e+02	2.25781e+03	1.10724e+03	1.80221e+00	0.00000e+00	0.00000e+00	3.59626e+00	0.00000e+00	2.74192e-02
2.61869e+02	2.53824e+02	2.25692e+03	1.10778e+03	1.80548e+00	0.00000e+00	0.00000e+00	3.61110e+00	0.00000e+00	2.74940e-02
2.63656e+02	2.53847e+02	2.25603e+03	1.10833e+03	1.80873e+00	0.00000e+00	0.00000e+00	3.62593e+00	0.00000e+00	2.75693e-02
2.65443e+02	2.53871e+02	2.25514e+03	1.10888e+03	1.81198e+00	0.00000e+00	0.00000e+00	3.64074e+00	0.00000e+00	2.76450e-02
2.67230e+02	2.53896e+02	2.25425e+03	1.10942e+03	1.81522e+00	0.00000e+00	0.00000e+00	3.65555e+00	0.00000e+00	2.77212e-02
2.69018e+02	2.53920e+02	2.25336e+03	1.10996e+03	1.81844e+00	0.00000e+00	0.00000e+00	3.67034e+00	0.00000e+00	2.77978e-02
2.70805e+02	2.53944e+02	2.25247e+03	1.11050e+03	1.82166e+00	0.00000e+00	0.00000e+00	3.68512e+00	0.00000e+00	2.78748e-02
2.72592e+02	2.53969e+02	2.25158e+03	1.11104e+03	1.82486e+00	0.00000e+00	0.00000e+00	3.69989e+00	0.00000e+00	2.79522e-02
2.74379e+02	2.53994e+02	2.25069e+03	1.11157e+03	1.82806e+00	0.00000e+00	0.00000e+00	3.71465e+00	0.00000e+00	2.80301e-02
2.76166e+02	2.54019e+02	2.24981e+03	1.11210e+03	1.83125e+00	0.00000e+00	0.00000e+00	3.72940e+00	0.00000e+00	2.81083e-02
2.77954e+02	2.54044e+02	2.24892e+03	1.11264e+03	1.83442e+00	0.00000e+00	0.00000e+00	3.74414e+00	0.00000e+00	2.81869e-02
2.79741e+02	2.54070e+02	2.24803e+03	1.11317e+03	1.83759e+00	0.00000e+00	0.00000e+00	3.75887e+00	0.00000e+00	2.82659e-02
2.81528e+02	2.54095e+02	2.24715e+03	1.11369e+03	1.84075e+00	0.00000e+00	0.00000e+00	3.77358e+00	0.00000e+00	2.83453e-02
2.83315e+02	2.54121e+02	2.24626e+03	1.11422e+03	1.84389e+00	0.00000e+00	0.00000e+00	3.78828e+00	0.00000e+00	2.84251e-02
2.85103e+02	2.54147e+02	2.24538e+03	1.11474e+03	1.84703e+00	0.00000e+00	0.00000e+00	3.80297e+00	0.00000e+00	2.85052e-02
2.86890e+02	2.54173e+02	2.24450e+03	1.11527e+03	1.85016e+00	0.00000e+00	0.00000e+00	3.81765e+00	0.00000e+00	2.85856e-02
2.88677e+02	2.54199e+02	2.24362e+03	1.11579e+03	1.85328e+00	0.00000e+00	0.00000e+00	3.83232e+00	0.00000e+00	2.86664e-02
2.90464e+02	2.54225e+02	2.24274e+03	1.11631e+03	1.85638e+00	0.00000e+00	0.00000e+00	3.84697e+00	0.00000e+00	2.87476e-02
2.92252e+02	2.54252e+02	2.24186e+03	1.11682e+03	1.85948e+00	0.00000e+00	0.00000e+00	3.86161e+00	0.00000e+00	2.88291e-02
2.94039e+02	2.54279e+02	2.24098e+03	1.11734e+03	1.86257e+00	0.00000e+00	0.00000e+00	3.87624e+00	0.00000e+00	2.89109e-02
2.95826e+02	2.54306e+02	2.24010e+03	1.11785e+03	1.86565e+00	0.00000e+00	0.00000e+00	3.89085e+00	0.00000e+00	2.89931e-02
2.97613e+02	2.54333e+02	2.23922e+03	1.11836e+03	1.86872e+00	0.00000e+00	0.00000e+00	3.90545e+00	0.00000e+00	2.90756e-02
2.99401e+02	2.54360e+02	2.23834e+03	1.11887e+03	1.87178e+00	0.00000e+00	0.00000e+00	3.92004e+00	0.00000e+00	2.91584e-02
3.01188e+02	2.54387e+02	2.23746e+03	1.11938e+03	1.87483e+00	0.00000e+00	0.00000e+00	3.93462e+00	0.00000e+00	2.92415e-02
3.02975e+02	2.54414e+02	2.23659e+03	1.11989e+03	1.87787e+00	0.00000e+00	0.00000e+00	3.94918e+00	0.00000e+00	2.93249e-02
3.04762e+02	2.54442e+02	2.23571e+03	1.12040e+03	1.88090e+00	0.00000e+00	0.00000e+00	3.96372e+00	0.00000e+00	2.94087e-02
3.06550e+02	2.54470e+02	2.23484e+03	1.12090e+03	1.88392e+00	0.00000e+00	0.00000e+00	3.97826e+00	0.00000e+00	2.94927e-02
3.08337e+02	2.54498e+02	2.23396e+03	1.12140e+03	1.88693e+00	0.00000e+00	0.00000e+00	3.99278e+00	0.00000e+00	2.95770e-02
3.10124e+02	2.54526e+02	2.23309e+03	1.12190e+03	1.88994e+00	0.00000e+00	0.00000e+00	4.00729e+00	0.00000e+00	2.96616e-02
3.11911e+02	2.54554e+02	2.23222e+03	1.12240e+03	1.89293e+00	0.00000e+00	0.00000e+00	4.02178e+00	0.00000e+00	2.97464e-02
3.13699e+02	2.54582e+02	2.23134e+03	1.12290e+03	1.89592e+00	0.00000e+00	0.00000e+00	4.03626e+00	0.00000e+00	2.98316e-02
3.15486e+02	2.54611e+02	2.23047e+03	1.12340e+03	1.89889e+00	0.00000e+00	0.00000e+00	4.05074e+00	0.00000e+00	2.99170e-02
3.17273e+02	2.54639e+02	2.22960e+03	1.12389e+03	1.90186e+00	0.00000e+00	0.00000e+00	4.06519e+00	0.00000e+00	3.00027e-02
3.19060e+02	2.55407e+02	2.22877e+03	1.17836e+03	3.73643e+00	2.01614e+00	8.64188e+01	1.00646e+01	4.78985e+00	0.00000e+00
3.20848e+02	2.55456e+02	2.22794e+03	1.17860e+03	3.73857e+00	2.01840e+00	8.63345e+01	1.00711e+01	4.80155e+00	0.00000e+00
3.22635e+02	2.55506e+02	2.22711e+03	1.17883e+03	3.74071e+00	2.02066e+00	8.62504e+01	1.00776e+01	4.81326e+00	0.00000e+00
3.24422e+02	2.55555e+02	2.22628e+03	1.17907e+03	3.74285e+00	2.02292e+00	8.61664e+01	1.00841e+01	4.82496e+00	0.00000e+00
3.26209e+02	2.55604e+02	2.22545e+03	1.17930e+03	3.74498e+00	2.02517e+00	8.60825e+01	1.00907e+01	4.83667e+00	0.00000e+00
3.27997e+02	2.55654e+02	2.22462e+03	1.17953e+03	3.74712e+00	2.02742e+00	8.59987e+01	1.00972e+01	4.84838e+00	0.00000e+00
3.29784e+02	2.55706e+02	2.22380e+03	1.17976e+03	3.74926e+00	2.02967e+00	8.59100e+01	1.01037e+01	4.86008e+00	0.00000e+00
3.31571e+02	2.55764e+02	2.22297e+03	1.17998e+03	3.75141e+00	2.03192e+00	8.58130e+01	1.01102e+01	4.87179e+00	0.00000e+00
3.33358e+02	2.55821e+02	2.22214e+03	1.18020e+03	3.75355e+00	2.03417e+00	8.57162e+01	1.01168e+01	4.88350e+00	0.00000e+00
3.35146e+02	2.55878e+02	2.22131e+03	1.18042e+03	3.75570e+00	2.03642e+00	8.56195e+01	1.01233e+01	4.89520e+00	0.00000e+00
3.36933e+02	2.55936e+02	2.22049e+03	1.18064e+03	3.75785e+00	2.03866e+00	8.55230e+01	1.01298e+01	4.90691e+00	0.00000e+00
3.38720e+02	2.55993e+02	2.21966e+03	1.18086e+03	3.75999e+00	2.04090e+00	8.54266e+01	1.01363e+01	4.91862e+00	0.00000e+00
3.40507e+02	2.56051e+02	2.21884e+03	1.18108e+03	3.76214e+00	2.04314e+00	8.53304e+01	1.01429e+01	4.93032e+00	0.00000e+00
3.42294e+02	2.56108e+02	2.21801e+03	1.18130e+03	3.76428e+00	2.04538e+00	8.52343e+01	1.01494e+01	4.94203e+00	0.00000e+00
3.44082e+02	2.56165e+02	2.21719e+03	1.18151e+03	3.76643e+00	2.04761e+00	8.51384e+01	1.01559e+01	4.95374e+00	0.00000e+00
3.45869e+02	2.56223e+02	2.21636e+03	1.18173e+03	3.76857e+00	2.04984e+00	8.50426e+01	1.01624e+01	4.96544e+00	0.00000e+00
3.47656e+02	2.56280e+02	2.21554e+03	1.18194e+03	3.77071e+00	2.05207e+00	8.49470e+01	1.01689e+01	4.97715e+00	0.00000e+00
3.49443e+02	2.56338e+02	2.21472e+03	1.18215e+03	3.77286e+00	2.05430e+00	8.48516e+01	1.01755e+01	4.98885e+00	0.00000e+00
3.51231e+02	2.56395e+02	2.21389e+03	1.18236e+03	3.77500e+00	2.05653e+00	8.47562e+01	1.01820e+01	5.00056e+00	0.00000e+00
3.53018e+02	2.56452e+02	2.21307e+03	1.18257e+03	3.77714e+00	2.05875e+00	8.46611e+01	1.01885e+01	5.01227e+00	0.00000e+00
3.54805e+02	2.56526e+02	2.21228e+03	1.23455e+03	4.17596e+00	2.20811e+00	1.23988e+02	1.35031e+01	6.01932e+00	0.00000e+00
3.56592e+02	2.56662e+02	2.21149e+03	1.23484e+03	4.17651e+00	2.20814e+00	1.23988e+02	1.35116e+01	6.02093e+00	0.00000e+00
3.58380e+02	2.56798e+02	2.21071e+03	1.23513e+03	4.17705e+00	2.20817e+00	1.23988e+02	1.35202e+01	6.02254e+00	0.00000e+00
3.60167e+02	2.56934e+02	2.20992e+03	1.23542e+03	4.17760e+00	2.20821e+00	1.23988e+02	1.35288e+01	6.02415e+00	0.00000e+00
3.61954e+02	2.57070e+02	2.20913e+03	1.23571e+03	4.17815e+00	2.20824e+00	1.23988e+02	1.35374e+01	6.02576e+00	0.00000e+00
3.63741e+02	2.57206e+02	2.20835e+03	1.23600e+03	4.17869e+00	2.20828e+00	1.23988e+02	1.35460e+01	6.02737e+00	0.00000e+00
3.65529e+02	2.57342e+02	2.20756e+03	1.23629e+03	4.17924e+00	2.20832e+00	1.23988e+02	1.35545e+01	6.02898e+00	0.00000e+00
3.67316e+02	2.57478e+02	2.20678e+03	1.23658e+03	4.17979e+00	2.20835e+00	1.23988e+02	1.35631e+01	6.03058e+00	0.00000e+00
3.69103e+02	2.57614e+02	2.20599e+03	1.23687e+03	4.18035e+00	2.20839e+00	1.23988e+02	1.35717e+01	6.03219e+00	0.00000e+00
3.70890e+02	2.57750e+02	2.20521e+03	1.23715e+03	4.18090e+00	2.20843e+00	1.23988e+02	1.35803e+01	6.03380e+00	0.00000e+00
3.72678e+02	2.57886e+02	2.20442e+03	1.23744e+03	4.18145e+00	2.20847e+00	1.23988e+02	1.35889e+01	6.03541e+00	0.00000e+00
3.74465e+02	2.58022e+02	2.20364e+03	1.23773e+03	4.18201e+00	2.20851e+00	1.23988e+02	1.35974e+01	6.03702e+00	0.00000e+00
3.76252e+02	2.58158e+02	2.20286e+03	1.23801e+03	4.18256e+00	2.20855e+00	1.23988e+02	1.36060e+01	6.03863e+00	0.00000e+00
3.78039e+02	2.58294e+02	2.20207e+03	1.23829e+03	4.18312e+00	2.20859e+00	1.23988e+02	1.36146e+01	6.04024e+00	0.00000e+00
3.79827e+02	2.58430e+02	2.20129e+03	1.23858e+03	4.18367e+00	2.20863e+00	1.23988e+02	1.36232e+01	6.04184e+00	0.00000e+00
3.81614e+02	2.58560e+02	2.20051e+03	1.23886e+03	4.18423e+00	2.20867e+00	1.23988e+02	1.36317e+01	6.04345e+00	0.00000e+00
3.83401e+02	2.58691e+02	2.19973e+03	1.23914e+03	4.18479e+00	2.20872e+00	1.23988e+02	1.36403e+01	6.04506e+00	0.00000e+00
3.85188e+02	2.58821e+02	2.19895e+03	1.23942e+03	4.18535e+00	2.20876e+00	1.23988e+02	1.36489e+01	6.04667e+00	0.00000e+00
3.86976e+02	2.58952e+02	2.19817e+03	1.23970e+03	4.18591e+00	2.20881e+00	1.23988e+02	1.36575e+01	6.04828e+00	0.00000e+00
3.88763e+02	2.59082e+02	2.19739e+03	1.23998e+03	4.18647e+00	2.20885e+00	1.23988e+02	1.36661e+01	6.04989e+00	0.00000e+00
3.90550e+02	2.59212e+02	2.19661e+03	1.24026e+03	4.18704e+00	2.20890e+00	1.23988e+02	1.36746e+01	6.05150e+00	0.00000e+00
3.92337e+02	2.59343e+02	2.19583e+03	1.24054e+03	4.18760e+00	2.20894e+00	1.23988e+02	1.36832e+01	6.05310e+00	0.00000e+00
3.94125e+02	2.59473e+02	2.19505e+03	1.24081e+03	4.18816e+00	2.20899e+00	1.23988e+02	1.36918e+01	6.05471e+00	0.00000e+00
3.95912e+02	2.59603e+02	2.19427e+03	1.24109e+03	4.18873e+00	2.20904e+00	1.23988e+02	1.37004e+01	6.05632e+00	0.00000e+00
3.97699e+02	2.59734e+02	2.19349e+03	1.24136e+03	4.18930e+00	2.20909e+00	1.23988e+02	1.37090e+01	6.05793e+00	0.00000e+00
3.99486e+02	2.59864e+02	2.19271e+03	1.24164e+03	4.18986e+00	2.20913e+00	1.23988e+02	1.37175e+01	6.05954e+00	0.00000e+00
4.01274e+02	2.59995e+02	2.19193e+03	1.24191e+03	4.19043e+00	2.20918e+00	1.23988e+02	1.37261e+01	6.06115e+00	0.00000e+00
4.03061e+02	2.60125e+02	2.19116e+03	1.24219e+03	4.19100e+00	2.20923e+00	1.23988e+02	1.37347e+01	6.06275e+00	0.00000e+00
4.04848e+02	2.60255e+02	2.19038e+03	1.24246e+03	4.19157e+00	2.20929e+00	1.23988e+02	1.37433e+01	6.06436e+00	0.00000e+00
4.06635e+02	2.60381e+02	2.18960e+03	1.24273e+03	4.19214e+00	2.20934e+00	1.23988e+02	1.37518e+01	6.06597e+00	0.00000e+00
4.08422e+02	2.60506e+02	2.18883e+03	1.24300e+03	4.19272e+00	2.20939e+00	1.23988e+02	1.37604e+01	6.06758e+00	0.00000e+00
4.10210e+02	2.60631e+02	2.18805e+03	1.24327e+03	4.19329e+00	2.20944e+00	1.23988e+02	1.37690e+01	6.06919e+00	0.00000e+00
4.11997e+02	2.60756e+02	2.18728e+03	1.24354e+03	4.19386e+00	2.20949e+00	1.23988e+02	1.37776e+01	6.07080e+00	0.00000e+00
4.13784e+02	2.60881e+02	2.18650e+03	1.24381e+03	4.19444e+00	2.20955e+00	1.23988e+02	1.37862e+01	6.07241e+00	0.00000e+00
4.15571e+02	2.61006e+02	2.18573e+03	1.24408e+03	4.19501e+00	2.20960e+00	1.23988e+02	1.37947e+01	6.07401e+00	0.00000e+00
4.17359e+02	2.61131e+02	2.18495e+03	1.24434e+03	4.19559e+00	2.20966e+00	1.23988e+02	1.38033e+01	6.07562e+00	0.00000e+00
4.19146e+02	2.61256e+02	2.18418e+03	1.24461e+03	4.19617e+00	2.20972e+00	1.23988e+02	1.38119e+01	6.07723e+00	0.00000e+00
4.20933e+02	2.61381e+02	2.18340e+03	1.24487e+03	4.19675e+00	2.20977e+00	1.23988e+02	1.38205e+01	6.07884e+00	0.00000e+00
4.22720e+02	2.61506e+02	2.18263e+03	1.24514e+03	4.19733e+00	2.20983e+00	1.23988e+02	1.38291e+01	6.08045e+00	0.00000e+00
4.24508e+02	2.61631e+02	2.18186e+03	1.24540e+03	4.19791e+00	2.20989e+00	1.23988e+02	1.38376e+01	6.08206e+00	0.00000e+00
4.26295e+02	2.61756e+02	2.18109e+03	1.24567e+03	4.19849e+00	2.20995e+00	1.23988e+02	1.38462e+01	6.08367e+00	0.00000e+00
4.28082e+02	2.61881e+02	2.18031e+03	1.24593e+03	4.19908e+00	2.21001e+00	1.23988e+02	1.38548e+01	6.08527e+00	0.00000e+00
4.29869e+02	2.62006e+02	2.17954e+03	1.24619e+03	4.19966e+00	2.21007e+00	1.23988e+02	1.38634e+01	6.08688e+00	0.00000e+00
4.31657e+02	2.62128e+02	2.17877e+03	1.24645e+03	4.20024e+00	2.21013e+00	1.23988e+02	1.38720e+01	6.08849e+00	0.00000e+00
4.33444e+02	2.62248e+02	2.17800e+03	1.24671e+03	4.20083e+00	2.21019e+00	1.23988e+02	1.38805e+01	6.09010e+00	0.00000e+00
4.35231e+02	2.62368e+02	2.17723e+03	1.24697e+03	4.20142e+00	2.21025e+00	1.23988e+02	1.38891e+01	6.09171e+00	0.00000e+00
4.37018e+02	2.62488e+02	2.17646e+03	1.24723e+03	4.20201e+00	2.21031e+00	1.23988e+02	1.38977e+01	6.09332e+00	0.00000e+00
4.38806e+02	2.62608e+02	2.17569e+03	1.24749e+03	4.20259e+00	2.21038e+00	1.23988e+02	1.39063e+01	6.09493e+00	0.00000e+00
4.40593e+02	2.62728e+02	2.17492e+03	1.24774e+03	4.20318e+00	2.21044e+00	1.23988e+02	1.39148e+01	6.09653e+00	0.00000e+00
4.42380e+02	2.62848e+02	2.17415e+03	1.24800e+03	4.20378e+00	2.21051e+00	1.23988e+02	1.39234e+01	6.09814e+00	0.00000e+00
4.44167e+02	2.62968e+02	2.17338e+03	1.24825e+03	4.20437e+00	2.21057e+00	1.23988e+02	1.39320e+01	6.09975e+00	0.00000e+00
4.45955e+02	2.63087e+02	2.17261e+03	1.24851e+03	4.20496e+00	2.21064e+00	1.23988e+02	1.39406e+01	6.10136e+00	0.00000e+00
4.47742e+02	2.63207e+02	2.17185e+03	1.24876e+03	4.20555e+00	2.21071e+00	1.23988e+02	1.39492e+01	6.10297e+00	0.00000e+00
4.49529e+02	2.63327e+02	2.17108e+03	1.24901e+03	4.20615e+00	2.21077e+00	1.23988e+02	1.39577e+01	6.10458e+00	0.00000e+00
4.51316e+02	2.63447e+02	2.17031e+03	1.24927e+03	4.20675e+00	2.21084e+00	1.23988e+02	1.39663e+01	6.10618e+00	0.00000e+00
4.53104e+02	2.63567e+02	2.16954e+03	1.24952e+03	4.20734e+00	2.21091e+00	1.23988e+02	1.39749e+01	6.10779e+00	0.00000e+00
4.54891e+02	2.63687e+02	2.16878e+03	1.24977e+03	4.20794e+00	2.21098e+00	1.23988e+02	1.39835e+01	6.10940e+00	0.00000e+00
4.56678e+02	2.63805e+02	2.16801e+03	1.25002e+03	4.20854e+00	2.21105e+00	1.23988e+02	1.39921e+01	6.11101e+00	0.00000e+00
4.58465e+02	2.63920e+02	2.16725e+03	1.25027e+03	4.20914e+00	2.21112e+00	1.23988e+02	1.40006e+01	6.11262e+00	0.00000e+00
4.60253e+02	2.64035e+02	2.16648e+03	1.25051e+03	4.20974e+00	2.21119e+00	1.23988e+02	1.40092e+01	6.11423e+00	0.00000e+00
4.62040e+02	2.64150e+02	2.16571e+03	1.25076e+03	4.21034e+00	2.21126e+00	1.23988e+02	1.40178e+01	6.11584e+00	0.00000e+00
4.63827e+02	2.64265e+02	2.16495e+03	1.25101e+03	4.21095e+00	2.21134e+00	1.23988e+02	1.40264e+01	6.11744e+00	0.00000e+00
4.65614e+02	2.64380e+02	2.16419e+03	1.25125e+03	4.21155e+00	2.21141e+00	1.23988e+02	1.40349e+01	6.11905e+00	0.00000e+00
4.67402e+02	2.64495e+02	2.16342e+03	1.25150e+03	4.21216e+00	2.21149e+00	1.23988e+02	1.40435e+01	6.12066e+00	0.00000e+00
4.69189e+02	2.64610e+02	2.16266e+03	1.25174e+03	4.21276e+00	2.21156e+00	1.23988e+02	1.40521e+01	6.12227e+00	0.00000e+00
4.70976e+02	2.64725e+02	2.16189e+03	1.25199e+03	4.21337e+00	2.21164e+00	1.23988e+02	1.40607e+01	6.12388e+00	0.00000e+00
4.72763e+02	2.64840e+02	2.16113e+03	1.25223e+03	4.21398e+00	2.21171e+00	1.23988e+02	1.40693e+01	6.12549e+00	0.00000e+00
4.74550e+02	2.64956e+02	2.16037e+03	1.25247e+03	4.21459e+00	2.21179e+00	1.23988e+02	1.40778e+01	6.12710e+00	0.00000e+00
4.76338e+02	2.65071e+02	2.15961e+03	1.25271e+03	4.21520e+00	2.21187e+00	1.23988e+02	1.40864e+01	6.12870e+00	0.00000e+00
4.78125e+02	2.65186e+02	2.15885e+03	1.25295e+03	4.21581e+00	2.21194e+00	1.23988e+02	1.40950e+01	6.13031e+00	0.00000e+00
4.79912e+02	2.65301e+02	2.15808e+03	1.25319e+03	4.21642e+00	2.21202e+00	1.23988e+02	1.41036e+01	6.13192e+00	0.00000e+00
4.81699e+02	2.65414e+02	2.15732e+03	1.25343e+03	4.21703e+00	2.21210e+00	1.23988e+02	1.41122e+01	6.13353e+00	0.00000e+00
4.83487e+02	2.65525e+02	2.15656e+03	1.25367e+03	4.21765e+00	2.21218e+00	1.23988e+02	1.41207e+01	6.13514e+00	0.00000e+00
4.85274e+02	2.65635e+02	2.15580e+03	1.25390e+03	4.21826e+00	2.21226e+00	1.23988e+02	1.41293e+01	6.13675e+00	0.00000e+00
4.87061e+02	2.65746e+02	2.15504e+03	1.25414e+03	4.21888e+00	2.21235e+00	1.23988e+02	1.41379e+01	6.13836e+00	0.00000e+00
4.88848e+02	2.65856e+02	2.15428e+03	1.25437e+03	4.21950e+00	2.21243e+00	1.23988e+02	1.41465e+01	6.13996e+00	0.00000e+00
4.90636e+02	2.65967e+02	2.15352e+03	1.25461e+03	4.22012e+00	2.21251e+00	1.23988e+02	1.41551e+01	6.14157e+00	0.00000e+00
4.92423e+02	2.66077e+02	2.15276e+03	1.25484e+03	4.22074e+00	2.21259e+00	1.23988e+02	1.41636e+01	6.14318e+00	0.00000e+00
4.94210e+02	2.66188e+02	2.15201e+03	1.25508e+03	4.22136e+00	2.21268e+00	1.23988e+02	1.41722e+01	6.14479e+00	0.00000e+00
4.95997e+02	2.66298e+02	2.15125e+03	1.25531e+03	4.22198e+00	2.21276e+00	1.23988e+02	1.41808e+01	6.14640e+00	0.00000e+00
4.97785e+02	2.66408e+02	2.15049e+03	1.25554e+03	4.22260e+00	2.21285e+00	1.23988e+02	1.41894e+01	6.14801e+00	0.00000e+00
4.99572e+02	2.66519e+02	2.14973e+03	1.25577e+03	4.22322e+00	2.21294e+00	1.23988e+02	1.41979e+01	6.14961e+00	0.00000e+00
5.01359e+02	2.66629e+02	2.14897e+03	1.25600e+03	4.22385e+00	2.21302e+00	1.23988e+02	1.42065e+01	6.15122e+00	0.00000e+00
5.03146e+02	2.66740e+02	2.14822e+03	1.25623e+03	4.22447e+00	2.21311e+00	1.23988e+02	1.42151e+01	6.15283e+00	0.00000e+00
5.04934e+02	2.66850e+02	2.14746e+03	1.25646e+03	4.22510e+00	2.21320e+00	1.23988e+02	1.42237e+01	6.15444e+00	0.00000e+00
5.06721e+02	2.66960e+02	2.14670e+03	1.25668e+03	4.22573e+00	2.21329e+00	1.23988e+02	1.42323e+01	6.15605e+00	0.00000e+00
5.08508e+02	2.67066e+02	2.14595e+03	1.25691e+03	4.22636e+00	2.21338e+00	1.23988e+02	1.42408e+01	6.15766e+00	0.00000e+00
5.10295e+02	2.67172e+02	2.14519e+03	1.25714e+03	4.22699e+00	2.21347e+00	1.23988e+02	1.42494e+01	6.15927e+00	0.00000e+00
5.12083e+02	2.67278e+02	2.14444e+03	1.25736e+03	4.22762e+00	2.21356e+00	1.23988e+02	1.42580e+01	6.16087e+00	0.00000e+00
5.13870e+02	2.67384e+02	2.14368e+03	1.25759e+03	4.22825e+00	2.21365e+00	1.23988e+02	1.42666e+01	6.16248e+00	0.00000e+00
5.15657e+02	2.67490e+02	2.14293e+03	1.25781e+03	4.22888e+00	2.21374e+00	1.23988e+02	1.42752e+01	6.16409e+00	0.00000e+00
5.17444e+02	2.67596e+02	2.14217e+03	1.25803e+03	4.22951e+00	2.21384e+00	1.23988e+02	1.42837e+01	6.16570e+00	0.00000e+00
5.19232e+02	2.67702e+02	2.14142e+03	1.25825e+03	4.23015e+00	2.21393e+00	1.23988e+02	1.42923e+01	6.16731e+00	0.00000e+00
5.21019e+02	2.67808e+02	2.14067e+03	1.25848e+03	4.23078e+00	2.21402e+00	1.23988e+02	1.43009e+01	6.16892e+00	0.00000e+00
5.22806e+02	2.67914e+02	2.13991e+03	1.25870e+03	4.23142e+00	2.21412e+00	1.23988e+02	1.43095e+01	6.17053e+00	0.00000e+00
5.24593e+02	2.68020e+02	2.13916e+03	1.25891e+03	4.23206e+00	2.21421e+00	1.23988e+02	1.43180e+01	6.17213e+00	0.00000e+00
5.26381e+02	2.68127e+02	2.13841e+03	1.25913e+03	4.23270e+00	2.21431e+00	1.23988e+02	1.43266e+01	6.17374e+00	0.00000e+00
5.28168e+02	2.68233e+02	2.13766e+03	1.25935e+03	4.23334e+00	2.21441e+00	1.23988e+02	1.43352e+01	6.17535e+00	0.00000e+00
5.29955e+02	2.68339e+02	2.13691e+03	1.25957e+03	4.23398e+00	2.21450e+00	1.23988e+02	1.43438e+01	6.17696e+00	0.00000e+00
5.31742e+02	2.68444e+02	2.13615e+03	1.25978e+03	4.23462e+00	2.21460e+00	1.23988e+02	1.43524e+01	6.17857e+00	0.00000e+00
5.33530e+02	2.68546e+02	2.13540e+03	1.26000e+03	4.23526e+00	2.21470e+00	1.23988e+02	1.43609e+01	6.18018e+00	0.00000e+00
5.35317e+02	2.68648e+02	2.13465e+03	1.26022e+03	4.23590e+00	2.21480e+00	1.23988e+02	1.43695e+01	6.18179e+00	0.00000e+00
5.37104e+02	2.68750e+02	2.13390e+03	1.26043e+03	4.23655e+00	2.21490e+00	1.23988e+02	1.43781e+01	6.18339e+00	0.00000e+00
5.38891e+02	2.68852e+02	2.13315e+03	1.26064e+03	4.23719e+00	2.21500e+00	1.23988e+02	1.43867e+01	6.18500e+00	0.00000e+00
5.40678e+02	2.68954e+02	2.13240e+03	1.26085e+03	4.23784e+00	2.21510e+00	1.23988e+02	1.43953e+01	6.18661e+00	0.00000e+00
5.42466e+02	2.69055e+02	2.13165e+03	1.26107e+03	4.23849e+00	2.21520e+00	1.23988e+02	1.44038e+01	6.18822e+00	0.00000e+00
5.44253e+02	2.69157e+02	2.13090e+03	1.26128e+03	4.23914e+00	2.21531e+00	1.23988e+02	1.44124e+01	6.18983e+00	0.00000e+00
5.46040e+02	2.69259e+02	2.13016e+03	1.26149e+03	4.23979e+00	2.21541e+00	1.23988e+02	1.44210e+01	6.19144e+00	0.00000e+00
5.47827e+02	2.69361e+02	2.12941e+03	1.26170e+03	4.24044e+00	2.21551e+00	1.23988e+02	1.44296e+01	6.19304e+00	0.00000e+00
5.49615e+02	2.69463e+02	2.12866e+03	1.26191e+03	4.24109e+00	2.21562e+00	1.23988e+02	1.44382e+01	6.19465e+00	0.00000e+00
5.51402e+02	2.69565e+02	2.12791e+03	1.26211e+03	4.24174e+00	2.21572e+00	1.23988e+02	1.44467e+01	6.19626e+00	0.00000e+00
5.53189e+02	2.69666e+02	2.12716e+03	1.26232e+03	4.24240e+00	2.21583e+00	1.23988e+02	1.44553e+01	6.19787e+00	0.00000e+00
5.54976e+02	2.69768e+02	2.12642e+03	1.26253e+03	4.24305e+00	2.21594e+00	1.23988e+02	1.44639e+01	6.19948e+00	0.00000e+00
5.56764e+02	2.69870e+02	2.12567e+03	1.26273e+03	4.24371e+00	2.21604e+00	1.23988e+02	1.44725e+01	6.20109e+00	0.00000e+00
5.58551e+02	2.69968e+02	2.12492e+03	1.26294e+03	4.24436e+00	2.21615e+00	1.23988e+02	1.44810e+01	6.20270e+00	0.00000e+00
5.60338e+02	2.70066e+02	2.12418e+03	1.26314e+03	4.24502e+00	2.21626e+00	1.23988e+02	1.44896e+01	6.20430e+00	0.00000e+00
5.62125e+02	2.70164e+02	2.12343e+03	1.26334e+03	4.24568e+00	2.21637e+00	1.23988e+02	1.44982e+01	6.20591e+00	0.00000e+00
5.63913e+02	2.70262e+02	2.12269e+03	1.26355e+03	4.24634e+00	2.21648e+00	1.23988e+02	1.45068e+01	6.20752e+00	0.00000e+00
5.65700e+02	2.70360e+02	2.12194e+03	1.26375e+03	4.24700e+00	2.21659e+00	1.23988e+02	1.45154e+01	6.20913e+00	0.00000e+00
5.67487e+02	2.70457e+02	2.12120e+03	1.26395e+03	4.24766e+00	2.21670e+00	1.23988e+02	1.45239e+01	6.21074e+00	0.00000e+00
5.69274e+02	2.70555e+02	2.12045e+03	1.26415e+03	4.24832e+00	2.21681e+00	1.23988e+02	1.45325e+01	6.21235e+00	0.00000e+00
5.71062e+02	2.70653e+02	2.11971e+03	1.26435e+03	4.24899e+00	2.21692e+00	1.23988e+02	1.45411e+01	6.21396e+00	0.00000e+00
5.72849e+02	2.70751e+02	2.11897e+03	1.26455e+03	4.24965e+00	2.21704e+00	1.23988e+02	1.45497e+01	6.21556e+00	0.00000e+00
5.74636e+02	2.70849e+02	2.11822e+03	1.26474e+03	4.25032e+00	2.21715e+00	1.23988e+02	1.45583e+01	6.21717e+00	0.00000e+00
5.76423e+02	2.70946e+02	2.11748e+03	1.26494e+03	4.25098e+00	2.21727e+00	1.23988e+02	1.45668e+01	6.21878e+00	0.00000e+00
5.78211e+02	2.71044e+02	2.11674e+03	1.26514e+03	4.25165e+00	2.21738e+00	1.23988e+02	1.45754e+01	6.22039e+00	0.00000e+00
5.79998e+02	2.71142e+02	2.11600e+03	1.26533e+03	4.25232e+00	2.21750e+00	1.23988e+02	1.45840e+01	6.22200e+00	0.00000e+00
5.81785e+02	2.71240e+02	2.11525e+03	1.26553e+03	4.25299e+00	2.21761e+00	1.23988e+02	1.45926e+01	6.22361e+00	0.00000e+00
5.83572e+02	2.71335e+02	2.11451e+03	1.26572e+03	4.25366e+00	2.21773e+00	1.23988e+02	1.46011e+01	6.22522e+00	0.00000e+00
5.85360e+02	2.71429e+02	2.11377e+03	1.26591e+03	4.25433e+00	2.21785e+00	1.23988e+02	1.46097e+01	6.22682e+00	0.00000e+00
5.87147e+02	2.71523e+02	2.11303e+03	1.26611e+03	4.25500e+00	2.21796e+00	1.23988e+02	1.46183e+01	6.22843e+00	0.00000e+00
5.88934e+02	2.71617e+02	2.11229e+03	1.26630e+03	4.25567e+00	2.21808e+00	1.23988e+02	1.46269e+01	6.23004e+00	0.00000e+00
5.90721e+02	2.71711e+02	2.11155e+03	1.26649e+03	4.25635e+00	2.21820e+00	1.23988e+02	1.46355e+01	6.23165e+00	0.00000e+00
5.92509e+02	2.71805e+02	2.11081e+03	1.26668e+03	4.25702e+00	2.21832e+00	1.23988e+02	1.46440e+01	6.23326e+00	0.00000e+00
5.94296e+02	2.71899e+02	2.11007e+03	1.26687e+03	4.25770e+00	2.21844e+00	1.23988e+02	1.46526e+01	6.23487e+00	0.00000e+00
5.96083e+02	2.71993e+02	2.10933e+03	1.26706e+03	4.25837e+00	2.21856e+00	1.23988e+02	1.46612e+01	6.23647e+00	0.00000e+00
5.97870e+02	2.72086e+02	2.10859e+03	1.26724e+03	4.25905e+00	2.21868e+00	1.23988e+02	1.46698e+01	6.23808e+00	0.00000e+00
5.99658e+02	2.72180e+02	2.10785e+03	1.26743e+03	4.25973e+00	2.21881e+00	1.23988e+02	1.46784e+01	6.23969e+00	0.00000e+00
6.01445e+02	2.72274e+02	2.10711e+03	1.26762e+03	4.26041e+00	2.21893e+00	1.23988e+02	1.46869e+01	6.24130e+00	0.00000e+00
6.03232e+02	2.72368e+02	2.10637e+03	1.26780e+03	4.26109e+00	2.21905e+00	1.23988e+02	1.46955e+01	6.24291e+00	0.00000e+00
6.05019e+02	2.72462e+02	2.10564e+03	1.26799e+03	4.26177e+00	2.21918e+00	1.23988e+02	1.47041e+01	6.24452e+00	0.00000e+00
6.06806e+02	2.72556e+02	2.10490e+03	1.26817e+03	4.26246e+00	2.21930e+00	1.23988e+02	1.47127e+01	6.24613e+00	0.00000e+00
6.08594e+02	2.72648e+02	2.10416e+03	1.26836e+03	4.26314e+00	2.21943e+00	1.23988e+02	1.47212e+01	6.24773e+00	0.00000e+00
6.10381e+02	2.72738e+02	2.10343e+03	1.26854e+03	4.26382e+00	2.21955e+00	1.23988e+02	1.47298e+01	6.24934e+00	0.00000e+00
6.12168e+02	2.72829e+02	2.10269e+03	1.26872e+03	4.26451e+00	2.21968e+00	1.23988e+02	1.47384e+01	6.25095e+00	0.00000e+00
6.13955e+02	2.72919e+02	2.10195e+03	1.26890e+03	4.26520e+00	2.21981e+00	1.23988e+02	1.47470e+01	6.25256e+00	0.00000e+00
6.15743e+02	2.73009e+02	2.10122e+03	1.26908e+03	4.26588e+00	2.21993e+00	1.23988e+02	1.47556e+01	6.25417e+00	0.00000e+00
6.17530e+02	2.73100e+02	2.10048e+03	1.26926e+03	4.26657e+00	2.22006e+00	1.23988e+02	1.47641e+01	6.25578e+00	0.00000e+00
6.19317e+02	2.73190e+02	2.09975e+03	1.26944e+03	4.26726e+00	2.22019e+00	1.23988e+02	1.47727e+01	6.25739e+00	0.00000e+00
6.21104e+02	2.73280e+02	2.09901e+03	1.26962e+03	4.26795e+00	2.22032e+00	1.23988e+02	1.47813e+01	6.25899e+00	0.00000e+00
6.22892e+02	2.73370e+02	2.09828e+03	1.26980e+03	4.26864e+00	2.22045e+00	1.23988e+02	1.47899e+01	6.26060e+00	0.00000e+00
6.24679e+02	2.73461e+02	2.09754e+03	1.26997e+03	4.26933e+00	2.22058e+00	1.23988e+02	1.47985e+01	6.26221e+00	0.00000e+00
6.26466e+02	2.73551e+02	2.09681e+03	1.27015e+03	4.27003e+00	2.22071e+00	1.23988e+02	1.48070e+01	6.26382e+00	0.00000e+00
6.28253e+02	2.73641e+02	2.09608e+03	1.27033e+03	4.27072e+00	2.22084e+00	1.23988e+02	1.48156e+01	6.26543e+00	0.00000e+00
6.30041e+02	2.73731e+02	2.09534e+03	1.27050e+03	4.27141e+00	2.22098e+00	1.23988e+02	1.48242e+01	6.26704e+00	0.00000e+00
6.31828e+02	2.73822e+02	2.09461e+03	1.27067e+03	4.27211e+00	2.22111e+00	1.23988e+02	1.48328e+01	6.26865e+00	0.00000e+00
6.33615e+02	2.73919e+02	2.09388e+03	1.27085e+03	4.27281e+00	2.22124e+00	1.23988e+02	1.48414e+01	6.27025e+00	0.00000e+00
6.35402e+02	2.74028e+02	2.09314e+03	1.27102e+03	4.27351e+00	2.22138e+00	1.23988e+02	1.48499e+01	6.27186e+00	0.00000e+00
6.37190e+02	2.74137e+02	2.09241e+03	1.27119e+03	4.27421e+00	2.22151e+00	1.23988e+02	1.48585e+01	6.27347e+00	0.00000e+00
6.38977e+02	2.74245e+02	2.09168e+03	1.27136e+03	4.27491e+00	2.22165e+00	1.23988e+02	1.48671e+01	6.27508e+00	0.00000e+00
6.40764e+02	2.74354e+02	2.09101e+03	1.39438e+03	4.40351e+00	2.25245e+00	1.07139e+02	1.72271e+01	6.92229e+00	0.00000e+00
6.42551e+02	2.74463e+02	2.09035e+03	1.39437e+03	4.40459e+00	2.25326e+00	1.06916e+02	1.72345e+01	6.92765e+00	0.00000e+00
6.44339e+02	2.74571e+02	2.08968e+03	1.39436e+03	4.40567e+00	2.25407e+00	1.06694e+02	1.72418e+01	6.93302e+00	0.00000e+00
6.46126e+02	2.74680e+02	2.08901e+03	1.39436e+03	4.40675e+00	2.25488e+00	1.06473e+02	1.72491e+01	6.93838e+00	0.00000e+00
6.47913e+02	2.74789e+02	2.08835e+03	1.39435e+03	4.40783e+00	2.25568e+00	1.06252e+02	1.72564e+01	6.94374e+00	0.00000e+00
6.49700e+02	2.74897e+02	2.08768e+03	1.39434e+03	4.40891e+00	2.25649e+00	1.06032e+02	1.72638e+01	6.94910e+00	0.00000e+00
6.51488e+02	2.75006e+02	2.08701e+03	1.39434e+03	4.40999e+00	2.25730e+00	1.05812e+02	1.72711e+01	6.95446e+00	0.00000e+00
6.53275e+02	2.75115e+02	2.08635e+03	1.39433e+03	4.41107e+00	2.25810e+00	1.05593e+02	1.72784e+01	6.95982e+00	0.00000e+00
6.55062e+02	2.75223e+02	2.08568e+03	1.39432e+03	4.41215e+00	2.25891e+00	1.05375e+02	1.72858e+01	6.96519e+00	0.00000e+00
6.56849e+02	2.75332e+02	2.08502e+03	1.39431e+03	4.41323e+00	2.25972e+00	1.05157e+02	1.72931e+01	6.97055e+00	0.00000e+00
6.58637e+02	2.75448e+02	2.08435e+03	1.39431e+03	4.41431e+00	2.26052e+00	1.04926e+02	1.73004e+01	6.97591e+00	0.00000e+00
6.60424e+02	2.75588e+02	2.08369e+03	1.39430e+03	4.41539e+00	2.26133e+00	1.04648e+02	1.73077e+01	6.98127e+00	0.00000e+00
6.62211e+02	2.75727e+02	2.08302e+03	1.39429e+03	4.41647e+00	2.26214e+00	1.04371e+02	1.73151e+01	6.98663e+00	0.00000e+00
6.63998e+02	2.75867e+02	2.08236e+03	1.39428e+03	4.41756e+00	2.26295e+00	1.04095e+02	1.73224e+01	6.99199e+00	0.00000e+00
6.65786e+02	2.76007e+02	2.08169e+03	1.39427e+03	4.41864e+00	2.26375e+00	1.03820e+02	1.73297e+01	6.99736e+00	0.00000e+00
6.67573e+02	2.76147e+02	2.08103e+03	1.39426e+03	4.41972e+00	2.26456e+00	1.03546e+02	1.73370e+01	7.00272e+00	0.00000e+00
6.69360e+02	2.76287e+02	2.08036e+03	1.39425e+03	4.42080e+00	2.26537e+00	1.03273e+02	1.73444e+01	7.00808e+00	0.00000e+00
6.71147e+02	2.76426e+02	2.07970e+03	1.39424e+03	4.42188e+00	2.26617e+00	1.03001e+02	1.73517e+01	7.01344e+00	0.00000e+00
6.72934e+02	2.76566e+02	2.07903e+03	1.39423e+03	4.42296e+00	2.26698e+00	1.02730e+02	1.73590e+01	7.01880e+00	0.00000e+00
6.74722e+02	2.76706e+02	2.07837e+03	1.39422e+03	4.42405e+00	2.26779e+00	1.02460e+02	1.73664e+01	7.02417e+00	0.00000e+00
6.76509e+02	2.76846e+02	2.07771e+03	1.39422e+03	4.42513e+00	2.26859e+00	1.02190e+02	1.73737e+01	7.02953e+00	0.00000e+00
6.78296e+02	2.76985e+02	2.07704e+03	1.39421e+03	4.42621e+00	2.26940e+00	1.01922e+02	1.73810e+01	7.03489e+00	0.00000e+00
6.80083e+02	2.77125e+02	2.07638e+03	1.39420e+03	4.42729e+00	2.27020e+00	1.01655e+02	1.73883e+01	7.04025e+00	0.00000e+00
6.81871e+02	2.77265e+02	2.07571e+03	1.39419e+03	4.42837e+00	2.27101e+00	1.01389e+02	1.73957e+01	7.04561e+00	0.00000e+00
6.83658e+02	2.77404e+02	2.07505e+03	1.39418e+03	4.42945e+00	2.27181e+00	1.01124e+02	1.74030e+01	7.05097e+00	0.00000e+00
6.85445e+02	2.77539e+02	2.07439e+03	1.39417e+03	4.43053e+00	2.27262e+00	1.00870e+02	1.74103e+01	7.05634e+00	0.00000e+00
6.87232e+02	2.77673e+02	2.07372e+03	1.39416e+03	4.43161e+00	2.27342e+00	1.00617e+02	1.74177e+01	7.06170e+00	0.00000e+00
6.89020e+02	2.77807e+02	2.07306e+03	1.39415e+03	4.43269e+00	2.27422e+00	1.00365e+02	1.74250e+01	7.06706e+00	0.00000e+00
6.90807e+02	2.77942e+02	2.07240e+03	1.39414e+03	4.43377e+00	2.27503e+00	1.00114e+02	1.74323e+01	7.07242e+00	0.00000e+00
6.92594e+02	2.78076e+02	2.07174e+03	1.39413e+03	4.43485e+00	2.27583e+00	9.98632e+01	1.74396e+01	7.07778e+00	0.00000e+00
6.94381e+02	2.78210e+02	2.07107e+03	1.39413e+03	4.43593e+00	2.27663e+00	9.96136e+01	1.74470e+01	7.08314e+00	0.00000e+00
6.96169e+02	2.78345e+02	2.07041e+03	1.39412e+03	4.43701e+00	2.27744e+00	9.93649e+01	1.74543e+01	7.08851e+00	0.00000e+00
6.97956e+02	2.78479e+02	2.06975e+03	1.39411e+03	4.43809e+00	2.27824e+00	9.91170e+01	1.74616e+01	7.09387e+00	0.00000e+00
6.99743e+02	2.78613e+02	2.06909e+03	1.39410e+03	4.43917e+00	2.27904e+00	9.88700e+01	1.74689e+01	7.09923e+00	0.00000e+00
7.01530e+02	2.78748e+02	2.06843e+03	1.39409e+03	4.44025e+00	2.27984e+00	9.86238e+01	1.74763e+01	7.10459e+00	0.00000e+00
7.03318e+02	2.78882e+02	2.06776e+03	1.39408e+03	4.44133e+00	2.28064e+00	9.83785e+01	1.74836e+01	7.10995e+00	0.00000e+00
7.05105e+02	2.79016e+02	2.06710e+03	1.39407e+03	4.44240e+00	2.28145e+00	9.81340e+01	1.74909e+01	7.11531e+00	0.00000e+00
7.06892e+02	2.79150e+02	2.06644e+03	1.39406e+03	4.44348e+00	2.28225e+00	9.78904e+01	1.74983e+01	7.12068e+00	0.00000e+00
7.08679e+02	2.79285e+02	2.06578e+03	1.39406e+03	4.44456e+00	2.28305e+00	9.76476e+01	1.75056e+01	7.12604e+00	0.00000e+00
7.10467e+02	2.79415e+02	2.06512e+03	1.39405e+03	4.44564e+00	2.28385e+00	9.74138e+01	1.75129e+01	7.13140e+00	0.00000e+00
7.12254e+02	2.79544e+02	2.06446e+03	1.39404e+03	4.44672e+00	2.28465e+00	9.71817e+01	1.75202e+01	7.13676e+00	0.00000e+00
7.14041e+02	2.79673e+02	2.06380e+03	1.39403e+03	4.44780e+00	2.28545e+00	9.69503e+01	1.75276e+01	7.14212e+00	0.00000e+00
7.15828e+02	2.79802e+02	2.06314e+03	1.39402e+03	4.44887e+00	2.28625e+00	9.67197e+01	1.75349e+01	7.14748e+00	0.00000e+00
7.17616e+02	2.79932e+02	2.06248e+03	1.39401e+03	4.44995e+00	2.28705e+00	9.64899e+01	1.75422e+01	7.15285e+00	0.00000e+00
7.19403e+02	2.80061e+02	2.06182e+03	1.39400e+03	4.45103e+00	2.28785e+00	9.62608e+01	1.75496e+01	7.15821e+00	0.00000e+00
7.21190e+02	2.80190e+02	2.06116e+03	1.39400e+03	4.45211e+00	2.28865e+00	9.60325e+01	1.75569e+01	7.16357e+00	0.00000e+00
7.22977e+02	2.80319e+02	2.06050e+03	1.39399e+03	4.45318e+00	2.28945e+00	9.58050e+01	1.75642e+01	7.16893e+00	0.00000e+00
7.24765e+02	2.80449e+02	2.05984e+03	1.39398e+03	4.45426e+00	2.29025e+00	9.55782e+01	1.75715e+01	7.17429e+00	0.00000e+00
7.26552e+02	2.80578e+02	2.05918e+03	1.39397e+03	4.45534e+00	2.29105e+00	9.53521e+01	1.75789e+01	7.17966e+00	0.00000e+00
7.28339e+02	2.80707e+02	2.05852e+03	1.39396e+03	4.45642e+00	2.29184e+00	9.51268e+01	1.75862e+01	7.18502e+00	0.00000e+00
7.30126e+02	2.80837e+02	2.05786e+03	1.39395e+03	4.45749e+00	2.29264e+00	9.49022e+01	1.75935e+01	7.19038e+00	0.00000e+00
7.31914e+02	2.80966e+02	2.05720e+03	1.39395e+03	4.45857e+00	2.29344e+00	9.46783e+01	1.76008e+01	7.19574e+00	0.00000e+00
7.33701e+02	2.81095e+02	2.05654e+03	1.39394e+03	4.45965e+00	2.29424e+00	9.44552e+01	1.76082e+01	7.20110e+00	0.00000e+00
7.35488e+02	2.81221e+02	2.05588e+03	1.39393e+03	4.46072e+00	2.29504e+00	9.42387e+01	1.76155e+01	7.20646e+00	0.00000e+00
7.37275e+02	2.81346e+02	2.05522e+03	1.39392e+03	4.46180e+00	2.29583e+00	9.40250e+01	1.76228e+01	7.21183e+00	0.00000e+00
7.39062e+02	2.81470e+02	2.05456e+03	1.39391e+03	4.46288e+00	2.29663e+00	9.38120e+01	1.76302e+01	7.21719e+00	0.00000e+00
7.40850e+02	2.81595e+02	2.05391e+03	1.39390e+03	4.46395e+00	2.29743e+00	9.35997e+01	1.76375e+01	7.22255e+00	0.00000e+00
7.42637e+02	2.81719e+02	2.05325e+03	1.39390e+03	4.46503e+00	2.29822e+00	9.33880e+01	1.76448e+01	7.22791e+00	0.00000e+00
7.44424e+02	2.81844e+02	2.05259e+03	1.39389e+03	4.46610e+00	2.29902e+00	9.31770e+01	1.76521e+01	7.23327e+00	0.00000e+00
7.46211e+02	2.81969e+02	2.05193e+03	1.39388e+03	4.46718e+00	2.29982e+00	9.29667e+01	1.76595e+01	7.23863e+00	0.00000e+00
7.47999e+02	2.82093e+02	2.05127e+03	1.39387e+03	4.46826e+00	2.30061e+00	9.27570e+01	1.76668e+01	7.24400e+00	0.00000e+00
7.49786e+02	2.82218e+02	2.05062e+03	1.39386e+03	4.46933e+00	2.30141e+00	9.25479e+01	1.76741e+01	7.24936e+00	0.00000e+00
7.51573e+02	2.82342e+02	2.04996e+03	1.39386e+03	4.47041e+00	2.30220e+00	9.23396e+01	1.76815e+01	7.25472e+00	0.00000e+00
7.53360e+02	2.82467e+02	2.04930e+03	1.39385e+03	4.47148e+00	2.30300e+00	9.21318e+01	1.76888e+01	7.26008e+00	0.00000e+00
7.55148e+02	2.82592e+02	2.04864e+03	1.39384e+03	4.47256e+00	2.30379e+00	9.19248e+01	1.76961e+01	7.26544e+00	0.00000e+00
7.56935e+02	2.82716e+02	2.04799e+03	1.39383e+03	4.47363e+00	2.30459e+00	9.17184e+01	1.77034e+01	7.27080e+00	0.00000e+00
7.58722e+02	2.82841e+02	2.04733e+03	1.39382e+03	4.47471e+00	2.30538e+00	9.15126e+01	1.77108e+01	7.27617e+00	0.00000e+00
7.60509e+02	2.82963e+02	2.04667e+03	1.39381e+03	4.47578e+00	2.30618e+00	9.13115e+01	1.77181e+01	7.28153e+00	0.00000e+00
7.62297e+02	2.83083e+02	2.04602e+03	1.39381e+03	4.47686e+00	2.30697e+00	9.11140e+01	1.77254e+01	7.28689e+00	0.00000e+00
7.64084e+02	2.83203e+02	2.04536e+03	1.39380e+03	4.47793e+00	2.30777e+00	9.09172e+01	1.77327e+01	7.29225e+00	0.00000e+00
7.65871e+02	2.83324e+02	2.04471e+03	1.39379e+03	4.47901e+00	2.30856e+00	9.07210e+01	1.77401e+01	7.29761e+00	0.00000e+00
7.67658e+02	2.83444e+02	2.04405e+03	1.39378e+03	4.48008e+00	2.30935e+00	9.05253e+01	1.77474e+01	7.30298e+00	0.00000e+00
7.69446e+02	2.83564e+02	2.04339e+03	1.39377e+03	4.48115e+00	2.31015e+00	9.03302e+01	1.77547e+01	7.30834e+00	0.00000e+00
7.71233e+02	2.83685e+02	2.04274e+03	1.39377e+03	4.48223e+00	2.31094e+00	9.01357e+01	1.77621e+01	7.31370e+00	0.00000e+00
7.73020e+02	2.83805e+02	2.04208e+03	1.39376e+03	4.48330e+00	2.31173e+00	8.99418e+01	1.77694e+01	7.31906e+00	0.00000e+00
7.74807e+02	2.83925e+02	2.04143e+03	1.39375e+03	4.48438e+00	2.31252e+00	8.97485e+01	1.77767e+01	7.32442e+00	0.00000e+00
7.76595e+02	2.84045e+02	2.04077e+03	1.39374e+03	4.48545e+00	2.31332e+00	8.95558e+01	1.77840e+01	7.32978e+00	0.00000e+00
7.78382e+02	2.84166e+02	2.04012e+03	1.39374e+03	4.48652e+00	2.31411e+00	8.93636e+01	1.77914e+01	7.33515e+00	0.00000e+00
7.80169e+02	2.84286e+02	2.03946e+03	1.39373e+03	4.48760e+00	2.31490e+00	8.91720e+01	1.77987e+01	7.34051e+00	0.00000e+00
7.81956e+02	2.84406e+02	2.03881e+03	1.39372e+03	4.48867e+00	2.31569e+00	8.89810e+01	1.78060e+01	7.34587e+00	0.00000e+00
7.83744e+02	2.84527e+02	2.03815e+03	1.39371e+03	4.48975e+00	2.31648e+00	8.87906e+01	1.78133e+01	7.35123e+00	0.00000e+00
7.85531e+02	2.84645e+02	2.03750e+03	1.39370e+03	4.49082e+00	2.31728e+00	8.86032e+01	1.78207e+01	7.35659e+00	0.00000e+00
7.87318e+02	2.84762e+02	2.03684e+03	1.39370e+03	4.49189e+00	2.31807e+00	8.84202e+01	1.78280e+01	7.36195e+00	0.00000e+00
7.89105e+02	2.84878e+02	2.03619e+03	1.39369e+03	4.49296e+00	2.31886e+00	8.82376e+01	1.78353e+01	7.36732e+00	0.00000e+00
7.90893e+02	2.84994e+02	2.03554e+03	1.39368e+03	4.49404e+00	2.31965e+00	8.80556e+01	1.78427e+01	7.37268e+00	0.00000e+00
7.92680e+02	2.85110e+02	2.03488e+03	1.39367e+03	4.49511e+00	2.32044e+00	8.78742e+01	1.78500e+01	7.37804e+00	0.00000e+00
7.94467e+02	2.85227e+02	2.03423e+03	1.39367e+03	4.49618e+00	2.32123e+00	8.76932e+01	1.78573e+01	7.38340e+00	0.00000e+00
7.96254e+02	2.85343e+02	2.03358e+03	1.39366e+03	4.49725e+00	2.32202e+00	8.75128e+01	1.78646e+01	7.38876e+00	0.00000e+00
7.98042e+02	2.85459e+02	2.03292e+03	1.39365e+03	4.49833e+00	2.32281e+00	8.73329e+01	1.78720e+01	7.39412e+00	0.00000e+00
7.99829e+02	2.85576e+02	2.03227e+03	1.39364e+03	4.49940e+00	2.32360e+00	8.71535e+01	1.78793e+01	7.39949e+00	0.00000e+00
8.01616e+02	2.85692e+02	2.03162e+03	1.39363e+03	4.50047e+00	2.32439e+00	8.69746e+01	1.78866e+01	7.40485e+00	0.00000e+00
8.03403e+02	2.85808e+02	2.03096e+03	1.39363e+03	4.50154e+00	2.32518e+00	8.67962e+01	1.78940e+01	7.41021e+00	0.00000e+00
8.05190e+02	2.85925e+02	2.03031e+03	1.39362e+03	4.50262e+00	2.32596e+00	8.66183e+01	1.79013e+01	7.41557e+00	0.00000e+00
8.06978e+02	2.86041e+02	2.02966e+03	1.39361e+03	4.50369e+00	2.32675e+00	8.64410e+01	1.79086e+01	7.42093e+00	0.00000e+00
8.08765e+02	2.86157e+02	2.02901e+03	1.39360e+03	4.50476e+00	2.32754e+00	8.62641e+01	1.79159e+01	7.42629e+00	0.00000e+00
8.10552e+02	2.86273e+02	2.02835e+03	1.39360e+03	4.50583e+00	2.32833e+00	8.60891e+01	1.79233e+01	7.43166e+00	0.00000e+00
8.12339e+02	2.86385e+02	2.02770e+03	1.39359e+03	4.50690e+00	2.32912e+00	8.59189e+01	1.79306e+01	7.43702e+00	0.00000e+00
8.14127e+02	2.86498e+02	2.02705e+03	1.39358e+03	4.50797e+00	2.32991e+00	8.57491e+01	1.79379e+01	7.44238e+00	0.00000e+00
8.15914e+02	2.86610e+02	2.02640e+03	1.39357e+03	4.50905e+00	2.33069e+00	8.55797e+01	1.79452e+01	7.44774e+00	0.00000e+00
8.17701e+02	2.86723e+02	2.02575e+03	1.39357e+03	4.51012e+00	2.33148e+00	8.54108e+01	1.79526e+01	7.45310e+00	0.00000e+00
8.19488e+02	2.86836e+02	2.02510e+03	1.39356e+03	4.51119e+00	2.33227e+00	8.52424e+01	1.79599e+01	7.45847e+00	0.00000e+00
8.21276e+02	2.86948e+02	2.02445e+03	1.39355e+03	4.51226e+00	2.33305e+00	8.50745e+01	1.79672e+01	7.46383e+00	0.00000e+00
8.23063e+02	2.87061e+02	2.02379e+03	1.39354e+03	4.51333e+00	2.33384e+00	8.49070e+01	1.79746e+01	7.46919e+00	0.00000e+00
8.24850e+02	2.87173e+02	2.02314e+03	1.39354e+03	4.51440e+00	2.33463e+00	8.47400e+01	1.79819e+01	7.47455e+00	0.00000e+00
8.26637e+02	2.87286e+02	2.02249e+03	1.39353e+03	4.51547e+00	2.33541e+00	8.45734e+01	1.79892e+01	7.47991e+00	0.00000e+00
8.28425e+02	2.87399e+02	2.02184e+03	1.39352e+03	4.51654e+00	2.33620e+00	8.44073e+01	1.79965e+01	7.48527e+00	0.00000e+00
8.30212e+02	2.87511e+02	2.02119e+03	1.39352e+03	4.51761e+00	2.33699e+00	8.42417e+01	1.80039e+01	7.49064e+00	0.00000e+00
8.31999e+02	2.87624e+02	2.02054e+03	1.39351e+03	4.51868e+00	2.33777e+00	8.40765e+01	1.80112e+01	7.49600e+00	0.00000e+00
8.33786e+02	2.87736e+02	2.01989e+03	1.39350e+03	4.51975e+00	2.33856e+00	8.39118e+01	1.80185e+01	7.50136e+00	0.00000e+00
8.35574e+02	2.87849e+02	2.01924e+03	1.39349e+03	4.52082e+00	2.33934e+00	8.37478e+01	1.80259e+01	7.50672e+00	0.00000e+00
8.37361e+02	2.87958e+02	2.01859e+03	1.39349e+03	4.52189e+00	2.34013e+00	8.35889e+01	1.80332e+01	7.51208e+00	0.00000e+00
8.39148e+02	2.88067e+02	2.01794e+03	1.39348e+03	4.52296e+00	2.34091e+00	8.34305e+01	1.80405e+01	7.51744e+00	0.00000e+00
8.40935e+02	2.88176e+02	2.01729e+03	1.39347e+03	4.52403e+00	2.34170e+00	8.32724e+01	1.80478e+01	7.52281e+00	0.00000e+00
8.42723e+02	2.88286e+02	2.01664e+03	1.39346e+03	4.52510e+00	2.34248e+00	8.31148e+01	1.80552e+01	7.52817e+00	0.00000e+00
8.44510e+02	2.88395e+02	2.01600e+03	1.39346e+03	4.52617e+00	2.34327e+00	8.29575e+01	1.80625e+01	7.53353e+00	0.00000e+00
8.46297e+02	2.88504e+02	2.01535e+03	1.39345e+03	4.52724e+00	2.34405e+00	8.28007e+01	1.80698e+01	7.53889e+00	0.00000e+00
8.48084e+02	2.88613e+02	2.01470e+03	1.39344e+03	4.52831e+00	2.34483e+00	8.26444e+01	1.80771e+01	7.54425e+00	0.00000e+00
8.49872e+02	2.88722e+02	2.01405e+03	1.39344e+03	4.52938e+00	2.34562e+00	8.24884e+01	1.80845e+01	7.54961e+00	0.00000e+00
8.51659e+02	2.88832e+02	2.01340e+03	1.39343e+03	4.53045e+00	2.34640e+00	8.23328e+01	1.80918e+01	7.55498e+00	0.00000e+00
8.53446e+02	2.88941e+02	2.01275e+03	1.39342e+03	4.53152e+00	2.34718e+00	8.21777e+01	1.80991e+01	7.56034e+00	0.00000e+00
8.55233e+02	2.89050e+02	2.01211e+03	1.39341e+03	4.53259e+00	2.34797e+00	8.20229e+01	1.81065e+01	7.56570e+00	0.00000e+00
8.57021e+02	2.89159e+02	2.01146e+03	1.39341e+03	4.53366e+00	2.34875e+00	8.18686e+01	1.81138e+01	7.57106e+00	0.00000e+00
8.58808e+02	2.89269e+02	2.01081e+03	1.39340e+03	4.53473e+00	2.34953e+00	8.17146e+01	1.81211e+01	7.57642e+00	0.00000e+00
8.60595e+02	2.89378e+02	2.01016e+03	1.39339e+03	4.53579e+00	2.35031e+00	8.15611e+01	1.81284e+01	7.58179e+00	0.00000e+00
8.62382e+02	2.89484e+02	2.00952e+03	1.39339e+03	4.53686e+00	2.35110e+00	8.14120e+01	1.81358e+01	7.58715e+00	0.00000e+00
8.64170e+02	2.89590e+02	2.00887e+03	1.39338e+03	4.53793e+00	2.35188e+00	8.12636e+01	1.81431e+01	7.59251e+00	0.00000e+00
8.65957e+02	2.89696e+02	2.00822e+03	1.39337e+03	4.53900e+00	2.35266e+00	8.11157e+01	1.81504e+01	7.59787e+00	0.00000e+00
8.67744e+02	2.89802e+02	2.00757e+03	1.39336e+03	4.54007e+00	2.35344e+00	8.09681e+01	1.81578e+01	7.60323e+00	0.00000e+00
8.69531e+02	2.89908e+02	2.00693e+03	1.39336e+03	4.54114e+00	2.35422e+00	8.08208e+01	1.81651e+01	7.60859e+00	0.00000e+00
8.71318e+02	2.90014e+02	2.00628e+03	1.39335e+03	4.54220e+00	2.35500e+00	8.06740e+01	1.81724e+01	7.61396e+00	0.00000e+00
8.73106e+02	2.90121e+02	2.00563e+03	1.39334e+03	4.54327e+00	2.35579e+00	8.05275e+01	1.81797e+01	7.61932e+00	0.00000e+00
8.74893e+02	2.90227e+02	2.00499e+03	1.39334e+03	4.54434e+00	2.35657e+00	8.03814e+01	1.81871e+01	7.62468e+00	0.00000e+00
8.76680e+02	2.90333e+02	2.00434e+03	1.39333e+03	4.54541e+00	2.35735e+00	8.02357e+01	1.81944e+01	7.63004e+00	0.00000e+00
8.78467e+02	2.90439e+02	2.00370e+03	1.39332e+03	4.54647e+00	2.35813e+00	8.00903e+01	1.82017e+01	7.63540e+00	0.00000e+00
8.80255e+02	2.90545e+02	2.00305e+03	1.39332e+03	4.54754e+00	2.35891e+00	7.99454e+01	1.82090e+01	7.64076e+00	0.00000e+00
8.82042e+02	2.90651e+02	2.00241e+03	1.39331e+03	4.54861e+00	2.35969e+00	7.98007e+01	1.82164e+01	7.64613e+00	0.00000e+00
8.83829e+02	2.90757e+02	2.00176e+03	1.39330e+03	4.54968e+00	2.36047e+00	7.96565e+01	1.82237e+01	7.65149e+00	0.00000e+00
8.85616e+02	2.90863e+02	2.00112e+03	1.39329e+03	4.55075e+00	2.36125e+00	7.95126e+01	1.82310e+01	7.65685e+00	0.00000e+00
8.87404e+02	2.90967e+02	2.00047e+03	1.39329e+03	4.55181e+00	2.36203e+00	7.93720e+01	1.82384e+01	7.66221e+00	0.00000e+00
8.89191e+02	2.91070e+02	1.99983e+03	1.39328e+03	4.55288e+00	2.36281e+00	7.92327e+01	1.82457e+01	7.66757e+00	0.00000e+00
8.90978e+02	2.91173e+02	1.99918e+03	1.39327e+03	4.55395e+00	2.36359e+00	7.90937e+01	1.82530e+01	7.67293e+00	0.00000e+00
8.92765e+02	2.91277e+02	1.99854e+03	1.39327e+03	4.55501e+00	2.36436e+00	7.89551e+01	1.82603e+01	7.67830e+00	0.00000e+00
8.94553e+02	2.91380e+02	1.99789e+03	1.39326e+03	4.55608e+00	2.36514e+00	7.88169e+01	1.82677e+01	7.68366e+00	0.00000e+00
8.96340e+02	2.91483e+02	1.99725e+03	1.39325e+03	4.55715e+00	2.36592e+00	7.86790e+01	1.82750e+01	7.68902e+00	0.00000e+00
8.98127e+02	2.91586e+02	1.99660e+03	1.39325e+03	4.55821e+00	2.36670e+00	7.85414e+01	1.82823e+01	7.69438e+00	0.00000e+00
8.99914e+02	2.91689e+02	1.99596e+03	1.39324e+03	4.55928e+00	2.36748e+00	7.84041e+01	1.82896e+01	7.69974e+00	0.00000e+00
9.01702e+02	2.91793e+02	1.99532e+03	1.39323e+03	4.56035e+00	2.36826e+00	7.82672e+01	1.82970e+01	7.70510e+00	0.00000e+00
9.03489e+02	2.91896e+02	1.99467e+03	1.39323e+03	4.56141e+00	2.36903e+00	7.81307e+01	1.83043e+01	7.71047e+00	0.00000e+00
9.05276e+02	2.91999e+02	1.99403e+03	1.39322e+03	4.56248e+00	2.36981e+00	7.79944e+01	1.83116e+01	7.71583e+00	0.00000e+00
9.07063e+02	2.92102e+02	1.99339e+03	1.39321e+03	4.56354e+00	2.37059e+00	7.78585e+01	1.83190e+01	7.72119e+00	0.00000e+00
9.08851e+02	2.92205e+02	1.99274e+03	1.39321e+03	4.56461e+00	2.37137e+00	7.77230e+01	1.83263e+01	7.72655e+00	0.00000e+00
9.10638e+02	2.92309e+02	1.99210e+03	1.39320e+03	4.56568e+00	2.37214e+00	7.75877e+01	1.83336e+01	7.73191e+00	0.00000e+00
9.12425e+02	2.92410e+02	1.99146e+03	1.39319e+03	4.56674e+00	2.37292e+00	7.74548e+01	1.83409e+01	7.73728e+00	0.00000e+00
9.14212e+02	2.92511e+02	1.99082e+03	1.39319e+03	4.56781e+00	2.37370e+00	7.73237e+01	1.83483e+01	7.74264e+00	0.00000e+00
9.16000e+02	2.92611e+02	1.99017e+03	1.39318e+03	4.56887e+00	2.37447e+00	7.71928e+01	1.83556e+01	7.74800e+00	0.00000e+00
9.17787e+02	2.92712e+02	1.98953e+03	1.39317e+03	4.56994e+00	2.37525e+00	7.70623e+01	1.83629e+01	7.75336e+00	0.00000e+00
9.19574e+02	2.92812e+02	1.98889e+03	1.39317e+03	4.57101e+00	2.37602e+00	7.69321e+01	1.83703e+01	7.75872e+00	0.00000e+00
9.21361e+02	2.92913e+02	1.98825e+03	1.39316e+03	4.57207e+00	2.37680e+00	7.68022e+01	1.83776e+01	7.76408e+00	0.00000e+00
9.23149e+02	2.93014e+02	1.98761e+03	1.39315e+03	4.57314e+00	2.37757e+00	7.66726e+01	1.83849e+01	7.76945e+00	0.00000e+00
9.24936e+02	2.93114e+02	1.98696e+03	1.39315e+03	4.57420e+00	2.37835e+00	7.65434e+01	1.83922e+01	7.77481e+00	0.00000e+00
9.26723e+02	2.93215e+02	1.98632e+03	1.39314e+03	4.57527e+00	2.37913e+00	7.64144e+01	1.83996e+01	7.78017e+00	0.00000e+00
9.28510e+02	2.93315e+02	1.98568e+03	1.39313e+03	4.57633e+00	2.37990e+00	7.62857e+01	1.84069e+01	7.78553e+00	0.00000e+00
9.30298e+02	2.93416e+02	1.98504e+03	1.39313e+03	4.57740e+00	2.38068e+00	7.61573e+01	1.84142e+01	7.79089e+00	0.00000e+00
9.32085e+02	2.93516e+02	1.98440e+03	1.39312e+03	4.57846e+00	2.38145e+00	7.60293e+01	1.84215e+01	7.79625e+00	0.00000e+00
9.33872e+02	2.93617e+02	1.98376e+03	1.39311e+03	4.57953e+00	2.38222e+00	7.59015e+01	1.84289e+01	7.80162e+00	0.00000e+00
9.35659e+02	2.93717e+02	1.98312e+03	1.39311e+03	4.58059e+00	2.38300e+00	7.57741e+01	1.84362e+01	7.80698e+00	0.00000e+00
9.37446e+02	2.93817e+02	1.98248e+03	1.39310e+03	4.58166e+00	2.38377e+00	7.56482e+01	1.84435e+01	7.81234e+00	0.00000e+00
9.39234e+02	2.93915e+02	1.98184e+03	1.39309e+03	4.58272e+00	2.38455e+00	7.55244e+01	1.84509e+01	7.81770e+00	0.00000e+00
9.41021e+02	2.94013e+02	1.98120e+03	1.39309e+03	4.58378e+00	2.38532e+00	7.54009e+01	1.84582e+01	7.82306e+00	0.00000e+00
9.42808e+02	2.94111e+02	1.98056e+03	1.39308e+03	4.58485e+00	2.38609e+00	7.52776e+01	1.84655e+01	7.82842e+00	0.00000e+00
9.44595e+02	2.94209e+02	1.97992e+03	1.39307e+03	4.58591e+00	2.38687e+00	7.51547e+01	1.84728e+01	7.83379e+00	0.00000e+00
9.46383e+02	2.94308e+02	1.97928e+03	1.39307e+03	4.58698e+00	2.38764e+00	7.50320e+01	1.84802e+01	7.83915e+00	0.00000e+00
9.48170e+02	2.94406e+02	1.97864e+03	1.39306e+03	4.58804e+00	2.38841e+00	7.49096e+01	1.84875e+01	7.84451e+00	0.00000e+00
9.49957e+02	2.94504e+02	1.97800e+03	1.39305e+03	4.58910e+00	2.38919e+00	7.47875e+01	1.84948e+01	7.84987e+00	0.00000e+00
9.51744e+02	2.94602e+02	1.97736e+03	1.39305e+03	4.59017e+00	2.38996e+00	7.46657e+01	1.85022e+01	7.85523e+00	0.00000e+00
9.53532e+02	2.94700e+02	1.97673e+03	1.39304e+03	4.59123e+00	2.39073e+00	7.45441e+01	1.85095e+01	7.86060e+00	0.00000e+00
9.55319e+02	2.94798e+02	1.97609e+03	1.39303e+03	4.59230e+00	2.39150e+00	7.44228e+01	1.85168e+01	7.86596e+00	0.00000e+00
9.57106e+02	2.94896e+02	1.97545e+03	1.39303e+03	4.59336e+00	2.39228e+00	7.43019e+01	1.85241e+01	7.87132e+00	0.00000e+00
9.58893e+02	2.94994e+02	1.97481e+03	1.39302e+03	4.59442e+00	2.39305e+00	7.41811e+01	1.85315e+01	7.87668e+00	0.00000e+00
9.60681e+02	2.95093e+02	1.97417e+03	1.39301e+03	4.59549e+00	2.39382e+00	7.40607e+01	1.85388e+01	7.88204e+00	0.00000e+00
9.62468e+02	2.95190e+02	1.97353e+03	1.39301e+03	4.59655e+00	2.39459e+00	7.39412e+01	1.85461e+01	7.88740e+00	0.00000e+00
9.64255e+02	2.95286e+02	1.97290e+03	3.41570e+03	8.42109e+00	4.88449e+00	1.36969e+13	1.33567e+02	8.14926e+01	0.00000e+00
1.05971e+03	3.03063e+02	1.95901e+03	3.41570e+03	8.42924e+00	4.88630e+00	7.82711e+12	1.34068e+02	8.16219e+01	0.00000e+00
1.15517e+03	3.10780e+02	1.94513e+03	3.41858e+03	8.44642e+00	4.89243e+00	4.61785e+12	1.35012e+02	8.19638e+01	0.00000e+00
1.25071e+03	3.18437e+02	1.93124e+03	3.42431e+03	8.45148e+00	4.89276e+00	2.80595e+12	1.35365e+02	8.20202e+01	0.00000e+00
1.34641e+03	3.26035e+02	1.91736e+03	3.42621e+03	8.46264e+00	4.89392e+00	1.75218e+12	1.36127e+02	8.21598e+01	0.00000e+00
1.44216e+03	3.33572e+02	1.90347e+03	3.43040e+03	8.46974e+00	4.89447e+00	1.12180e+12	1.36621e+02	8.22427e+01	0.00000e+00
1.53803e+03	3.41050e+02	1.88959e+03	3.43309e+03	8.47927e+00	4.89568e+00	7.35068e+11	1.37265e+02	8.23693e+01	0.00000e+00
1.63398e+03	3.48467e+02	1.87570e+03	3.43668e+03	8.48386e+00	4.89468e+00	4.92081e+11	1.37656e+02	8.23829e+01	0.00000e+00
1.73002e+03	3.55824e+02	1.86181e+03	3.43865e+03	8.48982e+00	4.89623e+00	3.36043e+11	1.38017e+02	8.24844e+01	0.00000e+00
1.82612e+03	3.63121e+02	1.84793e+03	3.44071e+03	8.49487e+00	4.89656e+00	2.33752e+11	1.38375e+02	8.25421e+01	0.00000e+00
1.92228e+03	3.70358e+02	1.83404e+03	3.44265e+03	8.49853e+00	4.89520e+00	1.65415e+11	1.38714e+02	8.25339e+01	0.00000e+00
2.01849e+03	3.77534e+02	1.82016e+03	3.44423e+03	8.50188e+00	4.89344e+00	1.18946e+11	1.39052e+02	8.25119e+01	0.00000e+00
2.11475e+03	3.84649e+02	1.80627e+03	3.44579e+03	8.50676e+00	4.89361e+00	8.68197e+10	1.39408e+02	8.25633e+01	0.00000e+00
2.21105e+03	3.91704e+02	1.79239e+03	3.44769e+03	8.51171e+00	4.89391e+00	6.42632e+10	1.39760e+02	8.26180e+01	0.00000e+00
2.30740e+03	3.98699e+02	1.77850e+03	3.44956e+03	8.51653e+00	4.89401e+00	4.81959e+10	1.40117e+02	8.26675e+01	0.00000e+00
2.40380e+03	4.05632e+02	1.76462e+03	3.45147e+03	8.52148e+00	4.89431e+00	3.65941e+10	1.40470e+02	8.27224e+01	0.00000e+00
2.50026e+03	4.12504e+02	1.75073e+03	3.45334e+03	8.52618e+00	4.89429e+00	2.81090e+10	1.40822e+02	8.27654e+01	0.00000e+00
2.59677e+03	4.19316e+02	1.73685e+03	3.45517e+03	8.52848e+00	4.89122e+00	2.18281e+10	1.41155e+02	8.26960e+01	0.00000e+00
2.69333e+03	4.26066e+02	1.72296e+03	3.45660e+03	8.53280e+00	4.89074e+00	1.71257e+10	1.41503e+02	8.27217e+01	0.00000e+00
2.78994e+03	4.32755e+02	1.70908e+03	3.45836e+03	8.53831e+00	4.89173e+00	1.35671e+10	1.41864e+02	8.28020e+01	0.00000e+00
2.88659e+03	4.39383e+02	1.69519e+03	3.46032e+03	8.54327e+00	4.89207e+00	1.08468e+10	1.42219e+02	8.28582e+01	0.00000e+00
2.98329e+03	4.45949e+02	1.68131e+03	3.46219e+03	8.54796e+00	4.89202e+00	8.74744e+09	1.42577e+02	8.29022e+01	0.00000e+00
3.08005e+03	4.52454e+02	1.66742e+03	3.46410e+03	8.55294e+00	4.89237e+00	7.11254e+09	1.42933e+02	8.29588e+01	0.00000e+00
3.17686e+03	4.58897e+02	1.65354e+03	3.46596e+03	8.55722e+00	4.89184e+00	5.82837e+09	1.43283e+02	8.29829e+01	0.00000e+00
3.27372e+03	4.65277e+02	1.63965e+03	3.46772e+03	8.55942e+00	4.88867e+00	4.81143e+09	1.43616e+02	8.29096e+01	0.00000e+00
3.37064e+03	4.71596e+02	1.62577e+03	3.46915e+03	8.56392e+00	4.88842e+00	3.99985e+09	1.43969e+02	8.29436e+01	0.00000e+00
3.46759e+03	4.77853e+02	1.61188e+03	3.47093e+03	8.56905e+00	4.88894e+00	3.34735e+09	1.44331e+02	8.30079e+01	0.00000e+00
3.56459e+03	4.84048e+02	1.59799e+03	3.47288e+03	8.57410e+00	4.88938e+00	2.81911e+09	1.44691e+02	8.30679e+01	0.00000e+00
3.66165e+03	4.90180e+02	1.58411e+03	3.47477e+03	8.57913e+00	4.88980e+00	2.38863e+09	1.45050e+02	8.31270e+01	0.00000e+00
3.75876e+03	4.96249e+02	1.57022e+03	3.47664e+03	8.58466e+00	4.89076e+00	2.03557e+09	1.45419e+02	8.32071e+01	0.00000e+00
3.85592e+03	5.02256e+02	1.55634e+03	3.47862e+03	8.58972e+00	4.89121e+00	1.74426e+09	1.45780e+02	8.32670e+01	0.00000e+00
3.95314e+03	5.08200e+02	1.54245e+03	3.48050e+03	8.59366e+00	4.89028e+00	1.50252e+09	1.46127e+02	8.32748e+01	0.00000e+00
4.05041e+03	5.14080e+02	1.52857e+03	3.48214e+03	8.59782e+00	4.88957e+00	1.30079e+09	1.46479e+02	8.32915e+01	0.00000e+00
4.14772e+03	5.19897e+02	1.51468e+03	3.48385e+03	8.60288e+00	4.89000e+00	1.13155e+09	1.46842e+02	8.33513e+01	0.00000e+00
4.24508e+03	5.25651e+02	1.50080e+03	3.48574e+03	8.60785e+00	4.89030e+00	9.88871e+08	1.47207e+02	8.34072e+01	0.00000e+00
4.34250e+03	5.31341e+02	1.48691e+03	3.48764e+03	8.61297e+00	4.89081e+00	8.67995e+08	1.47572e+02	8.34696e+01	0.00000e+00
4.43997e+03	5.36968e+02	1.47303e+03	3.48953e+03	8.61773e+00	4.89085e+00	7.65123e+08	1.47937e+02	8.35168e+01	0.00000e+00
4.53749e+03	5.42530e+02	1.45914e+03	3.49144e+03	8.62289e+00	4.89138e+00	6.77184e+08	1.48304e+02	8.35803e+01	0.00000e+00
4.63507e+03	5.48028e+02	1.44526e+03	3.49333e+03	8.62805e+00	4.89193e+00	6.01693e+08	1.48671e+02	8.36442e+01	0.00000e+00
4.73269e+03	5.53461e+02	1.43137e+03	3.49523e+03	8.63236e+00	4.89138e+00	5.36625e+08	1.49029e+02	8.36664e+01	0.00000e+00
4.83038e+03	5.58830e+02	1.41749e+03	3.49694e+03	8.63828e+00	4.89284e+00	4.80321e+08	1.49405e+02	8.37639e+01	0.00000e+00
4.92810e+03	5.64133e+02	1.40360e+03	3.49893e+03	8.66443e+00	4.91389e+00	4.31418e+08	1.50376e+02	8.46859e+01	0.00000e+00
5.02589e+03	5.69371e+02	1.38972e+03	3.50711e+03	8.68365e+00	4.92821e+00	3.88792e+08	1.51146e+02	8.53255e+01	0.00000e+00
5.12390e+03	5.74544e+02	1.37583e+03	3.51317e+03	8.68946e+00	4.92963e+00	3.51562e+08	1.51520e+02	8.54220e+01	0.00000e+00
5.22209e+03	5.79651e+02	1.36194e+03	3.51513e+03	8.69458e+00	4.93022e+00	3.18917e+08	1.51886e+02	8.54879e+01	0.00000e+00
5.32032e+03	5.84692e+02	1.34806e+03	3.51700e+03	8.69990e+00	4.93106e+00	2.90171e+08	1.52255e+02	8.55633e+01	0.00000e+00
5.41861e+03	5.89666e+02	1.33417e+03	3.51890e+03	8.70559e+00	4.93229e+00	2.64782e+08	1.52631e+02	8.56533e+01	0.00000e+00
5.51696e+03	5.94574e+02	1.32029e+03	3.52084e+03	8.71076e+00	4.93292e+00	2.42292e+08	1.53000e+02	8.57210e+01	0.00000e+00
5.61535e+03	5.99414e+02	1.30640e+03	3.52272e+03	8.71624e+00	4.93374e+00	2.22315e+08	1.53381e+02	8.57957e+01	0.00000e+00
5.71380e+03	6.04188e+02	1.29252e+03	3.52462e+03	8.72082e+00	4.93357e+00	2.04522e+08	1.53748e+02	8.58334e+01	0.00000e+00
5.81230e+03	6.08893e+02	1.27863e+03	3.52641e+03	8.72613e+00	4.93438e+00	1.88633e+08	1.54121e+02	8.59077e+01	0.00000e+00
5.91086e+03	6.13531e+02	1.26475e+03	3.52831e+03	8.73221e+00	4.93607e+00	1.74408e+08	1.54504e+02	8.60153e+01	0.00000e+00
6.00946e+03	6.18100e+02	1.25086e+03	3.53030e+03	8.73756e+00	4.93691e+00	1.61644e+08	1.54878e+02	8.60910e+01	0.00000e+00
6.10812e+03	6.22600e+02	1.23698e+03	3.53221e+03	8.74368e+00	4.93860e+00	1.50165e+08	1.55265e+02	8.61986e+01	0.00000e+00
6.20684e+03	6.27030e+02	1.22309e+03	3.53421e+03	8.74879e+00	4.93894e+00	1.39818e+08	1.55636e+02	8.62497e+01	0.00000e+00
6.30561e+03	6.31391e+02	1.20921e+03	3.53581e+03	8.75357e+00	4.93887e+00	1.30473e+08	1.56006e+02	8.62860e+01	0.00000e+00
6.40443e+03	6.35682e+02	1.19532e+03	3.53741e+03	8.75921e+00	4.94007e+00	1.22015e+08	1.56389e+02	8.63777e+01	0.00000e+00
6.50329e+03	6.39902e+02	1.18144e+03	3.53945e+03	8.76629e+00	4.94323e+00	1.14344e+08	1.56796e+02	8.65515e+01	0.00000e+00
6.60220e+03	6.44051e+02	1.16755e+03	3.54203e+03	8.77221e+00	4.94464e+00	1.07377e+08	1.57183e+02	8.66479e+01	0.00000e+00
6.70119e+03	6.48128e+02	1.15367e+03	3.54395e+03	8.77713e+00	4.94476e+00	1.01038e+08	1.57557e+02	8.66926e+01	0.00000e+00
6.80023e+03	6.52133e+02	1.13978e+03	3.54562e+03	8.78408e+00	4.94782e+00	9.52602e+07	1.57964e+02	8.68646e+01	0.00000e+00
6.89932e+03	6.56065e+02	1.12590e+03	3.54826e+03	8.78902e+00	4.94802e+00	8.99857e+07	1.58341e+02	8.69147e+01	0.00000e+00
6.99849e+03	6.59924e+02	1.11201e+03	3.55001e+03	8.79481e+00	4.94927e+00	8.51648e+07	1.58731e+02	8.70061e+01	0.00000e+00
7.09770e+03	6.63708e+02	1.09812e+03	3.55195e+03	8.80070e+00	4.95059e+00	8.07515e+07	1.59123e+02	8.70990e+01	0.00000e+00
7.19697e+03	6.67418e+02	1.08424e+03	3.55386e+03	8.80545e+00	4.95036e+00	7.67065e+07	1.59495e+02	8.71262e+01	0.00000e+00
7.29629e+03	6.71052e+02	1.07035e+03	3.55529e+03	8.81255e+00	4.95335e+00	7.29949e+07	1.59909e+02	8.72915e+01	0.00000e+00
7.39565e+03	6.74610e+02	1.05647e+03	3.55773e+03	8.81860e+00	4.95499e+00	6.95853e+07	1.60310e+02	8.74027e+01	0.00000e+00
7.49507e+03	6.78091e+02	1.04258e+03	3.55992e+03	8.82550e+00	4.95773e+00	6.64510e+07	1.60726e+02	8.75606e+01	0.00000e+00
7.59456e+03	6.81493e+02	1.02870e+03	3.56240e+03	8.82840e+00	4.95505e+00	6.35675e+07	1.61062e+02	8.74811e+01	0.00000e+00
7.69412e+03	6.84818e+02	1.01481e+03	3.56301e+03	8.83508e+00	4.95740e+00	6.09132e+07	1.61474e+02	8.76189e+01	0.00000e+00
7.79370e+03	6.88062e+02	1.00093e+03	3.56526e+03	8.84119e+00	4.95905e+00	5.84673e+07	1.61877e+02	8.77295e+01	0.00000e+00
7.89333e+03	6.91226e+02	9.87042e+02	3.56737e+03	8.84724e+00	4.96061e+00	5.62138e+07	1.62278e+02	8.78350e+01	0.00000e+00
7.99303e+03	6.94308e+02	9.73157e+02	3.56942e+03	8.85331e+00	4.96210e+00	5.41373e+07	1.62681e+02	8.79362e+01	0.00000e+00
8.09279e+03	6.97307e+02	9.59272e+02	3.57139e+03	8.85987e+00	4.96431e+00	5.22239e+07	1.63094e+02	8.80697e+01	0.00000e+00
8.19260e+03	7.00223e+02	9.45386e+02	3.57362e+03	8.86579e+00	4.96562e+00	5.04613e+07	1.63497e+02	8.81650e+01	0.00000e+00
8.29247e+03	7.03053e+02	9.31501e+02	3.57560e+03	8.87245e+00	4.96794e+00	4.88388e+07	1.63916e+02	8.83044e+01	0.00000e+00
8.39240e+03	7.05797e+02	9.17616e+02	3.57791e+03	8.87829e+00	4.96910e+00	4.73465e+07	1.64316e+02	8.83911e+01	0.00000e+00
8.49239e+03	7.08453e+02	9.03731e+02	3.57976e+03	8.88484e+00	4.97121e+00	4.59758e+07	1.64735e+02	8.85215e+01	0.00000e+00
8.59243e+03	7.11019e+02	8.89845e+02	3.58199e+03	8.89101e+00	4.97281e+00	4.47188e+07	1.65144e+02	8.86278e+01	0.00000e+00
8.69254e+03	7.13495e+02	8.75960e+02	3.58398e+03	8.89681e+00	4.97389e+00	4.35689e+07	1.65549e+02	8.87131e+01	0.00000e+00
8.79270e+03	7.15878e+02	8.62075e+02	3.58587e+03	8.90278e+00	4.97499e+00	4.25201e+07	1.65944e+02	8.87880e+01	0.00000e+00
8.89291e+03	7.18167e+02	8.48189e+02	3.58731e+03	8.90891e+00	4.97652e+00	4.15670e+07	1.66361e+02	8.88944e+01	0.00000e+00
8.99317e+03	7.20359e+02	8.34304e+02	3.58941e+03	8.91645e+00	4.97964e+00	4.07051e+07	1.66802e+02	8.90635e+01	0.00000e+00
9.09348e+03	7.22454e+02	8.20419e+02	3.59173e+03	8.92266e+00	4.98145e+00	3.99306e+07	1.67233e+02	8.91916e+01	0.00000e+00
9.19386e+03	7.24448e+02	8.06534e+02	3.59428e+03	8.92878e+00	4.98264e+00	3.92406e+07	1.67634e+02	8.92694e+01	0.00000e+00
9.29431e+03	7.26339e+02	7.92648e+02	3.59570e+03	8.94003e+00	4.98827e+00	3.86325e+07	1.68129e+02	8.94930e+01	0.00000e+00
9.39480e+03	7.28125e+02	7.78763e+02	3.59658e+03	8.94499e+00	4.98715e+00	3.81040e+07	1.68882e+02	8.96544e+01	0.00000e+00
9.49531e+03	7.29804e+02	7.64878e+02	3.60468e+03	8.95915e+00	4.99364e+00	3.76535e+07	1.69618e+02	8.99590e+01	0.00000e+00
9.59605e+03	7.31372e+02	7.50992e+02	3.60753e+03	8.96539e+00	4.99429e+00	3.72824e+07	1.70292e+02	9.01418e+01	0.00000e+00
9.69687e+03	7.32826e+02	7.37107e+02	3.61394e+03	8.97859e+00	5.00036e+00	3.69891e+07	1.70946e+02	9.04090e+01	0.00000e+00
9.79787e+03	7.34163e+02	7.23222e+02	3.61586e+03	9.00019e+00	5.01346e+00	3.67749e+07	1.71576e+02	9.08085e+01	0.00000e+00
9.89892e+03	7.35380e+02	7.09337e+02	3.61286e+03	9.00620e+00	5.01352e+00	3.66398e+07	1.72424e+02	9.10531e+01	0.00000e+00
9.99989e+03	7.36472e+02	6.95451e+02	3.62251e+03	9.03028e+00	5.02760e+00	3.65848e+07	1.73140e+02	9.14736e+01	0.00000e+00
1.01011e+04	7.37436e+02	6.81566e+02	3.61888e+03	9.03425e+00	5.02599e+00	3.66157e+07	1.74029e+02	9.17057e+01	0.00000e+00
1.02023e+04	7.38267e+02	6.67681e+02	3.63039e+03	9.05823e+00	5.04029e+00	3.67334e+07	1.74791e+02	9.21664e+01	0.00000e+00
1.03037e+04	7.38960e+02	6.53795e+02	3.62796e+03	9.07089e+00	5.04528e+00	3.69461e+07	1.75747e+02	9.25427e+01	0.00000e+00
1.04051e+04	7.39509e+02	6.39910e+02	3.63556e+03	9.08097e+00	5.04806e+00	3.72570e+07	1.76734e+02	9.28846e+01	0.00000e+00
1.05067e+04	7.39910e+02	6.26025e+02	3.64498e+03	9.11071e+00	5.06640e+00	3.76758e+07	1.77696e+02	9.35042e+01	0.00000e+00
1.06086e+04	7.40156e+02	6.12140e+02	3.64277e+03	9.12170e+00	5.06975e+00	3.82124e+07	1.78819e+02	9.39206e+01	0.00000e+00
1.07104e+04	7.40239e+02	5.98254e+02	3.65417e+03	9.15802e+00	5.09294e+00	3.88756e+07	1.79924e+02	9.46914e+01	0.00000e+00
1.07104e+04	7.40239e+02	5.98254e+02	8.00000e+03	6.52029e+00	3.49859e+00	1.00000e+04	2.09552e+02	9.79208e+01	0.00000e+00
1.15373e+04	7.41062e+02	5.31782e+02	8.00000e+03	6.52029e+00	3.49859e+00	1.00000e+04	2.09552e+02	9.79208e+01	0.00000e+00
1.23642e+04	7.41884e+02	4.65309e+02	8.00000e+03	6.58077e+00	3.52801e+00	1.00000e+04	2.13686e+02	9.95746e+01	0.00000e+00
1.31911e+04	7.42707e+02	3.98836e+02	8.00000e+03	6.64071e+00	3.55718e+00	1.00000e+04	2.17821e+02	1.01228e+02	0.00000e+00
1.40180e+04	7.43529e+02	3.32364e+02	8.00000e+03	6.70011e+00	3.58612e+00	1.00000e+04	2.21956e+02	1.02882e+02	0.00000e+00
1.48449e+04	7.44352e+02	2.65891e+02	8.00000e+03	6.75899e+00	3.61483e+00	1.00000e+04	2.26090e+02	1.04536e+02	0.00000e+00
1.56718e+04	7.45174e+02	1.99418e+02	8.00000e+03	6.81736e+00	3.64331e+00	1.00000e+04	2.30225e+02	1.06190e+02	0.00000e+00
1.64987e+04	7.45997e+02	1.32945e+02	8.00000e+03	6.87523e+00	3.67157e+00	1.00000e+04	2.34359e+02	1.07844e+02	0.00000e+00
1.73256e+04	7.46819e+02	6.64727e+01	8.00000e+03	6.93262e+00	3.69962e+00	1.00000e+04	2.38494e+02	1.09497e+02	0.00000e+00
1.81525e+04	7.47642e+02	0.00000e+00	8.00000e+03	6.98954e+00	3.72745e+00	1.00000e+04	2.42628e+02	1.11151e+02	0.00000e+00
