   0.0000000e+00   1.1000000e+02   2.4103000e+03   9.3273956e+02   3.9798936e+00   1.9655294e+00   2.2475509e+04   0.0000000e+00
   9.8940190e+00   1.1003332e+02   2.4028718e+03   9.3273956e+02   3.9775581e+00   1.9643759e+00   2.2403481e+04   0.0000000e+00
   1.9788038e+01   1.1006809e+02   2.3966572e+03   9.3361097e+02   3.9752285e+00   1.9632254e+00   2.2328613e+04   0.0000000e+00
   2.9682057e+01   1.1010437e+02   2.3904628e+03   9.3445233e+02   3.9729118e+00   1.9620813e+00   2.2250806e+04   0.0000000e+00
   3.9576076e+01   1.1014223e+02   2.3842885e+03   9.3525692e+02   3.9706149e+00   1.9609469e+00   2.2169959e+04   0.0000000e+00
   4.9470095e+01   1.1018174e+02   2.3781341e+03   9.3601764e+02   3.9683446e+00   1.9598257e+00   2.2085965e+04   0.0000000e+00
   5.9364114e+01   1.1022296e+02   2.3719991e+03   9.3672701e+02   3.9661072e+00   1.9587207e+00   2.1998720e+04   0.0000000e+00
   6.9258133e+01   1.1026598e+02   2.3658833e+03   9.3737715e+02   3.9639086e+00   1.9576349e+00   2.1908111e+04   0.0000000e+00
   7.9152152e+01   1.1031088e+02   2.3597863e+03   9.3795977e+02   3.9617545e+00   1.9565711e+00   2.1814028e+04   0.0000000e+00
   8.9046171e+01   1.1035773e+02   2.3537076e+03   9.3846622e+02   3.9596498e+00   1.9555317e+00   2.1716355e+04   0.0000000e+00
   9.8940190e+01   1.1040663e+02   2.3476468e+03   9.3888748e+02   3.9575992e+00   1.9545189e+00   2.1614976e+04   0.0000000e+00
   1.0883421e+02   1.1045766e+02   2.3416034e+03   9.3921423e+02   3.9556066e+00   1.9535349e+00   2.1509771e+04   0.0000000e+00
   1.1872823e+02   1.1051092e+02   2.3355767e+03   9.3943704e+02   3.9536755e+00   1.9525811e+00   2.1400619e+04   0.0000000e+00
   1.2862225e+02   1.1056651e+02   2.3295662e+03   9.3954654e+02   3.9518086e+00   1.9516592e+00   2.1287398e+04   0.0000000e+00
   1.3851627e+02   1.1062453e+02   2.3235710e+03   9.3953377e+02   3.9500084e+00   1.9507701e+00   2.1169981e+04   0.0000000e+00
   1.4841028e+02   1.1068509e+02   2.3175906e+03   9.3939065e+02   3.9482766e+00   1.9499148e+00   2.1048245e+04   0.0000000e+00
   1.5830430e+02   1.1074830e+02   2.3116241e+03   9.3911065e+02   3.9466144e+00   1.9490939e+00   2.0922061e+04   0.0000000e+00
   1.6819832e+02   1.1081429e+02   2.3056707e+03   9.3868957e+02   3.9450225e+00   1.9483077e+00   2.0791301e+04   0.0000000e+00
   1.7809234e+02   1.1088318e+02   2.2997295e+03   9.3812656e+02   3.9435011e+00   1.9475564e+00   2.0655838e+04   0.0000000e+00
   1.8798636e+02   2.5250000e+02   2.2937999e+03   9.3742516e+02   3.9680294e+00   1.9596700e+00   5.6712990e+01   0.0000000e+00
   1.9156861e+02   2.5250000e+02   2.2920949e+03   1.1782928e+03   1.8277046e+00   0.0000000e+00   0.0000000e+00   2.5561966e-02
   1.9515087e+02   2.5250000e+02   2.2903924e+03   1.1793616e+03   1.8336183e+00   0.0000000e+00   0.0000000e+00   2.5549422e-02
   1.9873312e+02   2.5250000e+02   2.2886923e+03   1.1804235e+03   1.8394954e+00   0.0000000e+00   0.0000000e+00   2.5537039e-02
   2.0231537e+02   2.5250000e+02   2.2869947e+03   1.1814787e+03   1.8453365e+00   0.0000000e+00   0.0000000e+00   2.5524648e-02
   2.0589762e+02   2.5250000e+02   2.2852996e+03   1.1825273e+03   1.8511419e+00   0.0000000e+00   0.0000000e+00   2.5512198e-02
   2.0947988e+02   2.5250000e+02   2.2836068e+03   1.1835694e+03   1.8569116e+00   0.0000000e+00   0.0000000e+00   2.5499726e-02
   2.1306213e+02   2.5250000e+02   2.2819164e+03   1.1846050e+03   1.8626456e+00   0.0000000e+00   0.0000000e+00   2.5487272e-02
   2.1664438e+02   2.5250000e+02   2.2802284e+03   1.1856344e+03   1.8683437e+00   0.0000000e+00   0.0000000e+00   2.5474876e-02
   2.2022663e+02   2.5250000e+02   2.2785428e+03   1.1866576e+03   1.8740053e+00   0.0000000e+00   0.0000000e+00   2.5462577e-02
   2.2380889e+02   2.5250000e+02   2.2768595e+03   1.1876747e+03   1.8796300e+00   0.0000000e+00   0.0000000e+00   2.5450414e-02
   2.2739114e+02   2.5250000e+02   2.2751786e+03   1.1886858e+03   1.8852172e+00   0.0000000e+00   0.0000000e+00   2.5438428e-02
   2.3097339e+02   2.5250000e+02   2.2735000e+03   1.1896910e+03   1.8907662e+00   0.0000000e+00   0.0000000e+00   2.5426658e-02
   2.3455564e+02   2.5250000e+02   2.2718238e+03   1.1906903e+03   1.8962763e+00   0.0000000e+00   0.0000000e+00   2.5415144e-02
   2.3813790e+02   2.5250000e+02   2.2701498e+03   1.1916840e+03   1.9017467e+00   0.0000000e+00   0.0000000e+00   2.5403924e-02
   2.4172015e+02   2.5250000e+02   2.2684781e+03   1.1926720e+03   1.9071769e+00   0.0000000e+00   0.0000000e+00   2.5393040e-02
   2.4530240e+02   2.5250000e+02   2.2668087e+03   1.1936545e+03   1.9125661e+00   0.0000000e+00   0.0000000e+00   2.5382529e-02
   2.4888465e+02   2.5250000e+02   2.2651416e+03   1.1946315e+03   1.9179135e+00   0.0000000e+00   0.0000000e+00   2.5372432e-02
   2.5246691e+02   2.5250000e+02   2.2634768e+03   1.1956033e+03   1.9232184e+00   0.0000000e+00   0.0000000e+00   2.5362789e-02
   2.5604916e+02   2.5250000e+02   2.2618142e+03   1.1965697e+03   1.9284801e+00   0.0000000e+00   0.0000000e+00   2.5353639e-02
   2.5963141e+02   2.5250000e+02   2.2601538e+03   1.1975311e+03   1.9336980e+00   0.0000000e+00   0.0000000e+00   2.5345021e-02
   2.6321366e+02   2.5250000e+02   2.2584957e+03   1.1984873e+03   1.9388713e+00   0.0000000e+00   0.0000000e+00   2.5336975e-02
   2.6679592e+02   2.5250000e+02   2.2568397e+03   1.1994385e+03   1.9440002e+00   0.0000000e+00   0.0000000e+00   2.5329541e-02
   2.7037817e+02   2.5250000e+02   2.2551860e+03   1.2003848e+03   1.9490850e+00   0.0000000e+00   0.0000000e+00   2.5322758e-02
   2.7396042e+02   2.5250000e+02   2.2535345e+03   1.2013263e+03   1.9541262e+00   0.0000000e+00   0.0000000e+00   2.5316666e-02
   2.7754267e+02   2.5250000e+02   2.2518852e+03   1.2022629e+03   1.9591253e+00   0.0000000e+00   0.0000000e+00   2.5311305e-02
   2.8112493e+02   2.5250000e+02   2.2502380e+03   1.2031949e+03   1.9640837e+00   0.0000000e+00   0.0000000e+00   2.5306713e-02
   2.8470718e+02   2.5250000e+02   2.2485930e+03   1.2041222e+03   1.9690031e+00   0.0000000e+00   0.0000000e+00   2.5302931e-02
   2.8828943e+02   2.5250000e+02   2.2469501e+03   1.2050450e+03   1.9738847e+00   0.0000000e+00   0.0000000e+00   2.5299999e-02
   2.9187168e+02   2.5250000e+02   2.2453094e+03   1.2059632e+03   1.9787300e+00   0.0000000e+00   0.0000000e+00   2.5297955e-02
   2.9545394e+02   2.5250000e+02   2.2436709e+03   1.2068771e+03   1.9835400e+00   0.0000000e+00   0.0000000e+00   2.5296839e-02
   2.9903619e+02   2.5250000e+02   2.2420344e+03   1.2077867e+03   1.9883160e+00   0.0000000e+00   0.0000000e+00   2.5296691e-02
   3.0261844e+02   2.5250000e+02   2.2404001e+03   1.2086920e+03   1.9930588e+00   0.0000000e+00   0.0000000e+00   2.5297548e-02
   3.0620069e+02   2.5250000e+02   2.2387679e+03   1.2095930e+03   1.9977701e+00   0.0000000e+00   0.0000000e+00   2.5299424e-02
   3.0978295e+02   2.5250000e+02   2.2371377e+03   1.2104899e+03   2.0024515e+00   0.0000000e+00   0.0000000e+00   2.5302318e-02
   3.1336520e+02   2.5250000e+02   2.2355097e+03   1.2113827e+03   2.0071049e+00   0.0000000e+00   0.0000000e+00   2.5306229e-02
   3.1694745e+02   2.5250000e+02   2.2338838e+03   1.2122714e+03   2.0117324e+00   0.0000000e+00   0.0000000e+00   2.5311157e-02
   3.2052970e+02   2.5250000e+02   2.2322599e+03   1.2131561e+03   2.0163364e+00   0.0000000e+00   0.0000000e+00   2.5317102e-02
   3.2411196e+02   2.5250000e+02   2.2306381e+03   1.2140368e+03   2.0209190e+00   0.0000000e+00   0.0000000e+00   2.5324061e-02
   3.2769421e+02   2.5250000e+02   2.2290183e+03   1.2149136e+03   2.0254824e+00   0.0000000e+00   0.0000000e+00   2.5332035e-02
   3.3127646e+02   2.5256563e+02   2.2273141e+03   1.1540883e+03   3.7237946e+00   1.9964544e+00   1.0630822e+02   0.0000000e+00
   3.3485871e+02   2.5265969e+02   2.2256114e+03   1.1543653e+03   3.7233477e+00   1.9962148e+00   1.0610081e+02   0.0000000e+00
   3.3844097e+02   2.5275374e+02   2.2239101e+03   1.1546417e+03   3.7229021e+00   1.9959759e+00   1.0589395e+02   0.0000000e+00
   3.4202322e+02   2.5284780e+02   2.2222104e+03   1.1549173e+03   3.7224578e+00   1.9957377e+00   1.0568766e+02   0.0000000e+00
   3.4560547e+02   2.5294185e+02   2.2205120e+03   1.1551922e+03   3.7220148e+00   1.9955002e+00   1.0548192e+02   0.0000000e+00
   3.4918772e+02   2.5303591e+02   2.2188152e+03   1.1554664e+03   3.7215732e+00   1.9952635e+00   1.0527673e+02   0.0000000e+00
   3.5276998e+02   2.5312996e+02   2.2172279e+03   1.2344065e+03   4.2525597e+00   2.2229813e+00   1.2398759e+02   0.0000000e+00
   3.5635223e+02   2.5328036e+02   2.2156422e+03   1.2350016e+03   4.2515350e+00   2.2224457e+00   1.2398759e+02   0.0000000e+00
   3.5993448e+02   2.5347943e+02   2.2140580e+03   1.2355909e+03   4.2505211e+00   2.2219157e+00   1.2398759e+02   0.0000000e+00
   3.6351673e+02   2.5367850e+02   2.2124755e+03   1.2361771e+03   4.2495132e+00   2.2213888e+00   1.2398759e+02   0.0000000e+00
   3.6709899e+02   2.5387758e+02   2.2108946e+03   1.2367602e+03   4.2485112e+00   2.2208650e+00   1.2398759e+02   0.0000000e+00
   3.7068124e+02   2.5407665e+02   2.2093153e+03   1.2373404e+03   4.2475151e+00   2.2203443e+00   1.2398759e+02   0.0000000e+00
   3.7426349e+02   2.5427572e+02   2.2077375e+03   1.2379175e+03   4.2465249e+00   2.2198267e+00   1.2398759e+02   0.0000000e+00
   3.7784574e+02   2.5447479e+02   2.2061613e+03   1.2384915e+03   4.2455407e+00   2.2193122e+00   1.2398759e+02   0.0000000e+00
   3.8142800e+02   2.5467497e+02   2.2045867e+03   1.2390623e+03   4.2445626e+00   2.2188009e+00   1.2398759e+02   0.0000000e+00
   3.8501025e+02   2.5487641e+02   2.2030137e+03   1.2396300e+03   4.2435906e+00   2.2182928e+00   1.2398759e+02   0.0000000e+00
   3.8859250e+02   2.5507785e+02   2.2014422e+03   1.2401946e+03   4.2426246e+00   2.2177879e+00   1.2398759e+02   0.0000000e+00
   3.9217475e+02   2.5527929e+02   2.1998722e+03   1.2407560e+03   4.2416647e+00   2.2172861e+00   1.2398759e+02   0.0000000e+00
   3.9575701e+02   2.5548072e+02   2.1983039e+03   1.2413143e+03   4.2407107e+00   2.2167874e+00   1.2398759e+02   0.0000000e+00
   3.9933926e+02   2.5568216e+02   2.1967370e+03   1.2418694e+03   4.2397627e+00   2.2162918e+00   1.2398759e+02   0.0000000e+00
   4.0292151e+02   2.5588360e+02   2.1951717e+03   1.2424214e+03   4.2388208e+00   2.2157995e+00   1.2398759e+02   0.0000000e+00
   4.0650376e+02   2.5608394e+02   2.1936080e+03   1.2429703e+03   4.2378848e+00   2.2153102e+00   1.2398759e+02   0.0000000e+00
   4.1008602e+02   2.5628267e+02   2.1920458e+03   1.2435161e+03   4.2369547e+00   2.2148240e+00   1.2398759e+02   0.0000000e+00
   4.1366827e+02   2.5648139e+02   2.1904851e+03   1.2440587e+03   4.2360306e+00   2.2143409e+00   1.2398759e+02   0.0000000e+00
   4.1725052e+02   2.5668011e+02   2.1889259e+03   1.2445981e+03   4.2351126e+00   2.2138610e+00   1.2398759e+02   0.0000000e+00
   4.2083278e+02   2.5687883e+02   2.1873682e+03   1.2451342e+03   4.2342006e+00   2.2133843e+00   1.2398759e+02   0.0000000e+00
   4.2441503e+02   2.5707755e+02   2.1858121e+03   1.2456672e+03   4.2332947e+00   2.2129108e+00   1.2398759e+02   0.0000000e+00
   4.2799728e+02   2.5727627e+02   2.1842575e+03   1.2461970e+03   4.2323949e+00   2.2124404e+00   1.2398759e+02   0.0000000e+00
   4.3157953e+02   2.5747317e+02   2.1827043e+03   1.2467236e+03   4.2315009e+00   2.2119730e+00   1.2398759e+02   0.0000000e+00
   4.3516179e+02   2.5766643e+02   2.1811527e+03   1.2472472e+03   4.2306126e+00   2.2115087e+00   1.2398759e+02   0.0000000e+00
   4.3874404e+02   2.5785969e+02   2.1796026e+03   1.2477675e+03   4.2297303e+00   2.2110475e+00   1.2398759e+02   0.0000000e+00
   4.4232629e+02   2.5805295e+02   2.1780539e+03   1.2482847e+03   4.2288541e+00   2.2105895e+00   1.2398759e+02   0.0000000e+00
   4.4590854e+02   2.5824621e+02   2.1765067e+03   1.2487985e+03   4.2279840e+00   2.2101346e+00   1.2398759e+02   0.0000000e+00
   4.4949080e+02   2.5843947e+02   2.1749611e+03   1.2493091e+03   4.2271199e+00   2.2096829e+00   1.2398759e+02   0.0000000e+00
   4.5307305e+02   2.5863273e+02   2.1734168e+03   1.2498165e+03   4.2262619e+00   2.2092344e+00   1.2398759e+02   0.0000000e+00
   4.5665530e+02   2.5882416e+02   2.1718741e+03   1.2503206e+03   4.2254097e+00   2.2087889e+00   1.2398759e+02   0.0000000e+00
   4.6023755e+02   2.5901055e+02   2.1703328e+03   1.2508219e+03   4.2245630e+00   2.2083463e+00   1.2398759e+02   0.0000000e+00
   4.6381981e+02   2.5919695e+02   2.1687930e+03   1.2513198e+03   4.2237223e+00   2.2079069e+00   1.2398759e+02   0.0000000e+00
   4.6740206e+02   2.5938334e+02   2.1672546e+03   1.2518145e+03   4.2228877e+00   2.2074706e+00   1.2398759e+02   0.0000000e+00
   4.7098431e+02   2.5956974e+02   2.1657177e+03   1.2523059e+03   4.2220591e+00   2.2070374e+00   1.2398759e+02   0.0000000e+00
   4.7456656e+02   2.5975614e+02   2.1641823e+03   1.2527941e+03   4.2212364e+00   2.2066074e+00   1.2398759e+02   0.0000000e+00
   4.7814882e+02   2.5994253e+02   2.1626482e+03   1.2532789e+03   4.2204198e+00   2.2061805e+00   1.2398759e+02   0.0000000e+00
   4.8173107e+02   2.6012742e+02   2.1611156e+03   1.2537606e+03   4.2196090e+00   2.2057567e+00   1.2398759e+02   0.0000000e+00
   4.8531332e+02   2.6030628e+02   2.1595845e+03   1.2542394e+03   4.2188036e+00   2.2053357e+00   1.2398759e+02   0.0000000e+00
   4.8889557e+02   2.6048514e+02   2.1580548e+03   1.2547149e+03   4.2180041e+00   2.2049178e+00   1.2398759e+02   0.0000000e+00
   4.9247783e+02   2.6066400e+02   2.1565265e+03   1.2551871e+03   4.2172106e+00   2.2045030e+00   1.2398759e+02   0.0000000e+00
   4.9606008e+02   2.6084286e+02   2.1549996e+03   3.5211465e+03   4.5656041e+00   2.6020775e+00   2.0798215e+14   0.0000000e+00
   6.3935071e+02   2.7290410e+02   2.1332319e+03   3.5211465e+03   4.5707491e+00   2.6026705e+00   7.0460201e+13   0.0000000e+00
   7.8060380e+02   2.8484290e+02   2.1114642e+03   3.5242736e+03   8.0076393e+00   4.5556823e+00   2.6258650e+13   0.0000000e+00
   9.1993067e+02   2.9665925e+02   2.0896966e+03   3.5273443e+03   8.0162429e+00   4.5566251e+00   1.0633589e+13   0.0000000e+00
   1.0573082e+03   3.0835314e+02   2.0679289e+03   3.5303518e+03   8.0245716e+00   4.5574728e+00   4.6301703e+12   0.0000000e+00
   1.1927126e+03   3.1992459e+02   2.0461612e+03   3.5332876e+03   8.0325991e+00   4.5582102e+00   2.1488085e+12   0.0000000e+00
   1.3261191e+03   3.3137359e+02   2.0243935e+03   3.5361459e+03   8.0403953e+00   4.5588785e+00   1.0550038e+12   0.0000000e+00
   1.4575023e+03   3.4270014e+02   2.0026259e+03   3.5389390e+03   8.0479450e+00   4.5594682e+00   5.4453197e+11   0.0000000e+00
   1.5868367e+03   3.5390424e+02   1.9808582e+03   3.5416650e+03   8.0552327e+00   4.5599706e+00   2.9387413e+11   0.0000000e+00
   1.7140961e+03   3.6498590e+02   1.9590905e+03   3.5443207e+03   8.0623155e+00   4.5604187e+00   1.6506364e+11   0.0000000e+00
   1.8392534e+03   3.7594510e+02   1.9373229e+03   3.5469168e+03   8.0691610e+00   4.5607931e+00   9.6105769e+10   0.0000000e+00
   1.9622814e+03   3.8678185e+02   1.9155552e+03   3.5494459e+03   8.1685018e+00   4.6364243e+00   5.7801567e+10   0.0000000e+00
   2.0831518e+03   3.9749616e+02   1.8937875e+03   3.5837343e+03   8.2360659e+00   4.6861124e+00   3.5801194e+10   0.0000000e+00
   2.2028989e+03   4.0808801e+02   1.8720198e+03   3.6070264e+03   8.2470664e+00   4.6899701e+00   2.2814440e+10   0.0000000e+00
   2.3210474e+03   4.1855742e+02   1.8502522e+03   3.6109617e+03   8.2531264e+00   4.6899094e+00   1.4909738e+10   0.0000000e+00
   2.4368879e+03   4.2890437e+02   1.8284845e+03   3.6132128e+03   8.2589772e+00   4.6897994e+00   9.9606744e+09   0.0000000e+00
   2.5503308e+03   4.3912888e+02   1.8067168e+03   3.6154013e+03   8.3623557e+00   4.7460293e+00   6.7894731e+09   0.0000000e+00
   2.6613408e+03   4.4923094e+02   1.7849491e+03   3.6255193e+03   8.4382026e+00   4.7863556e+00   4.7141886e+09   0.0000000e+00
   2.7701213e+03   4.5921055e+02   1.7631815e+03   3.6333413e+03   8.4432035e+00   4.7858992e+00   3.3305262e+09   0.0000000e+00
   2.8765460e+03   4.6906771e+02   1.7414138e+03   3.6352904e+03   8.4480366e+00   4.7854168e+00   2.3906926e+09   0.0000000e+00
   2.9803925e+03   4.7880242e+02   1.7196461e+03   3.6371862e+03   8.4526465e+00   4.7848840e+00   1.7410891e+09   0.0000000e+00
   3.0816198e+03   4.8841468e+02   1.6978785e+03   3.6390148e+03   8.4570552e+00   4.7843130e+00   1.2851301e+09   0.0000000e+00
   3.1801848e+03   4.9790449e+02   1.6761108e+03   3.6407817e+03   8.4612581e+00   4.7837016e+00   9.6047771e+08   0.0000000e+00
   3.2760428e+03   5.0727185e+02   1.6543431e+03   3.6424846e+03   8.4652426e+00   4.7830459e+00   7.2621461e+08   0.0000000e+00
   3.3691471e+03   5.1651677e+02   1.6325754e+03   3.6441222e+03   8.4690290e+00   4.7823546e+00   5.5505622e+08   0.0000000e+00
   3.4594490e+03   5.2563923e+02   1.6108078e+03   3.6456972e+03   8.4725923e+00   4.7816175e+00   4.2853834e+08   0.0000000e+00
   3.5468978e+03   5.3463925e+02   1.5890401e+03   3.6472038e+03   8.4759545e+00   4.7808462e+00   3.3399182e+08   0.0000000e+00
   3.6314400e+03   5.4351682e+02   1.5672724e+03   3.6486473e+03   8.4790843e+00   4.7800268e+00   2.6261007e+08   0.0000000e+00
   3.7130201e+03   5.5227193e+02   1.5455047e+03   3.6500204e+03   8.4820157e+00   4.7791757e+00   2.0819634e+08   0.0000000e+00
   3.7915796e+03   5.6090460e+02   1.5237371e+03   3.6513294e+03   8.4847069e+00   4.7782746e+00   1.6633977e+08   0.0000000e+00
   3.8670572e+03   5.6941482e+02   1.5019694e+03   3.6525657e+03   8.4871873e+00   4.7773386e+00   1.3386653e+08   0.0000000e+00
   3.9393884e+03   5.7780259e+02   1.4802017e+03   3.6537349e+03   8.4894260e+00   4.7763536e+00   1.0846934e+08   0.0000000e+00
   4.0085055e+03   5.8606791e+02   1.4584341e+03   3.6548310e+03   8.4914455e+00   4.7753321e+00   8.8454592e+07   0.0000000e+00
   4.0743371e+03   5.9421078e+02   1.4366664e+03   3.6558566e+03   8.4932191e+00   4.7742620e+00   7.2567635e+07   0.0000000e+00
   4.1368079e+03   6.0223120e+02   1.4148987e+03   3.6568068e+03   8.4947555e+00   4.7731495e+00   5.9870918e+07   0.0000000e+00
   4.1958384e+03   6.1012917e+02   1.3931310e+03   3.6576831e+03   8.4960410e+00   4.7719894e+00   4.9658029e+07   0.0000000e+00
   4.2513447e+03   6.1790470e+02   1.3713634e+03   3.6584814e+03   8.4970719e+00   4.7707806e+00   4.1392529e+07   0.0000000e+00
   4.3032377e+03   6.2555777e+02   1.3495957e+03   3.6592007e+03   8.4978469e+00   4.7695255e+00   3.4664003e+07   0.0000000e+00
   4.3514234e+03   6.3308840e+02   1.3278280e+03   3.6598401e+03   8.4983460e+00   4.7682144e+00   2.9156223e+07   0.0000000e+00
   4.3958017e+03   6.4049657e+02   1.3060603e+03   3.6603949e+03   8.4985868e+00   4.7668585e+00   2.4623873e+07   0.0000000e+00
   4.4362665e+03   6.4778230e+02   1.2842927e+03   3.6608682e+03   8.4985294e+00   4.7654395e+00   2.0875423e+07   0.0000000e+00
   4.4727049e+03   6.5494558e+02   1.2625250e+03   3.6612511e+03   8.4981845e+00   4.7639683e+00   1.7760411e+07   0.0000000e+00
   4.5049967e+03   6.6198641e+02   1.2407573e+03   3.6615444e+03   8.4975393e+00   4.7624369e+00   1.5159938e+07   0.0000000e+00
   4.5330135e+03   6.6890479e+02   1.2189897e+03   3.6617452e+03   8.4965757e+00   4.7608407e+00   1.2979523e+07   0.0000000e+00
   4.5566185e+03   6.7570072e+02   1.1972220e+03   3.6618490e+03   8.4953023e+00   4.7591865e+00   1.1143678e+07   0.0000000e+00
   4.5756651e+03   6.8237420e+02   1.1754543e+03   3.6618562e+03   8.4936735e+00   4.7574555e+00   9.5917851e+06   0.0000000e+00
   4.5899965e+03   6.8892523e+02   1.1536866e+03   3.6617568e+03   8.4917044e+00   4.7556572e+00   8.2749219e+06   0.0000000e+00
   4.5994445e+03   6.9535381e+02   1.1319190e+03   3.6615526e+03   8.4893717e+00   4.7537838e+00   7.1534215e+06   0.0000000e+00
   4.6038284e+03   7.0165994e+02   1.1101513e+03   3.6612378e+03   8.4866512e+00   4.7518276e+00   6.1949755e+06   0.0000000e+00
   4.6029539e+03   7.0784363e+02   1.0883836e+03   3.6608059e+03   8.4835396e+00   4.7497914e+00   5.3731549e+06   0.0000000e+00
   4.5966113e+03   7.1390486e+02   1.0666160e+03   3.6602548e+03   8.4800040e+00   4.7476632e+00   4.6662508e+06   0.0000000e+00
   4.5845748e+03   7.1984365e+02   1.0448483e+03   3.6595764e+03   8.4760272e+00   4.7454391e+00   4.0563605e+06   0.0000000e+00
   4.5666000e+03   7.2565999e+02   1.0230806e+03   3.6587655e+03   8.4715987e+00   4.7431187e+00   3.5286648e+06   0.0000000e+00
   4.5424222e+03   7.3135387e+02   1.0013129e+03   3.6578182e+03   8.4666758e+00   4.7406882e+00   3.0708527e+06   0.0000000e+00
   4.5117543e+03   7.3692531e+02   9.7954526e+02   3.6567236e+03   8.4612381e+00   4.7381430e+00   2.6726614e+06   0.0000000e+00
   4.4742842e+03   7.4237430e+02   9.5777759e+02   3.6554755e+03   8.4552607e+00   4.7354779e+00   2.3255083e+06   0.0000000e+00
   4.4296722e+03   7.4770084e+02   9.3600992e+02   3.6540664e+03   8.4487029e+00   4.7326807e+00   2.0221935e+06   0.0000000e+00
   4.3775474e+03   7.5290493e+02   9.1424224e+02   3.6524858e+03   8.4415275e+00   4.7297419e+00   1.7566599e+06   0.0000000e+00
   4.3175043e+03   7.5798657e+02   8.9247457e+02   3.6507238e+03   8.4336990e+00   4.7266530e+00   1.5237978e+06   0.0000000e+00
   4.2490986e+03   7.6294576e+02   8.7070690e+02   3.6487683e+03   8.4251710e+00   4.7234025e+00   1.3192860e+06   0.0000000e+00
   4.1718421e+03   7.6778251e+02   8.4893923e+02   3.6466078e+03   8.4158795e+00   4.7199703e+00   1.1394615e+06   0.0000000e+00
   4.0851977e+03   7.7249680e+02   8.2717155e+02   3.6442252e+03   8.4057879e+00   4.7163502e+00   9.8121248e+05   0.0000000e+00
   3.9885722e+03   7.7708865e+02   8.0540388e+02   3.6416092e+03   8.3948249e+00   4.7125237e+00   8.4188977e+05   0.0000000e+00
   3.8813096e+03   7.8155804e+02   7.8363621e+02   3.6387395e+03   8.3829212e+00   4.7084714e+00   7.1923362e+05   0.0000000e+00
   3.7626819e+03   7.8590499e+02   7.6186854e+02   3.6355980e+03   8.3699863e+00   4.7041689e+00   6.1131254e+05   0.0000000e+00
   3.6318790e+03   7.9012948e+02   7.4010086e+02   3.6321594e+03   8.2636519e+00   4.6473971e+00   5.1647185e+05   0.0000000e+00
   3.4879972e+03   7.9423153e+02   7.1833319e+02   3.6205729e+03   8.1768491e+00   4.6020081e+00   4.3329025e+05   0.0000000e+00
   3.3303652e+03   7.9821113e+02   6.9656552e+02   3.6103367e+03   7.9965036e+00   4.4693606e+00   3.6063380e+05   0.0000000e+00
   3.1578436e+03   8.0206828e+02   6.7479785e+02   3.5526222e+03   7.9777600e+00   4.4632118e+00   2.9739588e+05   0.0000000e+00
   2.9716882e+03   8.0580298e+02   6.5303017e+02   3.5475086e+03   7.9576051e+00   4.4566780e+00   2.4308804e+05   0.0000000e+00
   2.7680255e+03   8.0941523e+02   6.3126250e+02   3.5419930e+03   7.9356195e+00   4.4496385e+00   1.9625084e+05   0.0000000e+00
   2.5452470e+03   8.1290503e+02   6.0949483e+02   3.5359588e+03   7.9115864e+00   4.4420327e+00   1.5617294e+05   0.0000000e+00
   2.3015225e+03   8.1627239e+02   5.8772716e+02   3.5293470e+03   7.8852511e+00   4.4337884e+00   1.2221499e+05   0.0000000e+00
   2.0347557e+03   8.1951729e+02   5.6595948e+02   3.5220897e+03   7.8563156e+00   4.4248224e+00   9.3791300e+04   0.0000000e+00
   1.7425338e+03   8.2263974e+02   5.4419181e+02   3.5141077e+03   7.8244252e+00   4.4150392e+00   7.0354181e+04   0.0000000e+00
   1.4220657e+03   8.2563975e+02   5.2242414e+02   3.5053062e+03   7.7891621e+00   4.4043234e+00   5.1380418e+04   0.0000000e+00
   1.0701054e+03   8.2851731e+02   5.0065647e+02   3.4955750e+03   7.5034627e+00   4.2400066e+00   3.6360438e+04   0.0000000e+00
   6.8285506e+02   8.3127241e+02   4.7888879e+02   3.3955593e+03   7.4597612e+00   4.2257831e+00   2.4790778e+04   0.0000000e+00
   2.6677657e+02   8.3390507e+02   4.5712112e+02   3.3825298e+03   7.3653995e+00   4.1754545e+00   1.6337273e+04   0.0000000e+00
  -1.9290405e+02   8.3641528e+02   4.3535345e+02   3.3477912e+03   7.3113486e+00   4.1460349e+00   1.0232933e+04   0.0000000e+00
  -6.9922523e+02   8.3880304e+02   4.1358578e+02   3.2896655e+03   7.3153668e+00   4.1601620e+00   6.0480951e+03   0.0000000e+00
  -1.2551155e+03   8.4106835e+02   3.9181810e+02   3.2842691e+03   7.3205994e+00   4.1764702e+00   3.3463461e+03   0.0000000e+00
  -1.8780068e+03   8.4321121e+02   3.7005043e+02   3.2787197e+03   7.3272770e+00   4.1955290e+00   1.6910459e+03   0.0000000e+00
  -2.5796900e+03   8.4523162e+02   3.4828276e+02   3.2728675e+03   7.3355937e+00   4.2177632e+00   7.6345272e+02   0.0000000e+00
  -3.3749464e+03   8.4712958e+02   3.2651509e+02   3.2666310e+03   7.3457915e+00   4.2437038e+00   2.9908208e+02   0.0000000e+00
  -4.2825847e+03   8.4890510e+02   3.0474741e+02   3.2599074e+03   7.3581766e+00   4.2740252e+00   9.7760575e+01   0.0000000e+00
  -5.3269125e+03   8.5055816e+02   2.8297974e+02   3.2525649e+03   7.3703962e+00   4.3082242e+00   2.5268661e+01   0.0000000e+00
  -6.5399029e+03   8.5208878e+02   2.6121207e+02   3.2430596e+03   7.3786104e+00   4.3452661e+00   4.7903926e+00   0.0000000e+00
  -7.9638718e+03   8.5349694e+02   2.3944440e+02   3.2289880e+03   7.3874095e+00   4.3886144e+00   5.9836005e-01   0.0000000e+00
  -9.6557100e+03   8.5478266e+02   2.1767672e+02   3.2120031e+03   7.3971269e+00   4.4400080e+00   4.2112112e-02   0.0000000e+00
  -1.1696613e+04   8.5594592e+02   1.9590905e+02   3.1914100e+03   7.4082508e+00   4.5019322e+00   1.3131514e-03   0.0000000e+00
  -1.4204634e+04   8.5698674e+02   1.7414138e+02   3.1662229e+03   7.4214958e+00   4.5780016e+00   1.2381479e-05   0.0000000e+00
  -1.7358335e+04   8.5790511e+02   1.5237371e+02   3.1350108e+03   7.4379469e+00   4.6736846e+00   1.8651007e-08   0.0000000e+00
  -2.1441383e+04   8.5870103e+02   1.3060603e+02   3.0956115e+03   7.4593329e+00   4.7976696e+00   1.4454592e-12   0.0000000e+00
  -2.6933556e+04   8.5937450e+02   1.0883836e+02   3.0445923e+03   7.4885820e+00   4.9646530e+00   6.5332356e-19   0.0000000e+00
  -3.4716483e+04   8.5992552e+02   8.7070690e+01   2.9761495e+03   7.5310791e+00   5.2016412e+00   1.6557595e-29   0.0000000e+00
  -4.6608506e+04   8.6035410e+02   6.5303017e+01   2.8796206e+03   7.5979325e+00   5.5643355e+00   2.4592595e-49   0.0000000e+00
  -6.7068844e+04   8.6066022e+02   4.3535345e+01   2.7330149e+03   7.7163810e+00   6.1893340e+00   9.5489070e-94   0.0000000e+00
  -1.1076581e+05   8.6084389e+02   2.1767672e+01   2.4824030e+03   7.9760009e+00   7.5259611e+00  3.2870171e-232   0.0000000e+00
  -2.6953226e+05             NaN   0.0000000e+00   1.9503745e+03             NaN             NaN             NaN             NaN
  -2.6953226e+05             NaN   0.0000000e+00   8.0000000e+03             NaN             NaN   1.0000000e+04   0.0000000e+00
             NaN             NaN   0.0000000e+00             NaN             NaN             NaN   1.0000000e+04   0.0000000e+00
             NaN             NaN   0.0000000e+00             NaN             NaN             NaN   1.0000000e+04   0.0000000e+00
             NaN             NaN   0.0000000e+00             NaN             NaN             NaN   1.0000000e+04   0.0000000e+00
             NaN             NaN   0.0000000e+00             NaN             NaN             NaN   1.0000000e+04   0.0000000e+00
             NaN             NaN   0.0000000e+00             NaN             NaN             NaN   1.0000000e+04   0.0000000e+00
             NaN             NaN   0.0000000e+00             NaN             NaN             NaN   1.0000000e+04   0.0000000e+00
             NaN             NaN   0.0000000e+00             NaN             NaN             NaN   1.0000000e+04   0.0000000e+00
             NaN             NaN   0.0000000e+00             NaN             NaN             NaN   1.0000000e+04   0.0000000e+00
             NaN             NaN   0.0000000e+00             NaN             NaN             NaN   1.0000000e+04   0.0000000e+00
