P (MPa)		T (K)		r (km)		rho (kg m-3)	VP (km s-1)	VS (km s-1)	QS/gamma	KS (GPa)	GS (GPa)	g (m/s2)	phase	k (S m-1)	
0.00000e+00	1.10000e+02	2.41030e+03	9.32878e+02	3.87940e+00	1.96225e+00	4.56125e+01	9.24000e+00	3.58800e+00	1.70215e+00	1.00000e+00	0.00000e+00
2.14532e+00	1.15595e+02	2.40895e+03	9.32878e+02	3.88121e+00	1.96350e+00	4.56125e+01	9.24707e+00	3.59260e+00	1.70300e+00	1.00000e+00	0.00000e+00
4.29065e+00	1.21475e+02	2.40760e+03	9.33036e+02	3.88307e+00	1.96478e+00	4.56125e+01	9.25411e+00	3.59720e+00	1.70386e+00	1.00000e+00	0.00000e+00
6.43597e+00	1.27653e+02	2.40625e+03	9.33193e+02	3.88500e+00	1.96609e+00	4.56125e+01	9.26113e+00	3.60178e+00	1.70471e+00	1.00000e+00	0.00000e+00
8.58130e+00	1.34146e+02	2.40490e+03	9.33349e+02	3.88700e+00	1.96744e+00	4.56125e+01	9.26813e+00	3.60636e+00	1.70557e+00	1.00000e+00	0.00000e+00
1.07266e+01	1.40969e+02	2.40355e+03	9.33503e+02	3.88910e+00	1.96883e+00	4.56125e+01	9.27510e+00	3.61093e+00	1.70643e+00	1.00000e+00	0.00000e+00
1.28719e+01	1.48139e+02	2.40221e+03	9.33657e+02	3.89129e+00	1.97027e+00	4.56125e+01	9.28205e+00	3.61548e+00	1.70728e+00	1.00000e+00	0.00000e+00
1.50173e+01	1.55674e+02	2.40086e+03	9.33810e+02	3.89361e+00	1.97177e+00	4.56125e+01	9.28897e+00	3.62003e+00	1.70814e+00	1.00000e+00	0.00000e+00
1.71626e+01	1.63592e+02	2.39952e+03	9.33961e+02	3.89606e+00	1.97335e+00	4.56125e+01	9.29587e+00	3.62457e+00	1.70901e+00	1.00000e+00	0.00000e+00
1.93079e+01	1.71913e+02	2.39817e+03	9.34112e+02	3.89867e+00	1.97500e+00	4.56125e+01	9.30275e+00	3.62910e+00	1.70987e+00	1.00000e+00	0.00000e+00
2.14532e+01	1.80657e+02	2.39683e+03	9.34261e+02	3.90146e+00	1.97675e+00	4.56125e+01	9.30960e+00	3.63362e+00	1.71073e+00	1.00000e+00	0.00000e+00
2.35986e+01	1.89846e+02	2.39549e+03	9.34409e+02	3.90445e+00	1.97859e+00	4.56125e+01	9.31643e+00	3.63813e+00	1.71160e+00	1.00000e+00	0.00000e+00
2.57439e+01	1.99502e+02	2.39414e+03	9.34555e+02	3.90768e+00	1.98056e+00	4.56125e+01	9.32323e+00	3.64264e+00	1.71246e+00	1.00000e+00	0.00000e+00
2.78892e+01	2.09650e+02	2.39280e+03	9.34701e+02	3.91116e+00	1.98265e+00	4.56125e+01	9.33001e+00	3.64713e+00	1.71333e+00	1.00000e+00	0.00000e+00
3.00345e+01	2.20313e+02	2.39146e+03	9.34845e+02	3.91491e+00	1.98488e+00	4.56125e+01	9.33677e+00	3.65161e+00	1.71420e+00	1.00000e+00	0.00000e+00
3.21799e+01	2.31519e+02	2.39013e+03	9.34988e+02	3.91895e+00	1.98726e+00	4.56125e+01	9.34350e+00	3.65609e+00	1.71507e+00	1.00000e+00	0.00000e+00
3.43252e+01	2.43295e+02	2.38879e+03	9.35130e+02	3.92328e+00	1.98978e+00	4.56125e+01	9.35021e+00	3.66055e+00	1.71594e+00	1.00000e+00	0.00000e+00
3.64705e+01	2.43314e+02	2.38745e+03	9.35271e+02	3.92453e+00	1.99075e+00	4.56125e+01	9.35689e+00	3.66501e+00	1.71682e+00	1.00000e+00	0.00000e+00
3.86158e+01	2.43333e+02	2.38611e+03	9.35410e+02	3.92578e+00	1.99171e+00	4.56125e+01	9.36356e+00	3.66946e+00	1.71769e+00	1.00000e+00	0.00000e+00
4.07612e+01	2.43352e+02	2.38478e+03	9.35548e+02	3.92702e+00	1.99266e+00	4.56125e+01	9.37019e+00	3.67389e+00	1.71857e+00	1.00000e+00	0.00000e+00
4.29065e+01	2.43371e+02	2.38345e+03	9.35684e+02	3.92826e+00	1.99362e+00	4.56125e+01	9.37680e+00	3.67832e+00	1.71945e+00	1.00000e+00	0.00000e+00
4.50518e+01	2.43390e+02	2.38211e+03	9.35819e+02	3.92949e+00	1.99457e+00	4.56125e+01	9.38339e+00	3.68274e+00	1.72032e+00	1.00000e+00	0.00000e+00
4.71971e+01	2.43410e+02	2.38078e+03	9.35953e+02	3.93072e+00	1.99552e+00	4.56125e+01	9.38996e+00	3.68715e+00	1.72120e+00	1.00000e+00	0.00000e+00
4.93425e+01	2.43429e+02	2.37945e+03	9.36086e+02	3.93194e+00	1.99647e+00	4.56125e+01	9.39650e+00	3.69155e+00	1.72208e+00	1.00000e+00	0.00000e+00
5.14878e+01	2.43449e+02	2.37812e+03	9.36217e+02	3.93316e+00	1.99741e+00	4.56125e+01	9.40302e+00	3.69594e+00	1.72297e+00	1.00000e+00	0.00000e+00
5.36331e+01	2.43468e+02	2.37679e+03	9.36347e+02	3.93438e+00	1.99835e+00	4.56125e+01	9.40951e+00	3.70033e+00	1.72385e+00	1.00000e+00	0.00000e+00
5.57784e+01	2.43488e+02	2.37546e+03	9.36475e+02	3.93559e+00	1.99929e+00	4.56125e+01	9.41598e+00	3.70470e+00	1.72474e+00	1.00000e+00	0.00000e+00
5.79238e+01	2.43508e+02	2.37413e+03	9.36602e+02	3.93679e+00	2.00023e+00	4.56125e+01	9.42243e+00	3.70907e+00	1.72562e+00	1.00000e+00	0.00000e+00
6.00691e+01	2.43528e+02	2.37280e+03	9.36727e+02	3.93800e+00	2.00116e+00	4.56125e+01	9.42885e+00	3.71342e+00	1.72651e+00	1.00000e+00	0.00000e+00
6.22144e+01	2.43548e+02	2.37148e+03	9.36851e+02	3.93919e+00	2.00209e+00	4.56125e+01	9.43524e+00	3.71777e+00	1.72740e+00	1.00000e+00	0.00000e+00
6.43597e+01	2.43568e+02	2.37015e+03	9.36974e+02	3.94039e+00	2.00302e+00	4.56125e+01	9.44162e+00	3.72210e+00	1.72829e+00	1.00000e+00	0.00000e+00
6.65051e+01	2.43589e+02	2.36883e+03	9.37095e+02	3.94157e+00	2.00394e+00	4.56125e+01	9.44797e+00	3.72643e+00	1.72918e+00	1.00000e+00	0.00000e+00
6.86504e+01	2.43609e+02	2.36750e+03	9.37214e+02	3.94276e+00	2.00487e+00	4.56125e+01	9.45429e+00	3.73075e+00	1.73008e+00	1.00000e+00	0.00000e+00
7.07957e+01	2.43630e+02	2.36618e+03	9.37332e+02	3.94394e+00	2.00579e+00	4.56125e+01	9.46059e+00	3.73506e+00	1.73097e+00	1.00000e+00	0.00000e+00
7.29410e+01	2.43650e+02	2.36486e+03	9.37448e+02	3.94512e+00	2.00671e+00	4.56125e+01	9.46687e+00	3.73936e+00	1.73187e+00	1.00000e+00	0.00000e+00
7.50864e+01	2.43671e+02	2.36353e+03	9.37563e+02	3.94629e+00	2.00762e+00	4.56125e+01	9.47313e+00	3.74365e+00	1.73277e+00	1.00000e+00	0.00000e+00
7.72317e+01	2.43692e+02	2.36221e+03	9.37676e+02	3.94746e+00	2.00854e+00	4.56125e+01	9.47936e+00	3.74793e+00	1.73366e+00	1.00000e+00	0.00000e+00
7.93770e+01	2.43713e+02	2.36089e+03	9.37788e+02	3.94863e+00	2.00945e+00	4.56125e+01	9.48556e+00	3.75220e+00	1.73456e+00	1.00000e+00	0.00000e+00
8.15223e+01	2.43734e+02	2.35958e+03	9.37898e+02	3.94979e+00	2.01036e+00	4.56125e+01	9.49174e+00	3.75646e+00	1.73547e+00	1.00000e+00	0.00000e+00
8.36677e+01	2.43755e+02	2.35826e+03	9.38006e+02	3.95095e+00	2.01127e+00	4.56125e+01	9.49790e+00	3.76072e+00	1.73637e+00	1.00000e+00	0.00000e+00
8.58130e+01	2.43777e+02	2.35694e+03	9.38113e+02	3.95210e+00	2.01217e+00	4.56125e+01	9.50404e+00	3.76496e+00	1.73727e+00	1.00000e+00	0.00000e+00
8.79583e+01	2.43798e+02	2.35562e+03	9.38218e+02	3.95325e+00	2.01308e+00	4.56125e+01	9.51015e+00	3.76920e+00	1.73818e+00	1.00000e+00	0.00000e+00
9.01036e+01	2.43820e+02	2.35431e+03	9.38322e+02	3.95440e+00	2.01398e+00	4.56125e+01	9.51623e+00	3.77342e+00	1.73909e+00	1.00000e+00	0.00000e+00
9.22490e+01	2.43842e+02	2.35299e+03	9.38423e+02	3.95555e+00	2.01488e+00	4.56125e+01	9.52230e+00	3.77764e+00	1.74000e+00	1.00000e+00	0.00000e+00
9.43943e+01	2.43863e+02	2.35168e+03	9.38524e+02	3.95669e+00	2.01578e+00	4.56125e+01	9.52833e+00	3.78185e+00	1.74091e+00	1.00000e+00	0.00000e+00
9.65396e+01	2.43885e+02	2.35037e+03	9.38622e+02	3.95783e+00	2.01667e+00	4.56125e+01	9.53435e+00	3.78605e+00	1.74182e+00	1.00000e+00	0.00000e+00
9.86849e+01	2.43907e+02	2.34905e+03	9.38719e+02	3.95896e+00	2.01757e+00	4.56125e+01	9.54034e+00	3.79024e+00	1.74273e+00	1.00000e+00	0.00000e+00
1.00830e+02	2.43930e+02	2.34774e+03	9.38813e+02	3.96010e+00	2.01846e+00	4.56125e+01	9.54631e+00	3.79442e+00	1.74365e+00	1.00000e+00	0.00000e+00
1.02976e+02	2.43952e+02	2.34643e+03	9.38907e+02	3.96123e+00	2.01935e+00	4.56125e+01	9.55225e+00	3.79859e+00	1.74456e+00	1.00000e+00	0.00000e+00
1.05121e+02	2.43974e+02	2.34512e+03	9.38998e+02	3.96235e+00	2.02024e+00	4.56125e+01	9.55817e+00	3.80275e+00	1.74548e+00	1.00000e+00	0.00000e+00
1.07266e+02	2.43997e+02	2.34381e+03	9.39088e+02	3.96348e+00	2.02112e+00	4.56125e+01	9.56406e+00	3.80690e+00	1.74640e+00	1.00000e+00	0.00000e+00
1.09412e+02	2.44019e+02	2.34251e+03	9.39175e+02	3.96460e+00	2.02201e+00	4.56125e+01	9.56993e+00	3.81105e+00	1.74732e+00	1.00000e+00	0.00000e+00
1.11557e+02	2.44042e+02	2.34120e+03	9.39261e+02	3.96571e+00	2.02289e+00	4.56125e+01	9.57578e+00	3.81518e+00	1.74824e+00	1.00000e+00	0.00000e+00
1.13702e+02	2.44065e+02	2.33989e+03	9.39346e+02	3.96683e+00	2.02377e+00	4.56125e+01	9.58160e+00	3.81930e+00	1.74916e+00	1.00000e+00	0.00000e+00
1.15848e+02	2.44088e+02	2.33859e+03	9.39428e+02	3.96794e+00	2.02465e+00	4.56125e+01	9.58740e+00	3.82342e+00	1.75009e+00	1.00000e+00	0.00000e+00
1.17993e+02	2.44111e+02	2.33728e+03	9.39508e+02	3.96905e+00	2.02553e+00	4.56125e+01	9.59318e+00	3.82753e+00	1.75101e+00	1.00000e+00	0.00000e+00
1.20138e+02	2.44135e+02	2.33598e+03	9.39587e+02	3.97015e+00	2.02640e+00	4.56125e+01	9.59893e+00	3.83162e+00	1.75194e+00	1.00000e+00	0.00000e+00
1.22284e+02	2.44158e+02	2.33467e+03	9.39664e+02	3.97126e+00	2.02728e+00	4.56125e+01	9.60466e+00	3.83571e+00	1.75287e+00	1.00000e+00	0.00000e+00
1.24429e+02	2.44181e+02	2.33337e+03	9.39739e+02	3.97236e+00	2.02815e+00	4.56125e+01	9.61036e+00	3.83979e+00	1.75380e+00	1.00000e+00	0.00000e+00
1.26574e+02	2.44205e+02	2.33207e+03	9.39812e+02	3.97346e+00	2.02902e+00	4.56125e+01	9.61604e+00	3.84386e+00	1.75473e+00	1.00000e+00	0.00000e+00
1.28719e+02	2.44229e+02	2.33077e+03	9.39883e+02	3.97455e+00	2.02989e+00	4.56125e+01	9.62170e+00	3.84792e+00	1.75567e+00	1.00000e+00	0.00000e+00
1.30865e+02	2.44253e+02	2.32947e+03	9.39952e+02	3.97565e+00	2.03076e+00	4.56125e+01	9.62733e+00	3.85197e+00	1.75660e+00	1.00000e+00	0.00000e+00
1.33010e+02	2.44277e+02	2.32817e+03	9.40019e+02	3.97674e+00	2.03162e+00	4.56125e+01	9.63294e+00	3.85601e+00	1.75754e+00	1.00000e+00	0.00000e+00
1.35155e+02	2.44301e+02	2.32687e+03	9.40084e+02	3.97782e+00	2.03249e+00	4.56125e+01	9.63852e+00	3.86005e+00	1.75847e+00	1.00000e+00	0.00000e+00
1.37301e+02	2.44325e+02	2.32557e+03	9.40148e+02	3.97891e+00	2.03335e+00	4.56125e+01	9.64408e+00	3.86407e+00	1.75941e+00	1.00000e+00	0.00000e+00
1.39446e+02	2.44349e+02	2.32428e+03	9.40209e+02	3.97999e+00	2.03421e+00	4.56125e+01	9.64961e+00	3.86809e+00	1.76036e+00	1.00000e+00	0.00000e+00
1.41591e+02	2.44374e+02	2.32298e+03	9.40268e+02	3.98107e+00	2.03507e+00	4.56125e+01	9.65513e+00	3.87209e+00	1.76130e+00	1.00000e+00	0.00000e+00
1.43737e+02	2.44399e+02	2.32168e+03	9.40326e+02	3.98215e+00	2.03593e+00	4.56125e+01	9.66061e+00	3.87609e+00	1.76224e+00	1.00000e+00	0.00000e+00
1.45882e+02	2.44423e+02	2.32039e+03	9.40381e+02	3.98323e+00	2.03679e+00	4.56125e+01	9.66608e+00	3.88007e+00	1.76319e+00	1.00000e+00	0.00000e+00
1.48027e+02	2.44448e+02	2.31910e+03	9.40434e+02	3.98430e+00	2.03764e+00	4.56125e+01	9.67152e+00	3.88405e+00	1.76413e+00	1.00000e+00	0.00000e+00
1.50173e+02	2.44473e+02	2.31780e+03	9.40486e+02	3.98537e+00	2.03850e+00	4.56125e+01	9.67694e+00	3.88802e+00	1.76508e+00	1.00000e+00	0.00000e+00
1.52318e+02	2.44498e+02	2.31651e+03	9.40535e+02	3.98644e+00	2.03935e+00	4.56125e+01	9.68233e+00	3.89198e+00	1.76603e+00	1.00000e+00	0.00000e+00
1.54463e+02	2.44524e+02	2.31522e+03	9.40582e+02	3.98751e+00	2.04020e+00	4.56125e+01	9.68770e+00	3.89593e+00	1.76698e+00	1.00000e+00	0.00000e+00
1.56609e+02	2.44549e+02	2.31393e+03	9.40627e+02	3.98857e+00	2.04105e+00	4.56125e+01	9.69304e+00	3.89987e+00	1.76794e+00	1.00000e+00	0.00000e+00
1.58754e+02	2.44575e+02	2.31264e+03	9.40670e+02	3.98964e+00	2.04190e+00	4.56125e+01	9.69836e+00	3.90380e+00	1.76889e+00	1.00000e+00	0.00000e+00
1.60899e+02	2.44600e+02	2.31135e+03	9.40711e+02	3.99070e+00	2.04274e+00	4.56125e+01	9.70366e+00	3.90772e+00	1.76985e+00	1.00000e+00	0.00000e+00
1.63045e+02	2.44626e+02	2.31006e+03	9.40750e+02	3.99175e+00	2.04359e+00	4.56125e+01	9.70893e+00	3.91164e+00	1.77081e+00	1.00000e+00	0.00000e+00
1.65190e+02	2.44652e+02	2.30877e+03	9.40787e+02	3.99281e+00	2.04444e+00	4.56125e+01	9.71418e+00	3.91554e+00	1.77177e+00	1.00000e+00	0.00000e+00
1.67335e+02	2.44678e+02	2.30749e+03	9.40821e+02	3.99386e+00	2.04528e+00	4.56125e+01	9.71940e+00	3.91944e+00	1.77273e+00	1.00000e+00	0.00000e+00
1.69481e+02	2.44704e+02	2.30620e+03	9.40854e+02	3.99491e+00	2.04612e+00	4.56125e+01	9.72460e+00	3.92332e+00	1.77369e+00	1.00000e+00	0.00000e+00
1.71626e+02	2.44730e+02	2.30491e+03	9.40884e+02	3.99596e+00	2.04696e+00	4.56125e+01	9.72978e+00	3.92720e+00	1.77465e+00	1.00000e+00	0.00000e+00
1.73771e+02	2.44757e+02	2.30363e+03	9.40912e+02	3.99701e+00	2.04780e+00	4.56125e+01	9.73493e+00	3.93106e+00	1.77562e+00	1.00000e+00	0.00000e+00
1.75917e+02	2.44783e+02	2.30234e+03	9.40938e+02	3.99806e+00	2.04864e+00	4.56125e+01	9.74006e+00	3.93492e+00	1.77659e+00	1.00000e+00	0.00000e+00
1.78062e+02	2.44810e+02	2.30106e+03	9.40961e+02	3.99910e+00	2.04947e+00	4.56125e+01	9.74517e+00	3.93877e+00	1.77756e+00	1.00000e+00	0.00000e+00
1.80207e+02	2.44837e+02	2.29978e+03	9.40983e+02	4.00014e+00	2.05031e+00	4.56125e+01	9.75025e+00	3.94261e+00	1.77853e+00	1.00000e+00	0.00000e+00
1.82353e+02	2.44864e+02	2.29850e+03	9.41002e+02	4.00118e+00	2.05114e+00	4.56125e+01	9.75531e+00	3.94644e+00	1.77950e+00	1.00000e+00	0.00000e+00
1.84498e+02	2.44891e+02	2.29722e+03	9.41019e+02	4.00221e+00	2.05197e+00	4.56125e+01	9.76034e+00	3.95026e+00	1.78047e+00	1.00000e+00	0.00000e+00
1.86643e+02	2.44918e+02	2.29594e+03	9.41034e+02	4.00325e+00	2.05281e+00	4.56125e+01	9.76535e+00	3.95407e+00	1.78145e+00	1.00000e+00	0.00000e+00
1.88789e+02	2.44946e+02	2.29466e+03	9.41046e+02	4.00428e+00	2.05364e+00	4.56125e+01	9.77034e+00	3.95788e+00	1.78243e+00	1.00000e+00	0.00000e+00
1.90934e+02	2.44973e+02	2.29338e+03	9.41057e+02	4.00531e+00	2.05446e+00	4.56125e+01	9.77530e+00	3.96167e+00	1.78341e+00	1.00000e+00	0.00000e+00
1.93079e+02	2.45001e+02	2.29210e+03	9.41065e+02	4.00634e+00	2.05529e+00	4.56125e+01	9.78023e+00	3.96545e+00	1.78439e+00	1.00000e+00	0.00000e+00
1.95225e+02	2.45028e+02	2.29082e+03	9.41070e+02	4.00736e+00	2.05612e+00	4.56125e+01	9.78515e+00	3.96923e+00	1.78537e+00	1.00000e+00	0.00000e+00
1.97370e+02	2.45056e+02	2.28954e+03	9.41073e+02	4.00839e+00	2.05694e+00	4.56125e+01	9.79004e+00	3.97300e+00	1.78635e+00	1.00000e+00	0.00000e+00
1.99515e+02	2.45084e+02	2.28827e+03	9.41074e+02	4.00941e+00	2.05777e+00	4.56125e+01	9.79490e+00	3.97675e+00	1.78734e+00	1.00000e+00	0.00000e+00
2.01661e+02	2.45112e+02	2.28699e+03	9.41073e+02	4.01043e+00	2.05859e+00	4.56125e+01	9.79975e+00	3.98050e+00	1.78832e+00	1.00000e+00	0.00000e+00
2.03806e+02	2.45141e+02	2.28572e+03	9.41069e+02	4.01145e+00	2.05941e+00	4.56125e+01	9.80456e+00	3.98424e+00	1.78931e+00	1.00000e+00	0.00000e+00
2.05951e+02	2.45169e+02	2.28444e+03	9.41063e+02	4.01246e+00	2.06023e+00	4.56125e+01	9.80936e+00	3.98797e+00	1.79030e+00	1.00000e+00	0.00000e+00
2.08096e+02	2.45198e+02	2.28317e+03	9.41055e+02	4.01347e+00	2.06105e+00	4.56125e+01	9.81413e+00	3.99169e+00	1.79130e+00	1.00000e+00	0.00000e+00
2.10242e+02	2.50743e+02	2.28190e+03	9.40833e+02	4.01601e+00	2.06265e+00	4.56125e+01	9.81887e+00	3.99540e+00	1.79229e+00	1.00000e+00	0.00000e+00
2.12387e+02	2.50800e+02	2.28063e+03	9.41030e+02	4.01703e+00	2.06347e+00	4.56125e+01	9.82360e+00	3.99910e+00	1.79328e+00	1.00000e+00	0.00000e+00
2.14137e+02	2.50808e+02	2.27974e+03	1.10154e+03	1.71932e+00	0.00000e+00	0.00000e+00	3.25624e+00	0.00000e+00	1.79386e+00	0.00000e+00	8.74461e-02
2.15888e+02	2.50817e+02	2.27885e+03	1.10213e+03	1.72271e+00	0.00000e+00	0.00000e+00	3.27082e+00	0.00000e+00	1.79444e+00	0.00000e+00	8.75950e-02
2.17638e+02	2.50826e+02	2.27797e+03	1.10272e+03	1.72608e+00	0.00000e+00	0.00000e+00	3.28539e+00	0.00000e+00	1.79501e+00	0.00000e+00	8.77472e-02
2.19388e+02	2.50835e+02	2.27709e+03	1.10330e+03	1.72945e+00	0.00000e+00	0.00000e+00	3.29997e+00	0.00000e+00	1.79559e+00	0.00000e+00	8.79026e-02
2.21138e+02	2.50845e+02	2.27620e+03	1.10389e+03	1.73280e+00	0.00000e+00	0.00000e+00	3.31454e+00	0.00000e+00	1.79616e+00	0.00000e+00	8.80612e-02
2.22889e+02	2.50854e+02	2.27532e+03	1.10447e+03	1.73615e+00	0.00000e+00	0.00000e+00	3.32910e+00	0.00000e+00	1.79674e+00	0.00000e+00	8.82229e-02
2.24639e+02	2.50864e+02	2.27444e+03	1.10505e+03	1.73949e+00	0.00000e+00	0.00000e+00	3.34367e+00	0.00000e+00	1.79731e+00	0.00000e+00	8.83876e-02
2.26389e+02	2.50874e+02	2.27356e+03	1.10562e+03	1.74282e+00	0.00000e+00	0.00000e+00	3.35823e+00	0.00000e+00	1.79789e+00	0.00000e+00	8.85554e-02
2.28139e+02	2.50885e+02	2.27268e+03	1.10620e+03	1.74614e+00	0.00000e+00	0.00000e+00	3.37278e+00	0.00000e+00	1.79847e+00	0.00000e+00	8.87263e-02
2.29890e+02	2.50895e+02	2.27180e+03	1.10677e+03	1.74945e+00	0.00000e+00	0.00000e+00	3.38733e+00	0.00000e+00	1.79904e+00	0.00000e+00	8.89000e-02
2.31640e+02	2.50906e+02	2.27092e+03	1.10734e+03	1.75275e+00	0.00000e+00	0.00000e+00	3.40188e+00	0.00000e+00	1.79962e+00	0.00000e+00	8.90767e-02
2.33390e+02	2.50917e+02	2.27004e+03	1.10791e+03	1.75604e+00	0.00000e+00	0.00000e+00	3.41642e+00	0.00000e+00	1.80019e+00	0.00000e+00	8.92563e-02
2.35140e+02	2.50928e+02	2.26917e+03	1.10847e+03	1.75932e+00	0.00000e+00	0.00000e+00	3.43096e+00	0.00000e+00	1.80077e+00	0.00000e+00	8.94387e-02
2.36891e+02	2.50939e+02	2.26829e+03	1.10904e+03	1.76260e+00	0.00000e+00	0.00000e+00	3.44549e+00	0.00000e+00	1.80135e+00	0.00000e+00	8.96240e-02
2.38641e+02	2.50951e+02	2.26741e+03	1.10960e+03	1.76586e+00	0.00000e+00	0.00000e+00	3.46002e+00	0.00000e+00	1.80192e+00	0.00000e+00	8.98121e-02
2.40391e+02	2.50963e+02	2.26654e+03	1.11016e+03	1.76912e+00	0.00000e+00	0.00000e+00	3.47454e+00	0.00000e+00	1.80250e+00	0.00000e+00	9.00028e-02
2.42141e+02	2.50975e+02	2.26566e+03	1.11071e+03	1.77236e+00	0.00000e+00	0.00000e+00	3.48905e+00	0.00000e+00	1.80308e+00	0.00000e+00	9.01964e-02
2.43892e+02	2.50987e+02	2.26479e+03	1.11127e+03	1.77560e+00	0.00000e+00	0.00000e+00	3.50355e+00	0.00000e+00	1.80365e+00	0.00000e+00	9.03925e-02
2.45642e+02	2.50999e+02	2.26392e+03	1.11182e+03	1.77883e+00	0.00000e+00	0.00000e+00	3.51805e+00	0.00000e+00	1.80423e+00	0.00000e+00	9.05914e-02
2.47392e+02	2.51012e+02	2.26305e+03	1.11237e+03	1.78204e+00	0.00000e+00	0.00000e+00	3.53254e+00	0.00000e+00	1.80481e+00	0.00000e+00	9.07928e-02
2.49142e+02	2.51024e+02	2.26217e+03	1.11292e+03	1.78525e+00	0.00000e+00	0.00000e+00	3.54703e+00	0.00000e+00	1.80539e+00	0.00000e+00	9.09969e-02
2.50893e+02	2.51037e+02	2.26130e+03	1.11347e+03	1.78845e+00	0.00000e+00	0.00000e+00	3.56151e+00	0.00000e+00	1.80596e+00	0.00000e+00	9.12035e-02
2.52643e+02	2.51050e+02	2.26043e+03	1.11402e+03	1.79164e+00	0.00000e+00	0.00000e+00	3.57597e+00	0.00000e+00	1.80654e+00	0.00000e+00	9.14126e-02
2.54393e+02	2.51064e+02	2.25956e+03	1.11456e+03	1.79482e+00	0.00000e+00	0.00000e+00	3.59043e+00	0.00000e+00	1.80712e+00	0.00000e+00	9.16242e-02
2.56143e+02	2.51077e+02	2.25870e+03	1.11510e+03	1.79800e+00	0.00000e+00	0.00000e+00	3.60489e+00	0.00000e+00	1.80769e+00	0.00000e+00	9.18383e-02
2.57894e+02	2.53285e+02	2.25786e+03	1.15995e+03	3.66230e+00	1.93680e+00	8.31114e+01	9.84131e+00	4.38920e+00	1.80822e+00	3.00000e+00	0.00000e+00
2.59644e+02	2.53355e+02	2.25703e+03	1.16014e+03	3.66444e+00	1.93913e+00	8.31114e+01	9.84770e+00	4.40067e+00	1.80874e+00	3.00000e+00	0.00000e+00
2.61394e+02	2.53425e+02	2.25619e+03	1.16034e+03	3.66659e+00	1.94145e+00	8.31114e+01	9.85409e+00	4.41213e+00	1.80927e+00	3.00000e+00	0.00000e+00
2.63144e+02	2.53494e+02	2.25536e+03	1.16054e+03	3.66873e+00	1.94377e+00	8.31114e+01	9.86048e+00	4.42360e+00	1.80980e+00	3.00000e+00	0.00000e+00
2.64895e+02	2.53564e+02	2.25453e+03	1.16073e+03	3.67087e+00	1.94608e+00	8.31114e+01	9.86687e+00	4.43506e+00	1.81032e+00	3.00000e+00	0.00000e+00
2.66645e+02	2.53634e+02	2.25369e+03	1.16093e+03	3.67301e+00	1.94840e+00	8.31114e+01	9.87325e+00	4.44652e+00	1.81085e+00	3.00000e+00	0.00000e+00
2.68395e+02	2.53704e+02	2.25286e+03	1.16113e+03	3.67516e+00	1.95071e+00	8.31114e+01	9.87964e+00	4.45799e+00	1.81138e+00	3.00000e+00	0.00000e+00
2.70145e+02	2.53773e+02	2.25203e+03	1.16132e+03	3.67730e+00	1.95301e+00	8.31114e+01	9.88603e+00	4.46945e+00	1.81191e+00	3.00000e+00	0.00000e+00
2.71896e+02	2.53843e+02	2.25120e+03	1.16152e+03	3.67944e+00	1.95532e+00	8.31114e+01	9.89242e+00	4.48092e+00	1.81243e+00	3.00000e+00	0.00000e+00
2.73646e+02	2.53913e+02	2.25037e+03	1.16171e+03	3.68157e+00	1.95762e+00	8.31114e+01	9.89881e+00	4.49238e+00	1.81296e+00	3.00000e+00	0.00000e+00
2.75396e+02	2.53982e+02	2.24954e+03	1.16191e+03	3.68371e+00	1.95992e+00	8.31114e+01	9.90520e+00	4.50384e+00	1.81349e+00	3.00000e+00	0.00000e+00
2.77146e+02	2.54052e+02	2.24870e+03	1.16211e+03	3.68585e+00	1.96221e+00	8.31114e+01	9.91158e+00	4.51531e+00	1.81402e+00	3.00000e+00	0.00000e+00
2.78897e+02	2.54119e+02	2.24787e+03	1.16230e+03	3.68798e+00	1.96451e+00	8.31114e+01	9.91797e+00	4.52677e+00	1.81455e+00	3.00000e+00	0.00000e+00
2.80647e+02	2.54178e+02	2.24705e+03	1.16250e+03	3.69011e+00	1.96679e+00	8.31114e+01	9.92436e+00	4.53824e+00	1.81509e+00	3.00000e+00	0.00000e+00
2.82397e+02	2.54236e+02	2.24622e+03	1.16270e+03	3.69223e+00	1.96907e+00	8.31114e+01	9.93075e+00	4.54970e+00	1.81562e+00	3.00000e+00	0.00000e+00
2.84147e+02	2.54295e+02	2.24539e+03	1.16289e+03	3.69435e+00	1.97134e+00	8.31114e+01	9.93714e+00	4.56117e+00	1.81615e+00	3.00000e+00	0.00000e+00
2.85898e+02	2.54353e+02	2.24456e+03	1.16309e+03	3.69646e+00	1.97361e+00	8.31114e+01	9.94353e+00	4.57263e+00	1.81668e+00	3.00000e+00	0.00000e+00
2.87648e+02	2.54412e+02	2.24373e+03	1.16329e+03	3.69858e+00	1.97589e+00	8.31114e+01	9.94991e+00	4.58409e+00	1.81722e+00	3.00000e+00	0.00000e+00
2.89398e+02	2.54470e+02	2.24290e+03	1.16349e+03	3.70070e+00	1.97815e+00	8.31114e+01	9.95630e+00	4.59556e+00	1.81775e+00	3.00000e+00	0.00000e+00
2.91148e+02	2.54529e+02	2.24207e+03	1.16368e+03	3.70282e+00	1.98042e+00	8.31114e+01	9.96269e+00	4.60702e+00	1.81828e+00	3.00000e+00	0.00000e+00
2.92899e+02	2.54588e+02	2.24125e+03	1.16388e+03	3.70493e+00	1.98268e+00	8.31114e+01	9.96908e+00	4.61849e+00	1.81882e+00	3.00000e+00	0.00000e+00
2.94649e+02	2.54646e+02	2.24042e+03	1.16408e+03	3.70705e+00	1.98494e+00	8.31114e+01	9.97547e+00	4.62995e+00	1.81935e+00	3.00000e+00	0.00000e+00
2.96399e+02	2.54705e+02	2.23959e+03	1.16427e+03	3.70917e+00	1.98720e+00	8.31114e+01	9.98186e+00	4.64141e+00	1.81989e+00	3.00000e+00	0.00000e+00
2.98149e+02	2.54763e+02	2.23877e+03	1.16447e+03	3.71128e+00	1.98945e+00	8.31114e+01	9.98825e+00	4.65288e+00	1.82042e+00	3.00000e+00	0.00000e+00
2.99900e+02	2.54822e+02	2.23794e+03	1.16466e+03	3.71340e+00	1.99170e+00	8.31114e+01	9.99463e+00	4.66434e+00	1.82096e+00	3.00000e+00	0.00000e+00
3.01650e+02	2.54880e+02	2.23712e+03	1.16486e+03	3.71551e+00	1.99395e+00	8.31114e+01	1.00010e+01	4.67581e+00	1.82150e+00	3.00000e+00	0.00000e+00
3.03400e+02	2.54939e+02	2.23629e+03	1.16505e+03	3.71762e+00	1.99620e+00	8.31114e+01	1.00074e+01	4.68727e+00	1.82204e+00	3.00000e+00	0.00000e+00
3.05150e+02	2.54990e+02	2.23547e+03	1.16525e+03	3.71972e+00	1.99844e+00	8.31114e+01	1.00138e+01	4.69874e+00	1.82257e+00	3.00000e+00	0.00000e+00
3.06901e+02	2.55038e+02	2.23465e+03	1.16545e+03	3.72182e+00	2.00067e+00	8.31114e+01	1.00202e+01	4.71020e+00	1.82311e+00	3.00000e+00	0.00000e+00
3.08651e+02	2.55086e+02	2.23382e+03	1.16565e+03	3.72392e+00	2.00290e+00	8.31114e+01	1.00266e+01	4.72166e+00	1.82365e+00	3.00000e+00	0.00000e+00
3.10401e+02	2.55134e+02	2.23300e+03	1.16584e+03	3.72602e+00	2.00513e+00	8.31114e+01	1.00330e+01	4.73313e+00	1.82419e+00	3.00000e+00	0.00000e+00
3.12151e+02	2.55182e+02	2.23218e+03	1.16604e+03	3.72811e+00	2.00735e+00	8.31114e+01	1.00394e+01	4.74459e+00	1.82473e+00	3.00000e+00	0.00000e+00
3.13902e+02	2.55231e+02	2.23135e+03	1.16624e+03	3.73021e+00	2.00958e+00	8.31114e+01	1.00457e+01	4.75606e+00	1.82527e+00	3.00000e+00	0.00000e+00
3.15652e+02	2.55279e+02	2.23053e+03	1.16644e+03	3.73230e+00	2.01180e+00	8.31114e+01	1.00521e+01	4.76752e+00	1.82582e+00	3.00000e+00	0.00000e+00
3.17402e+02	2.55327e+02	2.22971e+03	1.16663e+03	3.73440e+00	2.01402e+00	8.31114e+01	1.00585e+01	4.77898e+00	1.82636e+00	3.00000e+00	0.00000e+00
3.19152e+02	2.55375e+02	2.22889e+03	1.16683e+03	3.73649e+00	2.01623e+00	8.31114e+01	1.00649e+01	4.79045e+00	1.82690e+00	3.00000e+00	0.00000e+00
3.20903e+02	2.55424e+02	2.22807e+03	1.16703e+03	3.73859e+00	2.01845e+00	8.31114e+01	1.00713e+01	4.80191e+00	1.82744e+00	3.00000e+00	0.00000e+00
3.22653e+02	2.55472e+02	2.22725e+03	1.16722e+03	3.74068e+00	2.02066e+00	8.31114e+01	1.00777e+01	4.81338e+00	1.82799e+00	3.00000e+00	0.00000e+00
3.24403e+02	2.55520e+02	2.22643e+03	1.16742e+03	3.74277e+00	2.02287e+00	8.31114e+01	1.00841e+01	4.82484e+00	1.82853e+00	3.00000e+00	0.00000e+00
3.26153e+02	2.55568e+02	2.22561e+03	1.16761e+03	3.74487e+00	2.02507e+00	8.31114e+01	1.00905e+01	4.83631e+00	1.82907e+00	3.00000e+00	0.00000e+00
3.27904e+02	2.55617e+02	2.22479e+03	1.16781e+03	3.74696e+00	2.02727e+00	8.31114e+01	1.00968e+01	4.84777e+00	1.82962e+00	3.00000e+00	0.00000e+00
3.29654e+02	2.55667e+02	2.22397e+03	1.16800e+03	3.74905e+00	2.02948e+00	8.31114e+01	1.01032e+01	4.85923e+00	1.83016e+00	3.00000e+00	0.00000e+00
3.31404e+02	2.55724e+02	2.22315e+03	1.16820e+03	3.75116e+00	2.03168e+00	8.31114e+01	1.01096e+01	4.87070e+00	1.83071e+00	3.00000e+00	0.00000e+00
3.33154e+02	2.55780e+02	2.22233e+03	1.16839e+03	3.75326e+00	2.03389e+00	8.31114e+01	1.01160e+01	4.88216e+00	1.83126e+00	3.00000e+00	0.00000e+00
3.34905e+02	2.55836e+02	2.22151e+03	1.16858e+03	3.75536e+00	2.03609e+00	8.31114e+01	1.01224e+01	4.89363e+00	1.83180e+00	3.00000e+00	0.00000e+00
3.36655e+02	2.55892e+02	2.22070e+03	1.16878e+03	3.75746e+00	2.03828e+00	8.31114e+01	1.01288e+01	4.90509e+00	1.83235e+00	3.00000e+00	0.00000e+00
3.38405e+02	2.55948e+02	2.21988e+03	1.16897e+03	3.75956e+00	2.04048e+00	8.31114e+01	1.01352e+01	4.91655e+00	1.83290e+00	3.00000e+00	0.00000e+00
3.40155e+02	2.56005e+02	2.21906e+03	1.16916e+03	3.76167e+00	2.04267e+00	8.31114e+01	1.01416e+01	4.92802e+00	1.83345e+00	3.00000e+00	0.00000e+00
3.41906e+02	2.56061e+02	2.21825e+03	1.16936e+03	3.76377e+00	2.04486e+00	8.31114e+01	1.01480e+01	4.93948e+00	1.83400e+00	3.00000e+00	0.00000e+00
3.43656e+02	2.56117e+02	2.21743e+03	1.16955e+03	3.76587e+00	2.04705e+00	8.31114e+01	1.01543e+01	4.95095e+00	1.83455e+00	3.00000e+00	0.00000e+00
3.45406e+02	2.56173e+02	2.21661e+03	1.16974e+03	3.76797e+00	2.04924e+00	8.31114e+01	1.01607e+01	4.96241e+00	1.83510e+00	3.00000e+00	0.00000e+00
3.47156e+02	2.56229e+02	2.21580e+03	1.16993e+03	3.77007e+00	2.05142e+00	8.31114e+01	1.01671e+01	4.97387e+00	1.83565e+00	3.00000e+00	0.00000e+00
3.48907e+02	2.56286e+02	2.21498e+03	1.17012e+03	3.77216e+00	2.05360e+00	8.31114e+01	1.01735e+01	4.98534e+00	1.83620e+00	3.00000e+00	0.00000e+00
3.50657e+02	2.56342e+02	2.21417e+03	1.17032e+03	3.77426e+00	2.05578e+00	8.31114e+01	1.01799e+01	4.99680e+00	1.83675e+00	3.00000e+00	0.00000e+00
3.52407e+02	2.56398e+02	2.21336e+03	1.17051e+03	3.77636e+00	2.05796e+00	8.31114e+01	1.01863e+01	5.00827e+00	1.83730e+00	3.00000e+00	0.00000e+00
3.54157e+02	2.56454e+02	2.21259e+03	1.24478e+03	4.17576e+00	2.20809e+00	1.23988e+02	1.35000e+01	6.01874e+00	1.83777e+00	5.00000e+00	0.00000e+00
3.55908e+02	2.56575e+02	2.21182e+03	1.24493e+03	4.17629e+00	2.20813e+00	1.23988e+02	1.35084e+01	6.02032e+00	1.83824e+00	5.00000e+00	0.00000e+00
3.57658e+02	2.56708e+02	2.21106e+03	1.24506e+03	4.17683e+00	2.20816e+00	1.23988e+02	1.35168e+01	6.02189e+00	1.83872e+00	5.00000e+00	0.00000e+00
3.59408e+02	2.56841e+02	2.21030e+03	1.24520e+03	4.17736e+00	2.20819e+00	1.23988e+02	1.35252e+01	6.02347e+00	1.83919e+00	5.00000e+00	0.00000e+00
3.61158e+02	2.56974e+02	2.20953e+03	1.24534e+03	4.17790e+00	2.20823e+00	1.23988e+02	1.35336e+01	6.02504e+00	1.83967e+00	5.00000e+00	0.00000e+00
3.62909e+02	2.57107e+02	2.20877e+03	1.24548e+03	4.17843e+00	2.20826e+00	1.23988e+02	1.35420e+01	6.02662e+00	1.84014e+00	5.00000e+00	0.00000e+00
3.64659e+02	2.57240e+02	2.20800e+03	1.24562e+03	4.17897e+00	2.20830e+00	1.23988e+02	1.35504e+01	6.02819e+00	1.84062e+00	5.00000e+00	0.00000e+00
3.66409e+02	2.57373e+02	2.20724e+03	1.24576e+03	4.17951e+00	2.20833e+00	1.23988e+02	1.35588e+01	6.02977e+00	1.84109e+00	5.00000e+00	0.00000e+00
3.68159e+02	2.57506e+02	2.20648e+03	1.24590e+03	4.18005e+00	2.20837e+00	1.23988e+02	1.35672e+01	6.03134e+00	1.84157e+00	5.00000e+00	0.00000e+00
3.69910e+02	2.57639e+02	2.20571e+03	1.24603e+03	4.18059e+00	2.20841e+00	1.23988e+02	1.35756e+01	6.03292e+00	1.84204e+00	5.00000e+00	0.00000e+00
3.71660e+02	2.57772e+02	2.20495e+03	1.24617e+03	4.18113e+00	2.20844e+00	1.23988e+02	1.35840e+01	6.03449e+00	1.84252e+00	5.00000e+00	0.00000e+00
3.73410e+02	2.57905e+02	2.20419e+03	1.24631e+03	4.18167e+00	2.20848e+00	1.23988e+02	1.35924e+01	6.03607e+00	1.84300e+00	5.00000e+00	0.00000e+00
3.75160e+02	2.58038e+02	2.20343e+03	1.24645e+03	4.18222e+00	2.20852e+00	1.23988e+02	1.36008e+01	6.03764e+00	1.84348e+00	5.00000e+00	0.00000e+00
3.76911e+02	2.58171e+02	2.20267e+03	1.24659e+03	4.18276e+00	2.20856e+00	1.23988e+02	1.36092e+01	6.03922e+00	1.84396e+00	5.00000e+00	0.00000e+00
3.78661e+02	2.58304e+02	2.20191e+03	1.24672e+03	4.18331e+00	2.20860e+00	1.23988e+02	1.36176e+01	6.04079e+00	1.84443e+00	5.00000e+00	0.00000e+00
3.80411e+02	2.58435e+02	2.20114e+03	1.24686e+03	4.18385e+00	2.20864e+00	1.23988e+02	1.36260e+01	6.04237e+00	1.84491e+00	5.00000e+00	0.00000e+00
3.82161e+02	2.58562e+02	2.20038e+03	1.24700e+03	4.18440e+00	2.20869e+00	1.23988e+02	1.36344e+01	6.04395e+00	1.84539e+00	5.00000e+00	0.00000e+00
3.83912e+02	2.58690e+02	2.19962e+03	1.24714e+03	4.18495e+00	2.20873e+00	1.23988e+02	1.36428e+01	6.04552e+00	1.84587e+00	5.00000e+00	0.00000e+00
3.85662e+02	2.58817e+02	2.19886e+03	1.24728e+03	4.18550e+00	2.20877e+00	1.23988e+02	1.36512e+01	6.04710e+00	1.84636e+00	5.00000e+00	0.00000e+00
3.87412e+02	2.58944e+02	2.19810e+03	1.24742e+03	4.18604e+00	2.20881e+00	1.23988e+02	1.36596e+01	6.04867e+00	1.84684e+00	5.00000e+00	0.00000e+00
3.89162e+02	2.59072e+02	2.19734e+03	1.24756e+03	4.18659e+00	2.20886e+00	1.23988e+02	1.36680e+01	6.05025e+00	1.84732e+00	5.00000e+00	0.00000e+00
3.90913e+02	2.59199e+02	2.19658e+03	1.24769e+03	4.18715e+00	2.20890e+00	1.23988e+02	1.36764e+01	6.05182e+00	1.84780e+00	5.00000e+00	0.00000e+00
3.92663e+02	2.59327e+02	2.19582e+03	1.24783e+03	4.18770e+00	2.20895e+00	1.23988e+02	1.36848e+01	6.05340e+00	1.84829e+00	5.00000e+00	0.00000e+00
3.94413e+02	2.59454e+02	2.19507e+03	1.24797e+03	4.18825e+00	2.20899e+00	1.23988e+02	1.36932e+01	6.05497e+00	1.84877e+00	5.00000e+00	0.00000e+00
3.96163e+02	2.59582e+02	2.19431e+03	1.24811e+03	4.18880e+00	2.20904e+00	1.23988e+02	1.37016e+01	6.05655e+00	1.84925e+00	5.00000e+00	0.00000e+00
3.97914e+02	2.59709e+02	2.19355e+03	1.24825e+03	4.18936e+00	2.20909e+00	1.23988e+02	1.37100e+01	6.05812e+00	1.84974e+00	5.00000e+00	0.00000e+00
3.99664e+02	2.59837e+02	2.19279e+03	1.24839e+03	4.18992e+00	2.20914e+00	1.23988e+02	1.37184e+01	6.05970e+00	1.85022e+00	5.00000e+00	0.00000e+00
4.01414e+02	2.59964e+02	2.19203e+03	1.24852e+03	4.19047e+00	2.20919e+00	1.23988e+02	1.37268e+01	6.06127e+00	1.85071e+00	5.00000e+00	0.00000e+00
4.03164e+02	2.60092e+02	2.19128e+03	1.24866e+03	4.19103e+00	2.20923e+00	1.23988e+02	1.37352e+01	6.06285e+00	1.85120e+00	5.00000e+00	0.00000e+00
4.04915e+02	2.60219e+02	2.19052e+03	1.24880e+03	4.19159e+00	2.20928e+00	1.23988e+02	1.37436e+01	6.06442e+00	1.85168e+00	5.00000e+00	0.00000e+00
4.06665e+02	2.60342e+02	2.18976e+03	1.24894e+03	4.19215e+00	2.20934e+00	1.23988e+02	1.37520e+01	6.06600e+00	1.85217e+00	5.00000e+00	0.00000e+00
4.08415e+02	2.60464e+02	2.18901e+03	1.24908e+03	4.19271e+00	2.20939e+00	1.23988e+02	1.37604e+01	6.06757e+00	1.85266e+00	5.00000e+00	0.00000e+00
4.10165e+02	2.60587e+02	2.18825e+03	1.24922e+03	4.19327e+00	2.20944e+00	1.23988e+02	1.37688e+01	6.06915e+00	1.85315e+00	5.00000e+00	0.00000e+00
4.11916e+02	2.60709e+02	2.18749e+03	1.24935e+03	4.19383e+00	2.20949e+00	1.23988e+02	1.37772e+01	6.07072e+00	1.85363e+00	5.00000e+00	0.00000e+00
4.13666e+02	2.60831e+02	2.18674e+03	1.24949e+03	4.19440e+00	2.20954e+00	1.23988e+02	1.37856e+01	6.07230e+00	1.85412e+00	5.00000e+00	0.00000e+00
4.15416e+02	2.60953e+02	2.18598e+03	1.24963e+03	4.19496e+00	2.20960e+00	1.23988e+02	1.37940e+01	6.07387e+00	1.85461e+00	5.00000e+00	0.00000e+00
4.17166e+02	2.61076e+02	2.18523e+03	1.24977e+03	4.19552e+00	2.20965e+00	1.23988e+02	1.38024e+01	6.07545e+00	1.85510e+00	5.00000e+00	0.00000e+00
4.18917e+02	2.61198e+02	2.18447e+03	1.24991e+03	4.19609e+00	2.20971e+00	1.23988e+02	1.38108e+01	6.07703e+00	1.85560e+00	5.00000e+00	0.00000e+00
4.20667e+02	2.61320e+02	2.18372e+03	1.25005e+03	4.19666e+00	2.20976e+00	1.23988e+02	1.38192e+01	6.07860e+00	1.85609e+00	5.00000e+00	0.00000e+00
4.22417e+02	2.61442e+02	2.18296e+03	1.25018e+03	4.19723e+00	2.20982e+00	1.23988e+02	1.38276e+01	6.08018e+00	1.85658e+00	5.00000e+00	0.00000e+00
4.24167e+02	2.61565e+02	2.18221e+03	1.25032e+03	4.19779e+00	2.20987e+00	1.23988e+02	1.38360e+01	6.08175e+00	1.85707e+00	5.00000e+00	0.00000e+00
4.25918e+02	2.61687e+02	2.18146e+03	1.25046e+03	4.19836e+00	2.20993e+00	1.23988e+02	1.38444e+01	6.08333e+00	1.85756e+00	5.00000e+00	0.00000e+00
4.27668e+02	2.61809e+02	2.18070e+03	1.25060e+03	4.19894e+00	2.20999e+00	1.23988e+02	1.38528e+01	6.08490e+00	1.85806e+00	5.00000e+00	0.00000e+00
4.29418e+02	2.61931e+02	2.17995e+03	1.25074e+03	4.19951e+00	2.21005e+00	1.23988e+02	1.38612e+01	6.08648e+00	1.85855e+00	5.00000e+00	0.00000e+00
4.31168e+02	2.62051e+02	2.17920e+03	1.25087e+03	4.20008e+00	2.21011e+00	1.23988e+02	1.38696e+01	6.08805e+00	1.85905e+00	5.00000e+00	0.00000e+00
4.32919e+02	2.62169e+02	2.17844e+03	1.25101e+03	4.20065e+00	2.21017e+00	1.23988e+02	1.38780e+01	6.08963e+00	1.85954e+00	5.00000e+00	0.00000e+00
4.34669e+02	2.62286e+02	2.17769e+03	1.25115e+03	4.20123e+00	2.21023e+00	1.23988e+02	1.38864e+01	6.09120e+00	1.86004e+00	5.00000e+00	0.00000e+00
4.36419e+02	2.62403e+02	2.17694e+03	1.25129e+03	4.20180e+00	2.21029e+00	1.23988e+02	1.38948e+01	6.09278e+00	1.86053e+00	5.00000e+00	0.00000e+00
4.38169e+02	2.62521e+02	2.17619e+03	1.25143e+03	4.20238e+00	2.21035e+00	1.23988e+02	1.39032e+01	6.09435e+00	1.86103e+00	5.00000e+00	0.00000e+00
4.39920e+02	2.62638e+02	2.17544e+03	1.25157e+03	4.20296e+00	2.21042e+00	1.23988e+02	1.39116e+01	6.09593e+00	1.86153e+00	5.00000e+00	0.00000e+00
4.41670e+02	2.62755e+02	2.17469e+03	1.25171e+03	4.20354e+00	2.21048e+00	1.23988e+02	1.39200e+01	6.09750e+00	1.86202e+00	5.00000e+00	0.00000e+00
4.43420e+02	2.62873e+02	2.17393e+03	1.25184e+03	4.20411e+00	2.21054e+00	1.23988e+02	1.39284e+01	6.09908e+00	1.86252e+00	5.00000e+00	0.00000e+00
4.45170e+02	2.62990e+02	2.17318e+03	1.25198e+03	4.20470e+00	2.21061e+00	1.23988e+02	1.39368e+01	6.10065e+00	1.86302e+00	5.00000e+00	0.00000e+00
4.46921e+02	2.63107e+02	2.17243e+03	1.25212e+03	4.20528e+00	2.21067e+00	1.23988e+02	1.39452e+01	6.10223e+00	1.86352e+00	5.00000e+00	0.00000e+00
4.48671e+02	2.63224e+02	2.17168e+03	1.25226e+03	4.20586e+00	2.21074e+00	1.23988e+02	1.39536e+01	6.10380e+00	1.86402e+00	5.00000e+00	0.00000e+00
4.50421e+02	2.63342e+02	2.17093e+03	1.25240e+03	4.20644e+00	2.21080e+00	1.23988e+02	1.39620e+01	6.10538e+00	1.86452e+00	5.00000e+00	0.00000e+00
4.52172e+02	2.63459e+02	2.17018e+03	1.25253e+03	4.20703e+00	2.21087e+00	1.23988e+02	1.39704e+01	6.10695e+00	1.86502e+00	5.00000e+00	0.00000e+00
4.53922e+02	2.63576e+02	2.16944e+03	1.25267e+03	4.20761e+00	2.21094e+00	1.23988e+02	1.39788e+01	6.10853e+00	1.86552e+00	5.00000e+00	0.00000e+00
4.55672e+02	2.63694e+02	2.16869e+03	1.25281e+03	4.20820e+00	2.21101e+00	1.23988e+02	1.39872e+01	6.11010e+00	1.86602e+00	5.00000e+00	0.00000e+00
4.57422e+02	2.63806e+02	2.16794e+03	1.25295e+03	4.20879e+00	2.21108e+00	1.23988e+02	1.39956e+01	6.11168e+00	1.86652e+00	5.00000e+00	0.00000e+00
4.59173e+02	2.63919e+02	2.16719e+03	1.25309e+03	4.20937e+00	2.21115e+00	1.23988e+02	1.40040e+01	6.11326e+00	1.86703e+00	5.00000e+00	0.00000e+00
4.60923e+02	2.64031e+02	2.16644e+03	2.72178e+03	7.57031e+00	4.15916e+00	1.25228e+14	9.32106e+01	4.70839e+01	1.86753e+00	5.00000e+01	0.00000e+00
5.72155e+02	2.76029e+02	2.14456e+03	2.74076e+03	7.29167e+00	4.01684e+00	4.05489e+13	8.67599e+01	4.42223e+01	1.86753e+00	5.00000e+01	0.00000e+00
6.84164e+02	2.87905e+02	2.12268e+03	2.74625e+03	7.33885e+00	4.02745e+00	1.46036e+13	8.85164e+01	4.45453e+01	1.86753e+00	5.00000e+01	0.00000e+00
7.96397e+02	2.99658e+02	2.10079e+03	2.75038e+03	7.39241e+00	4.04380e+00	5.76090e+12	9.03358e+01	4.49753e+01	1.86753e+00	5.00000e+01	0.00000e+00
9.08798e+02	3.11291e+02	2.07891e+03	2.75506e+03	7.35780e+00	4.02383e+00	2.46066e+12	8.96761e+01	4.46083e+01	1.86753e+00	5.00000e+01	0.00000e+00
1.02139e+03	3.22801e+02	2.05703e+03	2.75867e+03	7.49308e+00	4.07334e+00	1.12722e+12	9.38609e+01	4.57723e+01	1.86753e+00	5.00000e+01	0.00000e+00
1.13413e+03	3.34189e+02	2.03514e+03	2.76286e+03	7.53634e+00	4.08527e+00	5.49296e+11	9.54401e+01	4.61107e+01	1.86753e+00	5.00000e+01	0.00000e+00
1.24704e+03	3.45456e+02	2.01326e+03	2.76782e+03	7.63886e+00	4.12289e+00	2.82797e+11	9.87878e+01	4.70504e+01	1.86753e+00	5.00000e+01	0.00000e+00
1.36016e+03	3.56601e+02	1.99138e+03	2.77407e+03	7.78725e+00	4.18145e+00	1.52926e+11	1.03561e+02	4.85053e+01	1.86753e+00	5.00000e+01	0.00000e+00
1.47353e+03	3.67624e+02	1.96949e+03	2.77939e+03	7.89805e+00	4.22369e+00	8.64285e+10	1.07270e+02	4.95842e+01	1.86753e+00	5.00000e+01	0.00000e+00
1.58711e+03	3.78526e+02	1.94761e+03	2.78671e+03	8.13471e+00	4.32384e+00	5.08221e+10	1.14942e+02	5.20994e+01	1.86753e+00	5.00000e+01	0.00000e+00
1.70100e+03	3.89305e+02	1.92573e+03	2.79212e+03	8.24209e+00	4.36685e+00	3.09786e+10	1.18683e+02	5.32441e+01	1.86753e+00	5.00000e+01	0.00000e+00
1.81511e+03	3.99963e+02	1.90384e+03	2.79703e+03	8.35017e+00	4.41108e+00	1.95057e+10	1.22462e+02	5.44243e+01	1.86753e+00	5.00000e+01	0.00000e+00
1.92941e+03	4.10499e+02	1.88196e+03	2.80083e+03	8.37750e+00	4.41685e+00	1.26490e+10	1.23721e+02	5.46415e+01	1.86753e+00	5.00000e+01	0.00000e+00
2.04388e+03	4.20913e+02	1.86008e+03	2.80719e+03	8.51784e+00	4.47658e+00	8.42532e+09	1.28667e+02	5.62560e+01	1.86753e+00	5.00000e+01	0.00000e+00
2.15860e+03	4.31205e+02	1.83819e+03	2.81169e+03	8.61031e+00	4.51478e+00	5.75208e+09	1.32040e+02	5.73126e+01	1.86753e+00	5.00000e+01	0.00000e+00
2.27351e+03	4.41376e+02	1.81631e+03	2.81770e+03	8.70529e+00	4.55367e+00	4.01635e+09	1.35630e+02	5.84282e+01	1.86753e+00	5.00000e+01	0.00000e+00
2.38866e+03	4.51424e+02	1.79443e+03	2.82222e+03	8.74615e+00	4.56835e+00	2.86321e+09	1.37354e+02	5.88993e+01	1.86753e+00	5.00000e+01	0.00000e+00
2.50400e+03	4.61351e+02	1.77254e+03	2.82775e+03	8.76129e+00	4.56879e+00	2.08039e+09	1.38357e+02	5.90262e+01	1.86753e+00	5.00000e+01	0.00000e+00
2.61956e+03	4.71156e+02	1.75066e+03	2.83126e+03	8.77951e+00	4.57250e+00	1.53850e+09	1.39306e+02	5.91953e+01	1.86753e+00	5.00000e+01	0.00000e+00
2.73527e+03	4.80840e+02	1.72878e+03	2.83442e+03	8.79797e+00	4.57643e+00	1.15634e+09	1.40245e+02	5.93633e+01	1.86753e+00	5.00000e+01	0.00000e+00
2.85110e+03	4.90401e+02	1.70689e+03	2.83822e+03	8.82024e+00	4.58312e+00	8.82262e+08	1.41315e+02	5.96168e+01	1.86753e+00	5.00000e+01	0.00000e+00
2.96709e+03	4.99841e+02	1.68501e+03	2.84188e+03	8.83470e+00	4.58375e+00	6.82620e+08	1.42201e+02	5.97101e+01	1.86753e+00	5.00000e+01	0.00000e+00
3.08324e+03	5.09159e+02	1.66313e+03	2.84746e+03	8.84054e+00	4.57915e+00	5.35068e+08	1.42934e+02	5.97072e+01	1.86753e+00	5.00000e+01	0.00000e+00
3.19960e+03	5.18355e+02	1.64124e+03	2.85035e+03	8.85377e+00	4.57977e+00	4.24565e+08	1.43725e+02	5.97840e+01	1.86753e+00	5.00000e+01	0.00000e+00
3.31609e+03	5.27429e+02	1.61936e+03	2.85413e+03	8.86422e+00	4.57853e+00	3.40706e+08	1.44487e+02	5.98309e+01	1.86753e+00	5.00000e+01	0.00000e+00
3.43273e+03	5.36382e+02	1.59748e+03	2.85763e+03	8.87550e+00	4.57786e+00	2.76324e+08	1.45259e+02	5.98868e+01	1.86753e+00	5.00000e+01	0.00000e+00
3.54952e+03	5.45212e+02	1.57559e+03	2.86160e+03	8.88738e+00	4.57705e+00	2.26341e+08	1.46094e+02	5.99487e+01	1.86753e+00	5.00000e+01	0.00000e+00
3.66646e+03	5.53921e+02	1.55371e+03	2.86528e+03	8.90104e+00	4.57723e+00	1.87136e+08	1.46971e+02	6.00305e+01	1.86753e+00	5.00000e+01	0.00000e+00
3.78356e+03	5.62508e+02	1.53183e+03	2.86996e+03	8.90960e+00	4.57454e+00	1.56081e+08	1.47743e+02	6.00579e+01	1.86753e+00	5.00000e+01	0.00000e+00
3.90085e+03	5.70974e+02	1.50994e+03	2.87198e+03	8.91662e+00	4.57341e+00	1.31262e+08	1.48246e+02	6.00706e+01	1.86753e+00	5.00000e+01	0.00000e+00
4.01822e+03	5.79317e+02	1.48806e+03	2.87544e+03	8.92905e+00	4.57332e+00	1.11241e+08	1.49066e+02	6.01405e+01	1.86753e+00	5.00000e+01	0.00000e+00
4.13573e+03	5.87539e+02	1.46618e+03	2.87985e+03	8.93677e+00	4.57054e+00	9.49656e+07	1.49789e+02	6.01597e+01	1.86753e+00	5.00000e+01	0.00000e+00
4.25342e+03	5.95639e+02	1.44429e+03	2.88402e+03	8.94551e+00	4.56842e+00	8.16362e+07	1.50531e+02	6.01908e+01	1.86753e+00	5.00000e+01	0.00000e+00
4.37129e+03	6.03617e+02	1.42241e+03	2.88816e+03	8.95474e+00	4.56650e+00	7.06393e+07	1.51292e+02	6.02265e+01	1.86753e+00	5.00000e+01	0.00000e+00
4.48932e+03	6.11473e+02	1.40053e+03	2.89223e+03	8.96331e+00	4.56441e+00	6.15042e+07	1.52023e+02	6.02563e+01	1.86753e+00	5.00000e+01	0.00000e+00
4.60752e+03	6.19207e+02	1.37864e+03	2.89920e+03	8.96432e+00	4.55886e+00	5.38662e+07	1.52636e+02	6.02543e+01	1.86753e+00	5.00000e+01	0.00000e+00
4.72600e+03	6.26820e+02	1.35676e+03	2.92099e+03	8.92703e+00	4.53348e+00	4.74451e+07	1.52734e+02	6.00333e+01	1.86753e+00	5.00000e+01	0.00000e+00
4.84538e+03	6.34311e+02	1.33488e+03	2.92895e+03	9.06693e+00	4.60766e+00	4.20352e+07	1.57879e+02	6.21845e+01	1.86753e+00	5.00000e+01	0.00000e+00
4.96507e+03	6.41680e+02	1.31299e+03	2.93920e+03	8.81909e+00	4.52143e+00	3.74335e+07	1.48597e+02	6.01088e+01	1.86753e+00	5.00000e+01	0.00000e+00
5.08519e+03	6.48927e+02	1.29111e+03	2.95316e+03	8.86428e+00	4.53803e+00	3.35008e+07	1.50964e+02	6.08177e+01	1.86753e+00	5.00000e+01	0.00000e+00
5.20588e+03	6.56053e+02	1.26923e+03	2.95746e+03	8.72431e+00	4.48963e+00	3.01259e+07	1.46034e+02	5.96918e+01	1.86753e+00	5.00000e+01	0.00000e+00
5.32675e+03	6.63056e+02	1.24735e+03	2.97190e+03	8.54676e+00	4.41712e+00	2.72078e+07	1.39777e+02	5.79846e+01	1.86753e+00	5.00000e+01	0.00000e+00
5.44820e+03	6.69938e+02	1.22546e+03	2.97536e+03	8.60216e+00	4.44171e+00	2.46805e+07	1.42036e+02	5.87240e+01	1.86753e+00	5.00000e+01	0.00000e+00
5.56980e+03	6.76698e+02	1.20358e+03	2.98505e+03	8.38092e+00	4.35725e+00	2.24750e+07	1.34106e+02	5.66729e+01	1.86753e+00	5.00000e+01	0.00000e+00
5.69179e+03	6.83336e+02	1.18170e+03	2.98601e+03	8.50209e+00	4.40378e+00	2.05462e+07	1.38644e+02	5.79100e+01	1.86753e+00	5.00000e+01	0.00000e+00
5.81382e+03	6.89853e+02	1.15981e+03	3.00237e+03	8.11824e+00	4.26071e+00	1.88485e+07	1.25204e+02	5.45042e+01	1.86753e+00	5.00000e+01	0.00000e+00
5.93652e+03	6.96247e+02	1.13793e+03	3.00622e+03	8.27385e+00	4.31895e+00	1.73555e+07	1.31072e+02	5.60825e+01	1.86753e+00	5.00000e+01	0.00000e+00
6.05937e+03	7.02520e+02	1.11605e+03	3.01813e+03	8.19888e+00	4.29269e+00	1.60329e+07	1.28740e+02	5.56171e+01	1.86753e+00	5.00000e+01	0.00000e+00
6.18272e+03	7.08671e+02	1.09416e+03	3.02052e+03	8.30861e+00	4.33428e+00	1.48602e+07	1.32940e+02	5.67567e+01	1.86753e+00	5.00000e+01	0.00000e+00
6.30616e+03	7.14700e+02	1.07228e+03	3.03182e+03	7.89735e+00	4.18224e+00	1.38140e+07	1.18388e+02	5.30308e+01	1.86753e+00	5.00000e+01	0.00000e+00
6.43006e+03	7.20608e+02	1.05040e+03	3.04341e+03	7.88493e+00	4.17777e+00	1.28805e+07	1.18398e+02	5.31212e+01	1.86753e+00	5.00000e+01	0.00000e+00
6.55444e+03	7.26393e+02	1.02851e+03	3.08684e+03	8.17666e+00	4.29166e+00	1.20453e+07	1.30675e+02	5.68769e+01	1.86753e+00	5.00000e+01	0.00000e+00
6.68059e+03	7.32057e+02	1.00663e+03	3.11538e+03	8.11369e+00	4.27467e+00	1.13036e+07	1.29194e+02	5.69290e+01	1.86753e+00	5.00000e+01	0.00000e+00
6.80791e+03	7.37599e+02	9.84746e+02	3.15405e+03	8.02278e+00	4.25031e+00	1.06395e+07	1.27041e+02	5.69785e+01	1.86753e+00	5.00000e+01	0.00000e+00
6.93681e+03	7.43020e+02	9.62863e+02	3.14254e+03	8.15878e+00	4.29826e+00	1.00453e+07	1.31778e+02	5.80595e+01	1.86753e+00	5.00000e+01	0.00000e+00
7.06524e+03	7.48318e+02	9.40980e+02	3.20526e+03	8.23193e+00	4.40056e+00	9.50280e+06	1.34446e+02	6.20920e+01	1.86753e+00	5.00000e+01	0.00000e+00
7.19623e+03	7.53495e+02	9.19096e+02	3.29724e+03	8.37666e+00	4.54876e+00	9.01944e+06	1.40395e+02	6.82460e+01	1.86753e+00	5.00000e+01	0.00000e+00
7.33098e+03	7.58549e+02	8.97213e+02	3.40186e+03	8.58344e+00	4.75270e+00	8.59226e+06	1.48178e+02	7.68418e+01	1.86753e+00	5.00000e+01	0.00000e+00
7.47000e+03	7.63482e+02	8.75330e+02	3.40469e+03	8.59559e+00	4.75587e+00	8.21561e+06	1.48875e+02	7.70085e+01	1.86753e+00	5.00000e+01	0.00000e+00
7.60915e+03	7.68294e+02	8.53447e+02	3.40749e+03	8.60793e+00	4.75923e+00	7.86869e+06	1.49576e+02	7.71806e+01	1.86753e+00	5.00000e+01	0.00000e+00
7.74840e+03	7.72983e+02	8.31563e+02	3.40838e+03	8.62214e+00	4.76361e+00	7.54869e+06	1.50260e+02	7.73430e+01	1.86753e+00	5.00000e+01	0.00000e+00
7.88769e+03	7.77551e+02	8.09680e+02	3.41333e+03	8.63247e+00	4.76585e+00	7.25288e+06	1.50989e+02	7.75282e+01	1.86753e+00	5.00000e+01	0.00000e+00
8.02719e+03	7.81996e+02	7.87797e+02	3.41493e+03	8.64600e+00	4.76986e+00	6.97953e+06	1.51684e+02	7.76950e+01	1.86753e+00	5.00000e+01	0.00000e+00
8.16675e+03	7.86320e+02	7.65914e+02	3.41834e+03	8.65783e+00	4.77294e+00	6.72629e+06	1.52401e+02	7.78731e+01	1.86753e+00	5.00000e+01	0.00000e+00
8.30645e+03	7.90522e+02	7.44030e+02	3.42207e+03	8.66945e+00	4.77595e+00	6.49157e+06	1.53126e+02	7.80562e+01	1.86753e+00	5.00000e+01	0.00000e+00
8.44630e+03	7.94603e+02	7.22147e+02	3.42361e+03	8.68340e+00	4.78033e+00	6.27384e+06	1.53832e+02	7.82349e+01	1.86753e+00	5.00000e+01	0.00000e+00
8.58621e+03	7.98561e+02	7.00264e+02	3.42787e+03	8.69460e+00	4.78312e+00	6.07148e+06	1.54569e+02	7.84234e+01	1.86753e+00	5.00000e+01	0.00000e+00
8.72630e+03	8.02398e+02	6.78381e+02	3.42883e+03	8.70927e+00	4.78797e+00	5.88346e+06	1.55275e+02	7.86050e+01	1.86753e+00	5.00000e+01	0.00000e+00
8.86643e+03	8.06113e+02	6.56497e+02	3.43166e+03	8.72205e+00	4.79172e+00	5.70838e+06	1.56003e+02	7.87930e+01	1.86753e+00	5.00000e+01	0.00000e+00
9.00667e+03	8.09706e+02	6.34614e+02	3.43280e+03	8.73661e+00	4.79654e+00	5.54537e+06	1.56717e+02	7.89778e+01	1.86753e+00	5.00000e+01	0.00000e+00
9.14696e+03	8.13178e+02	6.12731e+02	3.43580e+03	8.74938e+00	4.80037e+00	5.39342e+06	1.57452e+02	7.91730e+01	1.86753e+00	5.00000e+01	0.00000e+00
9.28738e+03	8.16527e+02	5.90848e+02	3.43961e+03	8.76137e+00	4.80375e+00	5.25181e+06	1.58200e+02	7.93724e+01	1.86753e+00	5.00000e+01	0.00000e+00
9.42795e+03	8.19755e+02	5.68964e+02	3.44135e+03	8.77552e+00	4.80841e+00	5.11983e+06	1.58929e+02	7.95670e+01	1.86753e+00	5.00000e+01	0.00000e+00
9.56859e+03	8.22861e+02	5.47081e+02	3.44467e+03	8.78816e+00	4.81223e+00	4.99670e+06	1.59678e+02	7.97700e+01	1.86753e+00	5.00000e+01	0.00000e+00
9.70936e+03	8.25845e+02	5.25198e+02	3.44731e+03	8.80161e+00	4.81656e+00	4.88186e+06	1.60424e+02	7.99749e+01	1.86753e+00	5.00000e+01	0.00000e+00
9.85024e+03	8.28708e+02	5.03315e+02	3.45075e+03	8.81421e+00	4.82038e+00	4.77474e+06	1.61180e+02	8.01819e+01	1.86753e+00	5.00000e+01	0.00000e+00
9.99127e+03	8.31448e+02	4.81431e+02	3.45296e+03	8.82816e+00	4.82503e+00	4.67485e+06	1.61927e+02	8.03882e+01	1.86753e+00	5.00000e+01	0.00000e+00
1.01324e+04	8.34067e+02	4.59548e+02	3.45608e+03	8.84124e+00	4.82919e+00	4.58169e+06	1.62687e+02	8.05997e+01	1.86753e+00	5.00000e+01	0.00000e+00
1.02736e+04	8.36564e+02	4.37665e+02	3.45856e+03	8.85502e+00	4.83379e+00	4.49486e+06	1.63442e+02	8.08112e+01	1.86753e+00	5.00000e+01	0.00000e+00
1.04150e+04	8.38939e+02	4.15782e+02	3.46222e+03	8.86772e+00	4.83779e+00	4.41396e+06	1.64216e+02	8.10304e+01	1.86753e+00	5.00000e+01	0.00000e+00
1.05565e+04	8.41192e+02	3.93898e+02	3.46416e+03	8.88219e+00	4.84285e+00	4.33868e+06	1.64972e+02	8.12458e+01	1.86753e+00	5.00000e+01	0.00000e+00
1.06980e+04	8.43324e+02	3.72015e+02	3.44928e+03	8.85523e+00	4.86624e+00	4.26866e+06	1.61591e+02	8.16775e+01	1.86753e+00	5.00000e+01	0.00000e+00
1.08390e+04	8.45334e+02	3.50132e+02	3.40507e+03	8.78580e+00	4.92275e+00	4.20315e+06	1.52816e+02	8.25168e+01	1.86753e+00	5.00000e+01	0.00000e+00
1.09782e+04	8.47222e+02	3.28249e+02	3.40890e+03	8.80213e+00	4.92916e+00	4.14132e+06	1.53680e+02	8.28247e+01	1.86753e+00	5.00000e+01	0.00000e+00
1.11175e+04	8.48988e+02	3.06365e+02	3.41334e+03	8.81783e+00	4.93518e+00	4.08426e+06	1.54554e+02	8.31353e+01	1.86753e+00	5.00000e+01	0.00000e+00
1.12570e+04	8.50632e+02	2.84482e+02	3.41780e+03	8.83356e+00	4.94125e+00	4.03175e+06	1.55432e+02	8.34488e+01	1.86753e+00	5.00000e+01	0.00000e+00
1.13966e+04	8.52155e+02	2.62599e+02	3.42080e+03	8.85076e+00	4.94823e+00	3.98357e+06	1.56294e+02	8.37583e+01	1.86753e+00	5.00000e+01	0.00000e+00
1.15364e+04	8.53555e+02	2.40716e+02	3.42442e+03	8.86737e+00	4.95490e+00	3.93948e+06	1.57166e+02	8.40731e+01	1.86753e+00	5.00000e+01	0.00000e+00
1.16764e+04	8.54834e+02	2.18832e+02	3.42703e+03	8.88500e+00	4.96221e+00	3.89933e+06	1.58027e+02	8.43853e+01	1.86753e+00	5.00000e+01	0.00000e+00
1.18164e+04	8.55991e+02	1.96949e+02	3.43027e+03	8.90200e+00	4.96914e+00	3.86295e+06	1.58899e+02	8.47014e+01	1.86753e+00	5.00000e+01	0.00000e+00
1.19566e+04	8.57027e+02	1.75066e+02	3.43548e+03	8.91701e+00	4.97487e+00	3.83019e+06	1.59798e+02	8.50259e+01	1.86753e+00	5.00000e+01	0.00000e+00
1.20970e+04	8.57940e+02	1.53183e+02	3.43701e+03	8.93589e+00	4.98304e+00	3.80095e+06	1.60654e+02	8.53433e+01	1.86753e+00	5.00000e+01	0.00000e+00
1.22375e+04	8.58732e+02	1.31299e+02	3.44148e+03	8.95160e+00	4.98921e+00	3.77508e+06	1.61548e+02	8.56663e+01	1.86753e+00	5.00000e+01	0.00000e+00
1.23781e+04	8.59402e+02	1.09416e+02	3.44480e+03	8.96859e+00	4.99623e+00	3.75251e+06	1.62431e+02	8.59901e+01	1.86753e+00	5.00000e+01	0.00000e+00
1.25189e+04	8.59950e+02	8.75330e+01	3.44842e+03	8.98524e+00	5.00305e+00	3.73313e+06	1.63319e+02	8.63155e+01	1.86753e+00	5.00000e+01	0.00000e+00
1.26598e+04	8.60376e+02	6.56497e+01	3.45216e+03	9.00180e+00	5.00984e+00	3.71687e+06	1.64212e+02	8.66438e+01	1.86753e+00	5.00000e+01	0.00000e+00
1.28009e+04	8.60681e+02	4.37665e+01	3.45519e+03	9.01908e+00	5.01708e+00	3.70366e+06	1.65097e+02	8.69709e+01	1.86753e+00	5.00000e+01	0.00000e+00
1.29421e+04	8.60863e+02	2.18832e+01	3.45982e+03	9.03473e+00	5.02334e+00	3.69345e+06	1.66006e+02	8.73049e+01	1.86753e+00	5.00000e+01	0.00000e+00
1.30835e+04	NaN	0.00000e+00	0.00000e+00	0.00000e+00	0.00000e+00	NaN	1.66006e+02	8.73049e+01	1.86753e+00	5.00000e+01	NaN
