P (MPa)		T (K)		r (km)		rho (kg m-3)	VP (km s-1)	VS (km s-1)	QS/gamma	
0.00000e+00	1.10000e+02	2.41030e+03	9.31963e+02	3.87940e+00	1.96225e+00	2.24755e+04
1.41615e+00	1.23824e+02	2.40924e+03	9.31963e+02	3.88152e+00	1.96355e+00	6.88291e+03
2.83229e+00	1.39385e+02	2.40834e+03	9.32081e+02	3.88407e+00	1.96505e+00	2.40553e+03
4.24844e+00	1.56901e+02	2.40745e+03	9.32198e+02	3.88721e+00	1.96687e+00	9.45409e+02
5.66459e+00	1.76619e+02	2.40656e+03	9.32314e+02	3.89119e+00	1.96910e+00	4.12391e+02
7.08074e+00	1.98814e+02	2.40567e+03	9.32429e+02	3.89629e+00	1.97190e+00	1.97344e+02
8.49688e+00	2.23799e+02	2.40478e+03	9.32544e+02	3.90284e+00	1.97544e+00	1.02535e+02
9.91303e+00	2.51924e+02	2.40389e+03	9.32657e+02	3.91103e+00	1.97980e+00	5.73147e+01
1.13292e+01	2.51943e+02	2.40300e+03	9.32770e+02	3.91190e+00	1.98046e+00	5.72955e+01
1.27453e+01	2.51961e+02	2.40211e+03	9.32881e+02	3.91277e+00	1.98112e+00	5.72761e+01
1.41615e+01	2.51980e+02	2.40122e+03	9.32992e+02	3.91363e+00	1.98178e+00	5.72565e+01
1.55776e+01	2.51998e+02	2.40033e+03	9.33101e+02	3.91450e+00	1.98244e+00	5.72368e+01
1.69938e+01	2.52017e+02	2.39944e+03	9.33210e+02	3.91536e+00	1.98310e+00	5.72169e+01
1.84099e+01	2.52036e+02	2.39855e+03	9.33317e+02	3.91622e+00	1.98375e+00	5.71969e+01
1.98261e+01	2.52056e+02	2.39767e+03	9.33423e+02	3.91707e+00	1.98440e+00	5.71767e+01
2.12422e+01	2.52075e+02	2.39678e+03	9.33528e+02	3.91793e+00	1.98506e+00	5.71564e+01
2.26584e+01	2.52094e+02	2.39589e+03	9.33631e+02	3.91878e+00	1.98571e+00	5.71358e+01
2.40745e+01	2.52114e+02	2.39501e+03	9.33734e+02	3.91963e+00	1.98636e+00	5.71152e+01
2.54906e+01	2.52134e+02	2.39412e+03	9.33835e+02	3.92047e+00	1.98700e+00	5.70943e+01
2.69068e+01	2.52154e+02	2.39324e+03	9.33934e+02	3.92132e+00	1.98765e+00	5.70733e+01
2.83229e+01	2.52174e+02	2.39235e+03	9.34033e+02	3.92216e+00	1.98829e+00	5.70521e+01
2.97391e+01	2.52195e+02	2.39147e+03	9.34130e+02	3.92300e+00	1.98894e+00	5.70308e+01
3.11552e+01	2.52215e+02	2.39058e+03	9.34225e+02	3.92384e+00	1.98958e+00	5.70092e+01
3.25714e+01	2.52236e+02	2.38970e+03	9.34319e+02	3.92467e+00	1.99022e+00	5.69875e+01
3.39875e+01	2.52257e+02	2.38881e+03	9.34411e+02	3.92551e+00	1.99086e+00	5.69657e+01
3.54037e+01	2.52278e+02	2.38793e+03	9.34502e+02	3.92634e+00	1.99150e+00	5.69436e+01
3.68198e+01	2.52300e+02	2.38705e+03	9.34590e+02	3.92717e+00	1.99214e+00	5.69214e+01
3.82360e+01	2.52321e+02	2.38616e+03	9.34678e+02	3.92799e+00	1.99277e+00	5.68990e+01
3.96521e+01	2.52343e+02	2.38528e+03	9.34763e+02	3.92882e+00	1.99341e+00	5.68764e+01
4.10683e+01	2.52365e+02	2.38440e+03	9.34847e+02	3.92964e+00	1.99404e+00	5.68537e+01
4.24844e+01	2.52387e+02	2.38352e+03	9.34929e+02	3.93046e+00	1.99467e+00	5.68307e+01
4.39006e+01	2.52409e+02	2.38264e+03	9.35009e+02	3.93128e+00	1.99530e+00	5.68076e+01
4.53167e+01	2.52431e+02	2.38176e+03	9.35087e+02	3.93210e+00	1.99593e+00	5.67843e+01
4.67329e+01	2.52454e+02	2.38088e+03	9.35163e+02	3.93291e+00	1.99656e+00	5.67608e+01
4.81490e+01	2.52477e+02	2.38000e+03	9.35237e+02	3.93372e+00	1.99719e+00	5.67371e+01
4.95651e+01	2.52500e+02	2.37912e+03	9.35309e+02	3.93453e+00	1.99781e+00	5.67132e+01
5.09813e+01	2.52523e+02	2.37824e+03	9.35378e+02	3.93534e+00	1.99844e+00	5.66892e+01
5.23974e+01	2.52546e+02	2.37736e+03	9.35446e+02	3.93615e+00	1.99906e+00	5.66649e+01
5.38136e+01	2.52570e+02	2.37648e+03	9.35511e+02	3.93695e+00	1.99969e+00	5.66405e+01
5.52297e+01	2.52594e+02	2.37560e+03	9.35574e+02	3.93775e+00	2.00031e+00	5.66158e+01
5.66459e+01	2.52618e+02	2.37473e+03	9.35634e+02	3.93855e+00	2.00093e+00	5.65910e+01
5.80620e+01	2.52642e+02	2.37385e+03	9.35692e+02	3.93935e+00	2.00155e+00	5.65660e+01
5.94782e+01	2.52666e+02	2.37297e+03	9.35748e+02	3.94015e+00	2.00217e+00	5.65407e+01
6.08943e+01	2.52691e+02	2.37210e+03	9.35801e+02	3.94095e+00	2.00278e+00	5.65153e+01
6.23105e+01	2.52716e+02	2.37122e+03	9.35851e+02	3.94174e+00	2.00340e+00	5.64897e+01
6.37266e+01	2.52741e+02	2.37034e+03	9.35899e+02	3.94253e+00	2.00401e+00	5.64638e+01
6.51428e+01	2.52766e+02	2.36947e+03	9.35944e+02	3.94332e+00	2.00463e+00	5.64378e+01
6.65589e+01	2.52792e+02	2.36859e+03	9.35986e+02	3.94411e+00	2.00524e+00	5.64116e+01
6.79751e+01	2.52817e+02	2.36772e+03	9.36025e+02	3.94490e+00	2.00585e+00	5.63851e+01
6.93912e+01	2.52843e+02	2.36684e+03	9.36061e+02	3.94568e+00	2.00646e+00	5.63584e+01
7.08074e+01	2.52870e+02	2.36597e+03	9.36095e+02	3.94646e+00	2.00707e+00	5.63316e+01
7.22235e+01	2.52896e+02	2.36510e+03	9.36125e+02	3.94725e+00	2.00768e+00	5.63045e+01
7.36397e+01	2.52922e+02	2.36422e+03	9.36152e+02	3.94803e+00	2.00829e+00	5.62772e+01
7.50558e+01	2.52949e+02	2.36335e+03	9.36176e+02	3.94880e+00	2.00890e+00	5.62497e+01
7.64719e+01	2.52976e+02	2.36248e+03	9.36197e+02	3.94958e+00	2.00950e+00	5.62220e+01
7.78881e+01	2.53004e+02	2.36160e+03	9.36214e+02	3.95036e+00	2.01011e+00	5.61940e+01
7.93042e+01	2.53031e+02	2.36073e+03	9.36228e+02	3.95113e+00	2.01071e+00	5.61659e+01
8.07204e+01	2.53059e+02	2.35986e+03	9.36238e+02	3.95190e+00	2.01132e+00	5.61375e+01
8.21365e+01	2.53087e+02	2.35899e+03	9.36245e+02	3.95267e+00	2.01192e+00	5.61089e+01
8.35527e+01	2.53115e+02	2.35812e+03	9.36249e+02	3.95344e+00	2.01252e+00	5.60800e+01
8.49688e+01	2.53144e+02	2.35724e+03	9.36248e+02	3.95421e+00	2.01312e+00	5.60510e+01
8.63850e+01	2.53172e+02	2.35637e+03	9.36244e+02	3.95498e+00	2.01372e+00	5.60217e+01
8.78011e+01	2.53201e+02	2.35550e+03	9.36236e+02	3.95574e+00	2.01432e+00	5.59922e+01
8.92173e+01	2.53231e+02	2.35463e+03	9.36224e+02	3.95650e+00	2.01492e+00	5.59624e+01
9.06334e+01	2.53260e+02	2.35376e+03	9.36208e+02	3.95727e+00	2.01552e+00	5.59325e+01
9.20496e+01	2.53290e+02	2.35289e+03	9.36189e+02	3.95803e+00	2.01611e+00	5.59022e+01
9.34657e+01	2.53320e+02	2.35202e+03	9.36165e+02	3.95878e+00	2.01671e+00	5.58718e+01
9.48819e+01	2.53350e+02	2.35116e+03	9.36137e+02	3.95954e+00	2.01730e+00	5.58411e+01
9.62980e+01	2.53380e+02	2.35029e+03	9.36104e+02	3.96030e+00	2.01790e+00	5.58102e+01
9.77142e+01	2.53411e+02	2.34942e+03	9.36068e+02	3.96105e+00	2.01849e+00	5.57790e+01
9.91303e+01	2.53442e+02	2.34855e+03	9.36027e+02	3.96181e+00	2.01908e+00	5.57476e+01
1.00546e+02	2.53474e+02	2.34768e+03	9.35982e+02	3.96256e+00	2.01967e+00	5.57160e+01
1.01963e+02	2.53505e+02	2.34681e+03	9.35932e+02	3.96331e+00	2.02026e+00	5.56841e+01
1.03379e+02	2.53537e+02	2.34595e+03	9.35878e+02	3.96406e+00	2.02085e+00	5.56519e+01
1.04795e+02	2.53569e+02	2.34508e+03	9.35819e+02	3.96481e+00	2.02144e+00	5.56196e+01
1.06211e+02	2.53601e+02	2.34421e+03	9.35756e+02	3.96556e+00	2.02203e+00	5.55869e+01
1.07627e+02	2.53634e+02	2.34335e+03	9.35688e+02	3.96630e+00	2.02262e+00	5.55540e+01
1.09043e+02	2.53667e+02	2.34248e+03	9.35615e+02	3.96705e+00	2.02320e+00	5.55209e+01
1.10459e+02	2.53700e+02	2.34161e+03	9.35537e+02	3.96779e+00	2.02379e+00	5.54875e+01
1.11876e+02	2.53734e+02	2.34075e+03	9.35455e+02	3.96854e+00	2.02438e+00	5.54538e+01
1.13292e+02	2.53768e+02	2.33988e+03	9.35368e+02	3.96928e+00	2.02496e+00	5.54199e+01
1.14708e+02	2.53802e+02	2.33902e+03	9.35276e+02	3.97002e+00	2.02554e+00	5.53857e+01
1.16124e+02	2.53836e+02	2.33815e+03	9.35179e+02	3.97076e+00	2.02613e+00	5.53513e+01
1.17540e+02	2.53871e+02	2.33729e+03	9.35078e+02	3.97150e+00	2.02671e+00	5.53165e+01
1.18956e+02	2.53906e+02	2.33642e+03	9.34971e+02	3.97223e+00	2.02729e+00	5.52816e+01
1.20373e+02	2.53941e+02	2.33556e+03	9.34860e+02	3.97297e+00	2.02787e+00	5.52463e+01
1.21789e+02	2.53976e+02	2.33469e+03	9.34743e+02	3.97370e+00	2.02845e+00	5.52108e+01
1.23205e+02	2.54012e+02	2.33383e+03	9.34622e+02	3.97444e+00	2.02903e+00	5.51750e+01
1.24621e+02	2.54048e+02	2.33296e+03	9.34496e+02	3.97517e+00	2.02961e+00	5.51390e+01
1.26037e+02	2.54085e+02	2.33210e+03	9.34365e+02	3.97590e+00	2.03019e+00	5.51026e+01
1.27453e+02	2.54122e+02	2.33124e+03	9.34229e+02	3.97663e+00	2.03077e+00	5.50660e+01
1.28869e+02	2.54159e+02	2.33037e+03	9.34088e+02	3.97736e+00	2.03134e+00	5.50291e+01
1.30286e+02	2.54196e+02	2.32951e+03	9.33943e+02	3.97809e+00	2.03192e+00	5.49919e+01
1.31702e+02	2.54234e+02	2.32865e+03	9.33793e+02	3.97882e+00	2.03250e+00	5.49545e+01
1.33118e+02	2.54272e+02	2.32778e+03	9.33638e+02	3.97954e+00	2.03307e+00	5.49167e+01
1.34534e+02	2.54311e+02	2.32692e+03	9.33478e+02	3.98027e+00	2.03365e+00	5.48787e+01
1.35950e+02	2.54349e+02	2.32606e+03	9.33315e+02	3.98099e+00	2.03422e+00	5.48404e+01
1.37366e+02	2.54388e+02	2.32520e+03	9.33146e+02	3.98172e+00	2.03479e+00	5.48018e+01
1.38782e+02	2.59943e+02	2.32433e+03	9.32974e+02	3.98398e+00	2.03616e+00	4.96891e+01
1.40199e+02	2.60000e+02	2.32347e+03	9.32797e+02	3.98471e+00	2.03673e+00	4.96400e+01
1.42109e+02	2.60020e+02	2.32245e+03	1.06484e+03	1.59795e+00	0.00000e+00	0.00000e+00
1.44020e+02	2.60041e+02	2.32143e+03	1.06559e+03	1.60189e+00	0.00000e+00	0.00000e+00
1.45931e+02	2.60062e+02	2.32042e+03	1.06633e+03	1.60582e+00	0.00000e+00	0.00000e+00
1.47841e+02	2.60083e+02	2.31940e+03	1.06707e+03	1.60975e+00	0.00000e+00	0.00000e+00
1.49752e+02	2.60105e+02	2.31839e+03	1.06781e+03	1.61368e+00	0.00000e+00	0.00000e+00
1.51663e+02	2.60127e+02	2.31737e+03	1.06854e+03	1.61761e+00	0.00000e+00	0.00000e+00
1.53573e+02	2.60150e+02	2.31636e+03	1.06927e+03	1.62153e+00	0.00000e+00	0.00000e+00
1.55484e+02	2.60173e+02	2.31535e+03	1.06999e+03	1.62544e+00	0.00000e+00	0.00000e+00
1.57395e+02	2.60197e+02	2.31434e+03	1.07072e+03	1.62935e+00	0.00000e+00	0.00000e+00
1.59305e+02	2.60221e+02	2.31333e+03	1.07143e+03	1.63326e+00	0.00000e+00	0.00000e+00
1.61216e+02	2.60245e+02	2.31232e+03	1.07215e+03	1.63716e+00	0.00000e+00	0.00000e+00
1.63127e+02	2.60270e+02	2.31131e+03	1.07286e+03	1.64105e+00	0.00000e+00	0.00000e+00
1.65037e+02	2.60295e+02	2.31031e+03	1.07357e+03	1.64494e+00	0.00000e+00	0.00000e+00
1.66948e+02	2.60321e+02	2.30930e+03	1.07427e+03	1.64883e+00	0.00000e+00	0.00000e+00
1.68859e+02	2.60347e+02	2.30830e+03	1.07497e+03	1.65270e+00	0.00000e+00	0.00000e+00
1.70769e+02	2.60373e+02	2.30730e+03	1.07567e+03	1.65658e+00	0.00000e+00	0.00000e+00
1.72680e+02	2.60400e+02	2.30629e+03	1.07637e+03	1.66044e+00	0.00000e+00	0.00000e+00
1.74591e+02	2.60427e+02	2.30529e+03	1.07706e+03	1.66430e+00	0.00000e+00	0.00000e+00
1.76501e+02	2.60455e+02	2.30429e+03	1.07775e+03	1.66815e+00	0.00000e+00	0.00000e+00
1.78412e+02	2.60483e+02	2.30329e+03	1.07843e+03	1.67199e+00	0.00000e+00	0.00000e+00
1.80323e+02	2.60511e+02	2.30230e+03	1.07911e+03	1.67583e+00	0.00000e+00	0.00000e+00
1.82233e+02	2.60539e+02	2.30130e+03	1.07979e+03	1.67966e+00	0.00000e+00	0.00000e+00
1.84144e+02	2.60568e+02	2.30030e+03	1.08047e+03	1.68349e+00	0.00000e+00	0.00000e+00
1.86055e+02	2.60597e+02	2.29931e+03	1.08114e+03	1.68730e+00	0.00000e+00	0.00000e+00
1.87965e+02	2.60627e+02	2.29831e+03	1.08181e+03	1.69111e+00	0.00000e+00	0.00000e+00
1.89876e+02	2.60657e+02	2.29732e+03	1.08248e+03	1.69491e+00	0.00000e+00	0.00000e+00
1.91787e+02	2.60687e+02	2.29633e+03	1.08314e+03	1.69871e+00	0.00000e+00	0.00000e+00
1.93697e+02	2.60717e+02	2.29534e+03	1.08380e+03	1.70249e+00	0.00000e+00	0.00000e+00
1.95608e+02	2.60748e+02	2.29434e+03	1.08446e+03	1.70627e+00	0.00000e+00	0.00000e+00
1.97519e+02	2.60779e+02	2.29336e+03	1.08511e+03	1.71005e+00	0.00000e+00	0.00000e+00
1.99429e+02	2.60811e+02	2.29237e+03	1.08577e+03	1.71381e+00	0.00000e+00	0.00000e+00
2.01340e+02	2.60842e+02	2.29138e+03	1.08642e+03	1.71757e+00	0.00000e+00	0.00000e+00
2.03251e+02	2.60874e+02	2.29039e+03	1.08706e+03	1.72131e+00	0.00000e+00	0.00000e+00
2.05161e+02	2.60907e+02	2.28941e+03	1.08771e+03	1.72505e+00	0.00000e+00	0.00000e+00
2.07072e+02	2.60939e+02	2.28842e+03	1.08835e+03	1.72879e+00	0.00000e+00	0.00000e+00
2.08983e+02	2.60972e+02	2.28744e+03	1.08898e+03	1.73251e+00	0.00000e+00	0.00000e+00
2.10893e+02	2.61005e+02	2.28646e+03	1.08962e+03	1.73623e+00	0.00000e+00	0.00000e+00
2.12804e+02	2.61039e+02	2.28547e+03	1.09025e+03	1.73994e+00	0.00000e+00	0.00000e+00
2.14715e+02	2.61072e+02	2.28449e+03	1.09088e+03	1.74363e+00	0.00000e+00	0.00000e+00
2.16625e+02	2.61106e+02	2.28351e+03	1.09151e+03	1.74732e+00	0.00000e+00	0.00000e+00
2.18536e+02	2.61141e+02	2.28253e+03	1.09213e+03	1.75101e+00	0.00000e+00	0.00000e+00
2.20447e+02	2.61175e+02	2.28155e+03	1.09276e+03	1.75468e+00	0.00000e+00	0.00000e+00
2.22357e+02	2.61210e+02	2.28058e+03	1.09337e+03	1.75834e+00	0.00000e+00	0.00000e+00
2.24268e+02	2.61245e+02	2.27960e+03	1.09399e+03	1.76198e+00	0.00000e+00	0.00000e+00
2.26179e+02	2.61280e+02	2.27862e+03	1.09461e+03	1.76562e+00	0.00000e+00	0.00000e+00
2.28089e+02	2.61316e+02	2.27765e+03	1.09522e+03	1.76924e+00	0.00000e+00	0.00000e+00
2.30000e+02	2.61351e+02	2.27668e+03	1.09583e+03	1.77285e+00	0.00000e+00	0.00000e+00
2.31911e+02	2.61387e+02	2.27570e+03	1.09643e+03	1.77645e+00	0.00000e+00	0.00000e+00
2.33821e+02	2.61424e+02	2.27473e+03	1.09704e+03	1.78003e+00	0.00000e+00	0.00000e+00
2.35732e+02	2.61460e+02	2.27376e+03	1.09764e+03	1.78359e+00	0.00000e+00	0.00000e+00
2.37643e+02	2.61497e+02	2.27279e+03	1.09824e+03	1.78714e+00	0.00000e+00	0.00000e+00
2.39553e+02	2.61534e+02	2.27182e+03	1.09884e+03	1.79067e+00	0.00000e+00	0.00000e+00
2.41464e+02	2.61571e+02	2.27085e+03	1.09943e+03	1.79419e+00	0.00000e+00	0.00000e+00
2.43375e+02	2.61608e+02	2.26988e+03	1.10002e+03	1.79770e+00	0.00000e+00	0.00000e+00
2.45285e+02	2.61646e+02	2.26892e+03	1.10061e+03	1.80119e+00	0.00000e+00	0.00000e+00
2.47196e+02	2.61684e+02	2.26795e+03	1.10120e+03	1.80466e+00	0.00000e+00	0.00000e+00
2.49107e+02	2.61722e+02	2.26699e+03	1.10179e+03	1.80813e+00	0.00000e+00	0.00000e+00
2.51017e+02	2.61760e+02	2.26602e+03	1.10237e+03	1.81158e+00	0.00000e+00	0.00000e+00
2.52928e+02	2.61798e+02	2.26506e+03	1.10295e+03	1.81502e+00	0.00000e+00	0.00000e+00
2.54839e+02	2.61837e+02	2.26409e+03	1.10353e+03	1.81845e+00	0.00000e+00	0.00000e+00
2.56749e+02	2.61876e+02	2.26313e+03	1.10411e+03	1.82187e+00	0.00000e+00	0.00000e+00
2.58660e+02	2.61915e+02	2.26217e+03	1.10468e+03	1.82528e+00	0.00000e+00	0.00000e+00
2.60571e+02	2.61954e+02	2.26121e+03	1.10526e+03	1.82867e+00	0.00000e+00	0.00000e+00
2.62481e+02	2.61994e+02	2.26025e+03	1.10583e+03	1.83206e+00	0.00000e+00	0.00000e+00
2.64392e+02	2.62033e+02	2.25929e+03	1.10640e+03	1.83543e+00	0.00000e+00	0.00000e+00
2.66303e+02	2.62073e+02	2.25834e+03	1.10696e+03	1.83879e+00	0.00000e+00	0.00000e+00
2.68213e+02	2.62113e+02	2.25738e+03	1.10753e+03	1.84215e+00	0.00000e+00	0.00000e+00
2.70124e+02	2.62153e+02	2.25642e+03	1.10809e+03	1.84549e+00	0.00000e+00	0.00000e+00
2.72035e+02	2.62194e+02	2.25547e+03	1.10865e+03	1.84882e+00	0.00000e+00	0.00000e+00
2.73945e+02	2.62234e+02	2.25451e+03	1.10921e+03	1.85214e+00	0.00000e+00	0.00000e+00
2.75856e+02	2.62275e+02	2.25356e+03	1.10976e+03	1.85545e+00	0.00000e+00	0.00000e+00
2.77767e+02	2.62316e+02	2.25261e+03	1.11032e+03	1.85874e+00	0.00000e+00	0.00000e+00
2.79677e+02	2.62357e+02	2.25166e+03	1.11087e+03	1.86203e+00	0.00000e+00	0.00000e+00
2.81588e+02	2.62398e+02	2.25071e+03	1.11142e+03	1.86531e+00	0.00000e+00	0.00000e+00
2.83499e+02	2.62439e+02	2.24975e+03	1.11197e+03	1.86858e+00	0.00000e+00	0.00000e+00
2.85409e+02	2.62481e+02	2.24881e+03	1.11251e+03	1.87183e+00	0.00000e+00	0.00000e+00
2.87320e+02	2.62523e+02	2.24786e+03	1.11306e+03	1.87508e+00	0.00000e+00	0.00000e+00
2.89231e+02	2.62565e+02	2.24691e+03	1.11360e+03	1.87832e+00	0.00000e+00	0.00000e+00
2.91141e+02	2.62607e+02	2.24596e+03	1.11414e+03	1.88155e+00	0.00000e+00	0.00000e+00
2.93052e+02	2.62649e+02	2.24502e+03	1.11468e+03	1.88478e+00	0.00000e+00	0.00000e+00
2.94963e+02	2.62691e+02	2.24407e+03	1.11522e+03	1.88800e+00	0.00000e+00	0.00000e+00
2.96873e+02	2.62734e+02	2.24313e+03	1.11575e+03	1.89121e+00	0.00000e+00	0.00000e+00
2.98784e+02	2.62777e+02	2.24218e+03	1.11629e+03	1.89443e+00	0.00000e+00	0.00000e+00
3.00695e+02	2.62820e+02	2.24124e+03	1.11682e+03	1.89764e+00	0.00000e+00	0.00000e+00
3.02606e+02	2.62863e+02	2.24030e+03	1.11735e+03	1.90085e+00	0.00000e+00	0.00000e+00
3.04516e+02	2.62906e+02	2.23935e+03	1.11788e+03	1.90406e+00	0.00000e+00	0.00000e+00
3.06427e+02	2.62949e+02	2.23841e+03	1.11840e+03	1.90727e+00	0.00000e+00	0.00000e+00
3.08338e+02	2.62993e+02	2.23747e+03	1.11893e+03	1.91047e+00	0.00000e+00	0.00000e+00
3.10248e+02	2.63036e+02	2.23653e+03	1.11945e+03	1.91366e+00	0.00000e+00	0.00000e+00
3.12159e+02	2.63080e+02	2.23560e+03	1.11997e+03	1.91685e+00	0.00000e+00	0.00000e+00
3.14070e+02	2.63124e+02	2.23466e+03	1.12049e+03	1.92004e+00	0.00000e+00	0.00000e+00
3.15980e+02	2.63168e+02	2.23372e+03	1.12101e+03	1.92321e+00	0.00000e+00	0.00000e+00
3.17891e+02	2.63212e+02	2.23279e+03	1.12152e+03	1.92638e+00	0.00000e+00	0.00000e+00
3.19802e+02	2.63257e+02	2.23185e+03	1.12204e+03	1.92954e+00	0.00000e+00	0.00000e+00
3.21712e+02	2.63301e+02	2.23092e+03	1.12255e+03	1.93268e+00	0.00000e+00	0.00000e+00
3.23623e+02	2.63346e+02	2.22998e+03	1.12306e+03	1.93582e+00	0.00000e+00	0.00000e+00
3.25534e+02	2.63390e+02	2.22905e+03	1.12357e+03	1.93894e+00	0.00000e+00	0.00000e+00
3.27444e+02	2.63435e+02	2.22812e+03	1.12408e+03	1.94205e+00	0.00000e+00	0.00000e+00
3.29355e+02	2.63480e+02	2.22718e+03	1.12458e+03	1.94515e+00	0.00000e+00	0.00000e+00
3.31266e+02	2.63525e+02	2.22625e+03	1.12509e+03	1.94825e+00	0.00000e+00	0.00000e+00
3.33176e+02	2.63571e+02	2.22532e+03	1.12559e+03	1.95133e+00	0.00000e+00	0.00000e+00
3.35087e+02	2.63616e+02	2.22439e+03	1.12609e+03	1.95439e+00	0.00000e+00	0.00000e+00
3.36998e+02	2.63662e+02	2.22347e+03	1.12659e+03	1.95745e+00	0.00000e+00	0.00000e+00
3.38908e+02	2.63707e+02	2.22254e+03	1.12709e+03	1.96050e+00	0.00000e+00	0.00000e+00
3.40819e+02	2.63753e+02	2.22161e+03	1.12759e+03	1.96353e+00	0.00000e+00	0.00000e+00
3.42730e+02	2.63799e+02	2.22068e+03	1.12808e+03	1.96656e+00	0.00000e+00	0.00000e+00
3.44640e+02	2.63845e+02	2.21976e+03	1.12857e+03	1.96957e+00	0.00000e+00	0.00000e+00
3.46551e+02	2.63891e+02	2.21883e+03	1.12907e+03	1.97257e+00	0.00000e+00	0.00000e+00
3.48462e+02	2.63937e+02	2.21791e+03	1.12956e+03	1.97556e+00	0.00000e+00	0.00000e+00
3.50372e+02	2.63983e+02	2.21699e+03	1.13005e+03	1.97854e+00	0.00000e+00	0.00000e+00
3.52283e+02	2.64030e+02	2.21606e+03	1.13053e+03	1.98151e+00	0.00000e+00	0.00000e+00
3.54194e+02	2.64076e+02	2.21514e+03	1.13102e+03	1.98446e+00	0.00000e+00	0.00000e+00
3.56104e+02	2.64123e+02	2.21422e+03	1.13150e+03	1.98740e+00	0.00000e+00	0.00000e+00
3.58015e+02	2.64170e+02	2.21330e+03	1.13199e+03	1.99034e+00	0.00000e+00	0.00000e+00
3.59926e+02	2.64217e+02	2.21238e+03	1.13247e+03	1.99326e+00	0.00000e+00	0.00000e+00
3.61836e+02	2.64264e+02	2.21146e+03	1.13295e+03	1.99617e+00	0.00000e+00	0.00000e+00
3.63747e+02	2.64311e+02	2.21054e+03	1.13343e+03	1.99907e+00	0.00000e+00	0.00000e+00
3.65658e+02	2.64358e+02	2.20962e+03	1.13391e+03	2.00196e+00	0.00000e+00	0.00000e+00
3.67568e+02	2.64405e+02	2.20871e+03	1.13438e+03	2.00484e+00	0.00000e+00	0.00000e+00
3.69479e+02	2.64453e+02	2.20779e+03	1.13486e+03	2.00771e+00	0.00000e+00	0.00000e+00
3.71390e+02	2.64500e+02	2.20687e+03	1.13533e+03	2.01057e+00	0.00000e+00	0.00000e+00
3.73300e+02	2.64548e+02	2.20596e+03	1.13580e+03	2.01341e+00	0.00000e+00	0.00000e+00
3.75211e+02	2.64595e+02	2.20504e+03	1.13628e+03	2.01625e+00	0.00000e+00	0.00000e+00
3.77122e+02	2.64643e+02	2.20413e+03	1.13674e+03	2.01908e+00	0.00000e+00	0.00000e+00
3.79032e+02	2.64691e+02	2.20322e+03	1.13721e+03	2.02189e+00	0.00000e+00	0.00000e+00
3.80943e+02	2.64739e+02	2.20231e+03	1.13768e+03	2.02470e+00	0.00000e+00	0.00000e+00
3.82854e+02	2.64787e+02	2.20139e+03	1.13815e+03	2.02750e+00	0.00000e+00	0.00000e+00
3.84764e+02	2.64835e+02	2.20048e+03	1.13861e+03	2.03029e+00	0.00000e+00	0.00000e+00
3.86675e+02	2.64883e+02	2.19957e+03	1.13907e+03	2.03307e+00	0.00000e+00	0.00000e+00
3.88586e+02	2.64932e+02	2.19866e+03	1.13954e+03	2.03584e+00	0.00000e+00	0.00000e+00
3.90496e+02	2.64980e+02	2.19776e+03	1.14000e+03	2.03860e+00	0.00000e+00	0.00000e+00
3.92407e+02	2.65029e+02	2.19685e+03	1.14046e+03	2.04136e+00	0.00000e+00	0.00000e+00
3.94318e+02	2.65077e+02	2.19594e+03	1.14091e+03	2.04410e+00	0.00000e+00	0.00000e+00
3.96228e+02	2.65126e+02	2.19503e+03	1.14137e+03	2.04684e+00	0.00000e+00	0.00000e+00
3.98139e+02	2.65175e+02	2.19413e+03	1.14183e+03	2.04957e+00	0.00000e+00	0.00000e+00
4.00050e+02	2.65224e+02	2.19322e+03	1.14228e+03	2.05229e+00	0.00000e+00	0.00000e+00
4.01960e+02	2.65273e+02	2.19232e+03	1.14273e+03	2.05500e+00	0.00000e+00	0.00000e+00
4.03871e+02	2.65322e+02	2.19141e+03	1.14319e+03	2.05771e+00	0.00000e+00	0.00000e+00
4.05782e+02	2.65371e+02	2.19051e+03	1.14364e+03	2.06041e+00	0.00000e+00	0.00000e+00
4.07692e+02	2.65420e+02	2.18961e+03	1.14409e+03	2.06310e+00	0.00000e+00	0.00000e+00
4.09603e+02	2.65469e+02	2.18871e+03	1.14454e+03	2.06579e+00	0.00000e+00	0.00000e+00
4.11514e+02	2.65518e+02	2.18781e+03	1.14498e+03	2.06847e+00	0.00000e+00	0.00000e+00
4.13424e+02	2.65568e+02	2.18691e+03	1.14543e+03	2.07115e+00	0.00000e+00	0.00000e+00
4.15335e+02	2.65617e+02	2.18601e+03	1.14587e+03	2.07382e+00	0.00000e+00	0.00000e+00
4.17246e+02	2.65667e+02	2.18511e+03	1.14632e+03	2.07649e+00	0.00000e+00	0.00000e+00
4.19156e+02	2.65716e+02	2.18421e+03	1.14676e+03	2.07916e+00	0.00000e+00	0.00000e+00
4.21067e+02	2.65766e+02	2.18331e+03	1.14720e+03	2.08182e+00	0.00000e+00	0.00000e+00
4.22978e+02	2.65816e+02	2.18241e+03	1.14764e+03	2.08447e+00	0.00000e+00	0.00000e+00
4.24888e+02	2.65866e+02	2.18152e+03	1.14808e+03	2.08712e+00	0.00000e+00	0.00000e+00
4.26799e+02	2.65916e+02	2.18062e+03	1.14852e+03	2.08977e+00	0.00000e+00	0.00000e+00
4.28710e+02	2.65966e+02	2.17973e+03	1.14896e+03	2.09241e+00	0.00000e+00	0.00000e+00
4.30620e+02	2.66016e+02	2.17883e+03	1.14939e+03	2.09505e+00	0.00000e+00	0.00000e+00
4.32531e+02	2.66066e+02	2.17794e+03	1.14983e+03	2.09768e+00	0.00000e+00	0.00000e+00
4.34442e+02	2.66116e+02	2.17704e+03	1.15026e+03	2.10031e+00	0.00000e+00	0.00000e+00
4.36352e+02	2.66167e+02	2.17615e+03	1.15070e+03	2.10293e+00	0.00000e+00	0.00000e+00
4.38263e+02	2.66217e+02	2.17526e+03	1.15113e+03	2.10555e+00	0.00000e+00	0.00000e+00
4.40174e+02	2.66267e+02	2.17437e+03	1.15156e+03	2.10816e+00	0.00000e+00	0.00000e+00
4.42084e+02	2.66318e+02	2.17348e+03	1.15199e+03	2.11077e+00	0.00000e+00	0.00000e+00
4.43995e+02	2.66368e+02	2.17259e+03	1.15242e+03	2.11337e+00	0.00000e+00	0.00000e+00
4.45906e+02	2.66419e+02	2.17170e+03	1.15284e+03	2.11597e+00	0.00000e+00	0.00000e+00
4.47816e+02	2.66470e+02	2.17081e+03	1.15327e+03	2.11857e+00	0.00000e+00	0.00000e+00
4.49727e+02	2.66521e+02	2.16992e+03	1.15370e+03	2.12116e+00	0.00000e+00	0.00000e+00
4.51638e+02	2.66571e+02	2.16903e+03	1.15412e+03	2.12374e+00	0.00000e+00	0.00000e+00
4.53548e+02	2.66622e+02	2.16815e+03	1.15454e+03	2.12632e+00	0.00000e+00	0.00000e+00
4.55459e+02	2.66673e+02	2.16726e+03	1.15497e+03	2.12889e+00	0.00000e+00	0.00000e+00
4.57370e+02	2.66724e+02	2.16638e+03	3.51964e+03	4.56208e+00	2.60063e+00	8.87898e+13
6.24971e+02	2.80687e+02	2.14089e+03	3.51964e+03	4.56815e+00	2.60135e+00	2.75500e+13
7.89758e+02	2.94484e+02	2.11540e+03	3.52331e+03	8.00460e+00	4.55355e+00	9.58982e+12
9.51879e+02	3.08116e+02	2.08992e+03	3.52691e+03	8.01455e+00	4.55461e+00	3.68349e+12
1.11130e+03	3.21582e+02	2.06443e+03	3.53039e+03	8.02410e+00	4.55552e+00	1.53979e+12
1.26797e+03	3.34884e+02	2.03894e+03	3.53378e+03	8.03332e+00	4.55633e+00	6.92608e+11
1.42186e+03	3.48020e+02	2.01346e+03	3.53707e+03	8.04221e+00	4.55704e+00	3.32091e+11
1.57292e+03	3.60991e+02	1.98797e+03	3.54028e+03	8.05077e+00	4.55765e+00	1.68408e+11
1.72111e+03	3.73797e+02	1.96248e+03	3.54339e+03	8.05900e+00	4.55816e+00	8.97299e+10
1.86638e+03	3.86437e+02	1.93700e+03	3.54641e+03	8.06693e+00	4.55858e+00	4.99518e+10
2.00870e+03	3.98912e+02	1.91151e+03	3.54934e+03	8.16828e+00	4.63492e+00	2.89154e+10
2.14801e+03	4.11222e+02	1.88602e+03	3.58428e+03	8.24070e+00	4.68774e+00	1.73337e+10
2.28549e+03	4.23367e+02	1.86053e+03	3.60926e+03	8.24776e+00	4.68767e+00	1.07431e+10
2.42061e+03	4.35347e+02	1.83505e+03	3.61188e+03	8.25462e+00	4.68756e+00	6.85630e+09
2.55240e+03	4.47161e+02	1.80956e+03	3.61444e+03	8.28130e+00	4.69898e+00	4.48745e+09
2.68083e+03	4.58810e+02	1.78407e+03	3.61856e+03	8.43549e+00	4.78394e+00	3.00508e+09
2.80586e+03	4.70294e+02	1.75859e+03	3.63305e+03	8.44123e+00	4.78340e+00	2.05498e+09
2.92781e+03	4.81612e+02	1.73310e+03	3.63529e+03	8.44671e+00	4.78281e+00	1.43306e+09
3.04614e+03	4.92766e+02	1.70761e+03	3.63745e+03	8.45190e+00	4.78216e+00	1.01687e+09
3.16079e+03	5.03754e+02	1.68213e+03	3.63953e+03	8.45681e+00	4.78146e+00	7.33159e+08
3.27169e+03	5.14577e+02	1.65664e+03	3.64151e+03	8.46143e+00	4.78070e+00	5.36426e+08
3.37875e+03	5.25234e+02	1.63115e+03	3.64341e+03	8.46575e+00	4.77988e+00	3.97835e+08
3.48191e+03	5.35727e+02	1.60567e+03	3.64521e+03	8.46979e+00	4.77901e+00	2.98767e+08
3.58107e+03	5.46054e+02	1.58018e+03	3.64693e+03	8.47351e+00	4.77808e+00	2.26981e+08
3.67615e+03	5.56216e+02	1.55469e+03	3.64855e+03	8.47694e+00	4.77709e+00	1.74304e+08
3.76704e+03	5.66213e+02	1.52921e+03	3.65008e+03	8.48005e+00	4.77605e+00	1.35191e+08
3.85366e+03	5.76044e+02	1.50372e+03	3.65151e+03	8.48286e+00	4.77494e+00	1.05828e+08
3.93588e+03	5.85710e+02	1.47823e+03	3.65285e+03	8.48534e+00	4.77378e+00	8.35563e+07
4.01361e+03	5.95211e+02	1.45275e+03	3.65408e+03	8.48750e+00	4.77255e+00	6.65003e+07
4.08671e+03	6.04547e+02	1.42726e+03	3.65522e+03	8.48933e+00	4.77127e+00	5.33197e+07
4.15507e+03	6.13718e+02	1.40177e+03	3.65625e+03	8.49080e+00	4.76991e+00	4.30469e+07
4.21854e+03	6.22723e+02	1.37629e+03	3.65717e+03	8.49193e+00	4.76850e+00	3.49760e+07
4.27698e+03	6.31563e+02	1.35080e+03	3.65798e+03	8.49268e+00	4.76700e+00	2.85871e+07
4.33024e+03	6.40238e+02	1.32531e+03	3.65868e+03	8.49307e+00	4.76544e+00	2.34936e+07
4.37814e+03	6.48747e+02	1.29983e+03	3.65927e+03	8.49307e+00	4.76380e+00	1.94053e+07
4.42051e+03	6.57092e+02	1.27434e+03	3.65973e+03	8.49266e+00	4.76209e+00	1.61029e+07
4.45716e+03	6.65271e+02	1.24885e+03	3.66007e+03	8.49183e+00	4.76028e+00	1.34193e+07
4.48787e+03	6.73285e+02	1.22337e+03	3.66028e+03	8.49057e+00	4.75839e+00	1.12261e+07
4.51244e+03	6.81134e+02	1.19788e+03	3.66036e+03	8.48884e+00	4.75641e+00	9.42384e+06
4.53060e+03	6.88817e+02	1.17239e+03	3.66030e+03	8.48664e+00	4.75433e+00	7.93528e+06
4.54210e+03	6.96335e+02	1.14691e+03	3.66009e+03	8.48395e+00	4.75215e+00	6.69983e+06
4.54666e+03	7.03688e+02	1.12142e+03	3.65973e+03	8.48073e+00	4.74985e+00	5.66971e+06
4.54397e+03	7.10876e+02	1.09593e+03	3.65922e+03	8.47696e+00	4.74745e+00	4.80704e+06
4.53368e+03	7.17898e+02	1.07044e+03	3.65853e+03	8.47259e+00	4.74490e+00	4.08162e+06
4.51543e+03	7.24756e+02	1.04496e+03	3.65767e+03	8.46761e+00	4.74223e+00	3.46924e+06
4.48882e+03	7.31448e+02	1.01947e+03	3.65662e+03	8.46197e+00	4.73942e+00	2.95040e+06
4.45340e+03	7.37974e+02	9.93984e+02	3.65538e+03	8.45563e+00	4.73644e+00	2.50935e+06
4.40868e+03	7.44336e+02	9.68498e+02	3.65393e+03	8.44856e+00	4.73331e+00	2.13324e+06
4.35413e+03	7.50532e+02	9.43011e+02	3.65226e+03	8.44066e+00	4.72998e+00	1.81163e+06
4.28915e+03	7.56563e+02	9.17524e+02	3.65034e+03	8.43192e+00	4.72646e+00	1.53594e+06
4.21308e+03	7.62429e+02	8.92037e+02	3.64818e+03	8.42225e+00	4.72273e+00	1.29912e+06
4.12518e+03	7.68130e+02	8.66551e+02	3.64574e+03	8.41157e+00	4.71875e+00	1.09537e+06
4.02464e+03	7.73665e+02	8.41064e+02	3.64301e+03	8.39980e+00	4.71453e+00	9.19879e+05
3.91054e+03	7.79035e+02	8.15577e+02	3.63997e+03	8.38684e+00	4.71002e+00	7.68653e+05
3.78185e+03	7.84240e+02	7.90090e+02	3.63657e+03	8.37258e+00	4.70519e+00	6.38374e+05
3.63740e+03	7.89280e+02	7.64603e+02	3.63280e+03	8.27258e+00	4.65233e+00	5.26271e+05
3.47588e+03	7.94154e+02	7.39117e+02	3.62147e+03	8.17577e+00	4.60173e+00	4.30023e+05
3.29616e+03	7.98863e+02	7.13630e+02	3.61002e+03	7.99286e+00	4.46818e+00	3.47772e+05
3.09660e+03	8.03407e+02	6.88143e+02	3.55162e+03	7.97109e+00	4.46103e+00	2.77830e+05
2.87821e+03	8.07786e+02	6.62656e+02	3.54569e+03	7.94737e+00	4.45335e+00	2.19237e+05
2.63596e+03	8.12000e+02	6.37170e+02	3.53920e+03	7.92112e+00	4.44496e+00	1.70064e+05
2.36731e+03	8.16048e+02	6.11683e+02	3.53200e+03	7.89201e+00	4.43579e+00	1.29262e+05
2.06931e+03	8.19931e+02	5.86196e+02	3.52399e+03	7.85960e+00	4.42570e+00	9.58971e+04
1.73849e+03	8.23649e+02	5.60709e+02	3.51506e+03	7.82342e+00	4.41457e+00	6.91149e+04
1.37076e+03	8.27201e+02	5.35222e+02	3.50508e+03	7.78283e+00	4.40222e+00	4.81141e+04
9.61293e+02	8.30588e+02	5.09736e+02	3.49389e+03	7.49057e+00	4.23561e+00	3.21237e+04
5.04285e+02	8.33811e+02	4.84249e+02	3.39178e+03	7.43858e+00	4.21870e+00	2.03886e+04
5.90252e+00	8.36867e+02	4.58762e+02	3.37631e+03	7.30932e+00	4.14024e+00	1.23186e+04
-5.53451e+02	8.39759e+02	4.33275e+02	3.29175e+03	7.31365e+00	4.15577e+00	6.91918e+03
-1.17126e+03	8.42485e+02	4.07788e+02	3.28577e+03	7.31954e+00	4.17401e+00	3.59686e+03
-1.87370e+03	8.45047e+02	3.82302e+02	3.27967e+03	7.32736e+00	4.19582e+00	1.66962e+03
-2.67772e+03	8.47442e+02	3.56815e+02	3.27325e+03	7.33739e+00	4.22183e+00	6.70502e+02
-3.60516e+03	8.49673e+02	3.31328e+02	3.26637e+03	7.35002e+00	4.25285e+00	2.23082e+02
-4.68480e+03	8.51739e+02	3.05841e+02	3.25891e+03	7.35818e+00	4.28616e+00	5.78700e+01
-5.95528e+03	8.53639e+02	2.80355e+02	3.24691e+03	7.36516e+00	4.32447e+00	1.07267e+01
-7.46799e+03	8.55374e+02	2.54868e+02	3.23142e+03	7.37224e+00	4.36988e+00	1.25166e+00
-9.29593e+03	8.56943e+02	2.29381e+02	3.21229e+03	7.37973e+00	4.42459e+00	7.57181e-02
-1.15456e+04	8.58348e+02	2.03894e+02	3.18859e+03	7.38808e+00	4.49181e+00	1.74326e-03
-1.43782e+04	8.59587e+02	1.78407e+02	3.15892e+03	7.39799e+00	4.57640e+00	9.11325e-06
-1.80497e+04	8.60661e+02	1.52921e+02	3.12120e+03	7.41057e+00	4.68609e+00	4.32039e-09
-2.29937e+04	8.61570e+02	1.27434e+02	3.07211e+03	7.42772e+00	4.83396e+00	3.17954e-14
-3.00074e+04	8.62314e+02	1.01947e+02	3.00603e+03	7.45293e+00	5.04408e+00	8.37941e-23
-4.07370e+04	8.62892e+02	7.64603e+01	2.91265e+03	7.49342e+00	5.36614e+00	7.07495e-39
-5.92259e+04	8.63305e+02	5.09736e+01	2.77067e+03	7.56693e+00	5.92220e+00	5.99169e-75
-9.88050e+04	8.63553e+02	2.54868e+01	2.52777e+03	7.73192e+00	7.11466e+00	8.24860e-188
-2.43251e+05	NaN	0.00000e+00	2.01146e+03	NaN	NaN	NaN
-2.43251e+05	NaN	0.00000e+00	8.00000e+03	NaN	NaN	1.00000e+04
NaN	NaN	0.00000e+00	NaN	NaN	NaN	1.00000e+04
NaN	NaN	0.00000e+00	NaN	NaN	NaN	1.00000e+04
NaN	NaN	0.00000e+00	NaN	NaN	NaN	1.00000e+04
NaN	NaN	0.00000e+00	NaN	NaN	NaN	1.00000e+04
NaN	NaN	0.00000e+00	NaN	NaN	NaN	1.00000e+04
NaN	NaN	0.00000e+00	NaN	NaN	NaN	1.00000e+04
NaN	NaN	0.00000e+00	NaN	NaN	NaN	1.00000e+04
NaN	NaN	0.00000e+00	NaN	NaN	NaN	1.00000e+04
NaN	NaN	0.00000e+00	NaN	NaN	NaN	1.00000e+04
