   0.0000000e+00   1.1000000e+02   2.4103000e+03   9.3228285e+02   3.9798936e+00   1.9655294e+00   2.7451649e+04
   5.8382886e+00   1.9909059e+02   2.4059146e+03   9.3228285e+02   3.9914019e+00   1.9712129e+00   2.1861546e+02
   1.1676577e+01   1.9912691e+02   2.4022415e+03   9.3269701e+02   3.9900261e+00   1.9705334e+00   2.1837768e+02
   1.7514866e+01   1.9916488e+02   2.3985751e+03   9.3308293e+02   3.9886531e+00   1.9698554e+00   2.1812942e+02
   2.3353155e+01   1.9920458e+02   2.3949152e+03   9.3343610e+02   3.9872844e+00   1.9691794e+00   2.1787025e+02
   2.9191443e+01   1.9924610e+02   2.3912617e+03   9.3375148e+02   3.9859214e+00   1.9685063e+00   2.1759971e+02
   3.5029732e+01   1.9928950e+02   2.3876146e+03   9.3402347e+02   3.9845656e+00   1.9678367e+00   2.1731730e+02
   4.0868020e+01   1.9933489e+02   2.3839735e+03   9.3424582e+02   3.9832184e+00   1.9671714e+00   2.1702254e+02
   4.6706309e+01   1.9938235e+02   2.3803384e+03   9.3441163e+02   3.9818812e+00   1.9665109e+00   2.1671490e+02
   5.2544598e+01   1.9943197e+02   2.3767090e+03   9.3451330e+02   3.9805552e+00   1.9658561e+00   2.1639386e+02
   5.8382886e+01   1.9948385e+02   2.3730851e+03   9.3454264e+02   3.9792419e+00   1.9652075e+00   2.1605884e+02
   6.4221175e+01   1.9953810e+02   2.3694664e+03   9.3449086e+02   3.9779423e+00   1.9645657e+00   2.1570928e+02
   7.0059464e+01   1.9959483e+02   2.3658525e+03   9.3434883e+02   3.9766578e+00   1.9639313e+00   2.1534457e+02
   7.5897752e+01   1.9965415e+02   2.3622433e+03   9.3410736e+02   3.9753895e+00   1.9633049e+00   2.1496410e+02
   8.1736041e+01   1.9971618e+02   2.3586382e+03   9.3375765e+02   3.9741385e+00   1.9626871e+00   2.1456721e+02
   8.7574330e+01   1.9978104e+02   2.3550370e+03   9.3329194e+02   3.9729057e+00   1.9620783e+00   2.1415325e+02
   9.3412618e+01   1.9984886e+02   2.3514391e+03   9.3270442e+02   3.9716921e+00   1.9614789e+00   2.1372152e+02
   9.9250907e+01   1.9991978e+02   2.3478441e+03   9.3199226e+02   3.9704987e+00   1.9608895e+00   2.1327131e+02
   1.0508920e+02   1.9999394e+02   2.3442515e+03   9.3115690e+02   3.9693262e+00   1.9603105e+00   2.1280188e+02
   1.1092748e+02   2.6000000e+02   2.3406610e+03   9.3020527e+02   3.9833987e+00   1.9672604e+00   5.4023129e+01
   1.1468098e+02   2.6000000e+02   2.3388838e+03   1.2076815e+03   1.7991111e+00   0.0000000e+00   0.0000000e+00
   1.1843447e+02   2.6000000e+02   2.3371091e+03   1.2088380e+03   1.8056031e+00   0.0000000e+00   0.0000000e+00
   1.2218797e+02   2.6000000e+02   2.3353370e+03   1.2099866e+03   1.8120386e+00   0.0000000e+00   0.0000000e+00
   1.2594146e+02   2.6000000e+02   2.3335675e+03   1.2111273e+03   1.8184210e+00   0.0000000e+00   0.0000000e+00
   1.2969496e+02   2.6000000e+02   2.3318004e+03   1.2122603e+03   1.8247522e+00   0.0000000e+00   0.0000000e+00
   1.3344845e+02   2.6000000e+02   2.3300359e+03   1.2133857e+03   1.8310341e+00   0.0000000e+00   0.0000000e+00
   1.3720195e+02   2.6000000e+02   2.3282738e+03   1.2145038e+03   1.8372676e+00   0.0000000e+00   0.0000000e+00
   1.4095544e+02   2.6000000e+02   2.3265142e+03   1.2156146e+03   1.8434534e+00   0.0000000e+00   0.0000000e+00
   1.4470893e+02   2.6000000e+02   2.3247571e+03   1.2167182e+03   1.8495923e+00   0.0000000e+00   0.0000000e+00
   1.4846243e+02   2.6000000e+02   2.3230024e+03   1.2178147e+03   1.8556849e+00   0.0000000e+00   0.0000000e+00
   1.5221592e+02   2.6000000e+02   2.3212502e+03   1.2189043e+03   1.8617316e+00   0.0000000e+00   0.0000000e+00
   1.5596942e+02   2.6000000e+02   2.3195003e+03   1.2199871e+03   1.8677331e+00   0.0000000e+00   0.0000000e+00
   1.5972291e+02   2.6000000e+02   2.3177529e+03   1.2210632e+03   1.8736896e+00   0.0000000e+00   0.0000000e+00
   1.6347641e+02   2.6000000e+02   2.3160079e+03   1.2221327e+03   1.8796017e+00   0.0000000e+00   0.0000000e+00
   1.6722990e+02   2.6000000e+02   2.3142652e+03   1.2231958e+03   1.8854696e+00   0.0000000e+00   0.0000000e+00
   1.7098340e+02   2.6000000e+02   2.3125248e+03   1.2242526e+03   1.8912937e+00   0.0000000e+00   0.0000000e+00
   1.7473689e+02   2.6000000e+02   2.3107869e+03   1.2253031e+03   1.8970746e+00   0.0000000e+00   0.0000000e+00
   1.7849038e+02   2.6000000e+02   2.3090512e+03   1.2263475e+03   1.9028127e+00   0.0000000e+00   0.0000000e+00
   1.8224388e+02   2.6000000e+02   2.3073179e+03   1.2273858e+03   1.9085089e+00   0.0000000e+00   0.0000000e+00
   1.8599737e+02   2.6000000e+02   2.3055869e+03   1.2284182e+03   1.9141637e+00   0.0000000e+00   0.0000000e+00
   1.8975087e+02   2.6000000e+02   2.3038581e+03   1.2294447e+03   1.9197777e+00   0.0000000e+00   0.0000000e+00
   1.9350436e+02   2.6000000e+02   2.3021317e+03   1.2304654e+03   1.9253513e+00   0.0000000e+00   0.0000000e+00
   1.9725786e+02   2.6000000e+02   2.3004075e+03   1.2314804e+03   1.9308843e+00   0.0000000e+00   0.0000000e+00
   2.0101135e+02   2.6000000e+02   2.2986856e+03   1.2324898e+03   1.9363763e+00   0.0000000e+00   0.0000000e+00
   2.0476485e+02   2.6000000e+02   2.2969659e+03   1.2334937e+03   1.9418268e+00   0.0000000e+00   0.0000000e+00
   2.0851834e+02   2.6000000e+02   2.2952485e+03   1.2344921e+03   1.9472356e+00   0.0000000e+00   0.0000000e+00
   2.1227184e+02   2.6000000e+02   2.2935333e+03   1.2354852e+03   1.9526022e+00   0.0000000e+00   0.0000000e+00
   2.1602533e+02   2.6000000e+02   2.2918203e+03   1.2364730e+03   1.9579266e+00   0.0000000e+00   0.0000000e+00
   2.1977882e+02   2.6000000e+02   2.2901095e+03   1.2374557e+03   1.9632089e+00   0.0000000e+00   0.0000000e+00
   2.2353232e+02   2.6000000e+02   2.2884009e+03   1.2384332e+03   1.9684492e+00   0.0000000e+00   0.0000000e+00
   2.2728581e+02   2.6000000e+02   2.2866945e+03   1.2394057e+03   1.9736477e+00   0.0000000e+00   0.0000000e+00
   2.3103931e+02   2.6000000e+02   2.2849902e+03   1.2403732e+03   1.9788046e+00   0.0000000e+00   0.0000000e+00
   2.3479280e+02   2.6000000e+02   2.2832881e+03   1.2413358e+03   1.9839201e+00   0.0000000e+00   0.0000000e+00
   2.3854630e+02   2.6000000e+02   2.2815882e+03   1.2422937e+03   1.9889945e+00   0.0000000e+00   0.0000000e+00
   2.4229979e+02   2.6000000e+02   2.2798904e+03   1.2432468e+03   1.9940281e+00   0.0000000e+00   0.0000000e+00
   2.4605329e+02   2.6000000e+02   2.2781948e+03   1.2441953e+03   1.9990214e+00   0.0000000e+00   0.0000000e+00
   2.4980678e+02   2.6000000e+02   2.2765012e+03   1.2451393e+03   2.0039749e+00   0.0000000e+00   0.0000000e+00
   2.5356027e+02   2.6000000e+02   2.2748098e+03   1.2460787e+03   2.0088892e+00   0.0000000e+00   0.0000000e+00
   2.5731377e+02   2.6000000e+02   2.2731205e+03   1.2470137e+03   2.0137646e+00   0.0000000e+00   0.0000000e+00
   2.6106726e+02   2.6000000e+02   2.2714332e+03   1.2479444e+03   2.0186017e+00   0.0000000e+00   0.0000000e+00
   2.6482076e+02   2.6000000e+02   2.2697481e+03   1.2488708e+03   2.0234010e+00   0.0000000e+00   0.0000000e+00
   2.6857425e+02   2.6000000e+02   2.2680650e+03   1.2497928e+03   2.0281640e+00   0.0000000e+00   0.0000000e+00
   2.7232775e+02   2.6000000e+02   2.2663840e+03   1.2507107e+03   2.0328923e+00   0.0000000e+00   0.0000000e+00
   2.7608124e+02   2.6000000e+02   2.2647051e+03   1.2516244e+03   2.0375885e+00   0.0000000e+00   0.0000000e+00
   2.7983474e+02   2.6000000e+02   2.2630282e+03   1.2525340e+03   2.0422563e+00   0.0000000e+00   0.0000000e+00
   2.8358823e+02   2.6000000e+02   2.2613533e+03   1.2534395e+03   2.0468989e+00   0.0000000e+00   0.0000000e+00
   2.8734172e+02   2.6000000e+02   2.2596805e+03   1.2543410e+03   2.0515177e+00   0.0000000e+00   0.0000000e+00
   2.9109522e+02   2.6000000e+02   2.2580097e+03   1.2552386e+03   2.0561138e+00   0.0000000e+00   0.0000000e+00
   2.9484871e+02   2.6000000e+02   2.2563410e+03   1.2561322e+03   2.0606871e+00   0.0000000e+00   0.0000000e+00
   2.9860221e+02   2.6000000e+02   2.2546742e+03   1.2570219e+03   2.0652354e+00   0.0000000e+00   0.0000000e+00
   3.0235570e+02   2.6000000e+02   2.2530095e+03   1.2579078e+03   2.0697569e+00   0.0000000e+00   0.0000000e+00
   3.0610920e+02   2.6000000e+02   2.2513467e+03   1.2587899e+03   2.0742504e+00   0.0000000e+00   0.0000000e+00
   3.0986269e+02   2.6000000e+02   2.2496859e+03   1.2596684e+03   2.0787152e+00   0.0000000e+00   0.0000000e+00
   3.1361619e+02   2.6000000e+02   2.2480271e+03   1.2605431e+03   2.0831511e+00   0.0000000e+00   0.0000000e+00
   3.1736968e+02   2.6000000e+02   2.2463703e+03   1.2614142e+03   2.0875583e+00   0.0000000e+00   0.0000000e+00
   3.2112317e+02   2.6000000e+02   2.2447155e+03   1.2622816e+03   2.0919377e+00   0.0000000e+00   0.0000000e+00
   3.2487667e+02   2.6000000e+02   2.2430626e+03   1.2631456e+03   2.0962899e+00   0.0000000e+00   0.0000000e+00
   3.2863016e+02   2.6000000e+02   2.2414116e+03   1.2640060e+03   2.1006158e+00   0.0000000e+00   0.0000000e+00
   3.3238366e+02   2.6000000e+02   2.2397626e+03   1.2648630e+03   2.1049162e+00   0.0000000e+00   0.0000000e+00
   3.3613715e+02   2.6000000e+02   2.2381155e+03   1.2657166e+03   2.1091922e+00   0.0000000e+00   0.0000000e+00
   3.3989065e+02   2.6000000e+02   2.2364704e+03   1.2665668e+03   2.1134454e+00   0.0000000e+00   0.0000000e+00
   3.4364414e+02   2.6000000e+02   2.2348272e+03   1.2674137e+03   2.1176770e+00   0.0000000e+00   0.0000000e+00
   3.4739764e+02   2.6000000e+02   2.2331859e+03   1.2682573e+03   2.1218888e+00   0.0000000e+00   0.0000000e+00
   3.5115113e+02   2.6000000e+02   2.2315465e+03   1.2690976e+03   2.1260829e+00   0.0000000e+00   0.0000000e+00
   3.5490463e+02   2.6000000e+02   2.2299090e+03   1.2699346e+03   2.1302618e+00   0.0000000e+00   0.0000000e+00
   3.5865812e+02   2.6000000e+02   2.2282734e+03   1.2707684e+03   2.1344297e+00   0.0000000e+00   0.0000000e+00
   3.6241161e+02   2.6000000e+02   2.2266397e+03   1.2715989e+03   2.1385905e+00   0.0000000e+00   0.0000000e+00
   3.6616511e+02   2.6000000e+02   2.2250079e+03   1.2724263e+03   2.1427483e+00   0.0000000e+00   0.0000000e+00
   3.6991860e+02   2.6000000e+02   2.2233779e+03   1.2732504e+03   2.1469068e+00   0.0000000e+00   0.0000000e+00
   3.7367210e+02   2.6000000e+02   2.2217498e+03   1.2740714e+03   2.1510689e+00   0.0000000e+00   0.0000000e+00
   3.7742559e+02   2.6000000e+02   2.2201236e+03   1.2748892e+03   2.1552340e+00   0.0000000e+00   0.0000000e+00
   3.8117909e+02   2.6000000e+02   2.2184993e+03   1.2757040e+03   2.1594005e+00   0.0000000e+00   0.0000000e+00
   3.8493258e+02   2.6000000e+02   2.2168768e+03   1.2765156e+03   2.1635661e+00   0.0000000e+00   0.0000000e+00
   3.8868608e+02   2.6000000e+02   2.2152561e+03   1.2773242e+03   2.1677281e+00   0.0000000e+00   0.0000000e+00
   3.9243957e+02   2.6000000e+02   2.2136373e+03   1.2781297e+03   2.1718833e+00   0.0000000e+00   0.0000000e+00
   3.9619306e+02   2.6000000e+02   2.2120203e+03   1.2789321e+03   2.1760302e+00   0.0000000e+00   0.0000000e+00
   3.9994656e+02   2.6000000e+02   2.2104052e+03   1.2797315e+03   2.1801678e+00   0.0000000e+00   0.0000000e+00
   4.0370005e+02   2.6000000e+02   2.2087918e+03   1.2805280e+03   2.1842954e+00   0.0000000e+00   0.0000000e+00
   4.0745355e+02   2.6000000e+02   2.2071803e+03   1.2813214e+03   2.1884127e+00   0.0000000e+00   0.0000000e+00
   4.1120704e+02   2.6000000e+02   2.2055706e+03   1.2821119e+03   2.1925194e+00   0.0000000e+00   0.0000000e+00
   4.1496054e+02   2.6000000e+02   2.2039627e+03   1.2828995e+03   2.1966154e+00   0.0000000e+00   0.0000000e+00
   4.1871403e+02   2.6000000e+02   2.2023566e+03   1.2836841e+03   2.2007006e+00   0.0000000e+00   0.0000000e+00
   4.2246753e+02   2.6000000e+02   2.2007523e+03   1.2844659e+03   2.2047749e+00   0.0000000e+00   0.0000000e+00
   4.2622102e+02   2.6000000e+02   2.1991498e+03   1.2852448e+03   2.2088384e+00   0.0000000e+00   0.0000000e+00
   4.2997451e+02   2.6000000e+02   2.1975491e+03   1.2860208e+03   2.2128913e+00   0.0000000e+00   0.0000000e+00
   4.3372801e+02   2.6000000e+02   2.1959501e+03   1.2867940e+03   2.2169336e+00   0.0000000e+00   0.0000000e+00
   4.3748150e+02   2.6000000e+02   2.1943529e+03   1.2875643e+03   2.2209656e+00   0.0000000e+00   0.0000000e+00
   4.4123500e+02   2.6000000e+02   2.1927575e+03   1.2883319e+03   2.2249874e+00   0.0000000e+00   0.0000000e+00
   4.4498849e+02   2.6000000e+02   2.1911638e+03   1.2890967e+03   2.2289996e+00   0.0000000e+00   0.0000000e+00
   4.4874199e+02   2.6000000e+02   2.1895719e+03   1.2898588e+03   2.2330032e+00   0.0000000e+00   0.0000000e+00
   4.5249548e+02   2.6000000e+02   2.1879818e+03   1.2906182e+03   2.2369992e+00   0.0000000e+00   0.0000000e+00
   4.5624898e+02   2.6000000e+02   2.1863934e+03   1.2913748e+03   2.2409885e+00   0.0000000e+00   0.0000000e+00
   4.6000247e+02   2.6000000e+02   2.1848067e+03   1.2921288e+03   2.2449721e+00   0.0000000e+00   0.0000000e+00
   4.6375597e+02   2.6000000e+02   2.1832218e+03   1.2928802e+03   2.2489506e+00   0.0000000e+00   0.0000000e+00
   4.6750946e+02   2.6000000e+02   2.1816386e+03   1.2936289e+03   2.2529234e+00   0.0000000e+00   0.0000000e+00
   4.7126295e+02   2.6000000e+02   2.1800571e+03   1.2943749e+03   2.2568897e+00   0.0000000e+00   0.0000000e+00
   4.7501645e+02   2.6000000e+02   2.1784774e+03   1.2951184e+03   2.2608489e+00   0.0000000e+00   0.0000000e+00
   4.7876994e+02   2.6000000e+02   2.1768993e+03   1.2958593e+03   2.2648006e+00   0.0000000e+00   0.0000000e+00
   4.8252344e+02   2.6000000e+02   2.1753230e+03   1.2965976e+03   2.2687443e+00   0.0000000e+00   0.0000000e+00
   4.8627693e+02   2.6000000e+02   2.1737484e+03   1.2973333e+03   2.2726809e+00   0.0000000e+00   0.0000000e+00
   4.9003043e+02   2.6000000e+02   2.1721755e+03   1.2980665e+03   2.2766119e+00   0.0000000e+00   0.0000000e+00
   4.9378392e+02   2.6000000e+02   2.1706043e+03   1.2987972e+03   2.2805389e+00   0.0000000e+00   0.0000000e+00
   4.9753742e+02   2.6000000e+02   2.1690347e+03   1.2995253e+03   2.2844630e+00   0.0000000e+00   0.0000000e+00
   5.0129091e+02   2.6000000e+02   2.1674669e+03   1.3002509e+03   2.2883850e+00   0.0000000e+00   0.0000000e+00
   5.0504440e+02   2.6000000e+02   2.1659007e+03   1.3009740e+03   2.2923049e+00   0.0000000e+00   0.0000000e+00
   5.0879790e+02   2.6000000e+02   2.1643362e+03   1.3016947e+03   2.2962209e+00   0.0000000e+00   0.0000000e+00
   5.1255139e+02   2.6000000e+02   2.1627734e+03   1.3024129e+03   2.3001312e+00   0.0000000e+00   0.0000000e+00
   5.1630489e+02   2.6000000e+02   2.1612123e+03   1.3031286e+03   2.3040341e+00   0.0000000e+00   0.0000000e+00
   5.2005838e+02   2.6000000e+02   2.1596528e+03   1.3038419e+03   2.3079283e+00   0.0000000e+00   0.0000000e+00
   5.2381188e+02   2.6000000e+02   2.1580950e+03   1.3045528e+03   2.3118126e+00   0.0000000e+00   0.0000000e+00
   5.2756537e+02   2.6000000e+02   2.1565389e+03   1.3052613e+03   2.3156866e+00   0.0000000e+00   0.0000000e+00
   5.3131887e+02   2.6000000e+02   2.1549844e+03   1.3059674e+03   2.3195502e+00   0.0000000e+00   0.0000000e+00
   5.3507236e+02   2.6000000e+02   2.1534315e+03   1.3066712e+03   2.3234032e+00   0.0000000e+00   0.0000000e+00
   5.3882585e+02   2.6000000e+02   2.1518803e+03   1.3073726e+03   2.3272454e+00   0.0000000e+00   0.0000000e+00
   5.4257935e+02   2.6000000e+02   2.1503307e+03   1.3080718e+03   2.3310768e+00   0.0000000e+00   0.0000000e+00
   5.4633284e+02   2.6000000e+02   2.1487828e+03   1.3087686e+03   2.3348967e+00   0.0000000e+00   0.0000000e+00
   5.5008634e+02   2.6000000e+02   2.1472365e+03   1.3094632e+03   2.3387040e+00   0.0000000e+00   0.0000000e+00
   5.5383983e+02   2.6000000e+02   2.1456918e+03   1.3101555e+03   2.3424977e+00   0.0000000e+00   0.0000000e+00
   5.5759333e+02   2.6000000e+02   2.1441487e+03   1.3108455e+03   2.3462768e+00   0.0000000e+00   0.0000000e+00
   5.6134682e+02   2.6000000e+02   2.1426073e+03   1.3115333e+03   2.3500404e+00   0.0000000e+00   0.0000000e+00
   5.6510032e+02   2.6000000e+02   2.1410675e+03   3.5231332e+03   4.5696311e+00   2.6032996e+00   2.8408041e+14
   7.9493534e+02   2.7963988e+02   2.1059680e+03   3.5231332e+03   8.0111177e+00   4.5573567e+00   4.9012301e+13
   1.0194574e+03   2.9895514e+02   2.0708685e+03   3.5281117e+03   8.0248426e+00   4.5588045e+00   1.0748482e+13
   1.2389231e+03   3.1794576e+02   2.0357691e+03   3.5329309e+03   8.0378469e+00   4.5600012e+00   2.8583573e+12
   1.4532318e+03   3.3661177e+02   2.0006696e+03   3.5375617e+03   8.0501830e+00   4.5609754e+00   8.8910136e+11
   1.6622778e+03   3.5495314e+02   1.9655701e+03   3.5420126e+03   8.0618933e+00   4.5617519e+00   3.1468933e+11
   1.8659517e+03   3.7296989e+02   1.9304707e+03   3.5462919e+03   8.1070553e+00   4.5900551e+00   1.2405246e+11
   2.0641407e+03   3.9066202e+02   1.8953712e+03   3.5621149e+03   8.2421168e+00   4.6914279e+00   5.3552578e+10
   2.2573619e+03   4.0802952e+02   1.8602717e+03   3.6087174e+03   8.2520242e+00   4.6913202e+00   2.5002357e+10
   2.4470355e+03   4.2507239e+02   1.8251723e+03   3.6124004e+03   8.2615963e+00   4.6911358e+00   1.2514054e+10
   2.6305476e+03   4.4179063e+02   1.7900728e+03   3.6159829e+03   8.4282518e+00   4.7817147e+00   6.6276957e+09
   2.8077552e+03   4.5818425e+02   1.7549733e+03   3.6322867e+03   8.4469988e+00   4.7870831e+00   3.6873519e+09
   2.9791113e+03   4.7425325e+02   1.7198739e+03   3.6363289e+03   8.4546448e+00   4.7862293e+00   2.1436661e+09
   3.1438061e+03   4.8999761e+02   1.6847744e+03   3.6393542e+03   8.4617638e+00   4.7852698e+00   1.2944197e+09
   3.3016191e+03   5.0541735e+02   1.6496749e+03   3.6422184e+03   8.4683523e+00   4.7842081e+00   8.0829268e+08
   3.4523613e+03   5.2051247e+02   1.6145755e+03   3.6449188e+03   8.4743997e+00   4.7830427e+00   5.2003825e+08
   3.5958304e+03   5.3528296e+02   1.5794760e+03   3.6474523e+03   8.4799032e+00   4.7817741e+00   3.4363276e+08
   3.7318092e+03   5.4972882e+02   1.5443765e+03   3.6498170e+03   8.4848431e+00   4.7803979e+00   2.3256717e+08
   3.8600634e+03   5.6385006e+02   1.5092771e+03   3.6520079e+03   8.4892248e+00   4.7789211e+00   1.6082346e+08
   3.9803402e+03   5.7764667e+02   1.4741776e+03   3.6540238e+03   8.4930340e+00   4.7773406e+00   1.1339001e+08
   4.0923655e+03   5.9111865e+02   1.4390781e+03   3.6558606e+03   8.4962538e+00   4.7756541e+00   8.1358956e+07
   4.1958414e+03   6.0426601e+02   1.4039787e+03   3.6575129e+03   8.4988588e+00   4.7738542e+00   5.9307246e+07
   4.2904431e+03   6.1708874e+02   1.3688792e+03   3.6589740e+03   8.5008197e+00   4.7719321e+00   4.3855034e+07
   4.3758151e+03   6.2958685e+02   1.3337797e+03   3.6602351e+03   8.5021335e+00   4.7698926e+00   3.2850058e+07
   4.4515676e+03   6.4176033e+02   1.2986803e+03   3.6612932e+03   8.5027590e+00   4.7677248e+00   2.4894341e+07
   4.5172713e+03   6.5360918e+02   1.2635808e+03   3.6621377e+03   8.5026512e+00   4.7654142e+00   1.9063080e+07
   4.5724519e+03   6.6513341e+02   1.2284813e+03   3.6627559e+03   8.5017925e+00   4.7629592e+00   1.4734043e+07
   4.6165837e+03   6.7633301e+02   1.1933819e+03   3.6631417e+03   8.5001381e+00   4.7603513e+00   1.1481953e+07
   4.6490820e+03   6.8720799e+02   1.1582824e+03   3.6632810e+03   8.4976157e+00   4.7575649e+00   9.0118739e+06
   4.6692937e+03   6.9775834e+02   1.1231829e+03   3.6631570e+03   8.4941955e+00   4.7545993e+00   7.1164665e+06
   4.6764869e+03   7.0798406e+02   1.0880835e+03   3.6627571e+03   8.4898038e+00   4.7514327e+00   5.6481190e+06
   4.6698378e+03   7.1788516e+02   1.0529840e+03   3.6620611e+03   8.4843568e+00   4.7480420e+00   4.5004953e+06
   4.6484156e+03   7.2746163e+02   1.0178845e+03   3.6610468e+03   8.4777867e+00   4.7444135e+00   3.5961491e+06
   4.6111633e+03   7.3671347e+02   9.8278507e+02   3.6596929e+03   8.4699737e+00   4.7405109e+00   2.8780974e+06
   4.5568757e+03   7.4564069e+02   9.4768560e+02   3.6579679e+03   8.4608258e+00   4.7363161e+00   2.3040169e+06
   4.4841715e+03   7.5424328e+02   9.1258613e+02   3.6558432e+03   8.4501815e+00   4.7317802e+00   1.8421999e+06
   4.3914592e+03   7.6252125e+02   8.7748667e+02   3.6532762e+03   8.4379119e+00   4.7268767e+00   1.4687039e+06
   4.2768951e+03   7.7047459e+02   8.4238720e+02   3.6502275e+03   8.4238013e+00   4.7215422e+00   1.1653228e+06
   4.1383306e+03   7.7810330e+02   8.0728773e+02   3.6466400e+03   8.4076550e+00   4.7157317e+00   9.1812591e+05
   3.9732455e+03   7.8540739e+02   7.7218827e+02   3.6424571e+03   8.3891809e+00   4.7093658e+00   7.1639586e+05
   3.7786632e+03   7.9238685e+02   7.3708880e+02   3.6375996e+03   8.3680731e+00   4.7023660e+00   5.5184623e+05
   3.5510427e+03   7.9904169e+02   7.0198933e+02   3.6319814e+03   8.1802211e+00   4.6020195e+00   4.1803756e+05
   3.2861361e+03   8.0537190e+02   6.6688987e+02   3.6115635e+03   7.9883744e+00   4.4657199e+00   3.0993225e+05
   2.9799843e+03   8.1137748e+02   6.3179040e+02   3.5507327e+03   7.9553702e+00   4.4550377e+00   2.2374683e+05
   2.6306187e+03   8.1705844e+02   5.9669093e+02   3.5416910e+03   7.9177780e+00   4.4430922e+00   1.5662658e+05
   2.2261690e+03   8.2241477e+02   5.6159147e+02   3.5313529e+03   7.8741526e+00   4.4294738e+00   1.0497256e+05
   1.7571710e+03   8.2744648e+02   5.2649200e+02   3.5193217e+03   7.8231610e+00   4.4138151e+00   6.6522024e+04
   1.2116595e+03   8.3215355e+02   4.9139253e+02   3.5052413e+03   7.5167108e+00   4.2435994e+00   3.9202154e+04
   5.7426400e+02   8.3653601e+02   4.5629307e+02   3.3997835e+03   7.4448416e+00   4.2202319e+00   2.1003328e+04
  -1.5600624e+02   8.4059383e+02   4.2119360e+02   3.3783502e+03   7.3092841e+00   4.1438464e+00   1.0097665e+04
  -1.0205382e+03   8.4432703e+02   3.8609413e+02   3.2897729e+03   7.3175896e+00   4.1694168e+00   4.1179077e+03
  -2.0349838e+03   8.4773561e+02   3.5099467e+02   3.2812603e+03   7.3295406e+00   4.2015624e+00   1.3669485e+03
  -3.2715907e+03   8.5081956e+02   3.1589520e+02   3.2722775e+03   7.3437531e+00   4.2415567e+00   3.2873294e+02
  -4.8064569e+03   8.5357888e+02   2.8079573e+02   3.2610375e+03   7.3530997e+00   4.2879824e+00   4.9049577e+01
  -6.7548087e+03   8.5601358e+02   2.4569627e+02   3.2428272e+03   7.3623463e+00   4.3464624e+00   3.5030972e+00
  -9.2979440e+03   8.5812365e+02   2.1059680e+02   3.2182844e+03   7.3722042e+00   4.4224476e+00   7.5683282e-02
  -1.2745914e+04   8.5990909e+02   1.7549733e+02   3.1850223e+03   7.3839392e+00   4.5252728e+00   2.0341434e-04
  -1.7672524e+04   8.6136991e+02   1.4039787e+02   3.1389826e+03   7.3999303e+00   4.6722236e+00   1.0076836e-08
  -2.5272205e+04   8.6250610e+02   1.0529840e+02   3.0726734e+03   7.4251675e+00   4.8992906e+00   7.8366041e-17
  -3.8511000e+04   8.6331766e+02   7.0198933e+01   2.9705173e+03   7.4720798e+00   5.2958574e+00   3.1490965e-35
  -6.7322893e+04   8.6380460e+02   3.5099467e+01   2.7938513e+03   7.5823290e+00   6.1612990e+00   4.8574455e-94
  -1.7573633e+05             NaN   0.0000000e+00   2.4132002e+03             NaN             NaN             NaN
  -1.7573633e+05             NaN   0.0000000e+00   8.0000000e+03             NaN             NaN   1.0000000e+04
             NaN             NaN   0.0000000e+00             NaN             NaN             NaN   1.0000000e+04
             NaN             NaN   0.0000000e+00             NaN             NaN             NaN   1.0000000e+04
             NaN             NaN   0.0000000e+00             NaN             NaN             NaN   1.0000000e+04
             NaN             NaN   0.0000000e+00             NaN             NaN             NaN   1.0000000e+04
             NaN             NaN   0.0000000e+00             NaN             NaN             NaN   1.0000000e+04
             NaN             NaN   0.0000000e+00             NaN             NaN             NaN   1.0000000e+04
             NaN             NaN   0.0000000e+00             NaN             NaN             NaN   1.0000000e+04
             NaN             NaN   0.0000000e+00             NaN             NaN             NaN   1.0000000e+04
             NaN             NaN   0.0000000e+00             NaN             NaN             NaN   1.0000000e+04
