P (MPa)		T (K)		r (km)		rho (kg m-3)	VP (km s-1)	VS (km s-1)	QS/gamma	KS (GPa)	GS (GPa)	g (m/s2)	phase	k (S m-1)	
0.00000e+00	1.10000e+02	2.41030e+03	9.32831e+02	3.87940e+00	1.96225e+00	4.56125e+01	9.24000e+00	3.58800e+00	1.70215e+00	1.00000e+00	0.00000e+00
1.63693e+00	1.14806e+02	2.40927e+03	9.32831e+02	3.88082e+00	1.96323e+00	4.56125e+01	9.24539e+00	3.59151e+00	1.70280e+00	1.00000e+00	0.00000e+00
3.27386e+00	1.19822e+02	2.40824e+03	9.32943e+02	3.88229e+00	1.96422e+00	4.56125e+01	9.25078e+00	3.59502e+00	1.70345e+00	1.00000e+00	0.00000e+00
4.91079e+00	1.25057e+02	2.40721e+03	9.33054e+02	3.88380e+00	1.96524e+00	4.56125e+01	9.25614e+00	3.59852e+00	1.70410e+00	1.00000e+00	0.00000e+00
6.54772e+00	1.30521e+02	2.40618e+03	9.33163e+02	3.88537e+00	1.96629e+00	4.56125e+01	9.26150e+00	3.60202e+00	1.70476e+00	1.00000e+00	0.00000e+00
8.18465e+00	1.36224e+02	2.40515e+03	9.33272e+02	3.88699e+00	1.96737e+00	4.56125e+01	9.26684e+00	3.60551e+00	1.70541e+00	1.00000e+00	0.00000e+00
9.82158e+00	1.42176e+02	2.40412e+03	9.33379e+02	3.88869e+00	1.96848e+00	4.56125e+01	9.27216e+00	3.60900e+00	1.70606e+00	1.00000e+00	0.00000e+00
1.14585e+01	1.48388e+02	2.40309e+03	9.33485e+02	3.89047e+00	1.96963e+00	4.56125e+01	9.27747e+00	3.61248e+00	1.70672e+00	1.00000e+00	0.00000e+00
1.30954e+01	1.54871e+02	2.40207e+03	9.33591e+02	3.89233e+00	1.97083e+00	4.56125e+01	9.28277e+00	3.61596e+00	1.70737e+00	1.00000e+00	0.00000e+00
1.47324e+01	1.61638e+02	2.40104e+03	9.33695e+02	3.89430e+00	1.97208e+00	4.56125e+01	9.28805e+00	3.61943e+00	1.70803e+00	1.00000e+00	0.00000e+00
1.63693e+01	1.68700e+02	2.40001e+03	9.33797e+02	3.89638e+00	1.97339e+00	4.56125e+01	9.29332e+00	3.62289e+00	1.70869e+00	1.00000e+00	0.00000e+00
1.80062e+01	1.76071e+02	2.39899e+03	9.33899e+02	3.89859e+00	1.97476e+00	4.56125e+01	9.29858e+00	3.62635e+00	1.70935e+00	1.00000e+00	0.00000e+00
1.96432e+01	1.83764e+02	2.39796e+03	9.33999e+02	3.90095e+00	1.97621e+00	4.56125e+01	9.30382e+00	3.62981e+00	1.71000e+00	1.00000e+00	0.00000e+00
2.12801e+01	1.91793e+02	2.39694e+03	9.34099e+02	3.90346e+00	1.97773e+00	4.56125e+01	9.30905e+00	3.63326e+00	1.71066e+00	1.00000e+00	0.00000e+00
2.29170e+01	2.00173e+02	2.39591e+03	9.34196e+02	3.90615e+00	1.97935e+00	4.56125e+01	9.31426e+00	3.63670e+00	1.71132e+00	1.00000e+00	0.00000e+00
2.45540e+01	2.08919e+02	2.39489e+03	9.34293e+02	3.90902e+00	1.98106e+00	4.56125e+01	9.31946e+00	3.64014e+00	1.71199e+00	1.00000e+00	0.00000e+00
2.61909e+01	2.18047e+02	2.39386e+03	9.34388e+02	3.91210e+00	1.98287e+00	4.56125e+01	9.32465e+00	3.64357e+00	1.71265e+00	1.00000e+00	0.00000e+00
2.78278e+01	2.27574e+02	2.39284e+03	9.34482e+02	3.91540e+00	1.98479e+00	4.56125e+01	9.32982e+00	3.64700e+00	1.71331e+00	1.00000e+00	0.00000e+00
2.94647e+01	2.37517e+02	2.39182e+03	9.34575e+02	3.91891e+00	1.98682e+00	4.56125e+01	9.33498e+00	3.65042e+00	1.71397e+00	1.00000e+00	0.00000e+00
3.11017e+01	2.47894e+02	2.39080e+03	9.34666e+02	3.92263e+00	1.98896e+00	4.56125e+01	9.34012e+00	3.65384e+00	1.71464e+00	1.00000e+00	0.00000e+00
3.27386e+01	2.47914e+02	2.38978e+03	9.34756e+02	3.92360e+00	1.98970e+00	4.56125e+01	9.34525e+00	3.65725e+00	1.71530e+00	1.00000e+00	0.00000e+00
3.43755e+01	2.47933e+02	2.38876e+03	9.34845e+02	3.92456e+00	1.99044e+00	4.56125e+01	9.35037e+00	3.66066e+00	1.71597e+00	1.00000e+00	0.00000e+00
3.60125e+01	2.47953e+02	2.38773e+03	9.34932e+02	3.92551e+00	1.99117e+00	4.56125e+01	9.35547e+00	3.66406e+00	1.71663e+00	1.00000e+00	0.00000e+00
3.76494e+01	2.47973e+02	2.38671e+03	9.35018e+02	3.92647e+00	1.99191e+00	4.56125e+01	9.36056e+00	3.66745e+00	1.71730e+00	1.00000e+00	0.00000e+00
3.92863e+01	2.47993e+02	2.38570e+03	9.35102e+02	3.92742e+00	1.99264e+00	4.56125e+01	9.36563e+00	3.67084e+00	1.71797e+00	1.00000e+00	0.00000e+00
4.09233e+01	2.48013e+02	2.38468e+03	9.35185e+02	3.92837e+00	1.99337e+00	4.56125e+01	9.37069e+00	3.67423e+00	1.71864e+00	1.00000e+00	0.00000e+00
4.25602e+01	2.48033e+02	2.38366e+03	9.35266e+02	3.92932e+00	1.99410e+00	4.56125e+01	9.37574e+00	3.67761e+00	1.71931e+00	1.00000e+00	0.00000e+00
4.41971e+01	2.48054e+02	2.38264e+03	9.35345e+02	3.93026e+00	1.99483e+00	4.56125e+01	9.38077e+00	3.68098e+00	1.71998e+00	1.00000e+00	0.00000e+00
4.58340e+01	2.48074e+02	2.38162e+03	9.35424e+02	3.93120e+00	1.99556e+00	4.56125e+01	9.38579e+00	3.68435e+00	1.72065e+00	1.00000e+00	0.00000e+00
4.74710e+01	2.48095e+02	2.38061e+03	9.35500e+02	3.93214e+00	1.99628e+00	4.56125e+01	9.39080e+00	3.68771e+00	1.72132e+00	1.00000e+00	0.00000e+00
4.91079e+01	2.48116e+02	2.37959e+03	9.35575e+02	3.93308e+00	1.99701e+00	4.56125e+01	9.39579e+00	3.69107e+00	1.72200e+00	1.00000e+00	0.00000e+00
5.07448e+01	2.48137e+02	2.37857e+03	9.35648e+02	3.93401e+00	1.99773e+00	4.56125e+01	9.40076e+00	3.69442e+00	1.72267e+00	1.00000e+00	0.00000e+00
5.23818e+01	2.48158e+02	2.37756e+03	9.35720e+02	3.93494e+00	1.99845e+00	4.56125e+01	9.40573e+00	3.69777e+00	1.72335e+00	1.00000e+00	0.00000e+00
5.40187e+01	2.48179e+02	2.37654e+03	9.35790e+02	3.93587e+00	1.99917e+00	4.56125e+01	9.41067e+00	3.70111e+00	1.72402e+00	1.00000e+00	0.00000e+00
5.56556e+01	2.48200e+02	2.37553e+03	9.35858e+02	3.93679e+00	1.99988e+00	4.56125e+01	9.41561e+00	3.70445e+00	1.72470e+00	1.00000e+00	0.00000e+00
5.72926e+01	2.48222e+02	2.37451e+03	9.35925e+02	3.93771e+00	2.00060e+00	4.56125e+01	9.42053e+00	3.70778e+00	1.72538e+00	1.00000e+00	0.00000e+00
5.89295e+01	2.48243e+02	2.37350e+03	9.35990e+02	3.93863e+00	2.00131e+00	4.56125e+01	9.42544e+00	3.71111e+00	1.72605e+00	1.00000e+00	0.00000e+00
6.05664e+01	2.48265e+02	2.37249e+03	9.36053e+02	3.93955e+00	2.00203e+00	4.56125e+01	9.43033e+00	3.71443e+00	1.72673e+00	1.00000e+00	0.00000e+00
6.22033e+01	2.48287e+02	2.37147e+03	9.36114e+02	3.94047e+00	2.00274e+00	4.56125e+01	9.43521e+00	3.71774e+00	1.72741e+00	1.00000e+00	0.00000e+00
6.38403e+01	2.48309e+02	2.37046e+03	9.36174e+02	3.94138e+00	2.00345e+00	4.56125e+01	9.44008e+00	3.72105e+00	1.72809e+00	1.00000e+00	0.00000e+00
6.54772e+01	2.48331e+02	2.36945e+03	9.36232e+02	3.94229e+00	2.00415e+00	4.56125e+01	9.44493e+00	3.72436e+00	1.72877e+00	1.00000e+00	0.00000e+00
6.71141e+01	2.48353e+02	2.36844e+03	9.36288e+02	3.94320e+00	2.00486e+00	4.56125e+01	9.44977e+00	3.72766e+00	1.72946e+00	1.00000e+00	0.00000e+00
6.87511e+01	2.48376e+02	2.36743e+03	9.36342e+02	3.94410e+00	2.00557e+00	4.56125e+01	9.45459e+00	3.73095e+00	1.73014e+00	1.00000e+00	0.00000e+00
7.03880e+01	2.48398e+02	2.36642e+03	9.36394e+02	3.94501e+00	2.00627e+00	4.56125e+01	9.45940e+00	3.73424e+00	1.73082e+00	1.00000e+00	0.00000e+00
7.20249e+01	2.48421e+02	2.36541e+03	9.36444e+02	3.94591e+00	2.00697e+00	4.56125e+01	9.46419e+00	3.73752e+00	1.73151e+00	1.00000e+00	0.00000e+00
7.36619e+01	2.48444e+02	2.36440e+03	9.36493e+02	3.94681e+00	2.00768e+00	4.56125e+01	9.46898e+00	3.74080e+00	1.73219e+00	1.00000e+00	0.00000e+00
7.52988e+01	2.48467e+02	2.36339e+03	9.36539e+02	3.94771e+00	2.00838e+00	4.56125e+01	9.47374e+00	3.74407e+00	1.73288e+00	1.00000e+00	0.00000e+00
7.69357e+01	2.48490e+02	2.36238e+03	9.36584e+02	3.94860e+00	2.00908e+00	4.56125e+01	9.47850e+00	3.74734e+00	1.73357e+00	1.00000e+00	0.00000e+00
7.85727e+01	2.48513e+02	2.36137e+03	9.36626e+02	3.94949e+00	2.00977e+00	4.56125e+01	9.48324e+00	3.75060e+00	1.73426e+00	1.00000e+00	0.00000e+00
8.02096e+01	2.48537e+02	2.36036e+03	9.36666e+02	3.95038e+00	2.01047e+00	4.56125e+01	9.48796e+00	3.75386e+00	1.73495e+00	1.00000e+00	0.00000e+00
8.18465e+01	2.48560e+02	2.35936e+03	9.36705e+02	3.95127e+00	2.01116e+00	4.56125e+01	9.49268e+00	3.75711e+00	1.73564e+00	1.00000e+00	0.00000e+00
8.34834e+01	2.48584e+02	2.35835e+03	9.36741e+02	3.95216e+00	2.01186e+00	4.56125e+01	9.49737e+00	3.76035e+00	1.73633e+00	1.00000e+00	0.00000e+00
8.51204e+01	2.48608e+02	2.35734e+03	9.36775e+02	3.95304e+00	2.01255e+00	4.56125e+01	9.50206e+00	3.76359e+00	1.73702e+00	1.00000e+00	0.00000e+00
8.67573e+01	2.48632e+02	2.35634e+03	9.36808e+02	3.95393e+00	2.01324e+00	4.56125e+01	9.50673e+00	3.76683e+00	1.73771e+00	1.00000e+00	0.00000e+00
8.83942e+01	2.48656e+02	2.35533e+03	9.36838e+02	3.95481e+00	2.01393e+00	4.56125e+01	9.51139e+00	3.77006e+00	1.73841e+00	1.00000e+00	0.00000e+00
9.00312e+01	2.48681e+02	2.35433e+03	9.36866e+02	3.95569e+00	2.01462e+00	4.56125e+01	9.51603e+00	3.77328e+00	1.73910e+00	1.00000e+00	0.00000e+00
9.16681e+01	2.48705e+02	2.35332e+03	9.36891e+02	3.95656e+00	2.01531e+00	4.56125e+01	9.52066e+00	3.77650e+00	1.73980e+00	1.00000e+00	0.00000e+00
9.33050e+01	2.48730e+02	2.35232e+03	9.36915e+02	3.95744e+00	2.01600e+00	4.56125e+01	9.52527e+00	3.77971e+00	1.74049e+00	1.00000e+00	0.00000e+00
9.49420e+01	2.48755e+02	2.35131e+03	9.36936e+02	3.95831e+00	2.01668e+00	4.56125e+01	9.52987e+00	3.78292e+00	1.74119e+00	1.00000e+00	0.00000e+00
9.65789e+01	2.48780e+02	2.35031e+03	9.36956e+02	3.95918e+00	2.01737e+00	4.56125e+01	9.53446e+00	3.78612e+00	1.74189e+00	1.00000e+00	0.00000e+00
9.82158e+01	2.48805e+02	2.34931e+03	9.36973e+02	3.96005e+00	2.01805e+00	4.56125e+01	9.53903e+00	3.78932e+00	1.74259e+00	1.00000e+00	0.00000e+00
9.98527e+01	2.48830e+02	2.34830e+03	9.36987e+02	3.96092e+00	2.01873e+00	4.56125e+01	9.54359e+00	3.79251e+00	1.74329e+00	1.00000e+00	0.00000e+00
1.01490e+02	2.48855e+02	2.34730e+03	9.37000e+02	3.96178e+00	2.01941e+00	4.56125e+01	9.54814e+00	3.79570e+00	1.74399e+00	1.00000e+00	0.00000e+00
1.03127e+02	2.48881e+02	2.34630e+03	9.37010e+02	3.96265e+00	2.02009e+00	4.56125e+01	9.55267e+00	3.79888e+00	1.74469e+00	1.00000e+00	0.00000e+00
1.04764e+02	2.48907e+02	2.34530e+03	9.37017e+02	3.96351e+00	2.02077e+00	4.56125e+01	9.55718e+00	3.80206e+00	1.74539e+00	1.00000e+00	0.00000e+00
1.06400e+02	2.48933e+02	2.34430e+03	9.37023e+02	3.96437e+00	2.02145e+00	4.56125e+01	9.56169e+00	3.80523e+00	1.74610e+00	1.00000e+00	0.00000e+00
1.08037e+02	2.48959e+02	2.34330e+03	9.37026e+02	3.96523e+00	2.02213e+00	4.56125e+01	9.56618e+00	3.80839e+00	1.74680e+00	1.00000e+00	0.00000e+00
1.09674e+02	2.48985e+02	2.34230e+03	9.37026e+02	3.96608e+00	2.02280e+00	4.56125e+01	9.57065e+00	3.81155e+00	1.74751e+00	1.00000e+00	0.00000e+00
1.11311e+02	2.49012e+02	2.34130e+03	9.37025e+02	3.96694e+00	2.02348e+00	4.56125e+01	9.57511e+00	3.81471e+00	1.74822e+00	1.00000e+00	0.00000e+00
1.12948e+02	2.49038e+02	2.34030e+03	9.37020e+02	3.96779e+00	2.02415e+00	4.56125e+01	9.57956e+00	3.81786e+00	1.74892e+00	1.00000e+00	0.00000e+00
1.14585e+02	2.49065e+02	2.33930e+03	9.37014e+02	3.96865e+00	2.02483e+00	4.56125e+01	9.58399e+00	3.82100e+00	1.74963e+00	1.00000e+00	0.00000e+00
1.16222e+02	2.49092e+02	2.33830e+03	9.37004e+02	3.96950e+00	2.02550e+00	4.56125e+01	9.58841e+00	3.82414e+00	1.75034e+00	1.00000e+00	0.00000e+00
1.17859e+02	2.49119e+02	2.33730e+03	9.36993e+02	3.97035e+00	2.02617e+00	4.56125e+01	9.59282e+00	3.82727e+00	1.75105e+00	1.00000e+00	0.00000e+00
1.19496e+02	2.49146e+02	2.33631e+03	9.36979e+02	3.97119e+00	2.02684e+00	4.56125e+01	9.59721e+00	3.83040e+00	1.75176e+00	1.00000e+00	0.00000e+00
1.21133e+02	2.49174e+02	2.33531e+03	9.36962e+02	3.97204e+00	2.02751e+00	4.56125e+01	9.60159e+00	3.83352e+00	1.75248e+00	1.00000e+00	0.00000e+00
1.22770e+02	2.49201e+02	2.33431e+03	9.36943e+02	3.97288e+00	2.02818e+00	4.56125e+01	9.60595e+00	3.83664e+00	1.75319e+00	1.00000e+00	0.00000e+00
1.24407e+02	2.49229e+02	2.33332e+03	9.36921e+02	3.97373e+00	2.02884e+00	4.56125e+01	9.61030e+00	3.83975e+00	1.75391e+00	1.00000e+00	0.00000e+00
1.26044e+02	2.49257e+02	2.33232e+03	9.36896e+02	3.97457e+00	2.02951e+00	4.56125e+01	9.61464e+00	3.84285e+00	1.75462e+00	1.00000e+00	0.00000e+00
1.27681e+02	2.49285e+02	2.33132e+03	9.36869e+02	3.97541e+00	2.03017e+00	4.56125e+01	9.61896e+00	3.84596e+00	1.75534e+00	1.00000e+00	0.00000e+00
1.29317e+02	2.49313e+02	2.33033e+03	9.36839e+02	3.97625e+00	2.03084e+00	4.56125e+01	9.62327e+00	3.84905e+00	1.75605e+00	1.00000e+00	0.00000e+00
1.30954e+02	2.49342e+02	2.32933e+03	9.36807e+02	3.97708e+00	2.03150e+00	4.56125e+01	9.62756e+00	3.85214e+00	1.75677e+00	1.00000e+00	0.00000e+00
1.32591e+02	2.49370e+02	2.32834e+03	9.36772e+02	3.97792e+00	2.03217e+00	4.56125e+01	9.63184e+00	3.85523e+00	1.75749e+00	1.00000e+00	0.00000e+00
1.34228e+02	2.49399e+02	2.32734e+03	9.36734e+02	3.97875e+00	2.03283e+00	4.56125e+01	9.63611e+00	3.85831e+00	1.75821e+00	1.00000e+00	0.00000e+00
1.35865e+02	2.49428e+02	2.32635e+03	9.36693e+02	3.97958e+00	2.03349e+00	4.56125e+01	9.64036e+00	3.86138e+00	1.75894e+00	1.00000e+00	0.00000e+00
1.37502e+02	2.49457e+02	2.32536e+03	9.36650e+02	3.98042e+00	2.03415e+00	4.56125e+01	9.64460e+00	3.86445e+00	1.75966e+00	1.00000e+00	0.00000e+00
1.39139e+02	2.49487e+02	2.32436e+03	9.36604e+02	3.98125e+00	2.03481e+00	4.56125e+01	9.64882e+00	3.86751e+00	1.76038e+00	1.00000e+00	0.00000e+00
1.40776e+02	2.49516e+02	2.32337e+03	9.36554e+02	3.98207e+00	2.03547e+00	4.56125e+01	9.65303e+00	3.87057e+00	1.76111e+00	1.00000e+00	0.00000e+00
1.42413e+02	2.49546e+02	2.32238e+03	9.36503e+02	3.98290e+00	2.03612e+00	4.56125e+01	9.65723e+00	3.87362e+00	1.76183e+00	1.00000e+00	0.00000e+00
1.44050e+02	2.49576e+02	2.32139e+03	9.36448e+02	3.98373e+00	2.03678e+00	4.56125e+01	9.66141e+00	3.87667e+00	1.76256e+00	1.00000e+00	0.00000e+00
1.45687e+02	2.49606e+02	2.32039e+03	9.36390e+02	3.98455e+00	2.03743e+00	4.56125e+01	9.66558e+00	3.87971e+00	1.76329e+00	1.00000e+00	0.00000e+00
1.47324e+02	2.49636e+02	2.31940e+03	9.36330e+02	3.98538e+00	2.03809e+00	4.56125e+01	9.66974e+00	3.88275e+00	1.76402e+00	1.00000e+00	0.00000e+00
1.48961e+02	2.49667e+02	2.31841e+03	9.36266e+02	3.98620e+00	2.03874e+00	4.56125e+01	9.67388e+00	3.88578e+00	1.76475e+00	1.00000e+00	0.00000e+00
1.50598e+02	2.49697e+02	2.31742e+03	9.36200e+02	3.98702e+00	2.03940e+00	4.56125e+01	9.67800e+00	3.88880e+00	1.76548e+00	1.00000e+00	0.00000e+00
1.52235e+02	2.49728e+02	2.31643e+03	9.36131e+02	3.98784e+00	2.04005e+00	4.56125e+01	9.68212e+00	3.89182e+00	1.76621e+00	1.00000e+00	0.00000e+00
1.53871e+02	2.49759e+02	2.31544e+03	9.36058e+02	3.98865e+00	2.04070e+00	4.56125e+01	9.68622e+00	3.89484e+00	1.76694e+00	1.00000e+00	0.00000e+00
1.55508e+02	2.49790e+02	2.31445e+03	9.35983e+02	3.98947e+00	2.04135e+00	4.56125e+01	9.69030e+00	3.89785e+00	1.76768e+00	1.00000e+00	0.00000e+00
1.57145e+02	2.49822e+02	2.31346e+03	9.35904e+02	3.99029e+00	2.04200e+00	4.56125e+01	9.69437e+00	3.90085e+00	1.76841e+00	1.00000e+00	0.00000e+00
1.58782e+02	2.55580e+02	2.31247e+03	9.34884e+02	3.99270e+00	2.04347e+00	4.56125e+01	9.69843e+00	3.90385e+00	1.76915e+00	1.00000e+00	0.00000e+00
1.60419e+02	2.55640e+02	2.31148e+03	9.35003e+02	3.99352e+00	2.04412e+00	4.56125e+01	9.70247e+00	3.90685e+00	1.76989e+00	1.00000e+00	0.00000e+00
1.62056e+02	2.55700e+02	2.31050e+03	9.35650e+02	3.99434e+00	2.04477e+00	4.56125e+01	9.70650e+00	3.90983e+00	1.77063e+00	1.00000e+00	0.00000e+00
1.63918e+02	2.55707e+02	2.30960e+03	1.16974e+03	1.78537e+00	0.00000e+00	0.00000e+00	3.72861e+00	0.00000e+00	1.77112e+00	0.00000e+00	1.37893e+00
1.65780e+02	2.55715e+02	2.30870e+03	1.17032e+03	1.78864e+00	0.00000e+00	0.00000e+00	3.74414e+00	0.00000e+00	1.77162e+00	0.00000e+00	1.38042e+00
1.67642e+02	2.55723e+02	2.30780e+03	1.17090e+03	1.79190e+00	0.00000e+00	0.00000e+00	3.75965e+00	0.00000e+00	1.77212e+00	0.00000e+00	1.38193e+00
1.69504e+02	2.55731e+02	2.30690e+03	1.17148e+03	1.79514e+00	0.00000e+00	0.00000e+00	3.77514e+00	0.00000e+00	1.77261e+00	0.00000e+00	1.38344e+00
1.71367e+02	2.55739e+02	2.30601e+03	1.17205e+03	1.79838e+00	0.00000e+00	0.00000e+00	3.79062e+00	0.00000e+00	1.77311e+00	0.00000e+00	1.38497e+00
1.73229e+02	2.55748e+02	2.30511e+03	1.17263e+03	1.80161e+00	0.00000e+00	0.00000e+00	3.80609e+00	0.00000e+00	1.77361e+00	0.00000e+00	1.38650e+00
1.75091e+02	2.55757e+02	2.30422e+03	1.17320e+03	1.80482e+00	0.00000e+00	0.00000e+00	3.82154e+00	0.00000e+00	1.77410e+00	0.00000e+00	1.38805e+00
1.76953e+02	2.55765e+02	2.30332e+03	1.17377e+03	1.80802e+00	0.00000e+00	0.00000e+00	3.83698e+00	0.00000e+00	1.77460e+00	0.00000e+00	1.38961e+00
1.78815e+02	2.55774e+02	2.30243e+03	1.17433e+03	1.81122e+00	0.00000e+00	0.00000e+00	3.85241e+00	0.00000e+00	1.77510e+00	0.00000e+00	1.39117e+00
1.80677e+02	2.55784e+02	2.30154e+03	1.17490e+03	1.81440e+00	0.00000e+00	0.00000e+00	3.86782e+00	0.00000e+00	1.77560e+00	0.00000e+00	1.39275e+00
1.82539e+02	2.55793e+02	2.30064e+03	1.17546e+03	1.81757e+00	0.00000e+00	0.00000e+00	3.88321e+00	0.00000e+00	1.77609e+00	0.00000e+00	1.39434e+00
1.84401e+02	2.55803e+02	2.29975e+03	1.17602e+03	1.82073e+00	0.00000e+00	0.00000e+00	3.89859e+00	0.00000e+00	1.77659e+00	0.00000e+00	1.39594e+00
1.86263e+02	2.55813e+02	2.29886e+03	1.17658e+03	1.82388e+00	0.00000e+00	0.00000e+00	3.91396e+00	0.00000e+00	1.77709e+00	0.00000e+00	1.39755e+00
1.88125e+02	2.55823e+02	2.29797e+03	1.17714e+03	1.82702e+00	0.00000e+00	0.00000e+00	3.92931e+00	0.00000e+00	1.77759e+00	0.00000e+00	1.39917e+00
1.89988e+02	2.55833e+02	2.29708e+03	1.17770e+03	1.83015e+00	0.00000e+00	0.00000e+00	3.94465e+00	0.00000e+00	1.77809e+00	0.00000e+00	1.40080e+00
1.91850e+02	2.55843e+02	2.29619e+03	1.17825e+03	1.83328e+00	0.00000e+00	0.00000e+00	3.95998e+00	0.00000e+00	1.77858e+00	0.00000e+00	1.40244e+00
1.93712e+02	2.55854e+02	2.29531e+03	1.17880e+03	1.83639e+00	0.00000e+00	0.00000e+00	3.97529e+00	0.00000e+00	1.77908e+00	0.00000e+00	1.40410e+00
1.95574e+02	2.55864e+02	2.29442e+03	1.17935e+03	1.83949e+00	0.00000e+00	0.00000e+00	3.99059e+00	0.00000e+00	1.77958e+00	0.00000e+00	1.40576e+00
1.97436e+02	2.55875e+02	2.29353e+03	1.17990e+03	1.84258e+00	0.00000e+00	0.00000e+00	4.00587e+00	0.00000e+00	1.78008e+00	0.00000e+00	1.40744e+00
1.99298e+02	2.55886e+02	2.29264e+03	1.18045e+03	1.84566e+00	0.00000e+00	0.00000e+00	4.02114e+00	0.00000e+00	1.78058e+00	0.00000e+00	1.40912e+00
2.01160e+02	2.55898e+02	2.29176e+03	1.18099e+03	1.84873e+00	0.00000e+00	0.00000e+00	4.03640e+00	0.00000e+00	1.78108e+00	0.00000e+00	1.41082e+00
2.03022e+02	2.55909e+02	2.29087e+03	1.18153e+03	1.85179e+00	0.00000e+00	0.00000e+00	4.05164e+00	0.00000e+00	1.78158e+00	0.00000e+00	1.41253e+00
2.04884e+02	2.55920e+02	2.28999e+03	1.18207e+03	1.85484e+00	0.00000e+00	0.00000e+00	4.06687e+00	0.00000e+00	1.78208e+00	0.00000e+00	1.41425e+00
2.06746e+02	2.55932e+02	2.28911e+03	1.18261e+03	1.85789e+00	0.00000e+00	0.00000e+00	4.08208e+00	0.00000e+00	1.78257e+00	0.00000e+00	1.41598e+00
2.08609e+02	2.55944e+02	2.28822e+03	1.18315e+03	1.86092e+00	0.00000e+00	0.00000e+00	4.09729e+00	0.00000e+00	1.78307e+00	0.00000e+00	1.41772e+00
2.10471e+02	2.55956e+02	2.28734e+03	1.18369e+03	1.86395e+00	0.00000e+00	0.00000e+00	4.11248e+00	0.00000e+00	1.78357e+00	0.00000e+00	1.41947e+00
2.12333e+02	2.55968e+02	2.28646e+03	1.18422e+03	1.86696e+00	0.00000e+00	0.00000e+00	4.12766e+00	0.00000e+00	1.78407e+00	0.00000e+00	1.42123e+00
2.14195e+02	2.55981e+02	2.28558e+03	1.18475e+03	1.86997e+00	0.00000e+00	0.00000e+00	4.14283e+00	0.00000e+00	1.78457e+00	0.00000e+00	1.42300e+00
2.16057e+02	2.55993e+02	2.28470e+03	1.18529e+03	1.87297e+00	0.00000e+00	0.00000e+00	4.15798e+00	0.00000e+00	1.78507e+00	0.00000e+00	1.42478e+00
2.17919e+02	2.56006e+02	2.28382e+03	1.18581e+03	1.87595e+00	0.00000e+00	0.00000e+00	4.17312e+00	0.00000e+00	1.78557e+00	0.00000e+00	1.42657e+00
2.19781e+02	2.56019e+02	2.28294e+03	1.18634e+03	1.87893e+00	0.00000e+00	0.00000e+00	4.18825e+00	0.00000e+00	1.78608e+00	0.00000e+00	1.42837e+00
2.21643e+02	2.56032e+02	2.28206e+03	1.18687e+03	1.88191e+00	0.00000e+00	0.00000e+00	4.20337e+00	0.00000e+00	1.78658e+00	0.00000e+00	1.43018e+00
2.23505e+02	2.56045e+02	2.28118e+03	1.18739e+03	1.88487e+00	0.00000e+00	0.00000e+00	4.21848e+00	0.00000e+00	1.78708e+00	0.00000e+00	1.43200e+00
2.25367e+02	2.56058e+02	2.28031e+03	1.18791e+03	1.88782e+00	0.00000e+00	0.00000e+00	4.23357e+00	0.00000e+00	1.78758e+00	0.00000e+00	1.43382e+00
2.27230e+02	2.56072e+02	2.27943e+03	1.18844e+03	1.89077e+00	0.00000e+00	0.00000e+00	4.24865e+00	0.00000e+00	1.78808e+00	0.00000e+00	1.43566e+00
2.29092e+02	2.56085e+02	2.27855e+03	1.18895e+03	1.89370e+00	0.00000e+00	0.00000e+00	4.26371e+00	0.00000e+00	1.78858e+00	0.00000e+00	1.43750e+00
2.30954e+02	2.56099e+02	2.27768e+03	1.18947e+03	1.89663e+00	0.00000e+00	0.00000e+00	4.27876e+00	0.00000e+00	1.78908e+00	0.00000e+00	1.43935e+00
2.32816e+02	2.56113e+02	2.27680e+03	1.18999e+03	1.89954e+00	0.00000e+00	0.00000e+00	4.29379e+00	0.00000e+00	1.78958e+00	0.00000e+00	1.44121e+00
2.34678e+02	2.56127e+02	2.27593e+03	1.19050e+03	1.90245e+00	0.00000e+00	0.00000e+00	4.30881e+00	0.00000e+00	1.79009e+00	0.00000e+00	1.44308e+00
2.36540e+02	2.56141e+02	2.27506e+03	1.19102e+03	1.90535e+00	0.00000e+00	0.00000e+00	4.32380e+00	0.00000e+00	1.79059e+00	0.00000e+00	1.44496e+00
2.38402e+02	2.56155e+02	2.27418e+03	1.19153e+03	1.90823e+00	0.00000e+00	0.00000e+00	4.33877e+00	0.00000e+00	1.79109e+00	0.00000e+00	1.44685e+00
2.40264e+02	2.56170e+02	2.27331e+03	1.19204e+03	1.91111e+00	0.00000e+00	0.00000e+00	4.35371e+00	0.00000e+00	1.79159e+00	0.00000e+00	1.44874e+00
2.42126e+02	2.56184e+02	2.27244e+03	1.19255e+03	1.91397e+00	0.00000e+00	0.00000e+00	4.36863e+00	0.00000e+00	1.79209e+00	0.00000e+00	1.45064e+00
2.43988e+02	2.56199e+02	2.27157e+03	1.19305e+03	1.91682e+00	0.00000e+00	0.00000e+00	4.38351e+00	0.00000e+00	1.79260e+00	0.00000e+00	1.45255e+00
2.45850e+02	2.56214e+02	2.27070e+03	1.19356e+03	1.91966e+00	0.00000e+00	0.00000e+00	4.39836e+00	0.00000e+00	1.79310e+00	0.00000e+00	1.45447e+00
2.47713e+02	2.56229e+02	2.26983e+03	1.19406e+03	1.92248e+00	0.00000e+00	0.00000e+00	4.41317e+00	0.00000e+00	1.79360e+00	0.00000e+00	1.45639e+00
2.49575e+02	2.56244e+02	2.26896e+03	1.19457e+03	1.92529e+00	0.00000e+00	0.00000e+00	4.42795e+00	0.00000e+00	1.79411e+00	0.00000e+00	1.45832e+00
2.51437e+02	2.56259e+02	2.26809e+03	1.19507e+03	1.92809e+00	0.00000e+00	0.00000e+00	4.44268e+00	0.00000e+00	1.79461e+00	0.00000e+00	1.46026e+00
2.53299e+02	2.56274e+02	2.26722e+03	1.19557e+03	1.93087e+00	0.00000e+00	0.00000e+00	4.45737e+00	0.00000e+00	1.79511e+00	0.00000e+00	1.46221e+00
2.55161e+02	2.56290e+02	2.26636e+03	1.19607e+03	1.93363e+00	0.00000e+00	0.00000e+00	4.47201e+00	0.00000e+00	1.79562e+00	0.00000e+00	1.46416e+00
2.57023e+02	2.56305e+02	2.26549e+03	1.19656e+03	1.93638e+00	0.00000e+00	0.00000e+00	4.48661e+00	0.00000e+00	1.79612e+00	0.00000e+00	1.46613e+00
2.58885e+02	2.56321e+02	2.26462e+03	1.19706e+03	1.93912e+00	0.00000e+00	0.00000e+00	4.50117e+00	0.00000e+00	1.79663e+00	0.00000e+00	1.46810e+00
2.60747e+02	2.56337e+02	2.26376e+03	1.19755e+03	1.94185e+00	0.00000e+00	0.00000e+00	4.51569e+00	0.00000e+00	1.79713e+00	0.00000e+00	1.47007e+00
2.62609e+02	2.56353e+02	2.26289e+03	1.19804e+03	1.94456e+00	0.00000e+00	0.00000e+00	4.53017e+00	0.00000e+00	1.79764e+00	0.00000e+00	1.47206e+00
2.64471e+02	2.56369e+02	2.26203e+03	1.19854e+03	1.94725e+00	0.00000e+00	0.00000e+00	4.54461e+00	0.00000e+00	1.79814e+00	0.00000e+00	1.47405e+00
2.66334e+02	2.56386e+02	2.26117e+03	1.19903e+03	1.94994e+00	0.00000e+00	0.00000e+00	4.55902e+00	0.00000e+00	1.79865e+00	0.00000e+00	1.47605e+00
2.68196e+02	2.56402e+02	2.26030e+03	1.19951e+03	1.95261e+00	0.00000e+00	0.00000e+00	4.57339e+00	0.00000e+00	1.79915e+00	0.00000e+00	1.47805e+00
2.70058e+02	2.56418e+02	2.25944e+03	1.20000e+03	1.95528e+00	0.00000e+00	0.00000e+00	4.58774e+00	0.00000e+00	1.79966e+00	0.00000e+00	1.48006e+00
2.71920e+02	2.56435e+02	2.25858e+03	1.20049e+03	1.95793e+00	0.00000e+00	0.00000e+00	4.60206e+00	0.00000e+00	1.80016e+00	0.00000e+00	1.48208e+00
2.73782e+02	2.56452e+02	2.25772e+03	1.20097e+03	1.96057e+00	0.00000e+00	0.00000e+00	4.61636e+00	0.00000e+00	1.80067e+00	0.00000e+00	1.48411e+00
2.75644e+02	2.56469e+02	2.25686e+03	1.20146e+03	1.96321e+00	0.00000e+00	0.00000e+00	4.63063e+00	0.00000e+00	1.80118e+00	0.00000e+00	1.48614e+00
2.77506e+02	2.56486e+02	2.25600e+03	1.20194e+03	1.96583e+00	0.00000e+00	0.00000e+00	4.64489e+00	0.00000e+00	1.80168e+00	0.00000e+00	1.48818e+00
2.79368e+02	2.56503e+02	2.25514e+03	1.20242e+03	1.96845e+00	0.00000e+00	0.00000e+00	4.65912e+00	0.00000e+00	1.80219e+00	0.00000e+00	1.49023e+00
2.81230e+02	2.56520e+02	2.25428e+03	1.20290e+03	1.97105e+00	0.00000e+00	0.00000e+00	4.67333e+00	0.00000e+00	1.80270e+00	0.00000e+00	1.49228e+00
2.83092e+02	2.56538e+02	2.25342e+03	1.20338e+03	1.97365e+00	0.00000e+00	0.00000e+00	4.68752e+00	0.00000e+00	1.80320e+00	0.00000e+00	1.49434e+00
2.84955e+02	2.56555e+02	2.25256e+03	1.20385e+03	1.97624e+00	0.00000e+00	0.00000e+00	4.70170e+00	0.00000e+00	1.80371e+00	0.00000e+00	1.49641e+00
2.86817e+02	2.56573e+02	2.25170e+03	1.20433e+03	1.97882e+00	0.00000e+00	0.00000e+00	4.71584e+00	0.00000e+00	1.80422e+00	0.00000e+00	1.49848e+00
2.88679e+02	2.56590e+02	2.25085e+03	1.20480e+03	1.98139e+00	0.00000e+00	0.00000e+00	4.72997e+00	0.00000e+00	1.80473e+00	0.00000e+00	1.50056e+00
2.90541e+02	2.56608e+02	2.24999e+03	1.20528e+03	1.98395e+00	0.00000e+00	0.00000e+00	4.74407e+00	0.00000e+00	1.80523e+00	0.00000e+00	1.50265e+00
2.92403e+02	2.56626e+02	2.24914e+03	1.20575e+03	1.98651e+00	0.00000e+00	0.00000e+00	4.75814e+00	0.00000e+00	1.80574e+00	0.00000e+00	1.50474e+00
2.94265e+02	2.56644e+02	2.24828e+03	1.20622e+03	1.98905e+00	0.00000e+00	0.00000e+00	4.77218e+00	0.00000e+00	1.80625e+00	0.00000e+00	1.50684e+00
2.96127e+02	2.56663e+02	2.24743e+03	1.20669e+03	1.99158e+00	0.00000e+00	0.00000e+00	4.78618e+00	0.00000e+00	1.80676e+00	0.00000e+00	1.50894e+00
2.97989e+02	2.56681e+02	2.24657e+03	1.20716e+03	1.99409e+00	0.00000e+00	0.00000e+00	4.80016e+00	0.00000e+00	1.80727e+00	0.00000e+00	1.51105e+00
2.99851e+02	2.56699e+02	2.24572e+03	1.20763e+03	1.99660e+00	0.00000e+00	0.00000e+00	4.81410e+00	0.00000e+00	1.80778e+00	0.00000e+00	1.51317e+00
3.01713e+02	2.56718e+02	2.24487e+03	1.20809e+03	1.99910e+00	0.00000e+00	0.00000e+00	4.82801e+00	0.00000e+00	1.80829e+00	0.00000e+00	1.51529e+00
3.03576e+02	2.56737e+02	2.24401e+03	1.20856e+03	2.00158e+00	0.00000e+00	0.00000e+00	4.84188e+00	0.00000e+00	1.80880e+00	0.00000e+00	1.51742e+00
3.05438e+02	2.56755e+02	2.24316e+03	1.20902e+03	2.00405e+00	0.00000e+00	0.00000e+00	4.85572e+00	0.00000e+00	1.80931e+00	0.00000e+00	1.51956e+00
3.07300e+02	2.56774e+02	2.24231e+03	1.20949e+03	2.00652e+00	0.00000e+00	0.00000e+00	4.86953e+00	0.00000e+00	1.80982e+00	0.00000e+00	1.52170e+00
3.09162e+02	2.56793e+02	2.24146e+03	1.20995e+03	2.00897e+00	0.00000e+00	0.00000e+00	4.88331e+00	0.00000e+00	1.81033e+00	0.00000e+00	1.52384e+00
3.11024e+02	2.56812e+02	2.24061e+03	1.21041e+03	2.01142e+00	0.00000e+00	0.00000e+00	4.89707e+00	0.00000e+00	1.81084e+00	0.00000e+00	1.52599e+00
3.12886e+02	2.56832e+02	2.23976e+03	1.21087e+03	2.01386e+00	0.00000e+00	0.00000e+00	4.91081e+00	0.00000e+00	1.81135e+00	0.00000e+00	1.52815e+00
3.14748e+02	2.56851e+02	2.23891e+03	1.21133e+03	2.01628e+00	0.00000e+00	0.00000e+00	4.92453e+00	0.00000e+00	1.81186e+00	0.00000e+00	1.53031e+00
3.16610e+02	2.56870e+02	2.23807e+03	1.21178e+03	2.01871e+00	0.00000e+00	0.00000e+00	4.93824e+00	0.00000e+00	1.81237e+00	0.00000e+00	1.53248e+00
3.18472e+02	2.56890e+02	2.23722e+03	1.21224e+03	2.02112e+00	0.00000e+00	0.00000e+00	4.95194e+00	0.00000e+00	1.81288e+00	0.00000e+00	1.53465e+00
3.20334e+02	2.56909e+02	2.23637e+03	1.21270e+03	2.02354e+00	0.00000e+00	0.00000e+00	4.96563e+00	0.00000e+00	1.81339e+00	0.00000e+00	1.53682e+00
3.22196e+02	2.56929e+02	2.23553e+03	1.21315e+03	2.02594e+00	0.00000e+00	0.00000e+00	4.97931e+00	0.00000e+00	1.81391e+00	0.00000e+00	1.53900e+00
3.24059e+02	2.56949e+02	2.23468e+03	1.21360e+03	2.02835e+00	0.00000e+00	0.00000e+00	4.99299e+00	0.00000e+00	1.81442e+00	0.00000e+00	1.54119e+00
3.25921e+02	2.56969e+02	2.23383e+03	1.21406e+03	2.03075e+00	0.00000e+00	0.00000e+00	5.00667e+00	0.00000e+00	1.81493e+00	0.00000e+00	1.54338e+00
3.27783e+02	2.56989e+02	2.23299e+03	1.21451e+03	2.03314e+00	0.00000e+00	0.00000e+00	5.02036e+00	0.00000e+00	1.81544e+00	0.00000e+00	1.54557e+00
3.29645e+02	2.57009e+02	2.23215e+03	1.21496e+03	2.03553e+00	0.00000e+00	0.00000e+00	5.03404e+00	0.00000e+00	1.81596e+00	0.00000e+00	1.54776e+00
3.31507e+02	2.57029e+02	2.23130e+03	1.21540e+03	2.03792e+00	0.00000e+00	0.00000e+00	5.04773e+00	0.00000e+00	1.81647e+00	0.00000e+00	1.54997e+00
3.33369e+02	2.57050e+02	2.23046e+03	1.21585e+03	2.04031e+00	0.00000e+00	0.00000e+00	5.06142e+00	0.00000e+00	1.81698e+00	0.00000e+00	1.55217e+00
3.35231e+02	2.57070e+02	2.22962e+03	1.21630e+03	2.04269e+00	0.00000e+00	0.00000e+00	5.07512e+00	0.00000e+00	1.81750e+00	0.00000e+00	1.55438e+00
3.37093e+02	2.57091e+02	2.22877e+03	1.21674e+03	2.04507e+00	0.00000e+00	0.00000e+00	5.08882e+00	0.00000e+00	1.81801e+00	0.00000e+00	1.55659e+00
3.38955e+02	2.57112e+02	2.22793e+03	1.21719e+03	2.04745e+00	0.00000e+00	0.00000e+00	5.10253e+00	0.00000e+00	1.81853e+00	0.00000e+00	1.55880e+00
3.40817e+02	2.57132e+02	2.22709e+03	1.21763e+03	2.04983e+00	0.00000e+00	0.00000e+00	5.11624e+00	0.00000e+00	1.81904e+00	0.00000e+00	1.56102e+00
3.42680e+02	2.57153e+02	2.22625e+03	1.21808e+03	2.05220e+00	0.00000e+00	0.00000e+00	5.12997e+00	0.00000e+00	1.81956e+00	0.00000e+00	1.56324e+00
3.44542e+02	2.57174e+02	2.22541e+03	1.21852e+03	2.05457e+00	0.00000e+00	0.00000e+00	5.14370e+00	0.00000e+00	1.82007e+00	0.00000e+00	1.56547e+00
3.46404e+02	2.57195e+02	2.22457e+03	1.21896e+03	2.05694e+00	0.00000e+00	0.00000e+00	5.15743e+00	0.00000e+00	1.82059e+00	0.00000e+00	1.56769e+00
3.48266e+02	2.57217e+02	2.22373e+03	1.21940e+03	2.05931e+00	0.00000e+00	0.00000e+00	5.17118e+00	0.00000e+00	1.82110e+00	0.00000e+00	1.56993e+00
3.50128e+02	2.57238e+02	2.22289e+03	1.21984e+03	2.06168e+00	0.00000e+00	0.00000e+00	5.18493e+00	0.00000e+00	1.82162e+00	0.00000e+00	1.57216e+00
3.51990e+02	2.57259e+02	2.22206e+03	1.22027e+03	2.06404e+00	0.00000e+00	0.00000e+00	5.19869e+00	0.00000e+00	1.82213e+00	0.00000e+00	1.57439e+00
3.53852e+02	2.57281e+02	2.22122e+03	1.22071e+03	2.06640e+00	0.00000e+00	0.00000e+00	5.21245e+00	0.00000e+00	1.82265e+00	0.00000e+00	1.57663e+00
3.55714e+02	2.57302e+02	2.22038e+03	1.22115e+03	2.06876e+00	0.00000e+00	0.00000e+00	5.22623e+00	0.00000e+00	1.82317e+00	0.00000e+00	1.57887e+00
3.57576e+02	2.57324e+02	2.21955e+03	1.22158e+03	2.07112e+00	0.00000e+00	0.00000e+00	5.24001e+00	0.00000e+00	1.82368e+00	0.00000e+00	1.58111e+00
3.59438e+02	2.57346e+02	2.21871e+03	1.22201e+03	2.07347e+00	0.00000e+00	0.00000e+00	5.25380e+00	0.00000e+00	1.82420e+00	0.00000e+00	1.58336e+00
3.61301e+02	2.57368e+02	2.21788e+03	1.22245e+03	2.07583e+00	0.00000e+00	0.00000e+00	5.26760e+00	0.00000e+00	1.82472e+00	0.00000e+00	1.58561e+00
3.63163e+02	2.57390e+02	2.21704e+03	1.22288e+03	2.07818e+00	0.00000e+00	0.00000e+00	5.28140e+00	0.00000e+00	1.82524e+00	0.00000e+00	1.58785e+00
3.65025e+02	2.57412e+02	2.21621e+03	1.22331e+03	2.08053e+00	0.00000e+00	0.00000e+00	5.29521e+00	0.00000e+00	1.82575e+00	0.00000e+00	1.59010e+00
3.66887e+02	2.57434e+02	2.21537e+03	1.22374e+03	2.08287e+00	0.00000e+00	0.00000e+00	5.30903e+00	0.00000e+00	1.82627e+00	0.00000e+00	1.59235e+00
3.68749e+02	2.57456e+02	2.21454e+03	1.22417e+03	2.08522e+00	0.00000e+00	0.00000e+00	5.32285e+00	0.00000e+00	1.82679e+00	0.00000e+00	1.59461e+00
3.70611e+02	2.57479e+02	2.21371e+03	1.22459e+03	2.08756e+00	0.00000e+00	0.00000e+00	5.33668e+00	0.00000e+00	1.82731e+00	0.00000e+00	1.59686e+00
3.72473e+02	2.57501e+02	2.21288e+03	1.22502e+03	2.08990e+00	0.00000e+00	0.00000e+00	5.35052e+00	0.00000e+00	1.82783e+00	0.00000e+00	1.59912e+00
3.74335e+02	2.57524e+02	2.21205e+03	1.22545e+03	2.09224e+00	0.00000e+00	0.00000e+00	5.36436e+00	0.00000e+00	1.82835e+00	0.00000e+00	1.60137e+00
3.76197e+02	2.57547e+02	2.21122e+03	1.22587e+03	2.09458e+00	0.00000e+00	0.00000e+00	5.37821e+00	0.00000e+00	1.82887e+00	0.00000e+00	1.60363e+00
3.78059e+02	2.57569e+02	2.21039e+03	1.22630e+03	2.09691e+00	0.00000e+00	0.00000e+00	5.39207e+00	0.00000e+00	1.82939e+00	0.00000e+00	1.60588e+00
3.79922e+02	2.57592e+02	2.20956e+03	1.22672e+03	2.09924e+00	0.00000e+00	0.00000e+00	5.40593e+00	0.00000e+00	1.82991e+00	0.00000e+00	1.60814e+00
3.81784e+02	2.57615e+02	2.20873e+03	1.22714e+03	2.10157e+00	0.00000e+00	0.00000e+00	5.41979e+00	0.00000e+00	1.83043e+00	0.00000e+00	1.61040e+00
3.83646e+02	2.57638e+02	2.20790e+03	1.22756e+03	2.10390e+00	0.00000e+00	0.00000e+00	5.43367e+00	0.00000e+00	1.83095e+00	0.00000e+00	1.61266e+00
3.85508e+02	2.57662e+02	2.20707e+03	1.22798e+03	2.10622e+00	0.00000e+00	0.00000e+00	5.44755e+00	0.00000e+00	1.83147e+00	0.00000e+00	1.61491e+00
3.87370e+02	2.57685e+02	2.20624e+03	1.22840e+03	2.10855e+00	0.00000e+00	0.00000e+00	5.46143e+00	0.00000e+00	1.83199e+00	0.00000e+00	1.61717e+00
3.89232e+02	2.57708e+02	2.20541e+03	1.22882e+03	2.11087e+00	0.00000e+00	0.00000e+00	5.47532e+00	0.00000e+00	1.83252e+00	0.00000e+00	1.61943e+00
3.91094e+02	2.57732e+02	2.20459e+03	1.22924e+03	2.11318e+00	0.00000e+00	0.00000e+00	5.48921e+00	0.00000e+00	1.83304e+00	0.00000e+00	1.62168e+00
3.92956e+02	2.57755e+02	2.20376e+03	1.22965e+03	2.11550e+00	0.00000e+00	0.00000e+00	5.50311e+00	0.00000e+00	1.83356e+00	0.00000e+00	1.62393e+00
3.94818e+02	2.57779e+02	2.20294e+03	1.23007e+03	2.11781e+00	0.00000e+00	0.00000e+00	5.51702e+00	0.00000e+00	1.83408e+00	0.00000e+00	1.62619e+00
3.96680e+02	2.57802e+02	2.20211e+03	1.23048e+03	2.12012e+00	0.00000e+00	0.00000e+00	5.53093e+00	0.00000e+00	1.83461e+00	0.00000e+00	1.62844e+00
3.98542e+02	2.57826e+02	2.20129e+03	1.23090e+03	2.12243e+00	0.00000e+00	0.00000e+00	5.54484e+00	0.00000e+00	1.83513e+00	0.00000e+00	1.63069e+00
4.00405e+02	2.57850e+02	2.20046e+03	1.23131e+03	2.12474e+00	0.00000e+00	0.00000e+00	5.55876e+00	0.00000e+00	1.83565e+00	0.00000e+00	1.63294e+00
4.02267e+02	2.57874e+02	2.19964e+03	1.23172e+03	2.12704e+00	0.00000e+00	0.00000e+00	5.57269e+00	0.00000e+00	1.83618e+00	0.00000e+00	1.63519e+00
4.04129e+02	2.57898e+02	2.19882e+03	1.23213e+03	2.12934e+00	0.00000e+00	0.00000e+00	5.58662e+00	0.00000e+00	1.83670e+00	0.00000e+00	1.63743e+00
4.05991e+02	2.57922e+02	2.19799e+03	1.23254e+03	2.13164e+00	0.00000e+00	0.00000e+00	5.60055e+00	0.00000e+00	1.83723e+00	0.00000e+00	1.63968e+00
4.07853e+02	2.57946e+02	2.19717e+03	1.23295e+03	2.13394e+00	0.00000e+00	0.00000e+00	5.61449e+00	0.00000e+00	1.83775e+00	0.00000e+00	1.64192e+00
4.09715e+02	2.57971e+02	2.19635e+03	1.23336e+03	2.13623e+00	0.00000e+00	0.00000e+00	5.62844e+00	0.00000e+00	1.83828e+00	0.00000e+00	1.64416e+00
4.11577e+02	2.57995e+02	2.19553e+03	1.23377e+03	2.13853e+00	0.00000e+00	0.00000e+00	5.64238e+00	0.00000e+00	1.83880e+00	0.00000e+00	1.64640e+00
4.13439e+02	2.58019e+02	2.19471e+03	1.23417e+03	2.14082e+00	0.00000e+00	0.00000e+00	5.65634e+00	0.00000e+00	1.83933e+00	0.00000e+00	1.64863e+00
4.15301e+02	2.58044e+02	2.19389e+03	1.23458e+03	2.14310e+00	0.00000e+00	0.00000e+00	5.67030e+00	0.00000e+00	1.83985e+00	0.00000e+00	1.65087e+00
4.17163e+02	2.58069e+02	2.19307e+03	1.23498e+03	2.14539e+00	0.00000e+00	0.00000e+00	5.68426e+00	0.00000e+00	1.84038e+00	0.00000e+00	1.65310e+00
4.19026e+02	2.58093e+02	2.19225e+03	1.23539e+03	2.14767e+00	0.00000e+00	0.00000e+00	5.69823e+00	0.00000e+00	1.84091e+00	0.00000e+00	1.65533e+00
4.20888e+02	2.58118e+02	2.19143e+03	1.23579e+03	2.14995e+00	0.00000e+00	0.00000e+00	5.71220e+00	0.00000e+00	1.84143e+00	0.00000e+00	1.65756e+00
4.22750e+02	2.58143e+02	2.19061e+03	1.23619e+03	2.15223e+00	0.00000e+00	0.00000e+00	5.72618e+00	0.00000e+00	1.84196e+00	0.00000e+00	1.65979e+00
4.24612e+02	2.58168e+02	2.18980e+03	1.23660e+03	2.15451e+00	0.00000e+00	0.00000e+00	5.74016e+00	0.00000e+00	1.84249e+00	0.00000e+00	1.66201e+00
4.26474e+02	2.58193e+02	2.18898e+03	1.23700e+03	2.15678e+00	0.00000e+00	0.00000e+00	5.75414e+00	0.00000e+00	1.84302e+00	0.00000e+00	1.66424e+00
4.28336e+02	2.58218e+02	2.18816e+03	1.23740e+03	2.15905e+00	0.00000e+00	0.00000e+00	5.76813e+00	0.00000e+00	1.84354e+00	0.00000e+00	1.66646e+00
4.30198e+02	2.58243e+02	2.18735e+03	1.23779e+03	2.16132e+00	0.00000e+00	0.00000e+00	5.78213e+00	0.00000e+00	1.84407e+00	0.00000e+00	1.66868e+00
4.32060e+02	2.58268e+02	2.18653e+03	1.23819e+03	2.16359e+00	0.00000e+00	0.00000e+00	5.79613e+00	0.00000e+00	1.84460e+00	0.00000e+00	1.67090e+00
4.33922e+02	2.58294e+02	2.18572e+03	1.23859e+03	2.16585e+00	0.00000e+00	0.00000e+00	5.81013e+00	0.00000e+00	1.84513e+00	0.00000e+00	1.67311e+00
4.35784e+02	2.58319e+02	2.18490e+03	1.23899e+03	2.16812e+00	0.00000e+00	0.00000e+00	5.82414e+00	0.00000e+00	1.84566e+00	0.00000e+00	1.67533e+00
4.37647e+02	2.58345e+02	2.18409e+03	1.23938e+03	2.17038e+00	0.00000e+00	0.00000e+00	5.83815e+00	0.00000e+00	1.84619e+00	0.00000e+00	1.67754e+00
4.39509e+02	2.58370e+02	2.18327e+03	1.23978e+03	2.17263e+00	0.00000e+00	0.00000e+00	5.85217e+00	0.00000e+00	1.84672e+00	0.00000e+00	1.67975e+00
4.41371e+02	2.58396e+02	2.18246e+03	1.24017e+03	2.17489e+00	0.00000e+00	0.00000e+00	5.86619e+00	0.00000e+00	1.84725e+00	0.00000e+00	1.68196e+00
4.43233e+02	2.58421e+02	2.18165e+03	1.24056e+03	2.17714e+00	0.00000e+00	0.00000e+00	5.88021e+00	0.00000e+00	1.84778e+00	0.00000e+00	1.68417e+00
4.45095e+02	2.58447e+02	2.18084e+03	1.24096e+03	2.17939e+00	0.00000e+00	0.00000e+00	5.89424e+00	0.00000e+00	1.84831e+00	0.00000e+00	1.68637e+00
4.46957e+02	2.58473e+02	2.18002e+03	1.24135e+03	2.18164e+00	0.00000e+00	0.00000e+00	5.90827e+00	0.00000e+00	1.84884e+00	0.00000e+00	1.68858e+00
4.48819e+02	2.58499e+02	2.17921e+03	1.24174e+03	2.18389e+00	0.00000e+00	0.00000e+00	5.92230e+00	0.00000e+00	1.84937e+00	0.00000e+00	1.69078e+00
4.50681e+02	2.58504e+02	2.17841e+03	1.25348e+03	4.20603e+00	2.21055e+00	1.23988e+02	1.39633e+01	6.10561e+00	1.84989e+00	5.00000e+00	0.00000e+00
4.52543e+02	2.58604e+02	2.17761e+03	1.25363e+03	4.20665e+00	2.21062e+00	1.23988e+02	1.39722e+01	6.10729e+00	1.85041e+00	5.00000e+00	0.00000e+00
4.54405e+02	2.58705e+02	2.17680e+03	1.25378e+03	4.20727e+00	2.21069e+00	1.23988e+02	1.39811e+01	6.10896e+00	1.85093e+00	5.00000e+00	0.00000e+00
4.56268e+02	2.58804e+02	2.17600e+03	1.25393e+03	4.20789e+00	2.21076e+00	1.23988e+02	1.39901e+01	6.11064e+00	1.85146e+00	5.00000e+00	0.00000e+00
4.58130e+02	2.58901e+02	2.17520e+03	1.25408e+03	4.20851e+00	2.21083e+00	1.23988e+02	1.39990e+01	6.11232e+00	1.85198e+00	5.00000e+00	0.00000e+00
4.59992e+02	2.58998e+02	2.17440e+03	1.25424e+03	4.20913e+00	2.21091e+00	1.23988e+02	1.40080e+01	6.11399e+00	1.85250e+00	5.00000e+00	0.00000e+00
4.61854e+02	2.59095e+02	2.17360e+03	1.25439e+03	4.20976e+00	2.21098e+00	1.23988e+02	1.40169e+01	6.11567e+00	1.85302e+00	5.00000e+00	0.00000e+00
4.63716e+02	2.59192e+02	2.17280e+03	1.25454e+03	4.21038e+00	2.21106e+00	1.23988e+02	1.40258e+01	6.11734e+00	1.85355e+00	5.00000e+00	0.00000e+00
4.65578e+02	2.59288e+02	2.17199e+03	1.25469e+03	4.21101e+00	2.21113e+00	1.23988e+02	1.40348e+01	6.11902e+00	1.85407e+00	5.00000e+00	0.00000e+00
4.67440e+02	2.59385e+02	2.17119e+03	1.25484e+03	4.21164e+00	2.21121e+00	1.23988e+02	1.40437e+01	6.12070e+00	1.85459e+00	5.00000e+00	0.00000e+00
4.69302e+02	2.59482e+02	2.17039e+03	1.25499e+03	4.21227e+00	2.21128e+00	1.23988e+02	1.40527e+01	6.12237e+00	1.85512e+00	5.00000e+00	0.00000e+00
4.71164e+02	2.59579e+02	2.16959e+03	1.25515e+03	4.21290e+00	2.21136e+00	1.23988e+02	1.40616e+01	6.12405e+00	1.85565e+00	5.00000e+00	0.00000e+00
4.73026e+02	2.59676e+02	2.16880e+03	1.25530e+03	4.21353e+00	2.21144e+00	1.23988e+02	1.40705e+01	6.12572e+00	1.85617e+00	5.00000e+00	0.00000e+00
4.74888e+02	2.59773e+02	2.16800e+03	1.25545e+03	4.21416e+00	2.21152e+00	1.23988e+02	1.40795e+01	6.12740e+00	1.85670e+00	5.00000e+00	0.00000e+00
4.76751e+02	2.59870e+02	2.16720e+03	1.25560e+03	4.21479e+00	2.21160e+00	1.23988e+02	1.40884e+01	6.12908e+00	1.85723e+00	5.00000e+00	0.00000e+00
4.78613e+02	2.59967e+02	2.16640e+03	1.25575e+03	4.21543e+00	2.21168e+00	1.23988e+02	1.40973e+01	6.13075e+00	1.85775e+00	5.00000e+00	0.00000e+00
4.80475e+02	2.60064e+02	2.16560e+03	1.25590e+03	4.21606e+00	2.21176e+00	1.23988e+02	1.41063e+01	6.13243e+00	1.85828e+00	5.00000e+00	0.00000e+00
4.82337e+02	2.60158e+02	2.16480e+03	1.25605e+03	4.21670e+00	2.21184e+00	1.23988e+02	1.41152e+01	6.13410e+00	1.85881e+00	5.00000e+00	0.00000e+00
4.84199e+02	2.60251e+02	2.16401e+03	1.25620e+03	4.21734e+00	2.21192e+00	1.23988e+02	1.41242e+01	6.13578e+00	1.85934e+00	5.00000e+00	0.00000e+00
4.86061e+02	2.60344e+02	2.16321e+03	1.25636e+03	4.21798e+00	2.21201e+00	1.23988e+02	1.41331e+01	6.13745e+00	1.85987e+00	5.00000e+00	0.00000e+00
4.87923e+02	2.60437e+02	2.16241e+03	1.25651e+03	4.21862e+00	2.21209e+00	1.23988e+02	1.41420e+01	6.13913e+00	1.86040e+00	5.00000e+00	0.00000e+00
4.89785e+02	2.60530e+02	2.16162e+03	1.25666e+03	4.21926e+00	2.21218e+00	1.23988e+02	1.41510e+01	6.14081e+00	1.86094e+00	5.00000e+00	0.00000e+00
4.91647e+02	2.60623e+02	2.16082e+03	1.25681e+03	4.21990e+00	2.21226e+00	1.23988e+02	1.41599e+01	6.14248e+00	1.86147e+00	5.00000e+00	0.00000e+00
4.93509e+02	2.60716e+02	2.16002e+03	1.25696e+03	4.22054e+00	2.21235e+00	1.23988e+02	1.41688e+01	6.14416e+00	1.86200e+00	5.00000e+00	0.00000e+00
4.95372e+02	2.60808e+02	2.15923e+03	1.25711e+03	4.22119e+00	2.21244e+00	1.23988e+02	1.41778e+01	6.14583e+00	1.86253e+00	5.00000e+00	0.00000e+00
4.97234e+02	2.60901e+02	2.15843e+03	2.72660e+03	7.44663e+00	4.10408e+00	2.07134e+14	8.99669e+01	4.59266e+01	1.86307e+00	5.00000e+01	0.00000e+00
6.68554e+02	2.79477e+02	2.12471e+03	2.74632e+03	7.29553e+00	4.01097e+00	3.55368e+13	8.72630e+01	4.41825e+01	1.86307e+00	5.00000e+01	0.00000e+00
8.41113e+02	2.97761e+02	2.09098e+03	2.75275e+03	7.35819e+00	4.02810e+00	7.80083e+12	8.94890e+01	4.46650e+01	1.86307e+00	5.00000e+01	0.00000e+00
1.01408e+03	3.15751e+02	2.05726e+03	2.75924e+03	7.41546e+00	4.04253e+00	2.08601e+12	9.16085e+01	4.50920e+01	1.86307e+00	5.00000e+01	0.00000e+00
1.18745e+03	3.33450e+02	2.02353e+03	2.76534e+03	7.52954e+00	4.08024e+00	6.55861e+11	9.53941e+01	4.60384e+01	1.86307e+00	5.00000e+01	0.00000e+00
1.36120e+03	3.50855e+02	1.98981e+03	2.77376e+03	7.70449e+00	4.14600e+00	2.35879e+11	1.01077e+02	4.76793e+01	1.86307e+00	5.00000e+01	0.00000e+00
1.53548e+03	3.67969e+02	1.95608e+03	2.78379e+03	7.99410e+00	4.26439e+00	9.49977e+10	1.10418e+02	5.06274e+01	1.86307e+00	5.00000e+01	0.00000e+00
1.71040e+03	3.84789e+02	1.92235e+03	2.79246e+03	8.20107e+00	4.34861e+00	4.21195e+10	1.17411e+02	5.28079e+01	1.86307e+00	5.00000e+01	0.00000e+00
1.88586e+03	4.01317e+02	1.88863e+03	2.80053e+03	8.36364e+00	4.41419e+00	2.02719e+10	1.23143e+02	5.45695e+01	1.86307e+00	5.00000e+01	0.00000e+00
2.06182e+03	4.17553e+02	1.85490e+03	2.80816e+03	8.49046e+00	4.46343e+00	1.04713e+10	1.27843e+02	5.59452e+01	1.86307e+00	5.00000e+01	0.00000e+00
2.23827e+03	4.33496e+02	1.82118e+03	2.81690e+03	8.63128e+00	4.52023e+00	5.75094e+09	1.33115e+02	5.75566e+01	1.86307e+00	5.00000e+01	0.00000e+00
2.41526e+03	4.49147e+02	1.78745e+03	2.82397e+03	8.74062e+00	4.56448e+00	3.33267e+09	1.37299e+02	5.88360e+01	1.86307e+00	5.00000e+01	0.00000e+00
2.59270e+03	4.64505e+02	1.75373e+03	2.83063e+03	8.77279e+00	4.57088e+00	2.02431e+09	1.38997e+02	5.91403e+01	1.86307e+00	5.00000e+01	0.00000e+00
2.77056e+03	4.79570e+02	1.72000e+03	2.83567e+03	8.79907e+00	4.57625e+00	1.28176e+09	1.40368e+02	5.93848e+01	1.86307e+00	5.00000e+01	0.00000e+00
2.94873e+03	4.94343e+02	1.68628e+03	2.84142e+03	8.83350e+00	4.58446e+00	8.41997e+08	1.42093e+02	5.97188e+01	1.86307e+00	5.00000e+01	0.00000e+00
3.12726e+03	5.08823e+02	1.65255e+03	2.84757e+03	8.84567e+00	4.58067e+00	5.71608e+08	1.43145e+02	5.97494e+01	1.86307e+00	5.00000e+01	0.00000e+00
3.30619e+03	5.23011e+02	1.61882e+03	2.85404e+03	8.86081e+00	4.57785e+00	3.99672e+08	1.44333e+02	5.98112e+01	1.86307e+00	5.00000e+01	0.00000e+00
3.48551e+03	5.36906e+02	1.58510e+03	2.86002e+03	8.87817e+00	4.57631e+00	2.86982e+08	1.45571e+02	5.98963e+01	1.86307e+00	5.00000e+01	0.00000e+00
3.66522e+03	5.50509e+02	1.55137e+03	2.86561e+03	8.89781e+00	4.57607e+00	2.11069e+08	1.46864e+02	6.00070e+01	1.86307e+00	5.00000e+01	0.00000e+00
3.84527e+03	5.63820e+02	1.51765e+03	2.87061e+03	8.91096e+00	4.57373e+00	1.58646e+08	1.47874e+02	6.00503e+01	1.86307e+00	5.00000e+01	0.00000e+00
4.02564e+03	5.76837e+02	1.48392e+03	2.87616e+03	8.92694e+00	4.57210e+00	1.21620e+08	1.49037e+02	6.01235e+01	1.86307e+00	5.00000e+01	0.00000e+00
4.20636e+03	5.89562e+02	1.45020e+03	2.88245e+03	8.94002e+00	4.56872e+00	9.49332e+07	1.50156e+02	6.01660e+01	1.86307e+00	5.00000e+01	0.00000e+00
4.38747e+03	6.01995e+02	1.41647e+03	2.88908e+03	8.95340e+00	4.56524e+00	7.53394e+07	1.51315e+02	6.02125e+01	1.86307e+00	5.00000e+01	0.00000e+00
4.56900e+03	6.14135e+02	1.38275e+03	2.89425e+03	8.96806e+00	4.56353e+00	6.07067e+07	1.52406e+02	6.02751e+01	1.86307e+00	5.00000e+01	0.00000e+00
4.75085e+03	6.25983e+02	1.34902e+03	2.92153e+03	8.93543e+00	4.53624e+00	4.96025e+07	1.53103e+02	6.01172e+01	1.86307e+00	5.00000e+01	0.00000e+00
4.93442e+03	6.37538e+02	1.31529e+03	2.94004e+03	8.90403e+00	4.55380e+00	4.10983e+07	1.51881e+02	6.09834e+01	1.86307e+00	5.00000e+01	0.00000e+00
5.11915e+03	6.48800e+02	1.28157e+03	2.95354e+03	8.88270e+00	4.54762e+00	3.44784e+07	1.51621e+02	6.10856e+01	1.86307e+00	5.00000e+01	0.00000e+00
5.30473e+03	6.59770e+02	1.24784e+03	2.97008e+03	8.53884e+00	4.41390e+00	2.92530e+07	1.39404e+02	5.78654e+01	1.86307e+00	5.00000e+01	0.00000e+00
5.49135e+03	6.70448e+02	1.21412e+03	2.97898e+03	8.41707e+00	4.37046e+00	2.50842e+07	1.35225e+02	5.69083e+01	1.86307e+00	5.00000e+01	0.00000e+00
5.67853e+03	6.80833e+02	1.18039e+03	2.98244e+03	8.61214e+00	4.44765e+00	2.17156e+07	1.42610e+02	5.90113e+01	1.86307e+00	5.00000e+01	0.00000e+00
5.86593e+03	6.90925e+02	1.14667e+03	3.00699e+03	8.15695e+00	4.27567e+00	1.89632e+07	1.26782e+02	5.49729e+01	1.86307e+00	5.00000e+01	0.00000e+00
6.05486e+03	7.00725e+02	1.11294e+03	3.01659e+03	8.20953e+00	4.29642e+00	1.67083e+07	1.29063e+02	5.56841e+01	1.86307e+00	5.00000e+01	0.00000e+00
6.24440e+03	7.10232e+02	1.07922e+03	3.02823e+03	7.95380e+00	4.20237e+00	1.48364e+07	1.20271e+02	5.34782e+01	1.86307e+00	5.00000e+01	0.00000e+00
6.43468e+03	7.19447e+02	1.04549e+03	3.04169e+03	7.87550e+00	4.17424e+00	1.32717e+07	1.17994e+02	5.30002e+01	1.86307e+00	5.00000e+01	0.00000e+00
6.62580e+03	7.28369e+02	1.01177e+03	3.10264e+03	8.23725e+00	4.31456e+00	1.19552e+07	1.33512e+02	5.77571e+01	1.86307e+00	5.00000e+01	0.00000e+00
6.82074e+03	7.36999e+02	9.78040e+02	3.14240e+03	8.12211e+00	4.28785e+00	1.08568e+07	1.30285e+02	5.77765e+01	1.86307e+00	5.00000e+01	0.00000e+00
7.01819e+03	7.45336e+02	9.44314e+02	3.18975e+03	8.24155e+00	4.39385e+00	9.92705e+06	1.34547e+02	6.15932e+01	1.86307e+00	5.00000e+01	0.00000e+00
7.21861e+03	7.53381e+02	9.10589e+02	3.31447e+03	8.36896e+00	4.55874e+00	9.13732e+06	1.40296e+02	6.89145e+01	1.86307e+00	5.00000e+01	0.00000e+00
7.42687e+03	7.61133e+02	8.76863e+02	3.40228e+03	8.59412e+00	4.75636e+00	8.48088e+06	1.48662e+02	7.69694e+01	1.86307e+00	5.00000e+01	0.00000e+00
7.64064e+03	7.68593e+02	8.43138e+02	3.40676e+03	8.61278e+00	4.76127e+00	7.92396e+06	1.49740e+02	7.72303e+01	1.86307e+00	5.00000e+01	0.00000e+00
7.85470e+03	7.75760e+02	8.09412e+02	3.41419e+03	8.62835e+00	4.76436e+00	7.43306e+06	1.50849e+02	7.74992e+01	1.86307e+00	5.00000e+01	0.00000e+00
8.06923e+03	7.82634e+02	7.75687e+02	3.41659e+03	8.64937e+00	4.77072e+00	6.99944e+06	1.51919e+02	7.77608e+01	1.86307e+00	5.00000e+01	0.00000e+00
8.28390e+03	7.89216e+02	7.41961e+02	3.42108e+03	8.66848e+00	4.77607e+00	6.61449e+06	1.53019e+02	7.80379e+01	1.86307e+00	5.00000e+01	0.00000e+00
8.49886e+03	7.95506e+02	7.08236e+02	3.42573e+03	8.68756e+00	4.78144e+00	6.27217e+06	1.54127e+02	7.83196e+01	1.86307e+00	5.00000e+01	0.00000e+00
8.71410e+03	8.01503e+02	6.74510e+02	3.42932e+03	8.70785e+00	4.78754e+00	5.96709e+06	1.55232e+02	7.86018e+01	1.86307e+00	5.00000e+01	0.00000e+00
8.92958e+03	8.07207e+02	6.40785e+02	3.43256e+03	8.72864e+00	4.79398e+00	5.69457e+06	1.56340e+02	7.88878e+01	1.86307e+00	5.00000e+01	0.00000e+00
9.14526e+03	8.12619e+02	6.07059e+02	3.43584e+03	8.74954e+00	4.80056e+00	5.45072e+06	1.57455e+02	7.91802e+01	1.86307e+00	5.00000e+01	0.00000e+00
9.36114e+03	8.17738e+02	5.73334e+02	3.44062e+03	8.76906e+00	4.80640e+00	5.23229e+06	1.58594e+02	7.94835e+01	1.86307e+00	5.00000e+01	0.00000e+00
9.57732e+03	8.22565e+02	5.39608e+02	3.44489e+03	8.78929e+00	4.81272e+00	5.03662e+06	1.59735e+02	7.97916e+01	1.86307e+00	5.00000e+01	0.00000e+00
9.79378e+03	8.27099e+02	5.05883e+02	3.44956e+03	8.80931e+00	4.81898e+00	4.86123e+06	1.60889e+02	8.01077e+01	1.86307e+00	5.00000e+01	0.00000e+00
1.00105e+04	8.31341e+02	4.72157e+02	3.45340e+03	8.83027e+00	4.82585e+00	4.70409e+06	1.62040e+02	8.04255e+01	1.86307e+00	5.00000e+01	0.00000e+00
1.02275e+04	8.35290e+02	4.38432e+02	3.45782e+03	8.85073e+00	4.83244e+00	4.56335e+06	1.63205e+02	8.07488e+01	1.86307e+00	5.00000e+01	0.00000e+00
1.04448e+04	8.38947e+02	4.04706e+02	3.46350e+03	8.87026e+00	4.83861e+00	4.43753e+06	1.64396e+02	8.10881e+01	1.86307e+00	5.00000e+01	0.00000e+00
1.06624e+04	8.42311e+02	3.70981e+02	3.45596e+03	8.86911e+00	4.85722e+00	4.32533e+06	1.63142e+02	8.15346e+01	1.86307e+00	5.00000e+01	0.00000e+00
1.08795e+04	8.45383e+02	3.37255e+02	3.40632e+03	8.79073e+00	4.92475e+00	4.22507e+06	1.53078e+02	8.26142e+01	1.86307e+00	5.00000e+01	0.00000e+00
1.10936e+04	8.48162e+02	3.03530e+02	3.41181e+03	8.81621e+00	4.93483e+00	4.13449e+06	1.54403e+02	8.30863e+01	1.86307e+00	5.00000e+01	0.00000e+00
1.13079e+04	8.50648e+02	2.69804e+02	3.41826e+03	8.84080e+00	4.94442e+00	4.05513e+06	1.55747e+02	8.35674e+01	1.86307e+00	5.00000e+01	0.00000e+00
1.15227e+04	8.52842e+02	2.36079e+02	3.42414e+03	8.86603e+00	4.95446e+00	3.98623e+06	1.57091e+02	8.40512e+01	1.86307e+00	5.00000e+01	0.00000e+00
1.17379e+04	8.54744e+02	2.02353e+02	3.42899e+03	8.89219e+00	4.96509e+00	3.92706e+06	1.58425e+02	8.45321e+01	1.86307e+00	5.00000e+01	0.00000e+00
1.19533e+04	8.56353e+02	1.68628e+02	3.43531e+03	8.91709e+00	4.97505e+00	3.87703e+06	1.59787e+02	8.50276e+01	1.86307e+00	5.00000e+01	0.00000e+00
1.21692e+04	8.57669e+02	1.34902e+02	3.43955e+03	8.94412e+00	4.98636e+00	3.83569e+06	1.61127e+02	8.55205e+01	1.86307e+00	5.00000e+01	0.00000e+00
1.23853e+04	8.58693e+02	1.01177e+02	3.44515e+03	8.96968e+00	4.99677e+00	3.80259e+06	1.62490e+02	8.60177e+01	1.86307e+00	5.00000e+01	0.00000e+00
1.26018e+04	8.59424e+02	6.74510e+01	3.45084e+03	8.99519e+00	5.00723e+00	3.77743e+06	1.63858e+02	8.65205e+01	1.86307e+00	5.00000e+01	0.00000e+00
1.28186e+04	8.59863e+02	3.37255e+01	3.45583e+03	9.02146e+00	5.01818e+00	3.75995e+06	1.65225e+02	8.70253e+01	1.86307e+00	5.00000e+01	0.00000e+00
1.30357e+04	NaN	0.00000e+00	0.00000e+00	0.00000e+00	0.00000e+00	NaN	1.65225e+02	8.70253e+01	1.86307e+00	5.00000e+01	NaN
