   0.0000000e+00   1.1000000e+02   2.4103000e+03   9.3285359e+02   3.9798936e+00   1.9655294e+00   2.7451649e+04
   1.0900748e+01   1.1003442e+02   2.4021170e+03   9.3285359e+02   3.9773205e+00   1.9642586e+00   2.7359073e+04
   2.1801496e+01   1.1007031e+02   2.3952728e+03   9.3383898e+02   3.9747553e+00   1.9629917e+00   2.7262927e+04
   3.2702244e+01   1.1010773e+02   2.3884534e+03   9.3479325e+02   3.9722076e+00   1.9617335e+00   2.7163091e+04
   4.3602992e+01   1.1014676e+02   2.3816585e+03   9.3570873e+02   3.9696864e+00   1.9604884e+00   2.7059440e+04
   5.4503740e+01   1.1018747e+02   2.3748879e+03   9.3657745e+02   3.9672005e+00   1.9592607e+00   2.6951847e+04
   6.5404488e+01   1.1022991e+02   2.3681411e+03   9.3739116e+02   3.9647583e+00   1.9580546e+00   2.6840181e+04
   7.6305236e+01   1.1027418e+02   2.3614179e+03   9.3814134e+02   3.9623675e+00   1.9568738e+00   2.6724309e+04
   8.7205984e+01   1.1032035e+02   2.3547177e+03   9.3881921e+02   3.9600349e+00   1.9557218e+00   2.6604094e+04
   9.8106732e+01   1.1036850e+02   2.3480400e+03   9.3941576e+02   3.9577669e+00   1.9546017e+00   2.6479396e+04
   1.0900748e+02   1.1041872e+02   2.3413843e+03   9.3992179e+02   3.9555689e+00   1.9535162e+00   2.6350075e+04
   1.1990823e+02   1.1047111e+02   2.3347499e+03   9.4032796e+02   3.9534455e+00   1.9524675e+00   2.6215986e+04
   1.3080898e+02   1.1052575e+02   2.3281362e+03   9.4062490e+02   3.9514004e+00   1.9514576e+00   2.6076982e+04
   1.4170972e+02   1.1058274e+02   2.3215424e+03   9.4080345e+02   3.9494368e+00   1.9504878e+00   2.5932914e+04
   1.5261047e+02   1.1064220e+02   2.3149677e+03   9.4085491e+02   3.9475565e+00   1.9495592e+00   2.5783634e+04
   1.6351122e+02   1.1070422e+02   2.3084114e+03   9.4077144e+02   3.9457612e+00   1.9486726e+00   2.5628988e+04
   1.7441197e+02   1.1076893e+02   2.3018724e+03   9.4054670e+02   3.9440513e+00   1.9478281e+00   2.5468825e+04
   1.8531272e+02   1.1083644e+02   2.2953500e+03   9.4017648e+02   3.9424270e+00   1.9470259e+00   2.5302992e+04
   1.9621346e+02   1.1090688e+02   2.2888431e+03   9.3965970e+02   3.9408876e+00   1.9462656e+00   2.5131336e+04
   2.0711421e+02   2.5000000e+02   2.2823509e+03   9.3899927e+02   3.9647020e+00   1.9580268e+00   6.4856783e+01
   2.1065396e+02   2.5000000e+02   2.2807523e+03   1.2356913e+03   1.9335068e+00   0.0000000e+00   0.0000000e+00
   2.1419370e+02   2.5000000e+02   2.2791557e+03   1.2366301e+03   1.9388056e+00   0.0000000e+00   0.0000000e+00
   2.1773345e+02   2.5000000e+02   2.2775610e+03   1.2375641e+03   1.9440565e+00   0.0000000e+00   0.0000000e+00
   2.2127320e+02   2.5000000e+02   2.2759683e+03   1.2384931e+03   1.9492601e+00   0.0000000e+00   0.0000000e+00
   2.2481294e+02   2.5000000e+02   2.2743776e+03   1.2394174e+03   1.9544172e+00   0.0000000e+00   0.0000000e+00
   2.2835269e+02   2.5000000e+02   2.2727887e+03   1.2403369e+03   1.9595281e+00   0.0000000e+00   0.0000000e+00
   2.3189243e+02   2.5000000e+02   2.2712018e+03   1.2412518e+03   1.9645935e+00   0.0000000e+00   0.0000000e+00
   2.3543218e+02   2.5000000e+02   2.2696169e+03   1.2421620e+03   1.9696136e+00   0.0000000e+00   0.0000000e+00
   2.3897193e+02   2.5000000e+02   2.2680338e+03   1.2430678e+03   1.9745887e+00   0.0000000e+00   0.0000000e+00
   2.4251167e+02   2.5000000e+02   2.2664527e+03   1.2439691e+03   1.9795188e+00   0.0000000e+00   0.0000000e+00
   2.4605142e+02   2.5000000e+02   2.2648734e+03   1.2448659e+03   1.9844042e+00   0.0000000e+00   0.0000000e+00
   2.4959117e+02   2.5000000e+02   2.2632960e+03   1.2457585e+03   1.9892450e+00   0.0000000e+00   0.0000000e+00
   2.5313091e+02   2.5000000e+02   2.2617205e+03   1.2466468e+03   1.9940414e+00   0.0000000e+00   0.0000000e+00
   2.5667066e+02   2.5000000e+02   2.2601469e+03   1.2475310e+03   1.9987923e+00   0.0000000e+00   0.0000000e+00
   2.6021040e+02   2.5000000e+02   2.2585751e+03   1.2484110e+03   2.0034967e+00   0.0000000e+00   0.0000000e+00
   2.6375015e+02   2.5000000e+02   2.2570052e+03   1.2492870e+03   2.0081537e+00   0.0000000e+00   0.0000000e+00
   2.6728990e+02   2.5000000e+02   2.2554372e+03   1.2501589e+03   2.0127644e+00   0.0000000e+00   0.0000000e+00
   2.7082964e+02   2.5000000e+02   2.2538709e+03   1.2510270e+03   2.0173301e+00   0.0000000e+00   0.0000000e+00
   2.7436939e+02   2.5000000e+02   2.2523066e+03   1.2518911e+03   2.0218544e+00   0.0000000e+00   0.0000000e+00
   2.7790914e+02   2.5000000e+02   2.2507440e+03   1.2527515e+03   2.0263449e+00   0.0000000e+00   0.0000000e+00
   2.8144888e+02   2.5042805e+02   2.2490812e+03   1.1766764e+03   2.0358752e+00   0.0000000e+00   0.0000000e+00
   2.8498863e+02   2.5042805e+02   2.2475224e+03   1.2544708e+03   2.0402979e+00   0.0000000e+00   0.0000000e+00
   2.8852837e+02   2.5042805e+02   2.2459654e+03   1.2553199e+03   2.0447007e+00   0.0000000e+00   0.0000000e+00
   2.9206812e+02   2.5042805e+02   2.2444103e+03   1.2561654e+03   2.0490821e+00   0.0000000e+00   0.0000000e+00
   2.9560787e+02   2.5042805e+02   2.2428569e+03   1.2570073e+03   2.0534381e+00   0.0000000e+00   0.0000000e+00
   2.9914761e+02   2.5042805e+02   2.2413053e+03   1.2578459e+03   2.0577650e+00   0.0000000e+00   0.0000000e+00
   3.0268736e+02   2.5042805e+02   2.2397554e+03   1.2586809e+03   2.0620615e+00   0.0000000e+00   0.0000000e+00
   3.0622711e+02   2.5042805e+02   2.2382074e+03   1.2595126e+03   2.0663273e+00   0.0000000e+00   0.0000000e+00
   3.0976685e+02   2.5042805e+02   2.2366611e+03   1.2603410e+03   2.0705627e+00   0.0000000e+00   0.0000000e+00
   3.1330660e+02   2.5042805e+02   2.2351165e+03   1.2611660e+03   2.0747691e+00   0.0000000e+00   0.0000000e+00
   3.1684634e+02   2.5042805e+02   2.2335737e+03   1.2619876e+03   2.0833877e+00   0.0000000e+00   0.0000000e+00
   3.2038609e+02   2.5065582e+02   2.2319285e+03   1.1828287e+03   2.0875153e+00   0.0000000e+00   0.0000000e+00
   3.2392584e+02   2.5065582e+02   2.2303893e+03   1.2636239e+03   2.0916197e+00   0.0000000e+00   0.0000000e+00
   3.2746558e+02   2.5065582e+02   2.2288519e+03   1.2644357e+03   2.0957016e+00   0.0000000e+00   0.0000000e+00
   3.3100533e+02   2.5065582e+02   2.2273162e+03   1.2652444e+03   2.0997615e+00   0.0000000e+00   0.0000000e+00
   3.3454507e+02   2.5065582e+02   2.2257822e+03   1.2660500e+03   2.1080497e+00   0.0000000e+00   0.0000000e+00
   3.3808482e+02   2.5065582e+02   2.2242500e+03   1.2668524e+03   3.7289718e+00   1.9992301e+00   1.2284845e+02
   3.4162457e+02   2.5083827e+02   2.2226759e+03   1.2326436e+03   3.7228740e+00   1.9959609e+00   1.2224812e+02
   3.4516431e+02   2.5083827e+02   2.2211471e+03   1.2684491e+03   4.2555997e+00   2.2245704e+00   1.2398759e+02
   3.4870406e+02   2.5091736e+02   2.2195762e+03   1.2338480e+03   4.2535221e+00   2.2234844e+00   1.2398759e+02
   3.5224381e+02   2.5095691e+02   2.2180069e+03   1.2344459e+03   4.2524918e+00   2.2229458e+00   1.2398759e+02
   3.5578355e+02   2.5101087e+02   2.2164392e+03   1.2350401e+03   4.2514687e+00   2.2224110e+00   1.2398759e+02
   3.5932330e+02   2.5108813e+02   2.2148730e+03   1.2356301e+03   4.2504537e+00   2.2218804e+00   1.2398759e+02
   3.6286304e+02   2.5116539e+02   2.2133084e+03   1.2362171e+03   4.2494445e+00   2.2213529e+00   1.2398759e+02
   3.6640279e+02   2.5124264e+02   2.2117454e+03   1.2368011e+03   4.2484410e+00   2.2208283e+00   1.2398759e+02
   3.6994254e+02   2.5131990e+02   2.2101839e+03   1.2373822e+03   4.2474433e+00   2.2203068e+00   1.2398759e+02
   3.7348228e+02   2.5139716e+02   2.2086240e+03   1.2379604e+03   4.2464514e+00   2.2197883e+00   1.2398759e+02
   3.7702203e+02   2.5147441e+02   2.2070656e+03   1.2385355e+03   4.2454653e+00   2.2192728e+00   1.2398759e+02
   3.8056178e+02   2.5155288e+02   2.2055088e+03   1.2391076e+03   4.2444851e+00   2.2187604e+00   1.2398759e+02
   3.8410152e+02   2.5163539e+02   2.2039535e+03   1.2396764e+03   4.2435112e+00   2.2182513e+00   1.2398759e+02
   3.8764127e+02   2.5171790e+02   2.2023997e+03   1.2402422e+03   4.2425431e+00   2.2177453e+00   1.2398759e+02
   3.9118101e+02   2.5180041e+02   2.2008475e+03   1.2408050e+03   4.2415809e+00   2.2172423e+00   1.2398759e+02
   3.9472076e+02   2.5188292e+02   2.1992968e+03   1.2413647e+03   4.2406246e+00   2.2167424e+00   1.2398759e+02
   3.9826051e+02   2.5196543e+02   2.1977476e+03   1.2419214e+03   4.2396741e+00   2.2162455e+00   1.2398759e+02
   4.0180025e+02   2.5204794e+02   2.1961999e+03   1.2424749e+03   4.2387295e+00   2.2157517e+00   1.2398759e+02
   4.0534000e+02   2.5213076e+02   2.1946538e+03   1.2430254e+03   4.2377908e+00   2.2152611e+00   1.2398759e+02
   4.0887974e+02   2.5221725e+02   2.1931091e+03   1.2435726e+03   4.2368584e+00   2.2147736e+00   1.2398759e+02
   4.1241949e+02   2.5230374e+02   2.1915660e+03   1.2441167e+03   4.2359319e+00   2.2142893e+00   1.2398759e+02
   4.1595924e+02   2.5239023e+02   2.1900243e+03   1.2446576e+03   4.2350113e+00   2.2138081e+00   1.2398759e+02
   4.1949898e+02   2.5247672e+02   2.1884841e+03   1.2451954e+03   4.2340966e+00   2.2133299e+00   1.2398759e+02
   4.2303873e+02   2.5256321e+02   2.1869454e+03   1.2457302e+03   4.2331878e+00   2.2128549e+00   1.2398759e+02
   4.2657848e+02   2.5264970e+02   2.1854082e+03   1.2462617e+03   4.2322849e+00   2.2123829e+00   1.2398759e+02
   4.3011822e+02   2.5273619e+02   2.1838725e+03   1.2467902e+03   4.2313879e+00   2.2119140e+00   1.2398759e+02
   4.3365797e+02   2.5282491e+02   2.1823383e+03   1.2473153e+03   4.2304970e+00   2.2114483e+00   1.2398759e+02
   4.3719771e+02   2.5291380e+02   2.1808055e+03   1.2478373e+03   4.2296121e+00   2.2109857e+00   1.2398759e+02
   4.4073746e+02   2.5300269e+02   2.1792741e+03   1.2483561e+03   4.2287331e+00   2.2105262e+00   1.2398759e+02
   4.4427721e+02   2.5309159e+02   2.1777443e+03   1.2488718e+03   4.2278600e+00   2.2100698e+00   1.2398759e+02
   4.4781695e+02   2.5318048e+02   2.1762159e+03   1.2493843e+03   4.2269928e+00   2.2096165e+00   1.2398759e+02
   4.5135670e+02   2.5326937e+02   2.1746889e+03   1.2498936e+03   4.2261315e+00   2.2091663e+00   1.2398759e+02
   4.5489645e+02   2.5335827e+02   2.1731634e+03   1.2503997e+03   4.2252761e+00   2.2087191e+00   1.2398759e+02
   4.5843619e+02   2.5344773e+02   2.1716393e+03   1.2509026e+03   4.2244266e+00   2.2082750e+00   1.2398759e+02
   4.6197594e+02   2.5353735e+02   2.1701167e+03   1.2514024e+03   4.2235831e+00   2.2078341e+00   1.2398759e+02
   4.6551568e+02   2.5362697e+02   2.1685954e+03   1.2518989e+03   4.2227454e+00   2.2073962e+00   1.2398759e+02
   4.6905543e+02   2.5371660e+02   2.1670756e+03   1.2523922e+03   4.2219136e+00   2.2069614e+00   1.2398759e+02
   4.7259518e+02   2.5380622e+02   2.1655573e+03   1.2528824e+03   4.2210876e+00   2.2065296e+00   1.2398759e+02
   4.7613492e+02   2.5389585e+02   2.1640403e+03   1.2533694e+03   4.2202675e+00   2.2061009e+00   1.2398759e+02
   4.7967467e+02   2.5398547e+02   2.1625248e+03   1.2538531e+03   4.2194533e+00   2.2056753e+00   1.2398759e+02
   4.8321441e+02   2.5407457e+02   2.1610106e+03   1.2543338e+03   4.2186448e+00   2.2052527e+00   1.2398759e+02
   4.8675416e+02   2.5416335e+02   2.1594979e+03   1.2548112e+03   4.2178422e+00   2.2048331e+00   1.2398759e+02
   4.9029391e+02   2.5425212e+02   2.1579866e+03   1.2552855e+03   4.2170454e+00   2.2044166e+00   1.2398759e+02
   4.9383365e+02   2.5434089e+02   2.1564766e+03   1.2557565e+03   4.2162543e+00   2.2040031e+00   1.2398759e+02
   4.9737340e+02   2.5442967e+02   2.1549681e+03   1.2562244e+03   4.2154691e+00   2.2035926e+00   1.2398759e+02
   5.0091315e+02   2.5451844e+02   2.1534609e+03   3.5217386e+03   4.5673477e+00   2.6030466e+00   4.8575132e+14
   6.4415888e+02   2.6658831e+02   2.1317088e+03   3.5217386e+03   4.5724787e+00   2.6036347e+00   1.5414159e+14
   7.8537158e+02   2.7853563e+02   2.1099567e+03   3.5248604e+03   8.0106426e+00   4.5573616e+00   5.4251826e+13
   9.2466240e+02   2.9036042e+02   2.0882045e+03   3.5279258e+03   8.0192906e+00   4.5583366e+00   2.0891641e+13
   1.0620084e+03   3.0206268e+02   2.0664524e+03   3.5309400e+03   8.0276274e+00   4.5591953e+00   8.7006041e+12
   1.1973862e+03   3.1364239e+02   2.0447003e+03   3.5338761e+03   8.0357222e+00   4.5599773e+00   3.8809352e+12
   1.3307710e+03   3.2509957e+02   2.0229481e+03   3.5367452e+03   8.0435484e+00   4.5606691e+00   1.8390508e+12
   1.4621379e+03   3.3643422e+02   2.0011960e+03   3.5395431e+03   8.0511027e+00   4.5612672e+00   9.1944107e+11
   1.5914613e+03   3.4764632e+02   1.9794439e+03   3.5422688e+03   8.0584466e+00   4.5618058e+00   4.8213763e+11
   1.7187148e+03   3.5873589e+02   1.9576918e+03   3.5449342e+03   8.0655398e+00   4.5622645e+00   2.6384116e+11
   1.8438720e+03   3.6970292e+02   1.9359396e+03   3.5475312e+03   8.0724000e+00   4.5626521e+00   1.5001929e+11
   1.9669053e+03   3.8054742e+02   1.9141875e+03   3.5500622e+03   8.2209486e+00   4.6782516e+00   8.8296610e+10
   2.0877867e+03   3.9126938e+02   1.8924354e+03   3.6012324e+03   8.2440044e+00   4.6918417e+00   5.3617085e+10
   2.2081145e+03   4.0186880e+02   1.8706832e+03   3.6092937e+03   8.2502807e+00   4.6918430e+00   3.3584214e+10
   2.3263153e+03   4.1234569e+02   1.8489311e+03   3.6116072e+03   8.2563633e+00   4.6917975e+00   2.1584860e+10
   2.4421581e+03   4.2270004e+02   1.8271790e+03   3.6138624e+03   8.2622107e+00   4.6916904e+00   1.4198462e+10
   2.5556091e+03   4.3293185e+02   1.8054268e+03   3.6160499e+03   8.3840698e+00   4.7585857e+00   9.5403168e+09
   2.6666331e+03   4.4304113e+02   1.7836747e+03   3.6276825e+03   8.4414948e+00   4.7883112e+00   6.5366970e+09
   2.7754789e+03   4.5302787e+02   1.7619226e+03   3.6339746e+03   8.4465307e+00   4.7878763e+00   4.5616784e+09
   2.8819270e+03   4.6289207e+02   1.7401704e+03   3.6359300e+03   8.4513630e+00   4.7873975e+00   3.2369443e+09
   2.9858035e+03   4.7263374e+02   1.7184183e+03   3.6378253e+03   8.4559856e+00   4.7868745e+00   2.3322011e+09
   3.0870672e+03   4.8225287e+02   1.6966662e+03   3.6396559e+03   8.4604090e+00   4.7863142e+00   1.7042343e+09
   3.1856753e+03   4.9174946e+02   1.6749141e+03   3.6414256e+03   8.4646108e+00   4.7857047e+00   1.2617809e+09
   3.2815833e+03   5.0112351e+02   1.6531619e+03   3.6431283e+03   8.4686209e+00   4.7850648e+00   9.4564829e+08
   3.3747448e+03   5.1037503e+02   1.6314098e+03   3.6447705e+03   8.4723969e+00   4.7843702e+00   7.1680673e+08
   3.4651113e+03   5.1950402e+02   1.6096577e+03   3.6463435e+03   8.4759863e+00   4.7836488e+00   5.4912203e+08
   3.5526320e+03   5.2851046e+02   1.5879055e+03   3.6478554e+03   8.4793392e+00   4.7828736e+00   4.2484032e+08
   3.6372542e+03   5.3739437e+02   1.5661534e+03   3.6492973e+03   8.4824967e+00   4.7820697e+00   3.3173667e+08
   3.7189222e+03   5.4615574e+02   1.5444013e+03   3.6506757e+03   8.4854208e+00   4.7812154e+00   2.6128536e+08
   3.7975779e+03   5.5479458e+02   1.5226491e+03   3.6519840e+03   8.4881366e+00   4.7803283e+00   2.0746906e+08
   3.8731603e+03   5.6331088e+02   1.5008970e+03   3.6532251e+03   8.4906129e+00   4.7793902e+00   1.6599255e+08
   3.9456053e+03   5.7170464e+02   1.4791449e+03   3.6543944e+03   8.4928806e+00   4.7784196e+00   1.3375711e+08
   4.0148453e+03   5.7997587e+02   1.4573928e+03   3.6554964e+03   8.4948986e+00   4.7773965e+00   1.0850461e+08
   4.0808093e+03   5.8812456e+02   1.4356406e+03   3.6565224e+03   8.4966947e+00   4.7763383e+00   8.8573731e+07
   4.1434224e+03   5.9615071e+02   1.4138885e+03   3.6574776e+03   8.4982349e+00   4.7752263e+00   7.2731165e+07
   4.2026054e+03   6.0405433e+02   1.3921364e+03   3.6583557e+03   8.4995396e+00   4.7740752e+00   6.0053489e+07
   4.2582748e+03   6.1183540e+02   1.3703842e+03   3.6591586e+03   8.5005855e+00   4.7728717e+00   4.9843655e+07
   4.3103420e+03   6.1949395e+02   1.3486321e+03   3.6598818e+03   8.5013758e+00   4.7716215e+00   4.1571424e+07
   4.3587133e+03   6.2702995e+02   1.3268800e+03   3.6605255e+03   8.5018971e+00   4.7703198e+00   3.4830473e+07
   4.4032892e+03   6.3444342e+02   1.3051278e+03   3.6610857e+03   8.5021437e+00   4.7689643e+00   2.9307251e+07
   4.4439640e+03   6.4173435e+02   1.2833757e+03   3.6615616e+03   8.5021204e+00   4.7675598e+00   2.4758178e+07
   4.4806254e+03   6.4890275e+02   1.2616236e+03   3.6619526e+03   8.5017884e+00   4.7660912e+00   2.0992825e+07
   4.5131536e+03   6.5594861e+02   1.2398714e+03   3.6622501e+03   8.5011686e+00   4.7645691e+00   1.7861408e+07
   4.5414210e+03   6.6287193e+02   1.2181193e+03   3.6624574e+03   8.5002305e+00   4.7629810e+00   1.5245429e+07
   4.5652912e+03   6.6967272e+02   1.1963672e+03   3.6625681e+03   8.4989740e+00   4.7613304e+00   1.3050617e+07
   4.5846186e+03   6.7635097e+02   1.1746151e+03   3.6625807e+03   8.4973868e+00   4.7596152e+00   1.1201580e+07
   4.5992468e+03   6.8290668e+02   1.1528629e+03   3.6624912e+03   8.4954378e+00   4.7578216e+00   9.6377147e+06
   4.6090086e+03   6.8933985e+02   1.1311108e+03   3.6622933e+03   8.4931381e+00   4.7559580e+00   8.3100672e+06
   4.6137240e+03   6.9565049e+02   1.1093587e+03   3.6619874e+03   8.4904558e+00   4.7540143e+00   7.1789123e+06
   4.6131996e+03   7.0183860e+02   1.0876065e+03   3.6615657e+03   8.4873723e+00   4.7519847e+00   6.2118680e+06
   4.6072269e+03   7.0790416e+02   1.0658544e+03   3.6610228e+03   8.4838787e+00   4.7498698e+00   5.3824260e+06
   4.5955809e+03   7.1384719e+02   1.0441023e+03   3.6603555e+03   8.4799436e+00   4.7476584e+00   4.6687974e+06
   4.5780183e+03   7.1966768e+02   1.0223501e+03   3.6595558e+03   8.4755484e+00   4.7453461e+00   4.0530028e+06
   4.5542757e+03   7.2536564e+02   1.0005980e+03   3.6586183e+03   8.4706788e+00   4.7429316e+00   3.5201509e+06
   4.5240674e+03   7.3094106e+02   9.7884588e+02   3.6575379e+03   8.4652885e+00   4.7404004e+00   3.0578647e+06
   4.4870827e+03   7.3639394e+02   9.5709375e+02   3.6563027e+03   8.4593570e+00   4.7377470e+00   2.6558222e+06
   4.4429834e+03   7.4172429e+02   9.3534162e+02   3.6549066e+03   8.4528561e+00   4.7349658e+00   2.3053878e+06
   4.3914003e+03   7.4693209e+02   9.1358949e+02   3.6533412e+03   8.4457424e+00   4.7320455e+00   1.9993154e+06
   4.3319297e+03   7.5201737e+02   8.9183736e+02   3.6515956e+03   8.4379704e+00   4.7289711e+00   1.7315073e+06
   4.2641294e+03   7.5698010e+02   8.7008522e+02   3.6496561e+03   8.4295067e+00   4.7257368e+00   1.4968190e+06
   4.1875135e+03   7.6182030e+02   8.4833309e+02   3.6475133e+03   8.4203003e+00   4.7223303e+00   1.2908993e+06
   4.1015471e+03   7.6653796e+02   8.2658096e+02   3.6451526e+03   8.4102803e+00   4.7187291e+00   1.1100597e+06
   4.0056399e+03   7.7113309e+02   8.0482883e+02   3.6425559e+03   8.3993972e+00   4.7149233e+00   9.5116634e+05
   3.8991387e+03   7.7560568e+02   7.8307670e+02   3.6397088e+03   8.3875831e+00   4.7108946e+00   8.1155136e+05
   3.7813189e+03   7.7995573e+02   7.6132457e+02   3.6365911e+03   8.3747540e+00   4.7066224e+00   6.8893836e+05
   3.6513739e+03   7.8418325e+02   7.3957244e+02   3.6331801e+03   8.3243724e+00   4.6814697e+00   5.8138062e+05
   3.5084039e+03   7.8828822e+02   7.1782031e+02   3.6263624e+03   8.1817849e+00   4.6044736e+00   4.8720876e+05
   3.3515351e+03   7.9227067e+02   6.9606818e+02   3.6114407e+03   8.0017288e+00   4.4719354e+00   4.0502666e+05
   3.1800350e+03   7.9613057e+02   6.7431605e+02   3.5537591e+03   7.9831320e+00   4.4658301e+00   3.3367299e+05
   2.9949525e+03   7.9986794e+02   6.5256392e+02   3.5486839e+03   7.9631290e+00   4.4593403e+00   2.7248493e+05
   2.7924353e+03   8.0348277e+02   6.3081179e+02   3.5432084e+03   7.9412942e+00   4.4523431e+00   2.1979006e+05
   2.5708823e+03   8.0697507e+02   6.0905966e+02   3.5372152e+03   7.9174400e+00   4.4447874e+00   1.7476123e+05
   2.3284710e+03   8.1034483e+02   5.8730753e+02   3.5306507e+03   7.8913007e+00   4.4365984e+00   1.3665713e+05
   2.0631137e+03   8.1359205e+02   5.6555540e+02   3.5234452e+03   7.8625852e+00   4.4276956e+00   1.0480097e+05
   1.7724078e+03   8.1671673e+02   5.4380327e+02   3.5155205e+03   7.8309426e+00   4.4179817e+00   7.8562421e+04
   1.4535735e+03   8.1971888e+02   5.2205113e+02   3.5067835e+03   7.7959481e+00   4.4073396e+00   5.7342071e+04
   1.1033780e+03   8.2259849e+02   5.0029900e+02   3.4971219e+03   7.5102293e+00   4.2430923e+00   4.0558864e+04
   7.1803885e+02   8.2535557e+02   4.7854687e+02   3.3972585e+03   7.4668786e+00   4.2289775e+00   2.7641394e+04
   3.0396813e+02   8.2799011e+02   4.5679474e+02   3.3843262e+03   7.3834095e+00   4.1866266e+00   1.8209090e+04
  -1.5352938e+02   8.3050211e+02   4.3504261e+02   3.3543238e+03   7.3135493e+00   4.1468439e+00   1.1402043e+04
  -6.5818199e+02   8.3289158e+02   4.1329048e+02   3.2906221e+03   7.3165695e+00   4.1597081e+00   6.7329753e+03
  -1.2113486e+03   8.3515850e+02   3.9153835e+02   3.2846662e+03   7.3208264e+00   4.1749501e+00   3.7254020e+03
  -1.8311012e+03   8.3730290e+02   3.6978622e+02   3.2786513e+03   7.3264114e+00   4.1928133e+00   1.8831902e+03
  -2.5291670e+03   8.3932475e+02   3.4803409e+02   3.2722792e+03   7.3334982e+00   4.2136999e+00   8.5075962e+02
  -3.3202148e+03   8.4122407e+02   3.2628196e+02   3.2654587e+03   7.3423024e+00   4.2381116e+00   3.3365988e+02
  -4.2229039e+03   8.4300085e+02   3.0452983e+02   3.2580751e+03   7.3530971e+00   4.2666851e+00   1.0925669e+02
  -5.2613409e+03   8.4465510e+02   2.8277770e+02   3.2499816e+03   7.3662331e+00   4.3002413e+00   2.8316372e+01
  -6.4672231e+03   8.4618681e+02   2.6102557e+02   3.2409877e+03   7.3821703e+00   4.3398577e+00   5.3898984e+00
  -7.8830805e+03   8.4759598e+02   2.3927344e+02   3.2308422e+03   7.4015242e+00   4.3869785e+00   6.7671087e-01
  -9.5673368e+03   8.4888261e+02   2.1752131e+02   3.2192072e+03   7.4251387e+00   4.4435862e+00   4.7802657e-02
  -1.1602501e+04   8.5004671e+02   1.9576918e+02   3.2056175e+03   7.4537059e+00   4.5122298e+00   1.4892024e-03
  -1.4109009e+04   8.5108827e+02   1.7401704e+02   3.1891668e+03   7.4763560e+00   4.5906931e+00   1.3868377e-05
  -1.7269613e+04   8.5200730e+02   1.5226491e+02   3.1625933e+03   7.5047155e+00   4.6896634e+00   2.0104772e-08
  -2.1367952e+04   8.5280379e+02   1.3051278e+02   3.1289339e+03   7.5415586e+00   4.8180994e+00   1.4423193e-12
  -2.6891494e+04   8.5347774e+02   1.0876065e+02   3.0852696e+03   7.5916784e+00   4.9914041e+00   5.5439914e-19
  -3.4739045e+04   8.5402915e+02   8.7008522e+01   3.0265959e+03   7.6639173e+00   5.2379793e+00   9.7342462e-30
  -4.6772365e+04   8.5445803e+02   6.5256392e+01   2.9436875e+03   7.7765936e+00   5.6166565e+00   5.6346095e-50
  -6.7583765e+04   8.5476437e+02   4.3504261e+01   2.8174373e+03   7.9748916e+00   6.2725519e+00   1.1091993e-95
  -1.1240635e+05   8.5494818e+02   2.1752131e+01   2.6007136e+03   8.4086750e+00   7.6870248e+00  3.3268468e-240
  -2.7791204e+05             NaN   0.0000000e+00   2.1371689e+03             NaN             NaN             NaN
  -2.7791204e+05             NaN   0.0000000e+00   8.0000000e+03             NaN             NaN   1.0000000e+04
             NaN             NaN   0.0000000e+00             NaN             NaN             NaN   1.0000000e+04
             NaN             NaN   0.0000000e+00             NaN             NaN             NaN   1.0000000e+04
             NaN             NaN   0.0000000e+00             NaN             NaN             NaN   1.0000000e+04
             NaN             NaN   0.0000000e+00             NaN             NaN             NaN   1.0000000e+04
             NaN             NaN   0.0000000e+00             NaN             NaN             NaN   1.0000000e+04
             NaN             NaN   0.0000000e+00             NaN             NaN             NaN   1.0000000e+04
             NaN             NaN   0.0000000e+00             NaN             NaN             NaN   1.0000000e+04
             NaN             NaN   0.0000000e+00             NaN             NaN             NaN   1.0000000e+04
             NaN             NaN   0.0000000e+00             NaN             NaN             NaN   1.0000000e+04
