P (MPa)		T (K)		r (km)		rho (kg m-3)	VP (km s-1)	VS (km s-1)	QS/gamma	KS (GPa)	GS (GPa)	g (m/s2)	phase	k (S m-1)	
0.00000e+00	1.10000e+02	2.41030e+03	9.32879e+02	3.87940e+00	1.96225e+00	4.56125e+01	9.24000e+00	3.58800e+00	1.70215e+00	1.00000e+00	0.00000e+00
2.15675e+00	1.15573e+02	2.40894e+03	9.32879e+02	3.88121e+00	1.96350e+00	4.56125e+01	9.24711e+00	3.59263e+00	1.70301e+00	1.00000e+00	0.00000e+00
4.31349e+00	1.21428e+02	2.40758e+03	9.33038e+02	3.88308e+00	1.96479e+00	4.56125e+01	9.25419e+00	3.59725e+00	1.70387e+00	1.00000e+00	0.00000e+00
6.47024e+00	1.27579e+02	2.40623e+03	9.33196e+02	3.88501e+00	1.96610e+00	4.56125e+01	9.26124e+00	3.60186e+00	1.70472e+00	1.00000e+00	0.00000e+00
8.62699e+00	1.34042e+02	2.40487e+03	9.33353e+02	3.88702e+00	1.96745e+00	4.56125e+01	9.26828e+00	3.60646e+00	1.70559e+00	1.00000e+00	0.00000e+00
1.07837e+01	1.40833e+02	2.40352e+03	9.33509e+02	3.88911e+00	1.96885e+00	4.56125e+01	9.27528e+00	3.61105e+00	1.70645e+00	1.00000e+00	0.00000e+00
1.29405e+01	1.47968e+02	2.40216e+03	9.33664e+02	3.89131e+00	1.97029e+00	4.56125e+01	9.28227e+00	3.61563e+00	1.70731e+00	1.00000e+00	0.00000e+00
1.50972e+01	1.55464e+02	2.40081e+03	9.33818e+02	3.89362e+00	1.97180e+00	4.56125e+01	9.28923e+00	3.62020e+00	1.70818e+00	1.00000e+00	0.00000e+00
1.72540e+01	1.63339e+02	2.39946e+03	9.33971e+02	3.89607e+00	1.97337e+00	4.56125e+01	9.29616e+00	3.62476e+00	1.70904e+00	1.00000e+00	0.00000e+00
1.94107e+01	1.71614e+02	2.39811e+03	9.34122e+02	3.89868e+00	1.97502e+00	4.56125e+01	9.30308e+00	3.62932e+00	1.70991e+00	1.00000e+00	0.00000e+00
2.15675e+01	1.80308e+02	2.39676e+03	9.34272e+02	3.90146e+00	1.97677e+00	4.56125e+01	9.30996e+00	3.63386e+00	1.71078e+00	1.00000e+00	0.00000e+00
2.37242e+01	1.89443e+02	2.39541e+03	9.34422e+02	3.90445e+00	1.97861e+00	4.56125e+01	9.31683e+00	3.63840e+00	1.71165e+00	1.00000e+00	0.00000e+00
2.58810e+01	1.99040e+02	2.39406e+03	9.34570e+02	3.90766e+00	1.98057e+00	4.56125e+01	9.32367e+00	3.64292e+00	1.71252e+00	1.00000e+00	0.00000e+00
2.80377e+01	2.09123e+02	2.39271e+03	9.34716e+02	3.91113e+00	1.98266e+00	4.56125e+01	9.33048e+00	3.64744e+00	1.71339e+00	1.00000e+00	0.00000e+00
3.01945e+01	2.19718e+02	2.39136e+03	9.34862e+02	3.91486e+00	1.98488e+00	4.56125e+01	9.33727e+00	3.65195e+00	1.71427e+00	1.00000e+00	0.00000e+00
3.23512e+01	2.30849e+02	2.39002e+03	9.35006e+02	3.91888e+00	1.98725e+00	4.56125e+01	9.34404e+00	3.65644e+00	1.71514e+00	1.00000e+00	0.00000e+00
3.45079e+01	2.42543e+02	2.38867e+03	9.35149e+02	3.92319e+00	1.98976e+00	4.56125e+01	9.35078e+00	3.66093e+00	1.71602e+00	1.00000e+00	0.00000e+00
3.66647e+01	2.42562e+02	2.38733e+03	9.35291e+02	3.92444e+00	1.99073e+00	4.56125e+01	9.35750e+00	3.66541e+00	1.71690e+00	1.00000e+00	0.00000e+00
3.88214e+01	2.42581e+02	2.38599e+03	9.35432e+02	3.92570e+00	1.99170e+00	4.56125e+01	9.36419e+00	3.66988e+00	1.71778e+00	1.00000e+00	0.00000e+00
4.09782e+01	2.42600e+02	2.38464e+03	9.35571e+02	3.92695e+00	1.99266e+00	4.56125e+01	9.37086e+00	3.67434e+00	1.71866e+00	1.00000e+00	0.00000e+00
4.31349e+01	2.42619e+02	2.38330e+03	9.35709e+02	3.92819e+00	1.99362e+00	4.56125e+01	9.37751e+00	3.67879e+00	1.71954e+00	1.00000e+00	0.00000e+00
4.52917e+01	2.42638e+02	2.38196e+03	9.35845e+02	3.92943e+00	1.99458e+00	4.56125e+01	9.38413e+00	3.68324e+00	1.72042e+00	1.00000e+00	0.00000e+00
4.74484e+01	2.42658e+02	2.38062e+03	9.35980e+02	3.93066e+00	1.99553e+00	4.56125e+01	9.39073e+00	3.68767e+00	1.72131e+00	1.00000e+00	0.00000e+00
4.96052e+01	2.42677e+02	2.37928e+03	9.36114e+02	3.93189e+00	1.99648e+00	4.56125e+01	9.39730e+00	3.69209e+00	1.72219e+00	1.00000e+00	0.00000e+00
5.17619e+01	2.42697e+02	2.37795e+03	9.36247e+02	3.93312e+00	1.99743e+00	4.56125e+01	9.40385e+00	3.69651e+00	1.72308e+00	1.00000e+00	0.00000e+00
5.39187e+01	2.42716e+02	2.37661e+03	9.36378e+02	3.93434e+00	1.99837e+00	4.56125e+01	9.41037e+00	3.70091e+00	1.72397e+00	1.00000e+00	0.00000e+00
5.60754e+01	2.42736e+02	2.37527e+03	9.36507e+02	3.93555e+00	1.99932e+00	4.56125e+01	9.41687e+00	3.70531e+00	1.72486e+00	1.00000e+00	0.00000e+00
5.82322e+01	2.42756e+02	2.37394e+03	9.36636e+02	3.93676e+00	2.00026e+00	4.56125e+01	9.42335e+00	3.70969e+00	1.72575e+00	1.00000e+00	0.00000e+00
6.03889e+01	2.42776e+02	2.37260e+03	9.36762e+02	3.93797e+00	2.00120e+00	4.56125e+01	9.42980e+00	3.71407e+00	1.72664e+00	1.00000e+00	0.00000e+00
6.25457e+01	2.42796e+02	2.37127e+03	9.36888e+02	3.93917e+00	2.00213e+00	4.56125e+01	9.43623e+00	3.71844e+00	1.72754e+00	1.00000e+00	0.00000e+00
6.47024e+01	2.42816e+02	2.36994e+03	9.37012e+02	3.94037e+00	2.00306e+00	4.56125e+01	9.44263e+00	3.72279e+00	1.72843e+00	1.00000e+00	0.00000e+00
6.68591e+01	2.42837e+02	2.36861e+03	9.37134e+02	3.94157e+00	2.00399e+00	4.56125e+01	9.44901e+00	3.72714e+00	1.72933e+00	1.00000e+00	0.00000e+00
6.90159e+01	2.42857e+02	2.36728e+03	9.37255e+02	3.94276e+00	2.00492e+00	4.56125e+01	9.45537e+00	3.73148e+00	1.73023e+00	1.00000e+00	0.00000e+00
7.11726e+01	2.42877e+02	2.36595e+03	9.37374e+02	3.94394e+00	2.00585e+00	4.56125e+01	9.46170e+00	3.73581e+00	1.73113e+00	1.00000e+00	0.00000e+00
7.33294e+01	2.42898e+02	2.36462e+03	9.37492e+02	3.94513e+00	2.00677e+00	4.56125e+01	9.46801e+00	3.74013e+00	1.73203e+00	1.00000e+00	0.00000e+00
7.54861e+01	2.42919e+02	2.36329e+03	9.37608e+02	3.94631e+00	2.00769e+00	4.56125e+01	9.47429e+00	3.74445e+00	1.73293e+00	1.00000e+00	0.00000e+00
7.76429e+01	2.42940e+02	2.36196e+03	9.37723e+02	3.94748e+00	2.00861e+00	4.56125e+01	9.48055e+00	3.74875e+00	1.73384e+00	1.00000e+00	0.00000e+00
7.97996e+01	2.42961e+02	2.36063e+03	9.37836e+02	3.94865e+00	2.00953e+00	4.56125e+01	9.48678e+00	3.75304e+00	1.73474e+00	1.00000e+00	0.00000e+00
8.19564e+01	2.42982e+02	2.35931e+03	9.37948e+02	3.94982e+00	2.01044e+00	4.56125e+01	9.49299e+00	3.75733e+00	1.73565e+00	1.00000e+00	0.00000e+00
8.41131e+01	2.43003e+02	2.35798e+03	9.38058e+02	3.95098e+00	2.01135e+00	4.56125e+01	9.49918e+00	3.76160e+00	1.73656e+00	1.00000e+00	0.00000e+00
8.62699e+01	2.43024e+02	2.35666e+03	9.38166e+02	3.95214e+00	2.01226e+00	4.56125e+01	9.50534e+00	3.76587e+00	1.73747e+00	1.00000e+00	0.00000e+00
8.84266e+01	2.43046e+02	2.35534e+03	9.38273e+02	3.95330e+00	2.01317e+00	4.56125e+01	9.51148e+00	3.77012e+00	1.73838e+00	1.00000e+00	0.00000e+00
9.05834e+01	2.43067e+02	2.35401e+03	9.38378e+02	3.95446e+00	2.01408e+00	4.56125e+01	9.51759e+00	3.77437e+00	1.73929e+00	1.00000e+00	0.00000e+00
9.27401e+01	2.43089e+02	2.35269e+03	9.38481e+02	3.95561e+00	2.01498e+00	4.56125e+01	9.52368e+00	3.77861e+00	1.74020e+00	1.00000e+00	0.00000e+00
9.48969e+01	2.43111e+02	2.35137e+03	9.38583e+02	3.95675e+00	2.01588e+00	4.56125e+01	9.52975e+00	3.78283e+00	1.74112e+00	1.00000e+00	0.00000e+00
9.70536e+01	2.43133e+02	2.35005e+03	9.38683e+02	3.95790e+00	2.01678e+00	4.56125e+01	9.53579e+00	3.78705e+00	1.74204e+00	1.00000e+00	0.00000e+00
9.92104e+01	2.43155e+02	2.34873e+03	9.38781e+02	3.95904e+00	2.01768e+00	4.56125e+01	9.54180e+00	3.79126e+00	1.74295e+00	1.00000e+00	0.00000e+00
1.01367e+02	2.43177e+02	2.34742e+03	9.38878e+02	3.96017e+00	2.01858e+00	4.56125e+01	9.54780e+00	3.79546e+00	1.74387e+00	1.00000e+00	0.00000e+00
1.03524e+02	2.43199e+02	2.34610e+03	9.38973e+02	3.96131e+00	2.01947e+00	4.56125e+01	9.55376e+00	3.79965e+00	1.74479e+00	1.00000e+00	0.00000e+00
1.05681e+02	2.43221e+02	2.34478e+03	9.39066e+02	3.96244e+00	2.02036e+00	4.56125e+01	9.55971e+00	3.80383e+00	1.74572e+00	1.00000e+00	0.00000e+00
1.07837e+02	2.43244e+02	2.34347e+03	9.39157e+02	3.96357e+00	2.02125e+00	4.56125e+01	9.56563e+00	3.80801e+00	1.74664e+00	1.00000e+00	0.00000e+00
1.09994e+02	2.43266e+02	2.34215e+03	9.39247e+02	3.96469e+00	2.02214e+00	4.56125e+01	9.57152e+00	3.81217e+00	1.74757e+00	1.00000e+00	0.00000e+00
1.12151e+02	2.43289e+02	2.34084e+03	9.39335e+02	3.96582e+00	2.02303e+00	4.56125e+01	9.57740e+00	3.81632e+00	1.74849e+00	1.00000e+00	0.00000e+00
1.14308e+02	2.43312e+02	2.33952e+03	9.39421e+02	3.96694e+00	2.02391e+00	4.56125e+01	9.58324e+00	3.82047e+00	1.74942e+00	1.00000e+00	0.00000e+00
1.16464e+02	2.43335e+02	2.33821e+03	9.39505e+02	3.96805e+00	2.02480e+00	4.56125e+01	9.58907e+00	3.82460e+00	1.75035e+00	1.00000e+00	0.00000e+00
1.18621e+02	2.43358e+02	2.33690e+03	9.39587e+02	3.96917e+00	2.02568e+00	4.56125e+01	9.59487e+00	3.82873e+00	1.75128e+00	1.00000e+00	0.00000e+00
1.20778e+02	2.43381e+02	2.33559e+03	9.39668e+02	3.97028e+00	2.02656e+00	4.56125e+01	9.60064e+00	3.83284e+00	1.75222e+00	1.00000e+00	0.00000e+00
1.22935e+02	2.43404e+02	2.33428e+03	9.39747e+02	3.97139e+00	2.02744e+00	4.56125e+01	9.60639e+00	3.83695e+00	1.75315e+00	1.00000e+00	0.00000e+00
1.25091e+02	2.43428e+02	2.33297e+03	9.39823e+02	3.97249e+00	2.02831e+00	4.56125e+01	9.61212e+00	3.84105e+00	1.75409e+00	1.00000e+00	0.00000e+00
1.27248e+02	2.43451e+02	2.33166e+03	9.39898e+02	3.97359e+00	2.02919e+00	4.56125e+01	9.61782e+00	3.84514e+00	1.75502e+00	1.00000e+00	0.00000e+00
1.29405e+02	2.43475e+02	2.33036e+03	9.39971e+02	3.97470e+00	2.03006e+00	4.56125e+01	9.62350e+00	3.84922e+00	1.75596e+00	1.00000e+00	0.00000e+00
1.31562e+02	2.43499e+02	2.32905e+03	9.40043e+02	3.97579e+00	2.03093e+00	4.56125e+01	9.62915e+00	3.85329e+00	1.75690e+00	1.00000e+00	0.00000e+00
1.33718e+02	2.43523e+02	2.32774e+03	9.40112e+02	3.97689e+00	2.03180e+00	4.56125e+01	9.63478e+00	3.85735e+00	1.75784e+00	1.00000e+00	0.00000e+00
1.35875e+02	2.43547e+02	2.32644e+03	9.40179e+02	3.97798e+00	2.03267e+00	4.56125e+01	9.64039e+00	3.86140e+00	1.75879e+00	1.00000e+00	0.00000e+00
1.38032e+02	2.43571e+02	2.32513e+03	9.40245e+02	3.97907e+00	2.03354e+00	4.56125e+01	9.64597e+00	3.86544e+00	1.75973e+00	1.00000e+00	0.00000e+00
1.40189e+02	2.43595e+02	2.32383e+03	9.40308e+02	3.98016e+00	2.03440e+00	4.56125e+01	9.65152e+00	3.86947e+00	1.76068e+00	1.00000e+00	0.00000e+00
1.42345e+02	2.43620e+02	2.32253e+03	9.40370e+02	3.98125e+00	2.03527e+00	4.56125e+01	9.65706e+00	3.87350e+00	1.76163e+00	1.00000e+00	0.00000e+00
1.44502e+02	2.43644e+02	2.32123e+03	9.40429e+02	3.98233e+00	2.03613e+00	4.56125e+01	9.66257e+00	3.87751e+00	1.76257e+00	1.00000e+00	0.00000e+00
1.46659e+02	2.43669e+02	2.31992e+03	9.40487e+02	3.98341e+00	2.03699e+00	4.56125e+01	9.66805e+00	3.88151e+00	1.76353e+00	1.00000e+00	0.00000e+00
1.48816e+02	2.43694e+02	2.31862e+03	9.40542e+02	3.98449e+00	2.03785e+00	4.56125e+01	9.67351e+00	3.88551e+00	1.76448e+00	1.00000e+00	0.00000e+00
1.50972e+02	2.43719e+02	2.31732e+03	9.40596e+02	3.98556e+00	2.03871e+00	4.56125e+01	9.67895e+00	3.88950e+00	1.76543e+00	1.00000e+00	0.00000e+00
1.53129e+02	2.43744e+02	2.31603e+03	9.40647e+02	3.98664e+00	2.03956e+00	4.56125e+01	9.68436e+00	3.89347e+00	1.76639e+00	1.00000e+00	0.00000e+00
1.55286e+02	2.43769e+02	2.31473e+03	9.40697e+02	3.98771e+00	2.04042e+00	4.56125e+01	9.68975e+00	3.89744e+00	1.76735e+00	1.00000e+00	0.00000e+00
1.57443e+02	2.43794e+02	2.31343e+03	9.40744e+02	3.98878e+00	2.04127e+00	4.56125e+01	9.69511e+00	3.90140e+00	1.76830e+00	1.00000e+00	0.00000e+00
1.59599e+02	2.43820e+02	2.31213e+03	9.40790e+02	3.98985e+00	2.04213e+00	4.56125e+01	9.70045e+00	3.90535e+00	1.76926e+00	1.00000e+00	0.00000e+00
1.61756e+02	2.43845e+02	2.31084e+03	9.40833e+02	3.99091e+00	2.04298e+00	4.56125e+01	9.70577e+00	3.90929e+00	1.77023e+00	1.00000e+00	0.00000e+00
1.63913e+02	2.43871e+02	2.30954e+03	9.40874e+02	3.99197e+00	2.04383e+00	4.56125e+01	9.71106e+00	3.91322e+00	1.77119e+00	1.00000e+00	0.00000e+00
1.66070e+02	2.43897e+02	2.30825e+03	9.40913e+02	3.99303e+00	2.04467e+00	4.56125e+01	9.71632e+00	3.91714e+00	1.77215e+00	1.00000e+00	0.00000e+00
1.68226e+02	2.43923e+02	2.30696e+03	9.40950e+02	3.99409e+00	2.04552e+00	4.56125e+01	9.72157e+00	3.92105e+00	1.77312e+00	1.00000e+00	0.00000e+00
1.70383e+02	2.43949e+02	2.30566e+03	9.40985e+02	3.99515e+00	2.04637e+00	4.56125e+01	9.72678e+00	3.92495e+00	1.77409e+00	1.00000e+00	0.00000e+00
1.72540e+02	2.43975e+02	2.30437e+03	9.41018e+02	3.99620e+00	2.04721e+00	4.56125e+01	9.73198e+00	3.92885e+00	1.77506e+00	1.00000e+00	0.00000e+00
1.74696e+02	2.44001e+02	2.30308e+03	9.41049e+02	3.99725e+00	2.04805e+00	4.56125e+01	9.73715e+00	3.93273e+00	1.77603e+00	1.00000e+00	0.00000e+00
1.76853e+02	2.44027e+02	2.30179e+03	9.41077e+02	3.99830e+00	2.04889e+00	4.56125e+01	9.74230e+00	3.93660e+00	1.77700e+00	1.00000e+00	0.00000e+00
1.79010e+02	2.44054e+02	2.30050e+03	9.41104e+02	3.99935e+00	2.04973e+00	4.56125e+01	9.74742e+00	3.94047e+00	1.77798e+00	1.00000e+00	0.00000e+00
1.81167e+02	2.44081e+02	2.29921e+03	9.41128e+02	4.00039e+00	2.05057e+00	4.56125e+01	9.75251e+00	3.94432e+00	1.77895e+00	1.00000e+00	0.00000e+00
1.83323e+02	2.44108e+02	2.29792e+03	9.41150e+02	4.00144e+00	2.05141e+00	4.56125e+01	9.75759e+00	3.94817e+00	1.77993e+00	1.00000e+00	0.00000e+00
1.85480e+02	2.44135e+02	2.29663e+03	9.41170e+02	4.00248e+00	2.05225e+00	4.56125e+01	9.76264e+00	3.95201e+00	1.78091e+00	1.00000e+00	0.00000e+00
1.87637e+02	2.44162e+02	2.29535e+03	9.41187e+02	4.00352e+00	2.05308e+00	4.56125e+01	9.76766e+00	3.95584e+00	1.78189e+00	1.00000e+00	0.00000e+00
1.89794e+02	2.44189e+02	2.29406e+03	9.41203e+02	4.00455e+00	2.05392e+00	4.56125e+01	9.77266e+00	3.95966e+00	1.78288e+00	1.00000e+00	0.00000e+00
1.91950e+02	2.44216e+02	2.29278e+03	9.41216e+02	4.00559e+00	2.05475e+00	4.56125e+01	9.77764e+00	3.96346e+00	1.78386e+00	1.00000e+00	0.00000e+00
1.94107e+02	2.44244e+02	2.29149e+03	9.41227e+02	4.00662e+00	2.05558e+00	4.56125e+01	9.78259e+00	3.96726e+00	1.78485e+00	1.00000e+00	0.00000e+00
1.96264e+02	2.44271e+02	2.29021e+03	9.41235e+02	4.00765e+00	2.05641e+00	4.56125e+01	9.78752e+00	3.97106e+00	1.78583e+00	1.00000e+00	0.00000e+00
1.98421e+02	2.44299e+02	2.28893e+03	9.41242e+02	4.00868e+00	2.05724e+00	4.56125e+01	9.79242e+00	3.97484e+00	1.78682e+00	1.00000e+00	0.00000e+00
2.00577e+02	2.44327e+02	2.28764e+03	9.41246e+02	4.00970e+00	2.05806e+00	4.56125e+01	9.79730e+00	3.97861e+00	1.78781e+00	1.00000e+00	0.00000e+00
2.02734e+02	2.44355e+02	2.28636e+03	9.41247e+02	4.01073e+00	2.05889e+00	4.56125e+01	9.80216e+00	3.98237e+00	1.78881e+00	1.00000e+00	0.00000e+00
2.04891e+02	2.44383e+02	2.28508e+03	9.41247e+02	4.01175e+00	2.05971e+00	4.56125e+01	9.80699e+00	3.98613e+00	1.78980e+00	1.00000e+00	0.00000e+00
2.07048e+02	2.44411e+02	2.28380e+03	9.41244e+02	4.01277e+00	2.06054e+00	4.56125e+01	9.81180e+00	3.98987e+00	1.79080e+00	1.00000e+00	0.00000e+00
2.09204e+02	2.44440e+02	2.28252e+03	9.41239e+02	4.01378e+00	2.06136e+00	4.56125e+01	9.81658e+00	3.99360e+00	1.79180e+00	1.00000e+00	0.00000e+00
2.11361e+02	2.49943e+02	2.28124e+03	9.41023e+02	4.01631e+00	2.06296e+00	4.56125e+01	9.82134e+00	3.99733e+00	1.79280e+00	1.00000e+00	0.00000e+00
2.13518e+02	2.50000e+02	2.27996e+03	9.41221e+02	4.01733e+00	2.06378e+00	4.56125e+01	9.82608e+00	4.00105e+00	1.79380e+00	1.00000e+00	0.00000e+00
2.15266e+02	2.49996e+02	2.27914e+03	1.18521e+03	1.85862e+00	0.00000e+00	0.00000e+00	4.09427e+00	0.00000e+00	1.79427e+00	0.00000e+00	6.06216e-01
2.17013e+02	2.49993e+02	2.27832e+03	1.18571e+03	1.86145e+00	0.00000e+00	0.00000e+00	4.10849e+00	0.00000e+00	1.79475e+00	0.00000e+00	6.05752e-01
2.18761e+02	2.49989e+02	2.27750e+03	1.18622e+03	1.86426e+00	0.00000e+00	0.00000e+00	4.12267e+00	0.00000e+00	1.79523e+00	0.00000e+00	6.05305e-01
2.20509e+02	2.49986e+02	2.27668e+03	1.18672e+03	1.86707e+00	0.00000e+00	0.00000e+00	4.13681e+00	0.00000e+00	1.79571e+00	0.00000e+00	6.04876e-01
2.22257e+02	2.49983e+02	2.27586e+03	1.18722e+03	1.86985e+00	0.00000e+00	0.00000e+00	4.15092e+00	0.00000e+00	1.79618e+00	0.00000e+00	6.04465e-01
2.24004e+02	2.49980e+02	2.27504e+03	1.18771e+03	1.87263e+00	0.00000e+00	0.00000e+00	4.16499e+00	0.00000e+00	1.79666e+00	0.00000e+00	6.04071e-01
2.25752e+02	2.49977e+02	2.27422e+03	1.18821e+03	1.87539e+00	0.00000e+00	0.00000e+00	4.17902e+00	0.00000e+00	1.79714e+00	0.00000e+00	6.03695e-01
2.27500e+02	2.49975e+02	2.27340e+03	1.18870e+03	1.87813e+00	0.00000e+00	0.00000e+00	4.19301e+00	0.00000e+00	1.79762e+00	0.00000e+00	6.03337e-01
2.29248e+02	2.49972e+02	2.27259e+03	1.18920e+03	1.88086e+00	0.00000e+00	0.00000e+00	4.20696e+00	0.00000e+00	1.79809e+00	0.00000e+00	6.02997e-01
2.30995e+02	2.49970e+02	2.27177e+03	1.18969e+03	1.88358e+00	0.00000e+00	0.00000e+00	4.22087e+00	0.00000e+00	1.79857e+00	0.00000e+00	6.02676e-01
2.32743e+02	2.49968e+02	2.27095e+03	1.19018e+03	1.88629e+00	0.00000e+00	0.00000e+00	4.23475e+00	0.00000e+00	1.79905e+00	0.00000e+00	6.02372e-01
2.34491e+02	2.49966e+02	2.27014e+03	1.19067e+03	1.88898e+00	0.00000e+00	0.00000e+00	4.24859e+00	0.00000e+00	1.79953e+00	0.00000e+00	6.02086e-01
2.36239e+02	2.49964e+02	2.26932e+03	1.19116e+03	1.89166e+00	0.00000e+00	0.00000e+00	4.26240e+00	0.00000e+00	1.80001e+00	0.00000e+00	6.01819e-01
2.37986e+02	2.49963e+02	2.26851e+03	1.19164e+03	1.89433e+00	0.00000e+00	0.00000e+00	4.27619e+00	0.00000e+00	1.80049e+00	0.00000e+00	6.01570e-01
2.39734e+02	2.49961e+02	2.26769e+03	1.19213e+03	1.89699e+00	0.00000e+00	0.00000e+00	4.28996e+00	0.00000e+00	1.80097e+00	0.00000e+00	6.01340e-01
2.41482e+02	2.49960e+02	2.26688e+03	1.19261e+03	1.89964e+00	0.00000e+00	0.00000e+00	4.30371e+00	0.00000e+00	1.80144e+00	0.00000e+00	6.01128e-01
2.43229e+02	2.49959e+02	2.26606e+03	1.19309e+03	1.90229e+00	0.00000e+00	0.00000e+00	4.31746e+00	0.00000e+00	1.80192e+00	0.00000e+00	6.00935e-01
2.44977e+02	2.49958e+02	2.26525e+03	1.19358e+03	1.90493e+00	0.00000e+00	0.00000e+00	4.33120e+00	0.00000e+00	1.80240e+00	0.00000e+00	6.00761e-01
2.46725e+02	2.49957e+02	2.26444e+03	1.19405e+03	1.90757e+00	0.00000e+00	0.00000e+00	4.34495e+00	0.00000e+00	1.80288e+00	0.00000e+00	6.00607e-01
2.48473e+02	2.49956e+02	2.26363e+03	1.19453e+03	1.91021e+00	0.00000e+00	0.00000e+00	4.35871e+00	0.00000e+00	1.80336e+00	0.00000e+00	6.00471e-01
2.50220e+02	2.49956e+02	2.26282e+03	1.19501e+03	1.91284e+00	0.00000e+00	0.00000e+00	4.37249e+00	0.00000e+00	1.80384e+00	0.00000e+00	6.00356e-01
2.51968e+02	2.49956e+02	2.26201e+03	1.19549e+03	1.91547e+00	0.00000e+00	0.00000e+00	4.38629e+00	0.00000e+00	1.80432e+00	0.00000e+00	6.00259e-01
2.53716e+02	2.49956e+02	2.26120e+03	1.19596e+03	1.91811e+00	0.00000e+00	0.00000e+00	4.40011e+00	0.00000e+00	1.80480e+00	0.00000e+00	6.00183e-01
2.55464e+02	2.51164e+02	2.26036e+03	1.16018e+03	3.65651e+00	1.93209e+00	8.31114e+01	9.83244e+00	4.37329e+00	1.80532e+00	3.00000e+00	0.00000e+00
2.57211e+02	2.51202e+02	2.25953e+03	1.16038e+03	3.65861e+00	1.93439e+00	8.31114e+01	9.83882e+00	4.38473e+00	1.80584e+00	3.00000e+00	0.00000e+00
2.58959e+02	2.51240e+02	2.25869e+03	1.16059e+03	3.66071e+00	1.93669e+00	8.31114e+01	9.84520e+00	4.39618e+00	1.80637e+00	3.00000e+00	0.00000e+00
2.60707e+02	2.51278e+02	2.25786e+03	1.16079e+03	3.66280e+00	1.93898e+00	8.31114e+01	9.85158e+00	4.40763e+00	1.80689e+00	3.00000e+00	0.00000e+00
2.62455e+02	2.51315e+02	2.25703e+03	1.16100e+03	3.66489e+00	1.94127e+00	8.31114e+01	9.85796e+00	4.41908e+00	1.80741e+00	3.00000e+00	0.00000e+00
2.64202e+02	2.51353e+02	2.25619e+03	1.16120e+03	3.66699e+00	1.94356e+00	8.31114e+01	9.86434e+00	4.43053e+00	1.80794e+00	3.00000e+00	0.00000e+00
2.65950e+02	2.51391e+02	2.25536e+03	1.16140e+03	3.66908e+00	1.94584e+00	8.31114e+01	9.87072e+00	4.44197e+00	1.80846e+00	3.00000e+00	0.00000e+00
2.67698e+02	2.51428e+02	2.25453e+03	1.16161e+03	3.67117e+00	1.94813e+00	8.31114e+01	9.87710e+00	4.45342e+00	1.80898e+00	3.00000e+00	0.00000e+00
2.69446e+02	2.51466e+02	2.25370e+03	1.16181e+03	3.67326e+00	1.95041e+00	8.31114e+01	9.88348e+00	4.46487e+00	1.80951e+00	3.00000e+00	0.00000e+00
2.71193e+02	2.51504e+02	2.25287e+03	1.16201e+03	3.67535e+00	1.95268e+00	8.31114e+01	9.88986e+00	4.47632e+00	1.81003e+00	3.00000e+00	0.00000e+00
2.72941e+02	2.51542e+02	2.25204e+03	1.16222e+03	3.67744e+00	1.95495e+00	8.31114e+01	9.89623e+00	4.48776e+00	1.81056e+00	3.00000e+00	0.00000e+00
2.74689e+02	2.51579e+02	2.25121e+03	1.16242e+03	3.67953e+00	1.95723e+00	8.31114e+01	9.90261e+00	4.49921e+00	1.81109e+00	3.00000e+00	0.00000e+00
2.76436e+02	2.51617e+02	2.25038e+03	1.16262e+03	3.68162e+00	1.95949e+00	8.31114e+01	9.90899e+00	4.51066e+00	1.81161e+00	3.00000e+00	0.00000e+00
2.78184e+02	2.51655e+02	2.24955e+03	1.16282e+03	3.68371e+00	1.96176e+00	8.31114e+01	9.91537e+00	4.52211e+00	1.81214e+00	3.00000e+00	0.00000e+00
2.79932e+02	2.51688e+02	2.24872e+03	1.16303e+03	3.68579e+00	1.96402e+00	8.31114e+01	9.92175e+00	4.53355e+00	1.81267e+00	3.00000e+00	0.00000e+00
2.81680e+02	2.51720e+02	2.24789e+03	1.16323e+03	3.68787e+00	1.96627e+00	8.31114e+01	9.92813e+00	4.54500e+00	1.81320e+00	3.00000e+00	0.00000e+00
2.83427e+02	2.51753e+02	2.24706e+03	1.16343e+03	3.68994e+00	1.96852e+00	8.31114e+01	9.93451e+00	4.55645e+00	1.81372e+00	3.00000e+00	0.00000e+00
2.85175e+02	2.51785e+02	2.24623e+03	1.16364e+03	3.69202e+00	1.97077e+00	8.31114e+01	9.94089e+00	4.56790e+00	1.81425e+00	3.00000e+00	0.00000e+00
2.86923e+02	2.51817e+02	2.24540e+03	1.16384e+03	3.69410e+00	1.97302e+00	8.31114e+01	9.94727e+00	4.57935e+00	1.81478e+00	3.00000e+00	0.00000e+00
2.88671e+02	2.51850e+02	2.24458e+03	1.16404e+03	3.69617e+00	1.97526e+00	8.31114e+01	9.95365e+00	4.59079e+00	1.81531e+00	3.00000e+00	0.00000e+00
2.90418e+02	2.51882e+02	2.24375e+03	1.16424e+03	3.69825e+00	1.97750e+00	8.31114e+01	9.96003e+00	4.60224e+00	1.81584e+00	3.00000e+00	0.00000e+00
2.92166e+02	2.51914e+02	2.24292e+03	1.16445e+03	3.70032e+00	1.97974e+00	8.31114e+01	9.96641e+00	4.61369e+00	1.81637e+00	3.00000e+00	0.00000e+00
2.93914e+02	2.51947e+02	2.24210e+03	1.16465e+03	3.70240e+00	1.98198e+00	8.31114e+01	9.97279e+00	4.62514e+00	1.81691e+00	3.00000e+00	0.00000e+00
2.95662e+02	2.51979e+02	2.24127e+03	1.16485e+03	3.70447e+00	1.98421e+00	8.31114e+01	9.97916e+00	4.63658e+00	1.81744e+00	3.00000e+00	0.00000e+00
2.97409e+02	2.52011e+02	2.24045e+03	1.16505e+03	3.70654e+00	1.98644e+00	8.31114e+01	9.98554e+00	4.64803e+00	1.81797e+00	3.00000e+00	0.00000e+00
2.99157e+02	2.52044e+02	2.23962e+03	1.16525e+03	3.70862e+00	1.98867e+00	8.31114e+01	9.99192e+00	4.65948e+00	1.81850e+00	3.00000e+00	0.00000e+00
3.00905e+02	2.52076e+02	2.23880e+03	1.16546e+03	3.71069e+00	1.99089e+00	8.31114e+01	9.99830e+00	4.67093e+00	1.81904e+00	3.00000e+00	0.00000e+00
3.02653e+02	2.52109e+02	2.23797e+03	1.16566e+03	3.71276e+00	1.99311e+00	8.31114e+01	1.00047e+01	4.68237e+00	1.81957e+00	3.00000e+00	0.00000e+00
3.04400e+02	2.52139e+02	2.23715e+03	1.16586e+03	3.71483e+00	1.99533e+00	8.31114e+01	1.00111e+01	4.69382e+00	1.82011e+00	3.00000e+00	0.00000e+00
3.06148e+02	2.52165e+02	2.23632e+03	1.16606e+03	3.71689e+00	1.99754e+00	8.31114e+01	1.00174e+01	4.70527e+00	1.82064e+00	3.00000e+00	0.00000e+00
3.07896e+02	2.52191e+02	2.23550e+03	1.16626e+03	3.71895e+00	1.99975e+00	8.31114e+01	1.00238e+01	4.71672e+00	1.82118e+00	3.00000e+00	0.00000e+00
3.09644e+02	2.52217e+02	2.23468e+03	1.16646e+03	3.72101e+00	2.00196e+00	8.31114e+01	1.00302e+01	4.72817e+00	1.82171e+00	3.00000e+00	0.00000e+00
3.11391e+02	2.52243e+02	2.23386e+03	1.16667e+03	3.72307e+00	2.00416e+00	8.31114e+01	1.00366e+01	4.73961e+00	1.82225e+00	3.00000e+00	0.00000e+00
3.13139e+02	2.52270e+02	2.23303e+03	1.16687e+03	3.72513e+00	2.00637e+00	8.31114e+01	1.00430e+01	4.75106e+00	1.82279e+00	3.00000e+00	0.00000e+00
3.14887e+02	2.52296e+02	2.23221e+03	1.16707e+03	3.72719e+00	2.00857e+00	8.31114e+01	1.00493e+01	4.76251e+00	1.82333e+00	3.00000e+00	0.00000e+00
3.16634e+02	2.52322e+02	2.23139e+03	1.16727e+03	3.72925e+00	2.01076e+00	8.31114e+01	1.00557e+01	4.77396e+00	1.82386e+00	3.00000e+00	0.00000e+00
3.18382e+02	2.52348e+02	2.23057e+03	1.16747e+03	3.73130e+00	2.01296e+00	8.31114e+01	1.00621e+01	4.78540e+00	1.82440e+00	3.00000e+00	0.00000e+00
3.20130e+02	2.52374e+02	2.22975e+03	1.16767e+03	3.73336e+00	2.01515e+00	8.31114e+01	1.00685e+01	4.79685e+00	1.82494e+00	3.00000e+00	0.00000e+00
3.21878e+02	2.52400e+02	2.22893e+03	1.16787e+03	3.73542e+00	2.01734e+00	8.31114e+01	1.00749e+01	4.80830e+00	1.82548e+00	3.00000e+00	0.00000e+00
3.23625e+02	2.52427e+02	2.22811e+03	1.16807e+03	3.73747e+00	2.01952e+00	8.31114e+01	1.00812e+01	4.81975e+00	1.82602e+00	3.00000e+00	0.00000e+00
3.25373e+02	2.52453e+02	2.22729e+03	1.16827e+03	3.73953e+00	2.02171e+00	8.31114e+01	1.00876e+01	4.83119e+00	1.82656e+00	3.00000e+00	0.00000e+00
3.27121e+02	2.52479e+02	2.22647e+03	1.16847e+03	3.74159e+00	2.02389e+00	8.31114e+01	1.00940e+01	4.84264e+00	1.82710e+00	3.00000e+00	0.00000e+00
3.28869e+02	2.52505e+02	2.22565e+03	1.16867e+03	3.74364e+00	2.02607e+00	8.31114e+01	1.01004e+01	4.85409e+00	1.82765e+00	3.00000e+00	0.00000e+00
3.30616e+02	2.52548e+02	2.22484e+03	1.16887e+03	3.74572e+00	2.02826e+00	8.31114e+01	1.01067e+01	4.86554e+00	1.82819e+00	3.00000e+00	0.00000e+00
3.32364e+02	2.52594e+02	2.22402e+03	1.16907e+03	3.74780e+00	2.03045e+00	8.31114e+01	1.01131e+01	4.87698e+00	1.82873e+00	3.00000e+00	0.00000e+00
3.34112e+02	2.52640e+02	2.22320e+03	1.16926e+03	3.74988e+00	2.03264e+00	8.31114e+01	1.01195e+01	4.88843e+00	1.82927e+00	3.00000e+00	0.00000e+00
3.35860e+02	2.52686e+02	2.22238e+03	1.16946e+03	3.75197e+00	2.03482e+00	8.31114e+01	1.01259e+01	4.89988e+00	1.82982e+00	3.00000e+00	0.00000e+00
3.37607e+02	2.52732e+02	2.22157e+03	1.16965e+03	3.75405e+00	2.03700e+00	8.31114e+01	1.01323e+01	4.91133e+00	1.83036e+00	3.00000e+00	0.00000e+00
3.39355e+02	2.52778e+02	2.22075e+03	1.16984e+03	3.75613e+00	2.03918e+00	8.31114e+01	1.01386e+01	4.92278e+00	1.83091e+00	3.00000e+00	0.00000e+00
3.41103e+02	2.52824e+02	2.21994e+03	1.17004e+03	3.75821e+00	2.04136e+00	8.31114e+01	1.01450e+01	4.93422e+00	1.83145e+00	3.00000e+00	0.00000e+00
3.42851e+02	2.52870e+02	2.21912e+03	1.17023e+03	3.76029e+00	2.04354e+00	8.31114e+01	1.01514e+01	4.94567e+00	1.83200e+00	3.00000e+00	0.00000e+00
3.44598e+02	2.52915e+02	2.21830e+03	1.17043e+03	3.76237e+00	2.04571e+00	8.31114e+01	1.01578e+01	4.95712e+00	1.83254e+00	3.00000e+00	0.00000e+00
3.46346e+02	2.52961e+02	2.21749e+03	1.17062e+03	3.76445e+00	2.04788e+00	8.31114e+01	1.01642e+01	4.96857e+00	1.83309e+00	3.00000e+00	0.00000e+00
3.48094e+02	2.53007e+02	2.21668e+03	1.17081e+03	3.76653e+00	2.05005e+00	8.31114e+01	1.01705e+01	4.98001e+00	1.83364e+00	3.00000e+00	0.00000e+00
3.49841e+02	2.53053e+02	2.21586e+03	1.17101e+03	3.76860e+00	2.05222e+00	8.31114e+01	1.01769e+01	4.99146e+00	1.83419e+00	3.00000e+00	0.00000e+00
3.51589e+02	2.53099e+02	2.21505e+03	1.17120e+03	3.77068e+00	2.05438e+00	8.31114e+01	1.01833e+01	5.00291e+00	1.83473e+00	3.00000e+00	0.00000e+00
3.53337e+02	2.53145e+02	2.21428e+03	1.24544e+03	4.17518e+00	2.20791e+00	1.23988e+02	1.34960e+01	6.01800e+00	1.83520e+00	5.00000e+00	0.00000e+00
3.55085e+02	2.53210e+02	2.21352e+03	1.24560e+03	4.17571e+00	2.20793e+00	1.23988e+02	1.35044e+01	6.01958e+00	1.83567e+00	5.00000e+00	0.00000e+00
3.56832e+02	2.53307e+02	2.21275e+03	1.24574e+03	4.17624e+00	2.20796e+00	1.23988e+02	1.35128e+01	6.02115e+00	1.83614e+00	5.00000e+00	0.00000e+00
3.58580e+02	2.53404e+02	2.21199e+03	1.24589e+03	4.17677e+00	2.20800e+00	1.23988e+02	1.35212e+01	6.02272e+00	1.83661e+00	5.00000e+00	0.00000e+00
3.60328e+02	2.53501e+02	2.21123e+03	1.24603e+03	4.17730e+00	2.20803e+00	1.23988e+02	1.35296e+01	6.02430e+00	1.83708e+00	5.00000e+00	0.00000e+00
3.62076e+02	2.53598e+02	2.21046e+03	1.24618e+03	4.17783e+00	2.20806e+00	1.23988e+02	1.35380e+01	6.02587e+00	1.83755e+00	5.00000e+00	0.00000e+00
3.63823e+02	2.53696e+02	2.20970e+03	1.24633e+03	4.17836e+00	2.20809e+00	1.23988e+02	1.35464e+01	6.02744e+00	1.83802e+00	5.00000e+00	0.00000e+00
3.65571e+02	2.53793e+02	2.20894e+03	1.24647e+03	4.17890e+00	2.20813e+00	1.23988e+02	1.35547e+01	6.02901e+00	1.83850e+00	5.00000e+00	0.00000e+00
3.67319e+02	2.53890e+02	2.20817e+03	1.24662e+03	4.17943e+00	2.20816e+00	1.23988e+02	1.35631e+01	6.03059e+00	1.83897e+00	5.00000e+00	0.00000e+00
3.69067e+02	2.53987e+02	2.20741e+03	1.24676e+03	4.17997e+00	2.20820e+00	1.23988e+02	1.35715e+01	6.03216e+00	1.83944e+00	5.00000e+00	0.00000e+00
3.70814e+02	2.54084e+02	2.20665e+03	1.24691e+03	4.18050e+00	2.20823e+00	1.23988e+02	1.35799e+01	6.03373e+00	1.83992e+00	5.00000e+00	0.00000e+00
3.72562e+02	2.54181e+02	2.20589e+03	1.24705e+03	4.18104e+00	2.20827e+00	1.23988e+02	1.35883e+01	6.03531e+00	1.84039e+00	5.00000e+00	0.00000e+00
3.74310e+02	2.54278e+02	2.20513e+03	1.24720e+03	4.18158e+00	2.20831e+00	1.23988e+02	1.35967e+01	6.03688e+00	1.84086e+00	5.00000e+00	0.00000e+00
3.76058e+02	2.54375e+02	2.20437e+03	1.24735e+03	4.18212e+00	2.20834e+00	1.23988e+02	1.36051e+01	6.03845e+00	1.84134e+00	5.00000e+00	0.00000e+00
3.77805e+02	2.54473e+02	2.20361e+03	1.24749e+03	4.18266e+00	2.20838e+00	1.23988e+02	1.36135e+01	6.04002e+00	1.84182e+00	5.00000e+00	0.00000e+00
3.79553e+02	2.54570e+02	2.20284e+03	1.24764e+03	4.18320e+00	2.20842e+00	1.23988e+02	1.36219e+01	6.04160e+00	1.84229e+00	5.00000e+00	0.00000e+00
3.81301e+02	2.54668e+02	2.20208e+03	1.24778e+03	4.18374e+00	2.20846e+00	1.23988e+02	1.36302e+01	6.04317e+00	1.84277e+00	5.00000e+00	0.00000e+00
3.83049e+02	2.54766e+02	2.20132e+03	1.24793e+03	4.18428e+00	2.20850e+00	1.23988e+02	1.36386e+01	6.04474e+00	1.84324e+00	5.00000e+00	0.00000e+00
3.84796e+02	2.54864e+02	2.20056e+03	1.24807e+03	4.18483e+00	2.20854e+00	1.23988e+02	1.36470e+01	6.04632e+00	1.84372e+00	5.00000e+00	0.00000e+00
3.86544e+02	2.54963e+02	2.19981e+03	1.24822e+03	4.18537e+00	2.20858e+00	1.23988e+02	1.36554e+01	6.04789e+00	1.84420e+00	5.00000e+00	0.00000e+00
3.88292e+02	2.55061e+02	2.19905e+03	1.24836e+03	4.18592e+00	2.20862e+00	1.23988e+02	1.36638e+01	6.04946e+00	1.84468e+00	5.00000e+00	0.00000e+00
3.90039e+02	2.55159e+02	2.19829e+03	1.24850e+03	4.18646e+00	2.20867e+00	1.23988e+02	1.36722e+01	6.05104e+00	1.84516e+00	5.00000e+00	0.00000e+00
3.91787e+02	2.55257e+02	2.19753e+03	1.24865e+03	4.18701e+00	2.20871e+00	1.23988e+02	1.36806e+01	6.05261e+00	1.84564e+00	5.00000e+00	0.00000e+00
3.93535e+02	2.55356e+02	2.19677e+03	1.24879e+03	4.18756e+00	2.20875e+00	1.23988e+02	1.36890e+01	6.05418e+00	1.84612e+00	5.00000e+00	0.00000e+00
3.95283e+02	2.55454e+02	2.19601e+03	1.24894e+03	4.18811e+00	2.20880e+00	1.23988e+02	1.36974e+01	6.05575e+00	1.84660e+00	5.00000e+00	0.00000e+00
3.97030e+02	2.55552e+02	2.19525e+03	1.24908e+03	4.18866e+00	2.20884e+00	1.23988e+02	1.37057e+01	6.05733e+00	1.84708e+00	5.00000e+00	0.00000e+00
3.98778e+02	2.55651e+02	2.19450e+03	1.24922e+03	4.18921e+00	2.20889e+00	1.23988e+02	1.37141e+01	6.05890e+00	1.84756e+00	5.00000e+00	0.00000e+00
4.00526e+02	2.55749e+02	2.19374e+03	1.24937e+03	4.18977e+00	2.20894e+00	1.23988e+02	1.37225e+01	6.06047e+00	1.84804e+00	5.00000e+00	0.00000e+00
4.02274e+02	2.55847e+02	2.19298e+03	1.24951e+03	4.19032e+00	2.20898e+00	1.23988e+02	1.37309e+01	6.06205e+00	1.84853e+00	5.00000e+00	0.00000e+00
4.04021e+02	2.55945e+02	2.19223e+03	1.24966e+03	4.19087e+00	2.20903e+00	1.23988e+02	1.37393e+01	6.06362e+00	1.84901e+00	5.00000e+00	0.00000e+00
4.05769e+02	2.56043e+02	2.19147e+03	1.24980e+03	4.19143e+00	2.20908e+00	1.23988e+02	1.37477e+01	6.06519e+00	1.84949e+00	5.00000e+00	0.00000e+00
4.07517e+02	2.56140e+02	2.19071e+03	1.24994e+03	4.19198e+00	2.20913e+00	1.23988e+02	1.37561e+01	6.06677e+00	1.84998e+00	5.00000e+00	0.00000e+00
4.09265e+02	2.56237e+02	2.18996e+03	1.25009e+03	4.19254e+00	2.20918e+00	1.23988e+02	1.37645e+01	6.06834e+00	1.85046e+00	5.00000e+00	0.00000e+00
4.11012e+02	2.56334e+02	2.18920e+03	1.25023e+03	4.19310e+00	2.20923e+00	1.23988e+02	1.37729e+01	6.06991e+00	1.85095e+00	5.00000e+00	0.00000e+00
4.12760e+02	2.56431e+02	2.18845e+03	1.25038e+03	4.19366e+00	2.20928e+00	1.23988e+02	1.37812e+01	6.07148e+00	1.85143e+00	5.00000e+00	0.00000e+00
4.14508e+02	2.56528e+02	2.18769e+03	1.25052e+03	4.19422e+00	2.20933e+00	1.23988e+02	1.37896e+01	6.07306e+00	1.85192e+00	5.00000e+00	0.00000e+00
4.16256e+02	2.56625e+02	2.18694e+03	1.25066e+03	4.19478e+00	2.20939e+00	1.23988e+02	1.37980e+01	6.07463e+00	1.85240e+00	5.00000e+00	0.00000e+00
4.18003e+02	2.56722e+02	2.18618e+03	1.25081e+03	4.19534e+00	2.20944e+00	1.23988e+02	1.38064e+01	6.07620e+00	1.85289e+00	5.00000e+00	0.00000e+00
4.19751e+02	2.56819e+02	2.18543e+03	1.25095e+03	4.19590e+00	2.20949e+00	1.23988e+02	1.38148e+01	6.07778e+00	1.85338e+00	5.00000e+00	0.00000e+00
4.21499e+02	2.56916e+02	2.18468e+03	1.25109e+03	4.19647e+00	2.20955e+00	1.23988e+02	1.38232e+01	6.07935e+00	1.85387e+00	5.00000e+00	0.00000e+00
4.23246e+02	2.57013e+02	2.18392e+03	1.25123e+03	4.19703e+00	2.20960e+00	1.23988e+02	1.38316e+01	6.08092e+00	1.85436e+00	5.00000e+00	0.00000e+00
4.24994e+02	2.57110e+02	2.18317e+03	1.25138e+03	4.19760e+00	2.20966e+00	1.23988e+02	1.38400e+01	6.08249e+00	1.85484e+00	5.00000e+00	0.00000e+00
4.26742e+02	2.57207e+02	2.18242e+03	1.25152e+03	4.19817e+00	2.20971e+00	1.23988e+02	1.38484e+01	6.08407e+00	1.85533e+00	5.00000e+00	0.00000e+00
4.28490e+02	2.57304e+02	2.18166e+03	1.25166e+03	4.19873e+00	2.20977e+00	1.23988e+02	1.38568e+01	6.08564e+00	1.85582e+00	5.00000e+00	0.00000e+00
4.30237e+02	2.57401e+02	2.18091e+03	1.25181e+03	4.19930e+00	2.20983e+00	1.23988e+02	1.38651e+01	6.08721e+00	1.85631e+00	5.00000e+00	0.00000e+00
4.31985e+02	2.57495e+02	2.18016e+03	1.25195e+03	4.19987e+00	2.20989e+00	1.23988e+02	1.38735e+01	6.08879e+00	1.85681e+00	5.00000e+00	0.00000e+00
4.33733e+02	2.57589e+02	2.17941e+03	1.25209e+03	4.20044e+00	2.20995e+00	1.23988e+02	1.38819e+01	6.09036e+00	1.85730e+00	5.00000e+00	0.00000e+00
4.35481e+02	2.57684e+02	2.17866e+03	1.25224e+03	4.20101e+00	2.21000e+00	1.23988e+02	1.38903e+01	6.09193e+00	1.85779e+00	5.00000e+00	0.00000e+00
4.37228e+02	2.57778e+02	2.17791e+03	1.25238e+03	4.20159e+00	2.21006e+00	1.23988e+02	1.38987e+01	6.09351e+00	1.85828e+00	5.00000e+00	0.00000e+00
4.38976e+02	2.57872e+02	2.17715e+03	1.25252e+03	4.20216e+00	2.21013e+00	1.23988e+02	1.39071e+01	6.09508e+00	1.85877e+00	5.00000e+00	0.00000e+00
4.40724e+02	2.57967e+02	2.17640e+03	1.25266e+03	4.20273e+00	2.21019e+00	1.23988e+02	1.39155e+01	6.09665e+00	1.85927e+00	5.00000e+00	0.00000e+00
4.42472e+02	2.58061e+02	2.17565e+03	1.25281e+03	4.20331e+00	2.21025e+00	1.23988e+02	1.39239e+01	6.09822e+00	1.85976e+00	5.00000e+00	0.00000e+00
4.44219e+02	2.58155e+02	2.17490e+03	1.25295e+03	4.20389e+00	2.21031e+00	1.23988e+02	1.39323e+01	6.09980e+00	1.86026e+00	5.00000e+00	0.00000e+00
4.45967e+02	2.58249e+02	2.17415e+03	1.25309e+03	4.20446e+00	2.21038e+00	1.23988e+02	1.39406e+01	6.10137e+00	1.86075e+00	5.00000e+00	0.00000e+00
4.47715e+02	2.58344e+02	2.17340e+03	1.25323e+03	4.20504e+00	2.21044e+00	1.23988e+02	1.39490e+01	6.10294e+00	1.86125e+00	5.00000e+00	0.00000e+00
4.49463e+02	2.58438e+02	2.17266e+03	1.25338e+03	4.20562e+00	2.21050e+00	1.23988e+02	1.39574e+01	6.10452e+00	1.86174e+00	5.00000e+00	0.00000e+00
4.51210e+02	2.58532e+02	2.17191e+03	1.25352e+03	4.20620e+00	2.21057e+00	1.23988e+02	1.39658e+01	6.10609e+00	1.86224e+00	5.00000e+00	0.00000e+00
4.52958e+02	2.58627e+02	2.17116e+03	1.25366e+03	4.20678e+00	2.21064e+00	1.23988e+02	1.39742e+01	6.10766e+00	1.86274e+00	5.00000e+00	0.00000e+00
4.54706e+02	2.58721e+02	2.17041e+03	1.25380e+03	4.20737e+00	2.21070e+00	1.23988e+02	1.39826e+01	6.10924e+00	1.86324e+00	5.00000e+00	0.00000e+00
4.56454e+02	2.58814e+02	2.16966e+03	1.25395e+03	4.20795e+00	2.21077e+00	1.23988e+02	1.39910e+01	6.11081e+00	1.86373e+00	5.00000e+00	0.00000e+00
4.58201e+02	2.58905e+02	2.16891e+03	1.25409e+03	4.20853e+00	2.21084e+00	1.23988e+02	1.39994e+01	6.11238e+00	1.86423e+00	5.00000e+00	0.00000e+00
4.59949e+02	2.58996e+02	2.16817e+03	1.25423e+03	4.20912e+00	2.21091e+00	1.23988e+02	1.40078e+01	6.11395e+00	1.86473e+00	5.00000e+00	0.00000e+00
4.61697e+02	2.59086e+02	2.16742e+03	1.25437e+03	4.20970e+00	2.21098e+00	1.23988e+02	1.40161e+01	6.11553e+00	1.86523e+00	5.00000e+00	0.00000e+00
4.63444e+02	2.59177e+02	2.16667e+03	1.25452e+03	4.21029e+00	2.21105e+00	1.23988e+02	1.40245e+01	6.11710e+00	1.86573e+00	5.00000e+00	0.00000e+00
4.65192e+02	2.59268e+02	2.16593e+03	1.25466e+03	4.21088e+00	2.21112e+00	1.23988e+02	1.40329e+01	6.11867e+00	1.86623e+00	5.00000e+00	0.00000e+00
4.66940e+02	2.59359e+02	2.16518e+03	2.72209e+03	7.56218e+00	4.15610e+00	2.31171e+14	9.29798e+01	4.70203e+01	1.86673e+00	5.00000e+01	0.00000e+00
5.78073e+02	2.71364e+02	2.14331e+03	2.73757e+03	7.27514e+00	4.01948e+00	7.13602e+13	8.59230e+01	4.42287e+01	1.86673e+00	5.00000e+01	0.00000e+00
6.89838e+02	2.83247e+02	2.12144e+03	2.74693e+03	7.31193e+00	4.01678e+00	2.46412e+13	8.77700e+01	4.43207e+01	1.86673e+00	5.00000e+01	0.00000e+00
8.01985e+02	2.95007e+02	2.09957e+03	2.75106e+03	7.36831e+00	4.03414e+00	9.37133e+12	8.96658e+01	4.47717e+01	1.86673e+00	5.00000e+01	0.00000e+00
9.14301e+02	3.06646e+02	2.07770e+03	2.75537e+03	7.39320e+00	4.03847e+00	3.87538e+12	9.06908e+01	4.49382e+01	1.86673e+00	5.00000e+01	0.00000e+00
1.02679e+03	3.18163e+02	2.05583e+03	2.75948e+03	7.44752e+00	4.05488e+00	1.72492e+12	9.25647e+01	4.53722e+01	1.86673e+00	5.00000e+01	0.00000e+00
1.13945e+03	3.29558e+02	2.03396e+03	2.76350e+03	7.51180e+00	4.07535e+00	8.19249e+11	9.47407e+01	4.58978e+01	1.86673e+00	5.00000e+01	0.00000e+00
1.25228e+03	3.40832e+02	2.01209e+03	2.76771e+03	7.57708e+00	4.09653e+00	4.12165e+11	9.69727e+01	4.64468e+01	1.86673e+00	5.00000e+01	0.00000e+00
1.36527e+03	3.51983e+02	1.99021e+03	2.77403e+03	7.72126e+00	4.15299e+00	2.18286e+11	1.01592e+02	4.78453e+01	1.86673e+00	5.00000e+01	0.00000e+00
1.47852e+03	3.63013e+02	1.96834e+03	2.77959e+03	7.84463e+00	4.20072e+00	1.21064e+11	1.05661e+02	4.90508e+01	1.86673e+00	5.00000e+01	0.00000e+00
1.59201e+03	3.73920e+02	1.94647e+03	2.78623e+03	8.05303e+00	4.28764e+00	6.99815e+10	1.12410e+02	5.12258e+01	1.86673e+00	5.00000e+01	0.00000e+00
1.70576e+03	3.84706e+02	1.92460e+03	2.79234e+03	8.19995e+00	4.34820e+00	4.19957e+10	1.17368e+02	5.27959e+01	1.86673e+00	5.00000e+01	0.00000e+00
1.81976e+03	3.95370e+02	1.90273e+03	2.79743e+03	8.30902e+00	4.39250e+00	2.60689e+10	1.21171e+02	5.39743e+01	1.86673e+00	5.00000e+01	0.00000e+00
1.93397e+03	4.05912e+02	1.88086e+03	2.80105e+03	8.32777e+00	4.39424e+00	1.66860e+10	1.22143e+02	5.40866e+01	1.86673e+00	5.00000e+01	0.00000e+00
2.04832e+03	4.16332e+02	1.85899e+03	2.80771e+03	8.48199e+00	4.46012e+00	1.09818e+10	1.27529e+02	5.58529e+01	1.86673e+00	5.00000e+01	0.00000e+00
2.16295e+03	4.26631e+02	1.83712e+03	2.81204e+03	8.56404e+00	4.49316e+00	7.41507e+09	1.30552e+02	5.67717e+01	1.86673e+00	5.00000e+01	0.00000e+00
2.27776e+03	4.36807e+02	1.81525e+03	2.81832e+03	8.66236e+00	4.53334e+00	5.12493e+09	1.34253e+02	5.79207e+01	1.86673e+00	5.00000e+01	0.00000e+00
2.39282e+03	4.46862e+02	1.79338e+03	2.82265e+03	8.72984e+00	4.56041e+00	3.61920e+09	1.36843e+02	5.87036e+01	1.86673e+00	5.00000e+01	0.00000e+00
2.50806e+03	4.56794e+02	1.77151e+03	2.82790e+03	8.76040e+00	4.56906e+00	2.60673e+09	1.38311e+02	5.90361e+01	1.86673e+00	5.00000e+01	0.00000e+00
2.62351e+03	4.66605e+02	1.74964e+03	2.83149e+03	8.77690e+00	4.57176e+00	1.91205e+09	1.39213e+02	5.91810e+01	1.86673e+00	5.00000e+01	0.00000e+00
2.73911e+03	4.76294e+02	1.72777e+03	2.83486e+03	8.79635e+00	4.57612e+00	1.42622e+09	1.40196e+02	5.93645e+01	1.86673e+00	5.00000e+01	0.00000e+00
2.85485e+03	4.85861e+02	1.70590e+03	2.83868e+03	8.81426e+00	4.58109e+00	1.08049e+09	1.41109e+02	5.95738e+01	1.86673e+00	5.00000e+01	0.00000e+00
2.97074e+03	4.95306e+02	1.68403e+03	2.84229e+03	8.83278e+00	4.58312e+00	8.30470e+08	1.42147e+02	5.97023e+01	1.86673e+00	5.00000e+01	0.00000e+00
3.08678e+03	5.04630e+02	1.66216e+03	2.84751e+03	8.83862e+00	4.57880e+00	6.46932e+08	1.42852e+02	5.96992e+01	1.86673e+00	5.00000e+01	0.00000e+00
3.20303e+03	5.13831e+02	1.64029e+03	2.85096e+03	8.85010e+00	4.57826e+00	5.10340e+08	1.43623e+02	5.97574e+01	1.86673e+00	5.00000e+01	0.00000e+00
3.31943e+03	5.22911e+02	1.61842e+03	2.85456e+03	8.86112e+00	4.57741e+00	4.07311e+08	1.44391e+02	5.98105e+01	1.86673e+00	5.00000e+01	0.00000e+00
3.43597e+03	5.31868e+02	1.59655e+03	2.85820e+03	8.87235e+00	4.57661e+00	3.28649e+08	1.45172e+02	5.98660e+01	1.86673e+00	5.00000e+01	0.00000e+00
3.55266e+03	5.40704e+02	1.57468e+03	2.86226e+03	8.88377e+00	4.57554e+00	2.67903e+08	1.45996e+02	5.99232e+01	1.86673e+00	5.00000e+01	0.00000e+00
3.66952e+03	5.49418e+02	1.55281e+03	2.86601e+03	8.89647e+00	4.57528e+00	2.20493e+08	1.46844e+02	5.99947e+01	1.86673e+00	5.00000e+01	0.00000e+00
3.78653e+03	5.58010e+02	1.53093e+03	2.87044e+03	8.90437e+00	4.57255e+00	1.83115e+08	1.47570e+02	6.00158e+01	1.86673e+00	5.00000e+01	0.00000e+00
3.90371e+03	5.66481e+02	1.50906e+03	2.87268e+03	8.91319e+00	4.57197e+00	1.53372e+08	1.48156e+02	6.00474e+01	1.86673e+00	5.00000e+01	0.00000e+00
4.02100e+03	5.74829e+02	1.48719e+03	2.87598e+03	8.92585e+00	4.57210e+00	1.29481e+08	1.48972e+02	6.01198e+01	1.86673e+00	5.00000e+01	0.00000e+00
4.13841e+03	5.83055e+02	1.46532e+03	2.88024e+03	8.93427e+00	4.56973e+00	1.10135e+08	1.49709e+02	6.01464e+01	1.86673e+00	5.00000e+01	0.00000e+00
4.25600e+03	5.91160e+02	1.44345e+03	2.88477e+03	8.94216e+00	4.56699e+00	9.43502e+07	1.50448e+02	6.01689e+01	1.86673e+00	5.00000e+01	0.00000e+00
4.37378e+03	5.99143e+02	1.42158e+03	2.88863e+03	8.95150e+00	4.56533e+00	8.13746e+07	1.51190e+02	6.02057e+01	1.86673e+00	5.00000e+01	0.00000e+00
4.49171e+03	6.07003e+02	1.39971e+03	2.89302e+03	8.96000e+00	4.56297e+00	7.06314e+07	1.51944e+02	6.02346e+01	1.86673e+00	5.00000e+01	0.00000e+00
4.60982e+03	6.14742e+02	1.37784e+03	2.89640e+03	8.96864e+00	4.56151e+00	6.16782e+07	1.52621e+02	6.02664e+01	1.86673e+00	5.00000e+01	0.00000e+00
4.72807e+03	6.22360e+02	1.35597e+03	2.91072e+03	8.95035e+00	4.54604e+00	5.41677e+07	1.52967e+02	6.01537e+01	1.86673e+00	5.00000e+01	0.00000e+00
4.84690e+03	6.29855e+02	1.33410e+03	2.93226e+03	9.09806e+00	4.62209e+00	4.78470e+07	1.59195e+02	6.26449e+01	1.86673e+00	5.00000e+01	0.00000e+00
4.96662e+03	6.37228e+02	1.31223e+03	2.94278e+03	8.86206e+00	4.53713e+00	4.25053e+07	1.50400e+02	6.05898e+01	1.86673e+00	5.00000e+01	0.00000e+00
5.08676e+03	6.44480e+02	1.29036e+03	2.95221e+03	8.87802e+00	4.54329e+00	3.79519e+07	1.51443e+02	6.09383e+01	1.86673e+00	5.00000e+01	0.00000e+00
5.20729e+03	6.51609e+02	1.26849e+03	2.95723e+03	8.74706e+00	4.49867e+00	3.40489e+07	1.46919e+02	5.99350e+01	1.86673e+00	5.00000e+01	0.00000e+00
5.32802e+03	6.58617e+02	1.24662e+03	2.97135e+03	8.54213e+00	4.41558e+00	3.06829e+07	1.39570e+02	5.79335e+01	1.86673e+00	5.00000e+01	0.00000e+00
5.44933e+03	6.65503e+02	1.22475e+03	2.98050e+03	8.37686e+00	4.35461e+00	2.77740e+07	1.33887e+02	5.65352e+01	1.86673e+00	5.00000e+01	0.00000e+00
5.57101e+03	6.72267e+02	1.20288e+03	2.98444e+03	8.37247e+00	4.35425e+00	2.52451e+07	1.33762e+02	5.65838e+01	1.86673e+00	5.00000e+01	0.00000e+00
5.69286e+03	6.78909e+02	1.18101e+03	2.98670e+03	8.54819e+00	4.42301e+00	2.30340e+07	1.40361e+02	5.84335e+01	1.86673e+00	5.00000e+01	0.00000e+00
5.81479e+03	6.85429e+02	1.15914e+03	3.00208e+03	8.14250e+00	4.27014e+00	2.10924e+07	1.26054e+02	5.47407e+01	1.86673e+00	5.00000e+01	0.00000e+00
5.93736e+03	6.91827e+02	1.13727e+03	3.00738e+03	8.26983e+00	4.31816e+00	1.93877e+07	1.30951e+02	5.60839e+01	1.86673e+00	5.00000e+01	0.00000e+00
6.06014e+03	6.98104e+02	1.11540e+03	3.01929e+03	8.12432e+00	4.26518e+00	1.78808e+07	1.26093e+02	5.49324e+01	1.86673e+00	5.00000e+01	0.00000e+00
6.18341e+03	7.04259e+02	1.09352e+03	3.01996e+03	8.29087e+00	4.32759e+00	1.65469e+07	1.32259e+02	5.65709e+01	1.86673e+00	5.00000e+01	0.00000e+00
6.30670e+03	7.10291e+02	1.07165e+03	3.03047e+03	7.85963e+00	4.16908e+00	1.53582e+07	1.16974e+02	5.26735e+01	1.86673e+00	5.00000e+01	0.00000e+00
6.43042e+03	7.16202e+02	1.04978e+03	3.03871e+03	7.85079e+00	4.16600e+00	1.42991e+07	1.16995e+02	5.27421e+01	1.86673e+00	5.00000e+01	0.00000e+00
6.55448e+03	7.21991e+02	1.02791e+03	3.06324e+03	7.98826e+00	4.21846e+00	1.33517e+07	1.22932e+02	5.45426e+01	1.86673e+00	5.00000e+01	0.00000e+00
6.67954e+03	7.27658e+02	1.00604e+03	3.11092e+03	8.07585e+00	4.25565e+00	1.25065e+07	1.27772e+02	5.63406e+01	1.86673e+00	5.00000e+01	0.00000e+00
6.80655e+03	7.33204e+02	9.84172e+02	3.13607e+03	8.11789e+00	4.28145e+00	1.17559e+07	1.30023e+02	5.74850e+01	1.86673e+00	5.00000e+01	0.00000e+00
6.93459e+03	7.38627e+02	9.62302e+02	3.13747e+03	8.15822e+00	4.29506e+00	1.10820e+07	1.31652e+02	5.78794e+01	1.86673e+00	5.00000e+01	0.00000e+00
7.06268e+03	7.43928e+02	9.40431e+02	3.18437e+03	8.17096e+00	4.35269e+00	1.04706e+07	1.32191e+02	6.03555e+01	1.86673e+00	5.00000e+01	0.00000e+00
7.19268e+03	7.49108e+02	9.18561e+02	3.26267e+03	8.33011e+00	4.49391e+00	9.92326e+06	1.38545e+02	6.59116e+01	1.86673e+00	5.00000e+01	0.00000e+00
7.32589e+03	7.54166e+02	8.96690e+02	3.38735e+03	8.55349e+00	4.72313e+00	9.43763e+06	1.47078e+02	7.55981e+01	1.86673e+00	5.00000e+01	0.00000e+00
7.46418e+03	7.59102e+02	8.74820e+02	3.40454e+03	8.59840e+00	4.75814e+00	9.01310e+06	1.48935e+02	7.70784e+01	1.86673e+00	5.00000e+01	0.00000e+00
7.60318e+03	7.63916e+02	8.52949e+02	3.40689e+03	8.61115e+00	4.76173e+00	8.62484e+06	1.49630e+02	7.72478e+01	1.86673e+00	5.00000e+01	0.00000e+00
7.74227e+03	7.68608e+02	8.31079e+02	3.40786e+03	8.62525e+00	4.76604e+00	8.26700e+06	1.50315e+02	7.74099e+01	1.86673e+00	5.00000e+01	0.00000e+00
7.88140e+03	7.73178e+02	8.09208e+02	3.41401e+03	8.63433e+00	4.76756e+00	7.93655e+06	1.51054e+02	7.75993e+01	1.86673e+00	5.00000e+01	0.00000e+00
8.02078e+03	7.77626e+02	7.87338e+02	3.41460e+03	8.64891e+00	4.77218e+00	7.63164e+06	1.51740e+02	7.77630e+01	1.86673e+00	5.00000e+01	0.00000e+00
8.16018e+03	7.81953e+02	7.65467e+02	3.41844e+03	8.66023e+00	4.77497e+00	7.34928e+06	1.52459e+02	7.79417e+01	1.86673e+00	5.00000e+01	0.00000e+00
8.29975e+03	7.86158e+02	7.43597e+02	3.42163e+03	8.67236e+00	4.77827e+00	7.08787e+06	1.53177e+02	7.81221e+01	1.86673e+00	5.00000e+01	0.00000e+00
8.43944e+03	7.90240e+02	7.21726e+02	3.42383e+03	8.68560e+00	4.78224e+00	6.84552e+06	1.53889e+02	7.83023e+01	1.86673e+00	5.00000e+01	0.00000e+00
8.57922e+03	7.94201e+02	6.99856e+02	3.42830e+03	8.69654e+00	4.78488e+00	6.62054e+06	1.54627e+02	7.84913e+01	1.86673e+00	5.00000e+01	0.00000e+00
8.71919e+03	7.98040e+02	6.77985e+02	3.42994e+03	8.71052e+00	4.78935e+00	6.41167e+06	1.55340e+02	7.86755e+01	1.86673e+00	5.00000e+01	0.00000e+00
8.85922e+03	8.01757e+02	6.56115e+02	3.43306e+03	8.72299e+00	4.79293e+00	6.21739e+06	1.56071e+02	7.88647e+01	1.86673e+00	5.00000e+01	0.00000e+00
8.99938e+03	8.05353e+02	6.34244e+02	3.43511e+03	8.73662e+00	4.79720e+00	6.03667e+06	1.56793e+02	7.90526e+01	1.86673e+00	5.00000e+01	0.00000e+00
9.13962e+03	8.08826e+02	6.12374e+02	3.43670e+03	8.75079e+00	4.80183e+00	5.86838e+06	1.57514e+02	7.92421e+01	1.86673e+00	5.00000e+01	0.00000e+00
9.27993e+03	8.12178e+02	5.90503e+02	3.43957e+03	8.76372e+00	4.80577e+00	5.71155e+06	1.58251e+02	7.94383e+01	1.86673e+00	5.00000e+01	0.00000e+00
9.42036e+03	8.15407e+02	5.68633e+02	3.44138e+03	8.77776e+00	4.81037e+00	5.56544e+06	1.58979e+02	7.96323e+01	1.86673e+00	5.00000e+01	0.00000e+00
9.56085e+03	8.18515e+02	5.46762e+02	3.44466e+03	8.79041e+00	4.81419e+00	5.42921e+06	1.59727e+02	7.98347e+01	1.86673e+00	5.00000e+01	0.00000e+00
9.70149e+03	8.21501e+02	5.24892e+02	3.44823e+03	8.80303e+00	4.81808e+00	5.30226e+06	1.60486e+02	8.00471e+01	1.86673e+00	5.00000e+01	0.00000e+00
9.84227e+03	8.24365e+02	5.03021e+02	3.45079e+03	8.81636e+00	4.82229e+00	5.18395e+06	1.61229e+02	8.02464e+01	1.86673e+00	5.00000e+01	0.00000e+00
9.98315e+03	8.27107e+02	4.81151e+02	3.45337e+03	8.82991e+00	4.82671e+00	5.07367e+06	1.61979e+02	8.04539e+01	1.86673e+00	5.00000e+01	0.00000e+00
1.01241e+04	8.29727e+02	4.59280e+02	3.45668e+03	8.84279e+00	4.83076e+00	4.97090e+06	1.62740e+02	8.06659e+01	1.86673e+00	5.00000e+01	0.00000e+00
1.02653e+04	8.32226e+02	4.37410e+02	3.45879e+03	8.85689e+00	4.83554e+00	4.87518e+06	1.63490e+02	8.08750e+01	1.86673e+00	5.00000e+01	0.00000e+00
1.04065e+04	8.34602e+02	4.15539e+02	3.46203e+03	8.87000e+00	4.83979e+00	4.78606e+06	1.64258e+02	8.10930e+01	1.86673e+00	5.00000e+01	0.00000e+00
1.05478e+04	8.36857e+02	3.93669e+02	3.46054e+03	8.87444e+00	4.84853e+00	4.70316e+06	1.64073e+02	8.13508e+01	1.86673e+00	5.00000e+01	0.00000e+00
1.06891e+04	8.38990e+02	3.71798e+02	3.43624e+03	8.82916e+00	4.88157e+00	4.62600e+06	1.58696e+02	8.18841e+01	1.86673e+00	5.00000e+01	0.00000e+00
1.08294e+04	8.41001e+02	3.49928e+02	3.40500e+03	8.78698e+00	4.92402e+00	4.55362e+06	1.52827e+02	8.25575e+01	1.86673e+00	5.00000e+01	0.00000e+00
1.09684e+04	8.42890e+02	3.28057e+02	3.40868e+03	8.80339e+00	4.93047e+00	4.48574e+06	1.53687e+02	8.28633e+01	1.86673e+00	5.00000e+01	0.00000e+00
1.11076e+04	8.44657e+02	3.06187e+02	3.41275e+03	8.81946e+00	4.93672e+00	4.42315e+06	1.54556e+02	8.31729e+01	1.86673e+00	5.00000e+01	0.00000e+00
1.12469e+04	8.46302e+02	2.84316e+02	3.41739e+03	8.83500e+00	4.94269e+00	4.36559e+06	1.55435e+02	8.34874e+01	1.86673e+00	5.00000e+01	0.00000e+00
1.13864e+04	8.47826e+02	2.62446e+02	3.42185e+03	8.85066e+00	4.94872e+00	4.31283e+06	1.56314e+02	8.38005e+01	1.86673e+00	5.00000e+01	0.00000e+00
1.15261e+04	8.49227e+02	2.40575e+02	3.42462e+03	8.86815e+00	4.95593e+00	4.26464e+06	1.57175e+02	8.41130e+01	1.86673e+00	5.00000e+01	0.00000e+00
1.16659e+04	8.50507e+02	2.18705e+02	3.42718e+03	8.88568e+00	4.96314e+00	4.22078e+06	1.58032e+02	8.44209e+01	1.86673e+00	5.00000e+01	0.00000e+00
1.18058e+04	8.51665e+02	1.96834e+02	3.43109e+03	8.90207e+00	4.96972e+00	4.18109e+06	1.58914e+02	8.47416e+01	1.86673e+00	5.00000e+01	0.00000e+00
1.19459e+04	8.52701e+02	1.74964e+02	3.43519e+03	8.91822e+00	4.97618e+00	4.14543e+06	1.59799e+02	8.50634e+01	1.86673e+00	5.00000e+01	0.00000e+00
1.20862e+04	8.53615e+02	1.53093e+02	3.43769e+03	8.93606e+00	4.98370e+00	4.11364e+06	1.60667e+02	8.53827e+01	1.86673e+00	5.00000e+01	0.00000e+00
1.22265e+04	8.54407e+02	1.31223e+02	3.44243e+03	8.95148e+00	4.98969e+00	4.08560e+06	1.61563e+02	8.57063e+01	1.86673e+00	5.00000e+01	0.00000e+00
1.23671e+04	8.55077e+02	1.09352e+02	3.44538e+03	8.96880e+00	4.99692e+00	4.06120e+06	1.62440e+02	8.60283e+01	1.86673e+00	5.00000e+01	0.00000e+00
1.25077e+04	8.55625e+02	8.74820e+01	3.44927e+03	8.98519e+00	5.00357e+00	4.04033e+06	1.63332e+02	8.63552e+01	1.86673e+00	5.00000e+01	0.00000e+00
1.26485e+04	8.56052e+02	6.56115e+01	3.45250e+03	9.00225e+00	5.01068e+00	4.02292e+06	1.64217e+02	8.66817e+01	1.86673e+00	5.00000e+01	0.00000e+00
1.27895e+04	8.56357e+02	4.37410e+01	3.45530e+03	9.01975e+00	5.01806e+00	4.00888e+06	1.65099e+02	8.70077e+01	1.86673e+00	5.00000e+01	0.00000e+00
1.29306e+04	8.56540e+02	2.18705e+01	3.46062e+03	9.03468e+00	5.02387e+00	3.99815e+06	1.66017e+02	8.73434e+01	1.86673e+00	5.00000e+01	0.00000e+00
1.30719e+04	NaN	0.00000e+00	0.00000e+00	0.00000e+00	0.00000e+00	NaN	1.66017e+02	8.73434e+01	1.86673e+00	5.00000e+01	NaN
