P (MPa)		T (K)		r (km)		rho (kg m-3)	VP (km s-1)	VS (km s-1)	QS/gamma	KS (GPa)	GS (GPa)	k for 0.01 mol/kg MgSO4 (S m-1)	
0.00000e+00	1.10000e+02	1.56100e+03	9.31845e+02	3.87940e+00	1.96225e+00	3.10757e+04	9.24000e+00	3.58800e+00	0.00000e+00
1.97210e+00	1.46836e+02	1.55939e+03	9.31845e+02	3.88445e+00	1.96511e+00	2.00563e+03	9.24650e+00	3.59223e+00	0.00000e+00
3.94421e+00	1.96008e+02	1.55778e+03	9.31818e+02	3.89378e+00	1.97014e+00	2.57427e+02	9.25298e+00	3.59646e+00	0.00000e+00
5.91631e+00	2.61647e+02	1.55617e+03	9.31762e+02	3.91124e+00	1.97929e+00	5.53007e+01	9.25943e+00	3.60067e+00	0.00000e+00
7.88842e+00	2.61657e+02	1.55457e+03	9.31670e+02	3.91246e+00	1.98021e+00	5.52909e+01	9.26587e+00	3.60488e+00	0.00000e+00
9.86052e+00	2.61667e+02	1.55297e+03	9.31539e+02	3.91367e+00	1.98113e+00	5.52806e+01	9.27229e+00	3.60908e+00	0.00000e+00
1.18326e+01	2.61679e+02	1.55136e+03	9.31362e+02	3.91488e+00	1.98206e+00	5.52699e+01	9.27868e+00	3.61328e+00	0.00000e+00
1.38047e+01	2.61690e+02	1.54976e+03	9.31133e+02	3.91609e+00	1.98297e+00	5.52586e+01	9.28506e+00	3.61746e+00	0.00000e+00
1.57768e+01	2.61702e+02	1.54816e+03	9.30844e+02	3.91729e+00	1.98389e+00	5.52468e+01	9.29142e+00	3.62164e+00	0.00000e+00
1.77489e+01	2.61715e+02	1.54657e+03	9.30488e+02	3.91849e+00	1.98480e+00	5.52344e+01	9.29775e+00	3.62581e+00	0.00000e+00
1.97210e+01	2.61728e+02	1.54497e+03	9.30056e+02	3.91968e+00	1.98571e+00	5.52215e+01	9.30407e+00	3.62997e+00	0.00000e+00
2.16931e+01	2.61742e+02	1.54337e+03	9.29537e+02	3.92086e+00	1.98661e+00	5.52079e+01	9.31036e+00	3.63413e+00	0.00000e+00
2.36652e+01	2.61757e+02	1.54178e+03	9.28923e+02	3.92204e+00	1.98752e+00	5.51937e+01	9.31664e+00	3.63827e+00	0.00000e+00
2.56374e+01	2.61773e+02	1.54019e+03	9.28204e+02	3.92322e+00	1.98842e+00	5.51788e+01	9.32289e+00	3.64241e+00	0.00000e+00
2.76095e+01	2.61789e+02	1.53859e+03	9.27371e+02	3.92439e+00	1.98932e+00	5.51632e+01	9.32913e+00	3.64654e+00	0.00000e+00
2.95816e+01	2.61806e+02	1.53700e+03	9.26417e+02	3.92556e+00	1.99021e+00	5.51468e+01	9.33534e+00	3.65067e+00	0.00000e+00
3.15537e+01	2.61823e+02	1.53541e+03	9.25338e+02	3.92673e+00	1.99111e+00	5.51297e+01	9.34154e+00	3.65478e+00	0.00000e+00
3.35258e+01	2.61842e+02	1.53381e+03	9.24135e+02	3.92789e+00	1.99200e+00	5.51117e+01	9.34771e+00	3.65889e+00	0.00000e+00
3.54979e+01	2.61861e+02	1.53222e+03	9.22815e+02	3.92904e+00	1.99288e+00	5.50929e+01	9.35387e+00	3.66299e+00	0.00000e+00
3.74700e+01	2.70400e+02	1.53063e+03	9.21391e+02	3.93257e+00	1.99498e+00	4.76611e+01	9.36000e+00	3.66708e+00	0.00000e+00
3.83629e+01	2.70402e+02	1.52998e+03	1.01870e+03	1.45088e+00	0.00000e+00	0.00000e+00	2.14442e+00	0.00000e+00	7.69362e-02
3.92559e+01	2.70403e+02	1.52932e+03	1.01913e+03	1.45247e+00	0.00000e+00	0.00000e+00	2.15002e+00	0.00000e+00	7.70116e-02
4.01488e+01	2.70405e+02	1.52867e+03	1.01955e+03	1.45406e+00	0.00000e+00	0.00000e+00	2.15563e+00	0.00000e+00	7.70869e-02
4.10417e+01	2.70408e+02	1.52802e+03	1.01997e+03	1.45566e+00	0.00000e+00	0.00000e+00	2.16126e+00	0.00000e+00	7.71623e-02
4.19347e+01	2.70410e+02	1.52737e+03	1.02039e+03	1.45726e+00	0.00000e+00	0.00000e+00	2.16691e+00	0.00000e+00	7.72376e-02
4.28276e+01	2.70412e+02	1.52672e+03	1.02081e+03	1.45886e+00	0.00000e+00	0.00000e+00	2.17258e+00	0.00000e+00	7.73130e-02
4.37206e+01	2.70415e+02	1.52607e+03	1.02123e+03	1.46047e+00	0.00000e+00	0.00000e+00	2.17827e+00	0.00000e+00	7.73883e-02
4.46135e+01	2.70418e+02	1.52542e+03	1.02165e+03	1.46208e+00	0.00000e+00	0.00000e+00	2.18397e+00	0.00000e+00	7.74636e-02
4.55065e+01	2.70421e+02	1.52477e+03	1.02207e+03	1.46370e+00	0.00000e+00	0.00000e+00	2.18969e+00	0.00000e+00	7.75390e-02
4.63994e+01	2.70424e+02	1.52413e+03	1.02249e+03	1.46531e+00	0.00000e+00	0.00000e+00	2.19543e+00	0.00000e+00	7.76143e-02
4.72923e+01	2.70427e+02	1.52348e+03	1.02290e+03	1.46694e+00	0.00000e+00	0.00000e+00	2.20118e+00	0.00000e+00	7.76896e-02
4.81853e+01	2.70431e+02	1.52283e+03	1.02332e+03	1.46856e+00	0.00000e+00	0.00000e+00	2.20696e+00	0.00000e+00	7.77649e-02
4.90782e+01	2.70435e+02	1.52219e+03	1.02373e+03	1.47019e+00	0.00000e+00	0.00000e+00	2.21274e+00	0.00000e+00	7.78402e-02
4.99712e+01	2.70438e+02	1.52154e+03	1.02414e+03	1.47182e+00	0.00000e+00	0.00000e+00	2.21855e+00	0.00000e+00	7.79156e-02
5.08641e+01	2.70442e+02	1.52089e+03	1.02456e+03	1.47345e+00	0.00000e+00	0.00000e+00	2.22437e+00	0.00000e+00	7.79909e-02
5.17571e+01	2.70447e+02	1.52025e+03	1.02497e+03	1.47509e+00	0.00000e+00	0.00000e+00	2.23021e+00	0.00000e+00	7.80662e-02
5.26500e+01	2.70451e+02	1.51961e+03	1.02538e+03	1.47673e+00	0.00000e+00	0.00000e+00	2.23606e+00	0.00000e+00	7.81415e-02
5.35429e+01	2.70455e+02	1.51896e+03	1.02579e+03	1.47837e+00	0.00000e+00	0.00000e+00	2.24193e+00	0.00000e+00	7.82168e-02
5.44359e+01	2.70460e+02	1.51832e+03	1.02619e+03	1.48001e+00	0.00000e+00	0.00000e+00	2.24781e+00	0.00000e+00	7.82921e-02
5.53288e+01	2.70465e+02	1.51768e+03	1.02660e+03	1.48166e+00	0.00000e+00	0.00000e+00	2.25371e+00	0.00000e+00	7.83674e-02
5.62218e+01	2.70470e+02	1.51704e+03	1.02701e+03	1.48331e+00	0.00000e+00	0.00000e+00	2.25962e+00	0.00000e+00	7.84427e-02
5.71147e+01	2.70475e+02	1.51639e+03	1.02741e+03	1.48496e+00	0.00000e+00	0.00000e+00	2.26555e+00	0.00000e+00	7.85180e-02
5.80077e+01	2.70480e+02	1.51575e+03	1.02782e+03	1.48661e+00	0.00000e+00	0.00000e+00	2.27149e+00	0.00000e+00	7.85932e-02
5.89006e+01	2.70485e+02	1.51511e+03	1.02822e+03	1.48827e+00	0.00000e+00	0.00000e+00	2.27745e+00	0.00000e+00	7.86685e-02
5.97935e+01	2.70491e+02	1.51447e+03	1.02862e+03	1.48992e+00	0.00000e+00	0.00000e+00	2.28342e+00	0.00000e+00	7.87438e-02
6.06865e+01	2.70497e+02	1.51383e+03	1.02903e+03	1.49158e+00	0.00000e+00	0.00000e+00	2.28940e+00	0.00000e+00	7.88191e-02
6.15794e+01	2.70502e+02	1.51320e+03	1.02943e+03	1.49324e+00	0.00000e+00	0.00000e+00	2.29540e+00	0.00000e+00	7.88944e-02
6.24724e+01	2.70508e+02	1.51256e+03	1.02983e+03	1.49491e+00	0.00000e+00	0.00000e+00	2.30141e+00	0.00000e+00	7.89696e-02
6.33653e+01	2.70514e+02	1.51192e+03	1.03023e+03	1.49657e+00	0.00000e+00	0.00000e+00	2.30743e+00	0.00000e+00	7.90449e-02
6.42583e+01	2.70521e+02	1.51128e+03	1.03063e+03	1.49824e+00	0.00000e+00	0.00000e+00	2.31346e+00	0.00000e+00	7.91201e-02
6.51512e+01	2.70527e+02	1.51065e+03	1.03102e+03	1.49991e+00	0.00000e+00	0.00000e+00	2.31951e+00	0.00000e+00	7.91954e-02
6.60441e+01	2.70534e+02	1.51001e+03	1.03142e+03	1.50157e+00	0.00000e+00	0.00000e+00	2.32557e+00	0.00000e+00	7.92707e-02
6.69371e+01	2.70540e+02	1.50937e+03	1.03182e+03	1.50325e+00	0.00000e+00	0.00000e+00	2.33164e+00	0.00000e+00	7.93459e-02
6.78300e+01	2.70547e+02	1.50874e+03	1.03221e+03	1.50492e+00	0.00000e+00	0.00000e+00	2.33773e+00	0.00000e+00	7.94211e-02
6.87230e+01	2.70554e+02	1.50811e+03	1.03260e+03	1.50659e+00	0.00000e+00	0.00000e+00	2.34383e+00	0.00000e+00	7.94964e-02
6.96159e+01	2.70561e+02	1.50747e+03	1.03300e+03	1.50827e+00	0.00000e+00	0.00000e+00	2.34994e+00	0.00000e+00	7.95716e-02
7.05089e+01	2.70569e+02	1.50684e+03	1.03339e+03	1.50994e+00	0.00000e+00	0.00000e+00	2.35606e+00	0.00000e+00	7.96468e-02
7.14018e+01	2.70576e+02	1.50620e+03	1.03378e+03	1.51162e+00	0.00000e+00	0.00000e+00	2.36220e+00	0.00000e+00	7.97221e-02
7.22947e+01	2.70584e+02	1.50557e+03	1.03417e+03	1.51330e+00	0.00000e+00	0.00000e+00	2.36834e+00	0.00000e+00	7.97973e-02
7.31877e+01	2.70591e+02	1.50494e+03	1.03456e+03	1.51498e+00	0.00000e+00	0.00000e+00	2.37450e+00	0.00000e+00	7.98725e-02
7.40806e+01	2.70599e+02	1.50431e+03	1.03495e+03	1.51667e+00	0.00000e+00	0.00000e+00	2.38067e+00	0.00000e+00	7.99477e-02
7.49736e+01	2.70607e+02	1.50368e+03	1.03534e+03	1.51835e+00	0.00000e+00	0.00000e+00	2.38686e+00	0.00000e+00	8.00229e-02
7.58665e+01	2.70615e+02	1.50305e+03	1.03573e+03	1.52004e+00	0.00000e+00	0.00000e+00	2.39305e+00	0.00000e+00	8.00981e-02
7.67595e+01	2.70623e+02	1.50242e+03	1.03611e+03	1.52172e+00	0.00000e+00	0.00000e+00	2.39926e+00	0.00000e+00	8.01733e-02
7.76524e+01	2.70632e+02	1.50179e+03	1.03650e+03	1.52341e+00	0.00000e+00	0.00000e+00	2.40548e+00	0.00000e+00	8.02484e-02
7.85453e+01	2.70640e+02	1.50116e+03	1.03688e+03	1.52510e+00	0.00000e+00	0.00000e+00	2.41171e+00	0.00000e+00	8.03236e-02
7.94383e+01	2.70649e+02	1.50053e+03	1.03727e+03	1.52679e+00	0.00000e+00	0.00000e+00	2.41795e+00	0.00000e+00	8.03988e-02
8.03312e+01	2.70658e+02	1.49990e+03	1.03765e+03	1.52848e+00	0.00000e+00	0.00000e+00	2.42420e+00	0.00000e+00	8.04739e-02
8.12242e+01	2.70667e+02	1.49928e+03	1.03803e+03	1.53017e+00	0.00000e+00	0.00000e+00	2.43046e+00	0.00000e+00	8.05491e-02
8.21171e+01	2.70676e+02	1.49865e+03	1.03841e+03	1.53186e+00	0.00000e+00	0.00000e+00	2.43673e+00	0.00000e+00	8.06242e-02
8.30101e+01	2.70685e+02	1.49802e+03	1.03879e+03	1.53355e+00	0.00000e+00	0.00000e+00	2.44302e+00	0.00000e+00	8.06993e-02
8.39030e+01	2.70694e+02	1.49740e+03	1.03917e+03	1.53525e+00	0.00000e+00	0.00000e+00	2.44931e+00	0.00000e+00	8.07744e-02
8.47959e+01	2.70703e+02	1.49677e+03	1.03955e+03	1.53694e+00	0.00000e+00	0.00000e+00	2.45561e+00	0.00000e+00	8.08495e-02
8.56889e+01	2.70713e+02	1.49615e+03	1.03993e+03	1.53864e+00	0.00000e+00	0.00000e+00	2.46193e+00	0.00000e+00	8.09246e-02
8.65818e+01	2.70723e+02	1.49552e+03	1.04030e+03	1.54033e+00	0.00000e+00	0.00000e+00	2.46825e+00	0.00000e+00	8.09997e-02
8.74748e+01	2.70732e+02	1.49490e+03	1.04068e+03	1.54203e+00	0.00000e+00	0.00000e+00	2.47459e+00	0.00000e+00	8.10748e-02
8.83677e+01	2.70742e+02	1.49428e+03	1.04106e+03	1.54373e+00	0.00000e+00	0.00000e+00	2.48093e+00	0.00000e+00	8.11499e-02
8.92607e+01	2.70752e+02	1.49365e+03	1.04143e+03	1.54542e+00	0.00000e+00	0.00000e+00	2.48728e+00	0.00000e+00	8.12250e-02
9.01536e+01	2.70762e+02	1.49303e+03	1.04180e+03	1.54712e+00	0.00000e+00	0.00000e+00	2.49365e+00	0.00000e+00	8.13000e-02
9.10465e+01	2.70773e+02	1.49241e+03	1.04218e+03	1.54882e+00	0.00000e+00	0.00000e+00	2.50002e+00	0.00000e+00	8.13750e-02
9.19395e+01	2.70783e+02	1.49179e+03	1.04255e+03	1.55052e+00	0.00000e+00	0.00000e+00	2.50640e+00	0.00000e+00	8.14501e-02
9.28324e+01	2.70794e+02	1.49117e+03	1.04292e+03	1.55222e+00	0.00000e+00	0.00000e+00	2.51279e+00	0.00000e+00	8.15251e-02
9.37254e+01	2.70804e+02	1.49055e+03	1.04329e+03	1.55392e+00	0.00000e+00	0.00000e+00	2.51919e+00	0.00000e+00	8.16001e-02
9.46183e+01	2.70815e+02	1.48993e+03	1.04366e+03	1.55562e+00	0.00000e+00	0.00000e+00	2.52560e+00	0.00000e+00	8.16751e-02
9.55113e+01	2.70826e+02	1.48931e+03	1.04403e+03	1.55732e+00	0.00000e+00	0.00000e+00	2.53202e+00	0.00000e+00	8.17501e-02
9.64042e+01	2.70837e+02	1.48869e+03	1.04440e+03	1.55902e+00	0.00000e+00	0.00000e+00	2.53845e+00	0.00000e+00	8.18251e-02
9.72972e+01	2.70848e+02	1.48807e+03	1.04476e+03	1.56072e+00	0.00000e+00	0.00000e+00	2.54489e+00	0.00000e+00	8.19000e-02
9.81901e+01	2.70859e+02	1.48745e+03	1.04513e+03	1.56242e+00	0.00000e+00	0.00000e+00	2.55134e+00	0.00000e+00	8.19750e-02
9.90830e+01	2.70870e+02	1.48684e+03	1.04550e+03	1.56413e+00	0.00000e+00	0.00000e+00	2.55780e+00	0.00000e+00	8.20499e-02
9.99760e+01	2.70882e+02	1.48622e+03	1.04586e+03	1.56583e+00	0.00000e+00	0.00000e+00	2.56426e+00	0.00000e+00	8.21248e-02
1.00869e+02	2.70893e+02	1.48560e+03	1.04622e+03	1.56753e+00	0.00000e+00	0.00000e+00	2.57074e+00	0.00000e+00	8.21998e-02
1.01762e+02	2.70905e+02	1.48499e+03	1.04659e+03	1.56924e+00	0.00000e+00	0.00000e+00	2.57722e+00	0.00000e+00	8.22747e-02
1.02655e+02	2.70917e+02	1.48437e+03	1.04695e+03	1.57094e+00	0.00000e+00	0.00000e+00	2.58372e+00	0.00000e+00	8.23495e-02
1.03548e+02	2.70929e+02	1.48376e+03	1.04731e+03	1.57264e+00	0.00000e+00	0.00000e+00	2.59022e+00	0.00000e+00	8.24244e-02
1.04441e+02	2.70941e+02	1.48314e+03	1.04767e+03	1.57435e+00	0.00000e+00	0.00000e+00	2.59674e+00	0.00000e+00	8.24993e-02
1.05334e+02	2.70953e+02	1.48253e+03	1.04803e+03	1.57606e+00	0.00000e+00	0.00000e+00	2.60326e+00	0.00000e+00	8.25741e-02
1.06227e+02	2.70965e+02	1.48191e+03	1.04839e+03	1.57776e+00	0.00000e+00	0.00000e+00	2.60979e+00	0.00000e+00	8.26489e-02
1.07120e+02	2.70977e+02	1.48130e+03	1.04875e+03	1.57947e+00	0.00000e+00	0.00000e+00	2.61633e+00	0.00000e+00	8.27237e-02
1.08012e+02	2.70990e+02	1.48069e+03	1.04911e+03	1.58117e+00	0.00000e+00	0.00000e+00	2.62289e+00	0.00000e+00	8.27985e-02
1.08905e+02	2.71002e+02	1.48008e+03	1.04946e+03	1.58288e+00	0.00000e+00	0.00000e+00	2.62945e+00	0.00000e+00	8.28733e-02
1.09798e+02	2.71015e+02	1.47946e+03	1.04982e+03	1.58459e+00	0.00000e+00	0.00000e+00	2.63602e+00	0.00000e+00	8.29480e-02
1.10691e+02	2.71028e+02	1.47885e+03	1.05017e+03	1.58630e+00	0.00000e+00	0.00000e+00	2.64260e+00	0.00000e+00	8.30228e-02
1.11584e+02	2.71040e+02	1.47824e+03	1.05053e+03	1.58801e+00	0.00000e+00	0.00000e+00	2.64919e+00	0.00000e+00	8.30975e-02
1.12477e+02	2.71053e+02	1.47763e+03	1.05088e+03	1.58972e+00	0.00000e+00	0.00000e+00	2.65579e+00	0.00000e+00	8.31722e-02
1.13370e+02	2.71066e+02	1.47702e+03	1.05124e+03	1.59143e+00	0.00000e+00	0.00000e+00	2.66240e+00	0.00000e+00	8.32469e-02
1.14263e+02	2.71080e+02	1.47641e+03	1.05159e+03	1.59314e+00	0.00000e+00	0.00000e+00	2.66902e+00	0.00000e+00	8.33215e-02
1.15156e+02	2.71093e+02	1.47580e+03	1.05194e+03	1.59485e+00	0.00000e+00	0.00000e+00	2.67565e+00	0.00000e+00	8.33962e-02
1.16049e+02	2.71106e+02	1.47520e+03	1.05229e+03	1.59656e+00	0.00000e+00	0.00000e+00	2.68229e+00	0.00000e+00	8.34708e-02
1.16942e+02	2.71120e+02	1.47459e+03	1.05264e+03	1.59827e+00	0.00000e+00	0.00000e+00	2.68894e+00	0.00000e+00	8.35454e-02
1.17835e+02	2.71133e+02	1.47398e+03	1.05299e+03	1.59998e+00	0.00000e+00	0.00000e+00	2.69559e+00	0.00000e+00	8.36200e-02
1.18728e+02	2.71147e+02	1.47337e+03	1.05334e+03	1.60169e+00	0.00000e+00	0.00000e+00	2.70226e+00	0.00000e+00	8.36945e-02
1.19621e+02	2.71161e+02	1.47277e+03	1.05369e+03	1.60341e+00	0.00000e+00	0.00000e+00	2.70894e+00	0.00000e+00	8.37691e-02
1.20514e+02	2.71174e+02	1.47216e+03	1.05403e+03	1.60512e+00	0.00000e+00	0.00000e+00	2.71562e+00	0.00000e+00	8.38436e-02
1.21407e+02	2.71188e+02	1.47156e+03	1.05438e+03	1.60683e+00	0.00000e+00	0.00000e+00	2.72231e+00	0.00000e+00	8.39181e-02
1.22300e+02	2.71202e+02	1.47095e+03	1.05472e+03	1.60855e+00	0.00000e+00	0.00000e+00	2.72901e+00	0.00000e+00	8.39925e-02
1.23192e+02	2.71217e+02	1.47035e+03	1.05507e+03	1.61026e+00	0.00000e+00	0.00000e+00	2.73572e+00	0.00000e+00	8.40670e-02
1.24085e+02	2.71231e+02	1.46974e+03	1.05541e+03	1.61197e+00	0.00000e+00	0.00000e+00	2.74244e+00	0.00000e+00	8.41414e-02
1.24978e+02	2.71245e+02	1.46914e+03	1.05576e+03	1.61369e+00	0.00000e+00	0.00000e+00	2.74917e+00	0.00000e+00	8.42158e-02
1.25871e+02	2.71260e+02	1.46854e+03	1.05610e+03	1.61540e+00	0.00000e+00	0.00000e+00	2.75591e+00	0.00000e+00	8.42902e-02
1.26764e+02	2.71274e+02	1.46793e+03	1.05644e+03	1.61711e+00	0.00000e+00	0.00000e+00	2.76265e+00	0.00000e+00	8.43645e-02
1.27657e+02	2.71289e+02	1.46733e+03	1.05678e+03	1.61883e+00	0.00000e+00	0.00000e+00	2.76941e+00	0.00000e+00	8.44389e-02
1.28550e+02	2.71303e+02	1.46673e+03	1.05712e+03	1.62054e+00	0.00000e+00	0.00000e+00	2.77617e+00	0.00000e+00	8.45132e-02
1.29443e+02	2.71318e+02	1.46613e+03	1.05746e+03	1.62226e+00	0.00000e+00	0.00000e+00	2.78294e+00	0.00000e+00	8.45875e-02
1.30336e+02	2.71333e+02	1.46553e+03	1.05780e+03	1.62397e+00	0.00000e+00	0.00000e+00	2.78972e+00	0.00000e+00	8.46617e-02
1.31229e+02	2.71348e+02	1.46493e+03	1.05814e+03	1.62569e+00	0.00000e+00	0.00000e+00	2.79651e+00	0.00000e+00	8.47359e-02
1.32122e+02	2.71363e+02	1.46433e+03	1.05848e+03	1.62740e+00	0.00000e+00	0.00000e+00	2.80330e+00	0.00000e+00	8.48101e-02
1.33015e+02	2.71378e+02	1.46373e+03	1.05881e+03	1.62911e+00	0.00000e+00	0.00000e+00	2.81011e+00	0.00000e+00	8.48843e-02
1.33908e+02	2.71393e+02	1.46313e+03	1.05915e+03	1.63083e+00	0.00000e+00	0.00000e+00	2.81692e+00	0.00000e+00	8.49584e-02
1.34801e+02	2.71409e+02	1.46253e+03	1.05949e+03	1.63254e+00	0.00000e+00	0.00000e+00	2.82374e+00	0.00000e+00	8.50326e-02
1.35694e+02	2.71424e+02	1.46193e+03	1.05982e+03	1.63426e+00	0.00000e+00	0.00000e+00	2.83057e+00	0.00000e+00	8.51067e-02
1.36587e+02	2.71439e+02	1.46133e+03	1.06015e+03	1.63597e+00	0.00000e+00	0.00000e+00	2.83741e+00	0.00000e+00	8.51807e-02
1.37480e+02	2.71455e+02	1.46074e+03	1.06049e+03	1.63769e+00	0.00000e+00	0.00000e+00	2.84425e+00	0.00000e+00	8.52548e-02
1.38373e+02	2.71471e+02	1.46014e+03	1.06082e+03	1.63940e+00	0.00000e+00	0.00000e+00	2.85110e+00	0.00000e+00	8.53288e-02
1.39265e+02	2.71486e+02	1.45954e+03	1.06115e+03	1.64112e+00	0.00000e+00	0.00000e+00	2.85796e+00	0.00000e+00	8.54027e-02
1.40158e+02	2.71502e+02	1.45895e+03	1.06148e+03	1.64283e+00	0.00000e+00	0.00000e+00	2.86483e+00	0.00000e+00	8.54767e-02
1.41051e+02	2.71518e+02	1.45835e+03	1.06181e+03	1.64454e+00	0.00000e+00	0.00000e+00	2.87171e+00	0.00000e+00	8.55506e-02
1.41944e+02	2.71534e+02	1.45776e+03	1.06214e+03	1.64626e+00	0.00000e+00	0.00000e+00	2.87859e+00	0.00000e+00	8.56245e-02
1.42837e+02	2.71550e+02	1.45716e+03	1.06247e+03	1.64797e+00	0.00000e+00	0.00000e+00	2.88548e+00	0.00000e+00	8.56984e-02
1.43730e+02	2.71566e+02	1.45657e+03	1.06280e+03	1.64969e+00	0.00000e+00	0.00000e+00	2.89238e+00	0.00000e+00	8.57722e-02
1.44623e+02	2.71582e+02	1.45597e+03	1.06313e+03	1.65140e+00	0.00000e+00	0.00000e+00	2.89929e+00	0.00000e+00	8.58460e-02
1.45516e+02	2.71599e+02	1.45538e+03	1.06346e+03	1.65311e+00	0.00000e+00	0.00000e+00	2.90620e+00	0.00000e+00	8.59198e-02
1.46409e+02	2.71615e+02	1.45479e+03	1.06378e+03	1.65483e+00	0.00000e+00	0.00000e+00	2.91312e+00	0.00000e+00	8.59935e-02
1.47302e+02	2.71631e+02	1.45420e+03	1.06411e+03	1.65654e+00	0.00000e+00	0.00000e+00	2.92005e+00	0.00000e+00	8.60673e-02
1.48195e+02	2.71648e+02	1.45360e+03	1.06443e+03	1.65825e+00	0.00000e+00	0.00000e+00	2.92698e+00	0.00000e+00	8.61409e-02
1.49088e+02	2.71664e+02	1.45301e+03	1.06476e+03	1.65996e+00	0.00000e+00	0.00000e+00	2.93393e+00	0.00000e+00	8.62146e-02
1.49981e+02	2.71681e+02	1.45242e+03	1.06508e+03	1.66168e+00	0.00000e+00	0.00000e+00	2.94088e+00	0.00000e+00	8.62882e-02
1.50874e+02	2.71698e+02	1.45183e+03	1.06541e+03	1.66339e+00	0.00000e+00	0.00000e+00	2.94783e+00	0.00000e+00	8.63618e-02
1.51767e+02	2.71715e+02	1.45124e+03	1.06573e+03	1.66510e+00	0.00000e+00	0.00000e+00	2.95480e+00	0.00000e+00	8.64354e-02
1.52660e+02	2.71732e+02	1.45065e+03	1.06605e+03	1.66681e+00	0.00000e+00	0.00000e+00	2.96177e+00	0.00000e+00	8.65090e-02
1.53553e+02	2.71749e+02	1.45006e+03	1.06637e+03	1.66852e+00	0.00000e+00	0.00000e+00	2.96874e+00	0.00000e+00	8.65825e-02
1.54445e+02	2.71766e+02	1.44947e+03	1.06669e+03	1.67023e+00	0.00000e+00	0.00000e+00	2.97573e+00	0.00000e+00	8.66560e-02
1.55338e+02	2.71783e+02	1.44889e+03	1.06701e+03	1.67194e+00	0.00000e+00	0.00000e+00	2.98272e+00	0.00000e+00	8.67294e-02
1.56231e+02	2.71800e+02	1.44830e+03	1.06733e+03	1.67365e+00	0.00000e+00	0.00000e+00	2.98971e+00	0.00000e+00	8.68028e-02
1.57124e+02	2.71817e+02	1.44771e+03	1.06765e+03	1.67536e+00	0.00000e+00	0.00000e+00	2.99672e+00	0.00000e+00	8.68762e-02
1.58017e+02	2.71834e+02	1.44712e+03	1.06797e+03	1.67707e+00	0.00000e+00	0.00000e+00	3.00373e+00	0.00000e+00	8.69496e-02
1.58910e+02	2.71852e+02	1.44654e+03	1.06828e+03	1.67878e+00	0.00000e+00	0.00000e+00	3.01075e+00	0.00000e+00	8.70229e-02
1.59803e+02	2.71869e+02	1.44595e+03	1.06860e+03	1.68049e+00	0.00000e+00	0.00000e+00	3.01777e+00	0.00000e+00	8.70962e-02
1.60696e+02	2.71887e+02	1.44536e+03	1.06892e+03	1.68219e+00	0.00000e+00	0.00000e+00	3.02480e+00	0.00000e+00	8.71695e-02
1.61589e+02	2.71904e+02	1.44478e+03	1.06923e+03	1.68390e+00	0.00000e+00	0.00000e+00	3.03183e+00	0.00000e+00	8.72428e-02
1.62482e+02	2.71922e+02	1.44419e+03	1.06955e+03	1.68561e+00	0.00000e+00	0.00000e+00	3.03888e+00	0.00000e+00	8.73160e-02
1.63375e+02	2.71940e+02	1.44361e+03	1.06986e+03	1.68731e+00	0.00000e+00	0.00000e+00	3.04592e+00	0.00000e+00	8.73892e-02
1.64268e+02	2.71958e+02	1.44303e+03	1.07017e+03	1.68902e+00	0.00000e+00	0.00000e+00	3.05298e+00	0.00000e+00	8.74623e-02
1.65161e+02	2.71975e+02	1.44244e+03	1.07049e+03	1.69072e+00	0.00000e+00	0.00000e+00	3.06004e+00	0.00000e+00	8.75355e-02
1.66054e+02	2.71993e+02	1.44186e+03	1.07080e+03	1.69243e+00	0.00000e+00	0.00000e+00	3.06710e+00	0.00000e+00	8.76086e-02
1.66947e+02	2.72011e+02	1.44128e+03	1.07111e+03	1.69413e+00	0.00000e+00	0.00000e+00	3.07418e+00	0.00000e+00	8.76817e-02
1.67840e+02	2.72030e+02	1.44069e+03	1.07142e+03	1.69584e+00	0.00000e+00	0.00000e+00	3.08125e+00	0.00000e+00	8.77547e-02
1.68733e+02	2.72048e+02	1.44011e+03	1.07173e+03	1.69754e+00	0.00000e+00	0.00000e+00	3.08834e+00	0.00000e+00	8.78278e-02
1.69626e+02	2.72066e+02	1.43953e+03	1.07204e+03	1.69924e+00	0.00000e+00	0.00000e+00	3.09542e+00	0.00000e+00	8.79008e-02
1.70518e+02	2.72084e+02	1.43895e+03	1.07235e+03	1.70094e+00	0.00000e+00	0.00000e+00	3.10252e+00	0.00000e+00	8.79738e-02
1.71411e+02	2.72102e+02	1.43837e+03	1.07266e+03	1.70264e+00	0.00000e+00	0.00000e+00	3.10962e+00	0.00000e+00	8.80467e-02
1.72304e+02	2.72121e+02	1.43779e+03	1.07297e+03	1.70434e+00	0.00000e+00	0.00000e+00	3.11672e+00	0.00000e+00	8.81196e-02
1.73197e+02	2.72139e+02	1.43721e+03	1.07327e+03	1.70604e+00	0.00000e+00	0.00000e+00	3.12383e+00	0.00000e+00	8.81925e-02
1.74090e+02	2.72158e+02	1.43663e+03	1.07358e+03	1.70774e+00	0.00000e+00	0.00000e+00	3.13095e+00	0.00000e+00	8.82654e-02
1.74983e+02	2.72176e+02	1.43605e+03	1.07388e+03	1.70943e+00	0.00000e+00	0.00000e+00	3.13807e+00	0.00000e+00	8.83383e-02
1.75876e+02	2.72195e+02	1.43547e+03	1.07419e+03	1.71113e+00	0.00000e+00	0.00000e+00	3.14519e+00	0.00000e+00	8.84111e-02
1.76769e+02	2.72214e+02	1.43489e+03	1.07449e+03	1.71283e+00	0.00000e+00	0.00000e+00	3.15232e+00	0.00000e+00	8.84839e-02
1.77662e+02	2.72232e+02	1.43432e+03	1.07480e+03	1.71452e+00	0.00000e+00	0.00000e+00	3.15946e+00	0.00000e+00	8.85567e-02
1.78555e+02	2.72251e+02	1.43374e+03	3.40469e+03	6.11686e+00	2.59009e+00	2.06140e+13	9.69357e+01	2.28405e+01	0.00000e+00
2.25995e+02	2.81584e+02	1.42406e+03	3.40469e+03	6.13725e+00	2.60272e+00	8.35502e+12	9.75472e+01	2.30777e+01	0.00000e+00
2.73435e+02	2.90847e+02	1.41438e+03	3.40672e+03	6.16522e+00	2.62084e+00	3.61241e+12	9.83609e+01	2.34174e+01	0.00000e+00
3.20903e+02	3.00039e+02	1.40470e+03	3.40921e+03	6.16727e+00	2.62477e+00	1.65535e+12	9.83631e+01	2.34897e+01	0.00000e+00
3.68406e+02	3.09160e+02	1.39502e+03	3.40954e+03	6.16875e+00	2.62377e+00	7.99383e+11	9.84655e+01	2.34758e+01	0.00000e+00
4.15914e+02	3.18211e+02	1.38534e+03	3.41011e+03	6.17016e+00	2.62275e+00	4.04756e+11	9.85671e+01	2.34618e+01	0.00000e+00
4.63430e+02	3.27190e+02	1.37566e+03	3.41073e+03	6.20983e+00	2.65980e+00	2.13951e+11	9.93090e+01	2.41205e+01	0.00000e+00
5.10954e+02	3.36099e+02	1.36598e+03	3.40927e+03	6.29313e+00	2.73961e+00	1.17611e+11	1.00822e+02	2.55759e+01	0.00000e+00
5.58458e+02	3.44936e+02	1.35630e+03	3.40670e+03	6.49693e+00	2.93072e+00	6.70028e+10	1.04509e+02	2.92330e+01	0.00000e+00
6.05925e+02	3.53702e+02	1.34662e+03	3.39831e+03	6.71376e+00	3.09712e+00	3.94391e+10	1.09204e+02	3.24535e+01	0.00000e+00
6.53277e+02	3.62396e+02	1.33694e+03	3.38236e+03	6.78187e+00	3.14005e+00	2.39175e+10	1.10906e+02	3.32919e+01	0.00000e+00
7.00405e+02	3.71019e+02	1.32726e+03	3.37640e+03	6.80781e+00	3.16142e+00	1.49052e+10	1.11375e+02	3.37108e+01	0.00000e+00
7.47451e+02	3.79570e+02	1.31758e+03	3.37291e+03	6.80789e+00	3.16486e+00	9.52773e+09	1.11265e+02	3.37796e+01	0.00000e+00
7.94449e+02	3.88050e+02	1.30790e+03	3.37246e+03	6.85430e+00	3.19385e+00	6.23551e+09	1.12839e+02	3.44866e+01	0.00000e+00
8.41439e+02	3.96457e+02	1.29822e+03	3.38020e+03	6.92582e+00	3.24086e+00	4.17124e+09	1.15071e+02	3.55863e+01	0.00000e+00
8.88538e+02	4.04793e+02	1.28854e+03	3.38815e+03	6.92755e+00	3.23991e+00	2.84826e+09	1.15198e+02	3.55712e+01	0.00000e+00
9.35748e+02	4.13056e+02	1.27886e+03	3.38869e+03	6.92934e+00	3.23902e+00	1.98240e+09	1.15326e+02	3.55570e+01	0.00000e+00
9.82965e+02	4.21247e+02	1.26918e+03	3.38921e+03	6.92872e+00	3.23558e+00	1.40428e+09	1.15487e+02	3.55091e+01	0.00000e+00
1.03019e+03	4.29365e+02	1.25950e+03	3.39184e+03	6.93073e+00	3.23483e+00	1.01126e+09	1.15618e+02	3.54972e+01	0.00000e+00
1.07745e+03	4.37410e+02	1.24982e+03	3.39227e+03	6.93311e+00	3.23435e+00	7.39546e+08	1.15752e+02	3.54890e+01	0.00000e+00
1.12472e+03	4.45383e+02	1.24014e+03	3.39250e+03	7.64197e+00	4.19386e+00	5.48680e+08	1.17466e+02	6.10251e+01	0.00000e+00
1.17199e+03	4.53283e+02	1.23046e+03	3.39219e+03	7.95399e+00	4.61461e+00	4.12602e+08	1.18286e+02	7.22295e+01	0.00000e+00
1.21925e+03	4.61109e+02	1.22078e+03	3.39191e+03	7.95491e+00	4.61306e+00	3.14225e+08	1.18427e+02	7.21973e+01	0.00000e+00
1.26651e+03	4.68862e+02	1.21110e+03	3.39267e+03	7.95428e+00	4.60992e+00	2.42170e+08	1.18588e+02	7.21373e+01	0.00000e+00
1.31379e+03	4.76541e+02	1.20142e+03	3.39448e+03	7.95646e+00	4.60963e+00	1.88746e+08	1.18719e+02	7.21291e+01	0.00000e+00
1.36109e+03	4.84147e+02	1.19174e+03	3.39452e+03	7.95748e+00	4.60829e+00	1.48678e+08	1.18858e+02	7.21047e+01	0.00000e+00
1.40838e+03	4.91679e+02	1.18206e+03	3.39534e+03	7.95981e+00	4.60795e+00	1.18290e+08	1.18999e+02	7.20940e+01	0.00000e+00
1.45569e+03	4.99136e+02	1.17238e+03	3.39534e+03	7.95702e+00	4.60253e+00	9.50077e+07	1.19193e+02	7.19963e+01	0.00000e+00
1.50300e+03	5.06519e+02	1.16270e+03	3.39873e+03	7.96031e+00	4.60332e+00	7.69925e+07	1.19320e+02	7.20102e+01	0.00000e+00
1.55036e+03	5.13828e+02	1.15302e+03	3.39822e+03	7.96273e+00	4.60354e+00	6.29276e+07	1.19438e+02	7.20150e+01	0.00000e+00
1.59771e+03	5.21061e+02	1.14334e+03	3.39813e+03	7.96549e+00	4.60364e+00	5.18462e+07	1.19579e+02	7.20158e+01	0.00000e+00
1.64506e+03	5.28220e+02	1.13366e+03	3.39801e+03	7.96510e+00	4.60067e+00	4.30430e+07	1.19750e+02	7.19632e+01	0.00000e+00
1.69241e+03	5.35303e+02	1.12398e+03	3.39992e+03	7.96779e+00	4.60086e+00	3.59943e+07	1.19886e+02	7.19683e+01	0.00000e+00
1.73978e+03	5.42311e+02	1.11430e+03	3.39988e+03	7.96838e+00	4.59872e+00	3.03093e+07	1.20055e+02	7.19301e+01	0.00000e+00
1.78715e+03	5.49242e+02	1.10462e+03	3.40123e+03	7.97083e+00	4.59847e+00	2.56904e+07	1.20205e+02	7.19264e+01	0.00000e+00
1.83454e+03	5.56098e+02	1.09494e+03	3.40143e+03	7.97191e+00	4.59685e+00	2.19128e+07	1.20371e+02	7.18991e+01	0.00000e+00
1.88194e+03	5.62877e+02	1.08526e+03	3.40254e+03	7.97339e+00	4.59563e+00	1.88027e+07	1.20534e+02	7.18799e+01	0.00000e+00
1.92935e+03	5.69580e+02	1.07558e+03	3.40344e+03	7.97454e+00	4.59428e+00	1.62269e+07	1.20694e+02	7.18624e+01	0.00000e+00
1.97677e+03	5.76205e+02	1.06590e+03	3.40461e+03	7.97673e+00	4.59386e+00	1.40808e+07	1.20848e+02	7.18600e+01	0.00000e+00
2.02421e+03	5.82754e+02	1.05622e+03	3.40512e+03	7.97668e+00	4.59065e+00	1.22828e+07	1.21050e+02	7.18016e+01	0.00000e+00
2.07166e+03	5.89224e+02	1.04654e+03	3.40711e+03	7.97766e+00	4.58869e+00	1.07683e+07	1.21233e+02	7.17690e+01	0.00000e+00
2.11913e+03	5.95617e+02	1.03686e+03	3.40847e+03	7.98091e+00	4.58945e+00	9.48633e+06	1.21375e+02	7.17909e+01	0.00000e+00
2.16662e+03	6.01931e+02	1.02718e+03	3.40837e+03	7.98362e+00	4.58948e+00	8.39575e+06	1.21532e+02	7.17977e+01	0.00000e+00
2.21411e+03	6.08167e+02	1.01750e+03	3.40866e+03	7.98441e+00	4.58740e+00	7.46352e+06	1.21718e+02	7.17666e+01	0.00000e+00
2.26161e+03	6.14324e+02	1.00782e+03	3.41027e+03	7.98690e+00	4.58712e+00	6.66314e+06	1.21886e+02	7.17692e+01	0.00000e+00
2.30913e+03	6.20401e+02	9.98140e+02	3.41081e+03	7.99257e+00	4.59042e+00	5.97317e+06	1.22003e+02	7.18407e+01	0.00000e+00
2.35665e+03	6.26399e+02	9.88460e+02	3.40930e+03	7.99377e+00	4.58867e+00	5.37586e+06	1.22192e+02	7.18161e+01	0.00000e+00
2.40416e+03	6.32316e+02	9.78780e+02	3.41073e+03	7.99470e+00	4.58650e+00	4.85663e+06	1.22394e+02	7.17834e+01	0.00000e+00
2.45168e+03	6.38152e+02	9.69100e+02	3.41241e+03	7.99712e+00	4.58613e+00	4.40378e+06	1.22566e+02	7.17861e+01	0.00000e+00
2.49923e+03	6.43908e+02	9.59420e+02	3.41309e+03	7.99945e+00	4.58560e+00	4.00743e+06	1.22744e+02	7.17865e+01	0.00000e+00
2.54678e+03	6.49581e+02	9.49740e+02	3.41390e+03	8.00162e+00	4.58480e+00	3.65932e+06	1.22931e+02	7.17815e+01	0.00000e+00
2.59435e+03	6.55173e+02	9.40060e+02	3.41485e+03	8.00385e+00	4.58401e+00	3.35258e+06	1.23120e+02	7.17768e+01	0.00000e+00
2.64193e+03	6.60682e+02	9.30380e+02	3.41581e+03	8.00528e+00	4.58246e+00	3.08147e+06	1.23318e+02	7.17606e+01	0.00000e+00
2.68953e+03	6.66108e+02	9.20700e+02	3.41734e+03	8.00832e+00	4.58262e+00	2.84115e+06	1.23495e+02	7.17761e+01	0.00000e+00
2.73715e+03	6.71450e+02	9.11020e+02	3.41784e+03	8.01128e+00	4.58280e+00	2.62754e+06	1.23672e+02	7.17943e+01	0.00000e+00
2.78477e+03	6.76708e+02	9.01340e+02	3.41844e+03	8.01436e+00	4.58298e+00	2.43715e+06	1.23853e+02	7.18116e+01	0.00000e+00
2.83240e+03	6.81881e+02	8.91660e+02	3.41900e+03	8.01722e+00	4.58287e+00	2.26702e+06	1.24042e+02	7.18236e+01	0.00000e+00
2.88004e+03	6.86968e+02	8.81980e+02	3.41973e+03	8.02001e+00	4.58258e+00	2.11463e+06	1.24236e+02	7.18316e+01	0.00000e+00
2.92769e+03	6.91969e+02	8.72300e+02	3.42055e+03	8.02221e+00	4.58202e+00	1.97783e+06	1.24427e+02	7.18411e+01	0.00000e+00
2.97535e+03	6.96883e+02	8.62620e+02	3.42184e+03	8.02599e+00	4.58296e+00	1.85478e+06	1.24605e+02	7.18760e+01	0.00000e+00
3.02303e+03	7.01710e+02	8.52940e+02	3.42210e+03	8.02839e+00	4.58208e+00	1.74388e+06	1.24817e+02	7.18734e+01	0.00000e+00
3.07071e+03	7.06448e+02	8.43260e+02	3.42329e+03	8.03204e+00	4.58302e+00	1.64373e+06	1.24995e+02	7.19125e+01	0.00000e+00
3.11841e+03	7.11097e+02	8.33580e+02	3.42374e+03	8.03469e+00	4.58270e+00	1.55315e+06	1.25195e+02	7.19259e+01	0.00000e+00
3.16612e+03	7.15656e+02	8.23900e+02	3.42486e+03	8.03835e+00	4.58300e+00	1.47110e+06	1.25402e+02	7.19457e+01	0.00000e+00
3.21384e+03	7.20124e+02	8.14220e+02	3.42536e+03	8.04227e+00	4.58399e+00	1.39668e+06	1.25590e+02	7.19849e+01	0.00000e+00
3.26157e+03	7.24501e+02	8.04540e+02	3.42573e+03	8.04506e+00	4.58367e+00	1.32910e+06	1.25801e+02	7.19998e+01	0.00000e+00
3.30930e+03	7.28784e+02	7.94860e+02	3.42692e+03	8.04671e+00	4.58202e+00	1.26766e+06	1.26032e+02	7.19882e+01	0.00000e+00
3.35705e+03	7.32974e+02	7.85180e+02	3.42885e+03	8.05076e+00	4.58310e+00	1.21177e+06	1.26225e+02	7.20309e+01	0.00000e+00
3.40482e+03	7.37069e+02	7.75500e+02	3.42926e+03	8.05328e+00	4.58214e+00	1.16091e+06	1.26459e+02	7.20318e+01	0.00000e+00
3.45261e+03	7.41069e+02	7.65820e+02	3.43074e+03	8.05632e+00	4.58192e+00	1.11460e+06	1.26679e+02	7.20490e+01	0.00000e+00
3.50041e+03	7.44971e+02	7.56140e+02	3.43188e+03	8.06029e+00	4.58299e+00	1.07243e+06	1.26875e+02	7.20951e+01	0.00000e+00
3.54823e+03	7.48775e+02	7.46460e+02	3.43248e+03	8.06482e+00	4.58407e+00	1.03405e+06	1.27117e+02	7.21501e+01	0.00000e+00
3.59606e+03	7.52479e+02	7.36780e+02	3.43347e+03	8.07252e+00	4.58331e+00	9.99132e+05	1.27802e+02	7.22536e+01	0.00000e+00
3.64390e+03	7.56082e+02	7.27100e+02	3.43955e+03	8.07905e+00	4.58076e+00	9.67400e+05	1.28625e+02	7.23718e+01	0.00000e+00
3.69182e+03	7.59583e+02	7.17420e+02	3.44900e+03	8.09200e+00	4.58439e+00	9.38659e+05	1.29359e+02	7.25792e+01	0.00000e+00
3.73988e+03	7.62980e+02	7.07740e+02	3.45341e+03	8.10415e+00	4.58818e+00	9.12719e+05	1.30039e+02	7.27889e+01	0.00000e+00
3.78800e+03	7.66272e+02	6.98061e+02	3.45768e+03	8.12431e+00	4.59987e+00	8.89337e+05	1.30668e+02	7.31564e+01	0.00000e+00
3.83618e+03	7.69457e+02	6.88381e+02	3.45750e+03	8.13400e+00	4.60043e+00	8.68345e+05	1.31445e+02	7.33168e+01	0.00000e+00
3.88435e+03	7.72532e+02	6.78701e+02	3.46424e+03	8.14705e+00	4.60382e+00	8.49559e+05	1.32240e+02	7.35379e+01	0.00000e+00
3.93262e+03	7.75497e+02	6.69021e+02	3.46956e+03	8.15772e+00	4.60674e+00	8.32915e+05	1.32897e+02	7.37301e+01	0.00000e+00
3.98097e+03	7.78349e+02	6.59341e+02	3.47422e+03	8.16779e+00	4.60919e+00	8.18293e+05	1.33504e+02	7.38862e+01	0.00000e+00
4.02938e+03	7.81087e+02	6.49661e+02	3.47787e+03	8.17380e+00	4.61050e+00	8.05598e+05	1.33870e+02	7.39727e+01	0.00000e+00
4.07784e+03	7.83707e+02	6.39981e+02	3.47996e+03	8.17811e+00	4.61107e+00	7.94748e+05	1.34128e+02	7.40119e+01	0.00000e+00
4.12632e+03	7.86208e+02	6.30301e+02	3.48095e+03	8.18145e+00	4.61166e+00	7.85675e+05	1.34350e+02	7.40617e+01	0.00000e+00
4.17483e+03	7.88586e+02	6.20621e+02	3.48240e+03	8.18567e+00	4.61225e+00	7.78328e+05	1.34611e+02	7.41059e+01	0.00000e+00
4.22335e+03	7.90840e+02	6.10941e+02	3.48359e+03	8.18996e+00	4.61328e+00	7.72682e+05	1.34855e+02	7.41629e+01	0.00000e+00
4.27189e+03	7.92967e+02	6.01261e+02	3.48472e+03	8.19415e+00	4.61437e+00	7.68722e+05	1.35089e+02	7.42208e+01	0.00000e+00
4.32044e+03	7.94963e+02	5.91581e+02	3.48578e+03	8.19973e+00	4.61546e+00	7.66447e+05	1.35392e+02	7.42726e+01	0.00000e+00
4.36901e+03	7.96825e+02	5.81901e+02	3.48657e+03	8.20425e+00	4.61669e+00	7.65873e+05	1.35645e+02	7.43381e+01	0.00000e+00
4.41760e+03	7.98549e+02	5.72221e+02	3.48779e+03	8.20897e+00	4.61800e+00	7.67029e+05	1.35903e+02	7.44046e+01	0.00000e+00
4.46619e+03	8.00133e+02	5.62541e+02	3.48893e+03	8.21282e+00	4.61900e+00	7.69965e+05	1.36133e+02	7.44654e+01	0.00000e+00
4.51481e+03	8.01572e+02	5.52861e+02	3.49026e+03	8.21768e+00	4.62043e+00	7.74746e+05	1.36395e+02	7.45363e+01	0.00000e+00
4.56344e+03	8.02862e+02	5.43181e+02	3.49142e+03	8.22214e+00	4.62121e+00	7.81458e+05	1.36669e+02	7.45896e+01	0.00000e+00
4.61209e+03	8.03998e+02	5.33501e+02	3.49275e+03	8.22705e+00	4.62256e+00	7.90208e+05	1.36944e+02	7.46607e+01	0.00000e+00
4.66075e+03	8.04976e+02	5.23821e+02	3.49404e+03	8.23188e+00	4.62379e+00	8.01128e+05	1.37228e+02	7.47325e+01	0.00000e+00
4.70944e+03	8.05789e+02	5.14141e+02	3.49554e+03	8.23681e+00	4.62538e+00	8.14379e+05	1.37488e+02	7.48088e+01	0.00000e+00
4.75815e+03	8.06433e+02	5.04461e+02	3.49669e+03	8.24191e+00	4.62679e+00	8.30158e+05	1.37774e+02	7.48827e+01	0.00000e+00
4.80687e+03	8.06902e+02	4.94781e+02	3.49802e+03	8.24704e+00	4.62827e+00	8.48696e+05	1.38061e+02	7.49604e+01	0.00000e+00
4.85561e+03	8.07189e+02	4.85101e+02	3.49941e+03	8.25242e+00	4.62968e+00	8.70272e+05	1.38355e+02	7.50307e+01	0.00000e+00
4.90437e+03	8.07286e+02	4.75421e+02	3.50055e+03	8.25798e+00	4.63184e+00	8.95223e+05	1.38635e+02	7.51283e+01	0.00000e+00
4.90437e+03	8.07286e+02	4.75421e+02	8.00000e+03	6.07865e+00	3.28460e+00	1.00000e+04	1.80522e+02	8.63087e+01	0.00000e+00
5.37589e+03	8.08183e+02	4.22596e+02	8.00000e+03	6.07865e+00	3.28460e+00	1.00000e+04	1.80522e+02	8.63087e+01	0.00000e+00
5.84741e+03	8.09080e+02	3.69772e+02	8.00000e+03	6.11571e+00	3.30249e+00	1.00000e+04	1.82879e+02	8.72518e+01	0.00000e+00
6.31893e+03	8.09977e+02	3.16947e+02	8.00000e+03	6.15254e+00	3.32029e+00	1.00000e+04	1.85237e+02	8.81948e+01	0.00000e+00
6.79045e+03	8.10874e+02	2.64123e+02	8.00000e+03	6.18916e+00	3.33800e+00	1.00000e+04	1.87595e+02	8.91379e+01	0.00000e+00
7.26197e+03	8.11771e+02	2.11298e+02	8.00000e+03	6.22555e+00	3.35561e+00	1.00000e+04	1.89952e+02	9.00809e+01	0.00000e+00
7.73349e+03	8.12668e+02	1.58474e+02	8.00000e+03	6.26174e+00	3.37313e+00	1.00000e+04	1.92310e+02	9.10239e+01	0.00000e+00
8.20501e+03	8.13565e+02	1.05649e+02	8.00000e+03	6.29772e+00	3.39056e+00	1.00000e+04	1.94667e+02	9.19670e+01	0.00000e+00
8.67654e+03	8.14462e+02	5.28246e+01	8.00000e+03	6.33349e+00	3.40790e+00	1.00000e+04	1.97025e+02	9.29100e+01	0.00000e+00
9.14806e+03	8.15359e+02	0.00000e+00	8.00000e+03	6.36907e+00	3.42515e+00	1.00000e+04	1.99383e+02	9.38531e+01	0.00000e+00
