P (MPa)		T (K)		r (km)		rho (kg m-3)	VP (km s-1)	VS (km s-1)	QS/gamma	k for 0.01 mol/kg MgSO4 (S m-1)	
0.00000e+00	1.10000e+02	1.56100e+03	9.31657e+02	3.87940e+00	1.96225e+00	3.05824e+04	0.00000e+00
3.00758e-01	1.15384e+02	1.56077e+03	9.31657e+02	3.88004e+00	1.96262e+00	1.83836e+04	0.00000e+00
6.01516e-01	1.21031e+02	1.56053e+03	9.31443e+02	3.88074e+00	1.96303e+00	1.13162e+04	0.00000e+00
9.02274e-01	1.26955e+02	1.56028e+03	9.31198e+02	3.88151e+00	1.96346e+00	7.12535e+03	0.00000e+00
1.20303e+00	1.33169e+02	1.56004e+03	9.30918e+02	3.88235e+00	1.96393e+00	4.58442e+03	0.00000e+00
1.50379e+00	1.39686e+02	1.55979e+03	9.30597e+02	3.88328e+00	1.96445e+00	3.01092e+03	0.00000e+00
1.80455e+00	1.46523e+02	1.55955e+03	9.30229e+02	3.88430e+00	1.96501e+00	2.01666e+03	0.00000e+00
2.10531e+00	1.53694e+02	1.55930e+03	9.29808e+02	3.88544e+00	1.96563e+00	1.37622e+03	0.00000e+00
2.40606e+00	1.61217e+02	1.55905e+03	9.29327e+02	3.88670e+00	1.96632e+00	9.56065e+02	0.00000e+00
2.70682e+00	1.69107e+02	1.55881e+03	9.28776e+02	3.88811e+00	1.96708e+00	6.75566e+02	0.00000e+00
3.00758e+00	1.77384e+02	1.55856e+03	9.28147e+02	3.88968e+00	1.96792e+00	4.85161e+02	0.00000e+00
3.30834e+00	1.86066e+02	1.55832e+03	9.27431e+02	3.89144e+00	1.96886e+00	3.53844e+02	0.00000e+00
3.60910e+00	1.95173e+02	1.55807e+03	9.26617e+02	3.89340e+00	1.96990e+00	2.61900e+02	0.00000e+00
3.90985e+00	2.04725e+02	1.55782e+03	9.25695e+02	3.89560e+00	1.97106e+00	1.96587e+02	0.00000e+00
4.21061e+00	2.14745e+02	1.55758e+03	9.24657e+02	3.89804e+00	1.97234e+00	1.49550e+02	0.00000e+00
4.51137e+00	2.25256e+02	1.55733e+03	9.23497e+02	3.90074e+00	1.97375e+00	1.15229e+02	0.00000e+00
4.81213e+00	2.36281e+02	1.55708e+03	9.22210e+02	3.90372e+00	1.97531e+00	8.98711e+01	0.00000e+00
5.11288e+00	2.47845e+02	1.55684e+03	9.20799e+02	3.90696e+00	1.97700e+00	7.09111e+01	0.00000e+00
5.41364e+00	2.59976e+02	1.55659e+03	9.19271e+02	3.91047e+00	1.97882e+00	5.65731e+01	0.00000e+00
5.71440e+00	2.72700e+02	1.55634e+03	9.17642e+02	3.91419e+00	1.98075e+00	4.56125e+01	0.00000e+00
6.55522e+00	2.72707e+02	1.55576e+03	1.11070e+03	1.54909e+00	0.00000e+00	0.00000e+00	8.09478e-02
7.39603e+00	2.72714e+02	1.55519e+03	1.11105e+03	1.55072e+00	0.00000e+00	0.00000e+00	8.10622e-02
8.23685e+00	2.72721e+02	1.55462e+03	1.11140e+03	1.55236e+00	0.00000e+00	0.00000e+00	8.11763e-02
9.07766e+00	2.72728e+02	1.55404e+03	1.11175e+03	1.55400e+00	0.00000e+00	0.00000e+00	8.12901e-02
9.91848e+00	2.72736e+02	1.55347e+03	1.11210e+03	1.55563e+00	0.00000e+00	0.00000e+00	8.14036e-02
1.07593e+01	2.72743e+02	1.55290e+03	1.11244e+03	1.55727e+00	0.00000e+00	0.00000e+00	8.15169e-02
1.16001e+01	2.72751e+02	1.55233e+03	1.11279e+03	1.55891e+00	0.00000e+00	0.00000e+00	8.16298e-02
1.24409e+01	2.72758e+02	1.55176e+03	1.11313e+03	1.56054e+00	0.00000e+00	0.00000e+00	8.17425e-02
1.32817e+01	2.72766e+02	1.55119e+03	1.11348e+03	1.56218e+00	0.00000e+00	0.00000e+00	8.18548e-02
1.41226e+01	2.72774e+02	1.55061e+03	1.11382e+03	1.56382e+00	0.00000e+00	0.00000e+00	8.19669e-02
1.49634e+01	2.72782e+02	1.55004e+03	1.11417e+03	1.56545e+00	0.00000e+00	0.00000e+00	8.20787e-02
1.58042e+01	2.72789e+02	1.54947e+03	1.11451e+03	1.56709e+00	0.00000e+00	0.00000e+00	8.21902e-02
1.66450e+01	2.72797e+02	1.54890e+03	1.11485e+03	1.56873e+00	0.00000e+00	0.00000e+00	8.23014e-02
1.74858e+01	2.72806e+02	1.54833e+03	1.11519e+03	1.57037e+00	0.00000e+00	0.00000e+00	8.24123e-02
1.83266e+01	2.72814e+02	1.54777e+03	1.11553e+03	1.57200e+00	0.00000e+00	0.00000e+00	8.25229e-02
1.91675e+01	2.72822e+02	1.54720e+03	1.11587e+03	1.57364e+00	0.00000e+00	0.00000e+00	8.26333e-02
2.00083e+01	2.72830e+02	1.54663e+03	1.11621e+03	1.57528e+00	0.00000e+00	0.00000e+00	8.27433e-02
2.08491e+01	2.72839e+02	1.54606e+03	1.11655e+03	1.57691e+00	0.00000e+00	0.00000e+00	8.28531e-02
2.16899e+01	2.72847e+02	1.54549e+03	1.11689e+03	1.57855e+00	0.00000e+00	0.00000e+00	8.29626e-02
2.25307e+01	2.72856e+02	1.54493e+03	1.11723e+03	1.58019e+00	0.00000e+00	0.00000e+00	8.30718e-02
2.33715e+01	2.72864e+02	1.54436e+03	1.11756e+03	1.58182e+00	0.00000e+00	0.00000e+00	8.31807e-02
2.42124e+01	2.72873e+02	1.54379e+03	1.11790e+03	1.58346e+00	0.00000e+00	0.00000e+00	8.32893e-02
2.50532e+01	2.72882e+02	1.54323e+03	1.11823e+03	1.58510e+00	0.00000e+00	0.00000e+00	8.33976e-02
2.58940e+01	2.72891e+02	1.54266e+03	1.11857e+03	1.58673e+00	0.00000e+00	0.00000e+00	8.35057e-02
2.67348e+01	2.72900e+02	1.54210e+03	1.11890e+03	1.58837e+00	0.00000e+00	0.00000e+00	8.36135e-02
2.75756e+01	2.72909e+02	1.54153e+03	1.11924e+03	1.59001e+00	0.00000e+00	0.00000e+00	8.37209e-02
2.84164e+01	2.72918e+02	1.54097e+03	1.11957e+03	1.59164e+00	0.00000e+00	0.00000e+00	8.38281e-02
2.92572e+01	2.72927e+02	1.54040e+03	1.11990e+03	1.59328e+00	0.00000e+00	0.00000e+00	8.39351e-02
3.00981e+01	2.72936e+02	1.53984e+03	1.12023e+03	1.59491e+00	0.00000e+00	0.00000e+00	8.40417e-02
3.09389e+01	2.72946e+02	1.53927e+03	1.12056e+03	1.59655e+00	0.00000e+00	0.00000e+00	8.41481e-02
3.17797e+01	2.72955e+02	1.53871e+03	1.12089e+03	1.59818e+00	0.00000e+00	0.00000e+00	8.42541e-02
3.26205e+01	2.72964e+02	1.53815e+03	1.12122e+03	1.59981e+00	0.00000e+00	0.00000e+00	8.43599e-02
3.34613e+01	2.72974e+02	1.53758e+03	1.12155e+03	1.60144e+00	0.00000e+00	0.00000e+00	8.44654e-02
3.43021e+01	2.72984e+02	1.53702e+03	1.12187e+03	1.60307e+00	0.00000e+00	0.00000e+00	8.45707e-02
3.51430e+01	2.72993e+02	1.53646e+03	1.12220e+03	1.60470e+00	0.00000e+00	0.00000e+00	8.46756e-02
3.59838e+01	2.73003e+02	1.53590e+03	1.12253e+03	1.60633e+00	0.00000e+00	0.00000e+00	8.47803e-02
3.68246e+01	2.73013e+02	1.53534e+03	1.12285e+03	1.60796e+00	0.00000e+00	0.00000e+00	8.48846e-02
3.76654e+01	2.73023e+02	1.53478e+03	1.12318e+03	1.60959e+00	0.00000e+00	0.00000e+00	8.49887e-02
3.85062e+01	2.73033e+02	1.53422e+03	1.12350e+03	1.61122e+00	0.00000e+00	0.00000e+00	8.50926e-02
3.93470e+01	2.73043e+02	1.53366e+03	1.12383e+03	1.61284e+00	0.00000e+00	0.00000e+00	8.51961e-02
4.01879e+01	2.73053e+02	1.53310e+03	1.12415e+03	1.61446e+00	0.00000e+00	0.00000e+00	8.52994e-02
4.10287e+01	2.73063e+02	1.53254e+03	1.12447e+03	1.61609e+00	0.00000e+00	0.00000e+00	8.54024e-02
4.18695e+01	2.73073e+02	1.53198e+03	1.12479e+03	1.61771e+00	0.00000e+00	0.00000e+00	8.55051e-02
4.27103e+01	2.73083e+02	1.53142e+03	1.12511e+03	1.61933e+00	0.00000e+00	0.00000e+00	8.56075e-02
4.35511e+01	2.73094e+02	1.53086e+03	1.12544e+03	1.62095e+00	0.00000e+00	0.00000e+00	8.57097e-02
4.43919e+01	2.73104e+02	1.53030e+03	1.12576e+03	1.62256e+00	0.00000e+00	0.00000e+00	8.58115e-02
4.52328e+01	2.73115e+02	1.52975e+03	1.12607e+03	1.62418e+00	0.00000e+00	0.00000e+00	8.59131e-02
4.60736e+01	2.73125e+02	1.52919e+03	1.12639e+03	1.62579e+00	0.00000e+00	0.00000e+00	8.60144e-02
4.69144e+01	2.73136e+02	1.52863e+03	1.12671e+03	1.62741e+00	0.00000e+00	0.00000e+00	8.61155e-02
4.77552e+01	2.73147e+02	1.52807e+03	1.12703e+03	1.62902e+00	0.00000e+00	0.00000e+00	8.62162e-02
4.85960e+01	2.73157e+02	1.52752e+03	1.12734e+03	1.63062e+00	0.00000e+00	0.00000e+00	8.63167e-02
4.94368e+01	2.73168e+02	1.52696e+03	1.12766e+03	1.63223e+00	0.00000e+00	0.00000e+00	8.64169e-02
5.02776e+01	2.73179e+02	1.52641e+03	1.12798e+03	1.63384e+00	0.00000e+00	0.00000e+00	8.65169e-02
5.11185e+01	2.73190e+02	1.52585e+03	1.12829e+03	1.63544e+00	0.00000e+00	0.00000e+00	8.66165e-02
5.19593e+01	2.73201e+02	1.52530e+03	1.12860e+03	1.63704e+00	0.00000e+00	0.00000e+00	8.67159e-02
5.28001e+01	2.73212e+02	1.52474e+03	1.12892e+03	1.63864e+00	0.00000e+00	0.00000e+00	8.68150e-02
5.36409e+01	2.73223e+02	1.52419e+03	1.12923e+03	1.64024e+00	0.00000e+00	0.00000e+00	8.69139e-02
5.44817e+01	2.73234e+02	1.52363e+03	1.12954e+03	1.64183e+00	0.00000e+00	0.00000e+00	8.70124e-02
5.53225e+01	2.73245e+02	1.52308e+03	1.12986e+03	1.64343e+00	0.00000e+00	0.00000e+00	8.71107e-02
5.61634e+01	2.73257e+02	1.52253e+03	1.13017e+03	1.64502e+00	0.00000e+00	0.00000e+00	8.72087e-02
5.70042e+01	2.73268e+02	1.52197e+03	1.13048e+03	1.64661e+00	0.00000e+00	0.00000e+00	8.73065e-02
5.78450e+01	2.73279e+02	1.52142e+03	1.13079e+03	1.64820e+00	0.00000e+00	0.00000e+00	8.74039e-02
5.86858e+01	2.73291e+02	1.52087e+03	1.13110e+03	1.64979e+00	0.00000e+00	0.00000e+00	8.75011e-02
5.95266e+01	2.73302e+02	1.52032e+03	1.13140e+03	1.65137e+00	0.00000e+00	0.00000e+00	8.75980e-02
6.03674e+01	2.73314e+02	1.51977e+03	1.13171e+03	1.65296e+00	0.00000e+00	0.00000e+00	8.76947e-02
6.12083e+01	2.73325e+02	1.51921e+03	1.13202e+03	1.65454e+00	0.00000e+00	0.00000e+00	8.77911e-02
6.20491e+01	2.73337e+02	1.51866e+03	1.13233e+03	1.65612e+00	0.00000e+00	0.00000e+00	8.78872e-02
6.28899e+01	2.73349e+02	1.51811e+03	1.13263e+03	1.65770e+00	0.00000e+00	0.00000e+00	8.79830e-02
6.37307e+01	2.73360e+02	1.51756e+03	1.13294e+03	1.65928e+00	0.00000e+00	0.00000e+00	8.80786e-02
6.45715e+01	2.73372e+02	1.51701e+03	1.13324e+03	1.66085e+00	0.00000e+00	0.00000e+00	8.81739e-02
6.54123e+01	2.73384e+02	1.51646e+03	1.13355e+03	1.66243e+00	0.00000e+00	0.00000e+00	8.82689e-02
6.62532e+01	2.73396e+02	1.51591e+03	1.13385e+03	1.66400e+00	0.00000e+00	0.00000e+00	8.83637e-02
6.70940e+01	2.73408e+02	1.51537e+03	1.13416e+03	1.66557e+00	0.00000e+00	0.00000e+00	8.84581e-02
6.79348e+01	2.73420e+02	1.51482e+03	1.13446e+03	1.66714e+00	0.00000e+00	0.00000e+00	8.85524e-02
6.87756e+01	2.73432e+02	1.51427e+03	1.13476e+03	1.66871e+00	0.00000e+00	0.00000e+00	8.86463e-02
6.96164e+01	2.73444e+02	1.51372e+03	1.13506e+03	1.67028e+00	0.00000e+00	0.00000e+00	8.87400e-02
7.04572e+01	2.73456e+02	1.51317e+03	1.13536e+03	1.67185e+00	0.00000e+00	0.00000e+00	8.88334e-02
7.12980e+01	2.73469e+02	1.51263e+03	1.13566e+03	1.67341e+00	0.00000e+00	0.00000e+00	8.89266e-02
7.21389e+01	2.73481e+02	1.51208e+03	1.13596e+03	1.67498e+00	0.00000e+00	0.00000e+00	8.90194e-02
7.29797e+01	2.73493e+02	1.51153e+03	1.13626e+03	1.67654e+00	0.00000e+00	0.00000e+00	8.91121e-02
7.38205e+01	2.73506e+02	1.51099e+03	1.13656e+03	1.67810e+00	0.00000e+00	0.00000e+00	8.92044e-02
7.46613e+01	2.73518e+02	1.51044e+03	1.13686e+03	1.67967e+00	0.00000e+00	0.00000e+00	8.92965e-02
7.55021e+01	2.73531e+02	1.50990e+03	1.13716e+03	1.68123e+00	0.00000e+00	0.00000e+00	8.93883e-02
7.63429e+01	2.73543e+02	1.50935e+03	1.13746e+03	1.68278e+00	0.00000e+00	0.00000e+00	8.94799e-02
7.71838e+01	2.73556e+02	1.50880e+03	1.13775e+03	1.68434e+00	0.00000e+00	0.00000e+00	8.95712e-02
7.80246e+01	2.73568e+02	1.50826e+03	1.13805e+03	1.68590e+00	0.00000e+00	0.00000e+00	8.96622e-02
7.88654e+01	2.73581e+02	1.50772e+03	1.13834e+03	1.68745e+00	0.00000e+00	0.00000e+00	8.97530e-02
7.97062e+01	2.73594e+02	1.50717e+03	1.13864e+03	1.68900e+00	0.00000e+00	0.00000e+00	8.98435e-02
8.05470e+01	2.73606e+02	1.50663e+03	1.13893e+03	1.69056e+00	0.00000e+00	0.00000e+00	8.99337e-02
8.13878e+01	2.73619e+02	1.50609e+03	1.13923e+03	1.69211e+00	0.00000e+00	0.00000e+00	9.00237e-02
8.22287e+01	2.73632e+02	1.50554e+03	1.13952e+03	1.69366e+00	0.00000e+00	0.00000e+00	9.01135e-02
8.30695e+01	2.73645e+02	1.50500e+03	1.13981e+03	1.69520e+00	0.00000e+00	0.00000e+00	9.02029e-02
8.39103e+01	2.73658e+02	1.50446e+03	1.14011e+03	1.69675e+00	0.00000e+00	0.00000e+00	9.02921e-02
8.47511e+01	2.73671e+02	1.50392e+03	1.14040e+03	1.69830e+00	0.00000e+00	0.00000e+00	9.03811e-02
8.55919e+01	2.73684e+02	1.50337e+03	1.14069e+03	1.69984e+00	0.00000e+00	0.00000e+00	9.04698e-02
8.64327e+01	2.73697e+02	1.50283e+03	1.14098e+03	1.70138e+00	0.00000e+00	0.00000e+00	9.05582e-02
8.72736e+01	2.73710e+02	1.50229e+03	1.14127e+03	1.70292e+00	0.00000e+00	0.00000e+00	9.06464e-02
8.81144e+01	2.73723e+02	1.50175e+03	1.14156e+03	1.70446e+00	0.00000e+00	0.00000e+00	9.07343e-02
8.89552e+01	2.73737e+02	1.50121e+03	1.14185e+03	1.70600e+00	0.00000e+00	0.00000e+00	9.08220e-02
8.97960e+01	2.73750e+02	1.50067e+03	1.14214e+03	1.70754e+00	0.00000e+00	0.00000e+00	9.09094e-02
9.06368e+01	2.73763e+02	1.50013e+03	1.14243e+03	1.70907e+00	0.00000e+00	0.00000e+00	9.09966e-02
9.14776e+01	2.73776e+02	1.49959e+03	1.14271e+03	1.71060e+00	0.00000e+00	0.00000e+00	9.10835e-02
9.23184e+01	2.73790e+02	1.49905e+03	1.14300e+03	1.71213e+00	0.00000e+00	0.00000e+00	9.11701e-02
9.31593e+01	2.73803e+02	1.49851e+03	1.14329e+03	1.71366e+00	0.00000e+00	0.00000e+00	9.12565e-02
9.40001e+01	2.73817e+02	1.49797e+03	1.14357e+03	1.71519e+00	0.00000e+00	0.00000e+00	9.13427e-02
9.48409e+01	2.73830e+02	1.49744e+03	1.14386e+03	1.71671e+00	0.00000e+00	0.00000e+00	9.14286e-02
9.56817e+01	2.73844e+02	1.49690e+03	1.14415e+03	1.71824e+00	0.00000e+00	0.00000e+00	9.15142e-02
9.65225e+01	2.73857e+02	1.49636e+03	1.14443e+03	1.71976e+00	0.00000e+00	0.00000e+00	9.15996e-02
9.73633e+01	2.73871e+02	1.49582e+03	1.14471e+03	1.72128e+00	0.00000e+00	0.00000e+00	9.16848e-02
9.82042e+01	2.73885e+02	1.49529e+03	1.14500e+03	1.72280e+00	0.00000e+00	0.00000e+00	9.17697e-02
9.90450e+01	2.73898e+02	1.49475e+03	1.14528e+03	1.72431e+00	0.00000e+00	0.00000e+00	9.18543e-02
9.98858e+01	2.73912e+02	1.49421e+03	1.14556e+03	1.72583e+00	0.00000e+00	0.00000e+00	9.19387e-02
1.00727e+02	2.73926e+02	1.49368e+03	1.14585e+03	1.72734e+00	0.00000e+00	0.00000e+00	9.20229e-02
1.01567e+02	2.73940e+02	1.49314e+03	1.14613e+03	1.72885e+00	0.00000e+00	0.00000e+00	9.21068e-02
1.02408e+02	2.73953e+02	1.49261e+03	1.14641e+03	1.73036e+00	0.00000e+00	0.00000e+00	9.21905e-02
1.03249e+02	2.73967e+02	1.49207e+03	1.14669e+03	1.73186e+00	0.00000e+00	0.00000e+00	9.22739e-02
1.04090e+02	2.73981e+02	1.49154e+03	1.14697e+03	1.73337e+00	0.00000e+00	0.00000e+00	9.23571e-02
1.04931e+02	2.73995e+02	1.49100e+03	1.14725e+03	1.73487e+00	0.00000e+00	0.00000e+00	9.24400e-02
1.05772e+02	2.74009e+02	1.49047e+03	1.14753e+03	1.73637e+00	0.00000e+00	0.00000e+00	9.25227e-02
1.06612e+02	2.74023e+02	1.48994e+03	1.14781e+03	1.73787e+00	0.00000e+00	0.00000e+00	9.26052e-02
1.07453e+02	2.74037e+02	1.48940e+03	1.14808e+03	1.73936e+00	0.00000e+00	0.00000e+00	9.26874e-02
1.08294e+02	2.74051e+02	1.48887e+03	1.14836e+03	1.74086e+00	0.00000e+00	0.00000e+00	9.27694e-02
1.09135e+02	2.74066e+02	1.48834e+03	1.14864e+03	1.74235e+00	0.00000e+00	0.00000e+00	9.28511e-02
1.09976e+02	2.74080e+02	1.48780e+03	1.14892e+03	1.74384e+00	0.00000e+00	0.00000e+00	9.29326e-02
1.10816e+02	2.74094e+02	1.48727e+03	1.14919e+03	1.74533e+00	0.00000e+00	0.00000e+00	9.30139e-02
1.11657e+02	2.74108e+02	1.48674e+03	1.14947e+03	1.74681e+00	0.00000e+00	0.00000e+00	9.30949e-02
1.12498e+02	2.74122e+02	1.48621e+03	1.14974e+03	1.74830e+00	0.00000e+00	0.00000e+00	9.31757e-02
1.13339e+02	2.74137e+02	1.48568e+03	1.15002e+03	1.74978e+00	0.00000e+00	0.00000e+00	9.32563e-02
1.14180e+02	2.74151e+02	1.48515e+03	1.15029e+03	1.75126e+00	0.00000e+00	0.00000e+00	9.33366e-02
1.15020e+02	2.74166e+02	1.48461e+03	1.15057e+03	1.75274e+00	0.00000e+00	0.00000e+00	9.34167e-02
1.15861e+02	2.74180e+02	1.48408e+03	1.15084e+03	1.75421e+00	0.00000e+00	0.00000e+00	9.34965e-02
1.16702e+02	2.74194e+02	1.48355e+03	1.15111e+03	1.75569e+00	0.00000e+00	0.00000e+00	9.35762e-02
1.17543e+02	2.74209e+02	1.48302e+03	1.15139e+03	1.75716e+00	0.00000e+00	0.00000e+00	9.36555e-02
1.18384e+02	2.74223e+02	1.48250e+03	1.15166e+03	1.75863e+00	0.00000e+00	0.00000e+00	9.37347e-02
1.19225e+02	2.74238e+02	1.48197e+03	1.15193e+03	1.76010e+00	0.00000e+00	0.00000e+00	9.38136e-02
1.20065e+02	2.74253e+02	1.48144e+03	1.15220e+03	1.76157e+00	0.00000e+00	0.00000e+00	9.38923e-02
1.20906e+02	2.74267e+02	1.48091e+03	1.15247e+03	1.76303e+00	0.00000e+00	0.00000e+00	9.39708e-02
1.21747e+02	2.74282e+02	1.48038e+03	1.15274e+03	1.76450e+00	0.00000e+00	0.00000e+00	9.40491e-02
1.22588e+02	2.74297e+02	1.47985e+03	1.15301e+03	1.76596e+00	0.00000e+00	0.00000e+00	9.41271e-02
1.23429e+02	2.74311e+02	1.47932e+03	1.15328e+03	1.76742e+00	0.00000e+00	0.00000e+00	9.42049e-02
1.24269e+02	2.74326e+02	1.47880e+03	1.15355e+03	1.76888e+00	0.00000e+00	0.00000e+00	9.42824e-02
1.25110e+02	2.74341e+02	1.47827e+03	1.15382e+03	1.77033e+00	0.00000e+00	0.00000e+00	9.43598e-02
1.25951e+02	2.74356e+02	1.47774e+03	1.15409e+03	1.77179e+00	0.00000e+00	0.00000e+00	9.44369e-02
1.26792e+02	2.74371e+02	1.47722e+03	1.15435e+03	1.77324e+00	0.00000e+00	0.00000e+00	9.45138e-02
1.27633e+02	2.74385e+02	1.47669e+03	1.15462e+03	1.77469e+00	0.00000e+00	0.00000e+00	9.45905e-02
1.28474e+02	2.74400e+02	1.47617e+03	1.15489e+03	1.77614e+00	0.00000e+00	0.00000e+00	9.46670e-02
1.29314e+02	2.74415e+02	1.47564e+03	1.15516e+03	1.77758e+00	0.00000e+00	0.00000e+00	9.47432e-02
1.30155e+02	2.74430e+02	1.47512e+03	1.15542e+03	1.77903e+00	0.00000e+00	0.00000e+00	9.48192e-02
1.30996e+02	2.74445e+02	1.47459e+03	1.15569e+03	1.78047e+00	0.00000e+00	0.00000e+00	9.48950e-02
1.31837e+02	2.74460e+02	1.47407e+03	1.15595e+03	1.78191e+00	0.00000e+00	0.00000e+00	9.49706e-02
1.32678e+02	2.74475e+02	1.47354e+03	1.15622e+03	1.78335e+00	0.00000e+00	0.00000e+00	9.50460e-02
1.33518e+02	2.74490e+02	1.47302e+03	1.15648e+03	1.78479e+00	0.00000e+00	0.00000e+00	9.51211e-02
1.34359e+02	2.74506e+02	1.47249e+03	1.15674e+03	1.78623e+00	0.00000e+00	0.00000e+00	9.51961e-02
1.35200e+02	2.74521e+02	1.47197e+03	1.15701e+03	1.78766e+00	0.00000e+00	0.00000e+00	9.52708e-02
1.36041e+02	2.74536e+02	1.47145e+03	1.15727e+03	1.78909e+00	0.00000e+00	0.00000e+00	9.53453e-02
1.36882e+02	2.74551e+02	1.47092e+03	1.15753e+03	1.79052e+00	0.00000e+00	0.00000e+00	9.54196e-02
1.37723e+02	2.74566e+02	1.47040e+03	1.15780e+03	1.79195e+00	0.00000e+00	0.00000e+00	9.54937e-02
1.38563e+02	2.74582e+02	1.46988e+03	1.15806e+03	1.79337e+00	0.00000e+00	0.00000e+00	9.55676e-02
1.39404e+02	2.74597e+02	1.46936e+03	1.15832e+03	1.79479e+00	0.00000e+00	0.00000e+00	9.56413e-02
1.40245e+02	2.74612e+02	1.46884e+03	1.15858e+03	1.79622e+00	0.00000e+00	0.00000e+00	9.57148e-02
1.41086e+02	2.74628e+02	1.46832e+03	1.15884e+03	1.79763e+00	0.00000e+00	0.00000e+00	9.57880e-02
1.41927e+02	2.74643e+02	1.46779e+03	1.15910e+03	1.79905e+00	0.00000e+00	0.00000e+00	9.58611e-02
1.42767e+02	2.74658e+02	1.46727e+03	1.15936e+03	1.80046e+00	0.00000e+00	0.00000e+00	9.59340e-02
1.43608e+02	2.74674e+02	1.46675e+03	1.15962e+03	1.80188e+00	0.00000e+00	0.00000e+00	9.60066e-02
1.44449e+02	2.74689e+02	1.46623e+03	1.15988e+03	1.80328e+00	0.00000e+00	0.00000e+00	9.60791e-02
1.45290e+02	2.74705e+02	1.46571e+03	1.16014e+03	1.80469e+00	0.00000e+00	0.00000e+00	9.61513e-02
1.46131e+02	2.74720e+02	1.46519e+03	1.16039e+03	1.80610e+00	0.00000e+00	0.00000e+00	9.62234e-02
1.46971e+02	2.74736e+02	1.46467e+03	1.16065e+03	1.80750e+00	0.00000e+00	0.00000e+00	9.62952e-02
1.47812e+02	2.74751e+02	1.46416e+03	1.16091e+03	1.80890e+00	0.00000e+00	0.00000e+00	9.63669e-02
1.48653e+02	2.74767e+02	1.46364e+03	1.16117e+03	1.81030e+00	0.00000e+00	0.00000e+00	9.64383e-02
1.49494e+02	2.74783e+02	1.46312e+03	1.16142e+03	1.81169e+00	0.00000e+00	0.00000e+00	9.65096e-02
1.50335e+02	2.74798e+02	1.46260e+03	1.16168e+03	1.81308e+00	0.00000e+00	0.00000e+00	9.65806e-02
1.51176e+02	2.74814e+02	1.46208e+03	1.16193e+03	1.81448e+00	0.00000e+00	0.00000e+00	9.66515e-02
1.52016e+02	2.74830e+02	1.46157e+03	1.16219e+03	1.81586e+00	0.00000e+00	0.00000e+00	9.67222e-02
1.52857e+02	2.74845e+02	1.46105e+03	1.16244e+03	1.81725e+00	0.00000e+00	0.00000e+00	9.67927e-02
1.53698e+02	2.74861e+02	1.46053e+03	1.16270e+03	1.81863e+00	0.00000e+00	0.00000e+00	9.68630e-02
1.54539e+02	2.74877e+02	1.46002e+03	1.16295e+03	1.82001e+00	0.00000e+00	0.00000e+00	9.69331e-02
1.55380e+02	2.74893e+02	1.45950e+03	1.16321e+03	1.82139e+00	0.00000e+00	0.00000e+00	9.70030e-02
1.56220e+02	2.74908e+02	1.45898e+03	1.16346e+03	1.82277e+00	0.00000e+00	0.00000e+00	9.70727e-02
1.57061e+02	2.74924e+02	1.45847e+03	1.16371e+03	1.82414e+00	0.00000e+00	0.00000e+00	9.71423e-02
1.57902e+02	2.74940e+02	1.45795e+03	1.16396e+03	1.82551e+00	0.00000e+00	0.00000e+00	9.72117e-02
1.58743e+02	2.74956e+02	1.45744e+03	1.16422e+03	1.82688e+00	0.00000e+00	0.00000e+00	9.72808e-02
1.59584e+02	2.74972e+02	1.45692e+03	1.16447e+03	1.82825e+00	0.00000e+00	0.00000e+00	9.73498e-02
1.60425e+02	2.74988e+02	1.45641e+03	1.16472e+03	1.82961e+00	0.00000e+00	0.00000e+00	9.74187e-02
1.61265e+02	2.75004e+02	1.45589e+03	1.16497e+03	1.83098e+00	0.00000e+00	0.00000e+00	9.74873e-02
1.62106e+02	2.75020e+02	1.45538e+03	1.16522e+03	1.83234e+00	0.00000e+00	0.00000e+00	9.75558e-02
1.62947e+02	2.75036e+02	1.45487e+03	1.16547e+03	1.83370e+00	0.00000e+00	0.00000e+00	9.76240e-02
1.63788e+02	2.75052e+02	1.45435e+03	1.16572e+03	1.83505e+00	0.00000e+00	0.00000e+00	9.76921e-02
1.64629e+02	2.75068e+02	1.45384e+03	1.16597e+03	1.83641e+00	0.00000e+00	0.00000e+00	9.77601e-02
1.65469e+02	2.75084e+02	1.45333e+03	1.16622e+03	1.83776e+00	0.00000e+00	0.00000e+00	9.78278e-02
1.66310e+02	2.75100e+02	1.45281e+03	1.16647e+03	1.83911e+00	0.00000e+00	0.00000e+00	9.78954e-02
1.67151e+02	2.75116e+02	1.45230e+03	1.16672e+03	1.84045e+00	0.00000e+00	0.00000e+00	9.79628e-02
1.67992e+02	2.75132e+02	1.45179e+03	1.16697e+03	1.84180e+00	0.00000e+00	0.00000e+00	9.80301e-02
1.68833e+02	2.75148e+02	1.45128e+03	1.16721e+03	1.84314e+00	0.00000e+00	0.00000e+00	9.80972e-02
1.69674e+02	2.75165e+02	1.45077e+03	1.16746e+03	1.84448e+00	0.00000e+00	0.00000e+00	9.81641e-02
1.70514e+02	2.75181e+02	1.45026e+03	1.16771e+03	1.84582e+00	0.00000e+00	0.00000e+00	9.82308e-02
1.71355e+02	2.75197e+02	1.44975e+03	1.16795e+03	1.84716e+00	0.00000e+00	0.00000e+00	9.82974e-02
1.72196e+02	2.75213e+02	1.44923e+03	1.16820e+03	1.84850e+00	0.00000e+00	0.00000e+00	9.83638e-02
1.73037e+02	2.75230e+02	1.44872e+03	1.16845e+03	1.84983e+00	0.00000e+00	0.00000e+00	9.84301e-02
1.73878e+02	2.75246e+02	1.44821e+03	1.16869e+03	1.85116e+00	0.00000e+00	0.00000e+00	9.84962e-02
1.74718e+02	2.75262e+02	1.44770e+03	1.16894e+03	1.85249e+00	0.00000e+00	0.00000e+00	9.85621e-02
1.75559e+02	2.75279e+02	1.44720e+03	1.16918e+03	1.85382e+00	0.00000e+00	0.00000e+00	9.86279e-02
1.76400e+02	2.75295e+02	1.44669e+03	1.16943e+03	1.85514e+00	0.00000e+00	0.00000e+00	9.86935e-02
1.77241e+02	2.75311e+02	1.44618e+03	1.16967e+03	1.85646e+00	0.00000e+00	0.00000e+00	9.87590e-02
1.78082e+02	2.75328e+02	1.44567e+03	3.43107e+03	4.40806e+00	2.51310e+00	1.45208e+13	0.00000e+00
1.01414e+03	6.67590e+02	1.27333e+03	3.43107e+03	7.83767e+00	4.44617e+00	4.94322e+05	0.00000e+00
1.75716e+03	1.02284e+03	1.10099e+03	3.49975e+03	7.70670e+00	4.34473e+00	7.13693e+03	0.00000e+00
2.42257e+03	1.34613e+03	9.28647e+02	3.48461e+03	7.47474e+00	4.18148e+00	1.02587e+03	0.00000e+00
2.99023e+03	1.64707e+03	7.56306e+02	3.42872e+03	7.29531e+00	4.05329e+00	3.23054e+02	0.00000e+00
3.46182e+03	1.94669e+03	5.83965e+02	3.38979e+03	7.11018e+00	3.92469e+00	1.40370e+02	0.00000e+00
3.46182e+03	1.94669e+03	5.83965e+02	8.00000e+03	5.96386e+00	3.22923e+00	1.00000e+04	0.00000e+00
3.81609e+03	1.94885e+03	5.19080e+02	8.01210e+03	5.95935e+00	3.22680e+00	1.00000e+04	0.00000e+00
4.00940e+03	1.95102e+03	4.54195e+02	8.02351e+03	5.98347e+00	3.23816e+00	1.00000e+04	0.00000e+00
4.00133e+03	1.95318e+03	3.89310e+02	8.03490e+03	5.99463e+00	3.24329e+00	1.00000e+04	0.00000e+00
3.72269e+03	1.95534e+03	3.24425e+02	8.04716e+03	5.98942e+00	3.24051e+00	1.00000e+04	0.00000e+00
3.04388e+03	1.95750e+03	2.59540e+02	8.06230e+03	5.96161e+00	3.22678e+00	1.00000e+04	0.00000e+00
1.69015e+03	1.95967e+03	1.94655e+02	8.09016e+03	5.89704e+00	3.19506e+00	1.00000e+04	0.00000e+00
-1.04033e+03	1.96183e+03	1.29770e+02	8.04288e+03	5.80424e+00	3.15148e+00	1.00000e+04	0.00000e+00
-7.51174e+03	1.96399e+03	6.48850e+01	8.03578e+03	5.57798e+00	3.04319e+00	1.00000e+04	0.00000e+00
-3.39069e+04	1.96616e+03	0.00000e+00	8.03377e+03	4.99459e+00	2.76627e+00	1.00000e+04	0.00000e+00
