P (MPa)		T (K)		r (km)		rho (kg m-3)	VP (km s-1)	VS (km s-1)	QS/gamma	k for 0.01 mol/kg MgSO4 (S m-1)	
0.00000e+00	1.10000e+02	1.56100e+03	9.31660e+02	3.87940e+00	1.96225e+00	2.83443e+04	0.00000e+00
3.03383e-01	1.15341e+02	1.56075e+03	9.31660e+02	3.88004e+00	1.96262e+00	1.71638e+04	0.00000e+00
6.06766e-01	1.20942e+02	1.56050e+03	9.31448e+02	3.88074e+00	1.96302e+00	1.06378e+04	0.00000e+00
9.10149e-01	1.26815e+02	1.56026e+03	9.31206e+02	3.88150e+00	1.96346e+00	6.74078e+03	0.00000e+00
1.21353e+00	1.32973e+02	1.56001e+03	9.30929e+02	3.88234e+00	1.96393e+00	4.36259e+03	0.00000e+00
1.51691e+00	1.39430e+02	1.55976e+03	9.30613e+02	3.88326e+00	1.96444e+00	2.88091e+03	0.00000e+00
1.82030e+00	1.46200e+02	1.55951e+03	9.30250e+02	3.88427e+00	1.96500e+00	1.93937e+03	0.00000e+00
2.12368e+00	1.53299e+02	1.55927e+03	9.29836e+02	3.88539e+00	1.96562e+00	1.32969e+03	0.00000e+00
2.42706e+00	1.60743e+02	1.55902e+03	9.29363e+02	3.88664e+00	1.96629e+00	9.27748e+02	0.00000e+00
2.73045e+00	1.68548e+02	1.55877e+03	9.28822e+02	3.88803e+00	1.96704e+00	6.58187e+02	0.00000e+00
3.03383e+00	1.76733e+02	1.55852e+03	9.28204e+02	3.88958e+00	1.96788e+00	4.74430e+02	0.00000e+00
3.33721e+00	1.85314e+02	1.55827e+03	9.27501e+02	3.89131e+00	1.96880e+00	3.47200e+02	0.00000e+00
3.64060e+00	1.94313e+02	1.55802e+03	9.26703e+02	3.89325e+00	1.96983e+00	2.57790e+02	0.00000e+00
3.94398e+00	2.03748e+02	1.55778e+03	9.25800e+02	3.89540e+00	1.97096e+00	1.94062e+02	0.00000e+00
4.24736e+00	2.13642e+02	1.55753e+03	9.24783e+02	3.89780e+00	1.97223e+00	1.48022e+02	0.00000e+00
4.55074e+00	2.24016e+02	1.55728e+03	9.23645e+02	3.90046e+00	1.97362e+00	1.14330e+02	0.00000e+00
4.85413e+00	2.34894e+02	1.55703e+03	9.22384e+02	3.90339e+00	1.97515e+00	8.93690e+01	0.00000e+00
5.15751e+00	2.46300e+02	1.55678e+03	9.20999e+02	3.90658e+00	1.97681e+00	7.06590e+01	0.00000e+00
5.46089e+00	2.58259e+02	1.55653e+03	9.19499e+02	3.91002e+00	1.97860e+00	5.64772e+01	0.00000e+00
5.76428e+00	2.70800e+02	1.55628e+03	9.17896e+02	3.91369e+00	1.98050e+00	4.56125e+01	0.00000e+00
6.74781e+00	2.70803e+02	1.55556e+03	1.03139e+03	1.44865e+00	0.00000e+00	0.00000e+00	2.73463e+00
7.73134e+00	2.70806e+02	1.55483e+03	1.03186e+03	1.45027e+00	0.00000e+00	0.00000e+00	2.73926e+00
8.71487e+00	2.70809e+02	1.55411e+03	1.03232e+03	1.45189e+00	0.00000e+00	0.00000e+00	2.74388e+00
9.69840e+00	2.70812e+02	1.55339e+03	1.03279e+03	1.45351e+00	0.00000e+00	0.00000e+00	2.74849e+00
1.06819e+01	2.70815e+02	1.55267e+03	1.03325e+03	1.45514e+00	0.00000e+00	0.00000e+00	2.75308e+00
1.16655e+01	2.70819e+02	1.55195e+03	1.03372e+03	1.45677e+00	0.00000e+00	0.00000e+00	2.75766e+00
1.26490e+01	2.70823e+02	1.55123e+03	1.03418e+03	1.45841e+00	0.00000e+00	0.00000e+00	2.76222e+00
1.36325e+01	2.70827e+02	1.55051e+03	1.03464e+03	1.46005e+00	0.00000e+00	0.00000e+00	2.76677e+00
1.46161e+01	2.70831e+02	1.54979e+03	1.03510e+03	1.46170e+00	0.00000e+00	0.00000e+00	2.77131e+00
1.55996e+01	2.70836e+02	1.54908e+03	1.03556e+03	1.46336e+00	0.00000e+00	0.00000e+00	2.77583e+00
1.65831e+01	2.70840e+02	1.54836e+03	1.03602e+03	1.46501e+00	0.00000e+00	0.00000e+00	2.78034e+00
1.75666e+01	2.70845e+02	1.54764e+03	1.03648e+03	1.46668e+00	0.00000e+00	0.00000e+00	2.78484e+00
1.85502e+01	2.70850e+02	1.54693e+03	1.03694e+03	1.46834e+00	0.00000e+00	0.00000e+00	2.78932e+00
1.95337e+01	2.70855e+02	1.54621e+03	1.03739e+03	1.47001e+00	0.00000e+00	0.00000e+00	2.79378e+00
2.05172e+01	2.70861e+02	1.54550e+03	1.03785e+03	1.47169e+00	0.00000e+00	0.00000e+00	2.79824e+00
2.15008e+01	2.70866e+02	1.54479e+03	1.03830e+03	1.47337e+00	0.00000e+00	0.00000e+00	2.80268e+00
2.24843e+01	2.70872e+02	1.54407e+03	1.03875e+03	1.47506e+00	0.00000e+00	0.00000e+00	2.80710e+00
2.34678e+01	2.70878e+02	1.54336e+03	1.03921e+03	1.47674e+00	0.00000e+00	0.00000e+00	2.81151e+00
2.44514e+01	2.70884e+02	1.54265e+03	1.03966e+03	1.47844e+00	0.00000e+00	0.00000e+00	2.81591e+00
2.54349e+01	2.70890e+02	1.54194e+03	1.04011e+03	1.48014e+00	0.00000e+00	0.00000e+00	2.82030e+00
2.64184e+01	2.70897e+02	1.54123e+03	1.04055e+03	1.48184e+00	0.00000e+00	0.00000e+00	2.82467e+00
2.74019e+01	2.70903e+02	1.54052e+03	1.04100e+03	1.48355e+00	0.00000e+00	0.00000e+00	2.82903e+00
2.83855e+01	2.70910e+02	1.53981e+03	1.04145e+03	1.48526e+00	0.00000e+00	0.00000e+00	2.83337e+00
2.93690e+01	2.70917e+02	1.53910e+03	1.04189e+03	1.48697e+00	0.00000e+00	0.00000e+00	2.83770e+00
3.03525e+01	2.70924e+02	1.53839e+03	1.04234e+03	1.48869e+00	0.00000e+00	0.00000e+00	2.84202e+00
3.13361e+01	2.70932e+02	1.53769e+03	1.04278e+03	1.49041e+00	0.00000e+00	0.00000e+00	2.84632e+00
3.23196e+01	2.70939e+02	1.53698e+03	1.04322e+03	1.49214e+00	0.00000e+00	0.00000e+00	2.85062e+00
3.33031e+01	2.70947e+02	1.53627e+03	1.04366e+03	1.49387e+00	0.00000e+00	0.00000e+00	2.85489e+00
3.42867e+01	2.70955e+02	1.53557e+03	1.04410e+03	1.49561e+00	0.00000e+00	0.00000e+00	2.85916e+00
3.52702e+01	2.70963e+02	1.53486e+03	1.04454e+03	1.49735e+00	0.00000e+00	0.00000e+00	2.86341e+00
3.62537e+01	2.70971e+02	1.53416e+03	1.04498e+03	1.49909e+00	0.00000e+00	0.00000e+00	2.86764e+00
3.72373e+01	2.70979e+02	1.53345e+03	1.04542e+03	1.50084e+00	0.00000e+00	0.00000e+00	2.87187e+00
3.82208e+01	2.70988e+02	1.53275e+03	1.04585e+03	1.50259e+00	0.00000e+00	0.00000e+00	2.87608e+00
3.92043e+01	2.70997e+02	1.53205e+03	1.04629e+03	1.50434e+00	0.00000e+00	0.00000e+00	2.88028e+00
4.01878e+01	2.71005e+02	1.53135e+03	1.04672e+03	1.50610e+00	0.00000e+00	0.00000e+00	2.88446e+00
4.11714e+01	2.71015e+02	1.53065e+03	1.04716e+03	1.50786e+00	0.00000e+00	0.00000e+00	2.88863e+00
4.21549e+01	2.71024e+02	1.52995e+03	1.04759e+03	1.50962e+00	0.00000e+00	0.00000e+00	2.89279e+00
4.31384e+01	2.71033e+02	1.52925e+03	1.04802e+03	1.51139e+00	0.00000e+00	0.00000e+00	2.89693e+00
4.41220e+01	2.71043e+02	1.52855e+03	1.04845e+03	1.51316e+00	0.00000e+00	0.00000e+00	2.90107e+00
4.51055e+01	2.71052e+02	1.52785e+03	1.04888e+03	1.51494e+00	0.00000e+00	0.00000e+00	2.90518e+00
4.60890e+01	2.71062e+02	1.52715e+03	1.04931e+03	1.51672e+00	0.00000e+00	0.00000e+00	2.90929e+00
4.70726e+01	2.71072e+02	1.52645e+03	1.04973e+03	1.51850e+00	0.00000e+00	0.00000e+00	2.91338e+00
4.80561e+01	2.71082e+02	1.52576e+03	1.05016e+03	1.52028e+00	0.00000e+00	0.00000e+00	2.91746e+00
4.90396e+01	2.71093e+02	1.52506e+03	1.05058e+03	1.52207e+00	0.00000e+00	0.00000e+00	2.92153e+00
5.00232e+01	2.71103e+02	1.52436e+03	1.05101e+03	1.52386e+00	0.00000e+00	0.00000e+00	2.92558e+00
5.10067e+01	2.71114e+02	1.52367e+03	1.05143e+03	1.52565e+00	0.00000e+00	0.00000e+00	2.92962e+00
5.19902e+01	2.71124e+02	1.52298e+03	1.05185e+03	1.52745e+00	0.00000e+00	0.00000e+00	2.93364e+00
5.29737e+01	2.71135e+02	1.52228e+03	1.05228e+03	1.52924e+00	0.00000e+00	0.00000e+00	2.93766e+00
5.39573e+01	2.71146e+02	1.52159e+03	1.05270e+03	1.53104e+00	0.00000e+00	0.00000e+00	2.94166e+00
5.49408e+01	2.71158e+02	1.52090e+03	1.05311e+03	1.53285e+00	0.00000e+00	0.00000e+00	2.94564e+00
5.59243e+01	2.71169e+02	1.52020e+03	1.05353e+03	1.53465e+00	0.00000e+00	0.00000e+00	2.94962e+00
5.69079e+01	2.71180e+02	1.51951e+03	1.05395e+03	1.53646e+00	0.00000e+00	0.00000e+00	2.95358e+00
5.78914e+01	2.71192e+02	1.51882e+03	1.05437e+03	1.53827e+00	0.00000e+00	0.00000e+00	2.95753e+00
5.88749e+01	2.71204e+02	1.51813e+03	1.05478e+03	1.54008e+00	0.00000e+00	0.00000e+00	2.96146e+00
5.98585e+01	2.71216e+02	1.51744e+03	1.05519e+03	1.54190e+00	0.00000e+00	0.00000e+00	2.96538e+00
6.08420e+01	2.71228e+02	1.51675e+03	1.05561e+03	1.54371e+00	0.00000e+00	0.00000e+00	2.96929e+00
6.18255e+01	2.71240e+02	1.51606e+03	1.05602e+03	1.54553e+00	0.00000e+00	0.00000e+00	2.97319e+00
6.28091e+01	2.71253e+02	1.51538e+03	1.05643e+03	1.54735e+00	0.00000e+00	0.00000e+00	2.97707e+00
6.37926e+01	2.71265e+02	1.51469e+03	1.05684e+03	1.54918e+00	0.00000e+00	0.00000e+00	2.98094e+00
6.47761e+01	2.71278e+02	1.51400e+03	1.05725e+03	1.55100e+00	0.00000e+00	0.00000e+00	2.98480e+00
6.57596e+01	2.71291e+02	1.51332e+03	1.05766e+03	1.55283e+00	0.00000e+00	0.00000e+00	2.98864e+00
6.67432e+01	2.71304e+02	1.51263e+03	1.05807e+03	1.55465e+00	0.00000e+00	0.00000e+00	2.99247e+00
6.77267e+01	2.71317e+02	1.51194e+03	1.05847e+03	1.55648e+00	0.00000e+00	0.00000e+00	2.99629e+00
6.87102e+01	2.71330e+02	1.51126e+03	1.05888e+03	1.55831e+00	0.00000e+00	0.00000e+00	3.00010e+00
6.96938e+01	2.71343e+02	1.51058e+03	1.05928e+03	1.56014e+00	0.00000e+00	0.00000e+00	3.00389e+00
7.06773e+01	2.71357e+02	1.50989e+03	1.05969e+03	1.56198e+00	0.00000e+00	0.00000e+00	3.00767e+00
7.16608e+01	2.71370e+02	1.50921e+03	1.06009e+03	1.56381e+00	0.00000e+00	0.00000e+00	3.01143e+00
7.26444e+01	2.71384e+02	1.50853e+03	1.06049e+03	1.56564e+00	0.00000e+00	0.00000e+00	3.01518e+00
7.36279e+01	2.71398e+02	1.50785e+03	1.06089e+03	1.56748e+00	0.00000e+00	0.00000e+00	3.01892e+00
7.46114e+01	2.71412e+02	1.50717e+03	1.06129e+03	1.56931e+00	0.00000e+00	0.00000e+00	3.02265e+00
7.55950e+01	2.71426e+02	1.50648e+03	1.06169e+03	1.57115e+00	0.00000e+00	0.00000e+00	3.02636e+00
7.65785e+01	2.71440e+02	1.50580e+03	1.06209e+03	1.57299e+00	0.00000e+00	0.00000e+00	3.03007e+00
7.75620e+01	2.71455e+02	1.50513e+03	1.06249e+03	1.57483e+00	0.00000e+00	0.00000e+00	3.03375e+00
7.85455e+01	2.71469e+02	1.50445e+03	1.06288e+03	1.57666e+00	0.00000e+00	0.00000e+00	3.03743e+00
7.95291e+01	2.71484e+02	1.50377e+03	1.06328e+03	1.57850e+00	0.00000e+00	0.00000e+00	3.04109e+00
8.05126e+01	2.71499e+02	1.50309e+03	1.06367e+03	1.58034e+00	0.00000e+00	0.00000e+00	3.04474e+00
8.14961e+01	2.71513e+02	1.50241e+03	1.06406e+03	1.58218e+00	0.00000e+00	0.00000e+00	3.04837e+00
8.24797e+01	2.71529e+02	1.50174e+03	1.06446e+03	1.58402e+00	0.00000e+00	0.00000e+00	3.05200e+00
8.34632e+01	2.71544e+02	1.50106e+03	1.06485e+03	1.58586e+00	0.00000e+00	0.00000e+00	3.05561e+00
8.44467e+01	2.71559e+02	1.50039e+03	1.06524e+03	1.58769e+00	0.00000e+00	0.00000e+00	3.05920e+00
8.54303e+01	2.71574e+02	1.49971e+03	1.06563e+03	1.58953e+00	0.00000e+00	0.00000e+00	3.06279e+00
8.64138e+01	2.71590e+02	1.49904e+03	1.06602e+03	1.59137e+00	0.00000e+00	0.00000e+00	3.06636e+00
8.73973e+01	2.71605e+02	1.49836e+03	1.06641e+03	1.59320e+00	0.00000e+00	0.00000e+00	3.06992e+00
8.83808e+01	2.71621e+02	1.49769e+03	1.06679e+03	1.59504e+00	0.00000e+00	0.00000e+00	3.07346e+00
8.93644e+01	2.71637e+02	1.49702e+03	1.06718e+03	1.59687e+00	0.00000e+00	0.00000e+00	3.07700e+00
9.03479e+01	2.71653e+02	1.49635e+03	1.06756e+03	1.59871e+00	0.00000e+00	0.00000e+00	3.08052e+00
9.13314e+01	2.71669e+02	1.49567e+03	1.06795e+03	1.60054e+00	0.00000e+00	0.00000e+00	3.08402e+00
9.23150e+01	2.71685e+02	1.49500e+03	1.06833e+03	1.60237e+00	0.00000e+00	0.00000e+00	3.08752e+00
9.32985e+01	2.71701e+02	1.49433e+03	1.06871e+03	1.60420e+00	0.00000e+00	0.00000e+00	3.09100e+00
9.42820e+01	2.71718e+02	1.49366e+03	1.06910e+03	1.60603e+00	0.00000e+00	0.00000e+00	3.09446e+00
9.52656e+01	2.71734e+02	1.49299e+03	1.06948e+03	1.60786e+00	0.00000e+00	0.00000e+00	3.09792e+00
9.62491e+01	2.71751e+02	1.49232e+03	1.06986e+03	1.60968e+00	0.00000e+00	0.00000e+00	3.10136e+00
9.72326e+01	2.71768e+02	1.49166e+03	1.07024e+03	1.61150e+00	0.00000e+00	0.00000e+00	3.10479e+00
9.82162e+01	2.71785e+02	1.49099e+03	1.07061e+03	1.61332e+00	0.00000e+00	0.00000e+00	3.10821e+00
9.91997e+01	2.71801e+02	1.49032e+03	1.07099e+03	1.61514e+00	0.00000e+00	0.00000e+00	3.11161e+00
1.00183e+02	2.71819e+02	1.48965e+03	1.07137e+03	1.61696e+00	0.00000e+00	0.00000e+00	3.11500e+00
1.01167e+02	2.71836e+02	1.48899e+03	1.07174e+03	1.61877e+00	0.00000e+00	0.00000e+00	3.11838e+00
1.02150e+02	2.71853e+02	1.48832e+03	1.07212e+03	1.62058e+00	0.00000e+00	0.00000e+00	3.12174e+00
1.03134e+02	2.71870e+02	1.48766e+03	1.07249e+03	1.62239e+00	0.00000e+00	0.00000e+00	3.12509e+00
1.04117e+02	2.71888e+02	1.48699e+03	1.07287e+03	1.62420e+00	0.00000e+00	0.00000e+00	3.12843e+00
1.05101e+02	2.71905e+02	1.48633e+03	1.07324e+03	1.62600e+00	0.00000e+00	0.00000e+00	3.13176e+00
1.06084e+02	2.71923e+02	1.48567e+03	1.07361e+03	1.62780e+00	0.00000e+00	0.00000e+00	3.13507e+00
1.07068e+02	2.71941e+02	1.48500e+03	1.07398e+03	1.62960e+00	0.00000e+00	0.00000e+00	3.13837e+00
1.08051e+02	2.71959e+02	1.48434e+03	1.07435e+03	1.63139e+00	0.00000e+00	0.00000e+00	3.14166e+00
1.09035e+02	2.71977e+02	1.48368e+03	1.07472e+03	1.63318e+00	0.00000e+00	0.00000e+00	3.14493e+00
1.10019e+02	2.71995e+02	1.48302e+03	1.07509e+03	1.63496e+00	0.00000e+00	0.00000e+00	3.14819e+00
1.11002e+02	2.72013e+02	1.48236e+03	1.07546e+03	1.63675e+00	0.00000e+00	0.00000e+00	3.15144e+00
1.11986e+02	2.72031e+02	1.48170e+03	1.07582e+03	1.63852e+00	0.00000e+00	0.00000e+00	3.15468e+00
1.12969e+02	2.72050e+02	1.48104e+03	1.07619e+03	1.64030e+00	0.00000e+00	0.00000e+00	3.15790e+00
1.13953e+02	2.72068e+02	1.48038e+03	1.07655e+03	1.64207e+00	0.00000e+00	0.00000e+00	3.16111e+00
1.14936e+02	2.72087e+02	1.47972e+03	1.07692e+03	1.64383e+00	0.00000e+00	0.00000e+00	3.16431e+00
1.15920e+02	2.72105e+02	1.47906e+03	1.07728e+03	1.64559e+00	0.00000e+00	0.00000e+00	3.16749e+00
1.16903e+02	2.72124e+02	1.47840e+03	1.07764e+03	1.64735e+00	0.00000e+00	0.00000e+00	3.17066e+00
1.17887e+02	2.72143e+02	1.47775e+03	1.07801e+03	1.64910e+00	0.00000e+00	0.00000e+00	3.17382e+00
1.18870e+02	2.72162e+02	1.47709e+03	1.07837e+03	1.65084e+00	0.00000e+00	0.00000e+00	3.17697e+00
1.19854e+02	2.72181e+02	1.47643e+03	1.07873e+03	1.65258e+00	0.00000e+00	0.00000e+00	3.18010e+00
1.20837e+02	2.72200e+02	1.47578e+03	1.07909e+03	1.65432e+00	0.00000e+00	0.00000e+00	3.18322e+00
1.21821e+02	2.72219e+02	1.47512e+03	1.07945e+03	1.65605e+00	0.00000e+00	0.00000e+00	3.18633e+00
1.22804e+02	2.72238e+02	1.47447e+03	1.07981e+03	1.65777e+00	0.00000e+00	0.00000e+00	3.18943e+00
1.23788e+02	2.72258e+02	1.47381e+03	1.08016e+03	1.65949e+00	0.00000e+00	0.00000e+00	3.19251e+00
1.24771e+02	2.72277e+02	1.47316e+03	1.08052e+03	1.66120e+00	0.00000e+00	0.00000e+00	3.19558e+00
1.25755e+02	2.72297e+02	1.47251e+03	1.08088e+03	1.66290e+00	0.00000e+00	0.00000e+00	3.19864e+00
1.26739e+02	2.72316e+02	1.47186e+03	1.08123e+03	1.66460e+00	0.00000e+00	0.00000e+00	3.20168e+00
1.27722e+02	2.72336e+02	1.47120e+03	1.08159e+03	1.66629e+00	0.00000e+00	0.00000e+00	3.20472e+00
1.28706e+02	2.72356e+02	1.47055e+03	1.08194e+03	1.66798e+00	0.00000e+00	0.00000e+00	3.20774e+00
1.29689e+02	2.72376e+02	1.46990e+03	1.08229e+03	1.66966e+00	0.00000e+00	0.00000e+00	3.21074e+00
1.30673e+02	2.72396e+02	1.46925e+03	1.08264e+03	1.67133e+00	0.00000e+00	0.00000e+00	3.21374e+00
1.31656e+02	2.72416e+02	1.46860e+03	1.08300e+03	1.67299e+00	0.00000e+00	0.00000e+00	3.21672e+00
1.32640e+02	2.72436e+02	1.46795e+03	1.08335e+03	1.67465e+00	0.00000e+00	0.00000e+00	3.21969e+00
1.33623e+02	2.72456e+02	1.46730e+03	1.08370e+03	1.67629e+00	0.00000e+00	0.00000e+00	3.22265e+00
1.34607e+02	2.72477e+02	1.46666e+03	1.08405e+03	1.67793e+00	0.00000e+00	0.00000e+00	3.22559e+00
1.35590e+02	2.72497e+02	1.46601e+03	1.08440e+03	1.67957e+00	0.00000e+00	0.00000e+00	3.22852e+00
1.36574e+02	2.72518e+02	1.46536e+03	1.08474e+03	1.68119e+00	0.00000e+00	0.00000e+00	3.23144e+00
1.37557e+02	2.72538e+02	1.46471e+03	1.08509e+03	1.68281e+00	0.00000e+00	0.00000e+00	3.23435e+00
1.38541e+02	2.72559e+02	1.46407e+03	1.08544e+03	1.68441e+00	0.00000e+00	0.00000e+00	3.23724e+00
1.39524e+02	2.72580e+02	1.46342e+03	1.08579e+03	1.68601e+00	0.00000e+00	0.00000e+00	3.24013e+00
1.40508e+02	2.72600e+02	1.46278e+03	1.08613e+03	1.68760e+00	0.00000e+00	0.00000e+00	3.24300e+00
1.41492e+02	2.72621e+02	1.46213e+03	1.08648e+03	1.68918e+00	0.00000e+00	0.00000e+00	3.24586e+00
1.42475e+02	2.72642e+02	1.46149e+03	1.08682e+03	1.69075e+00	0.00000e+00	0.00000e+00	3.24870e+00
1.43459e+02	2.72663e+02	1.46084e+03	1.08716e+03	1.69231e+00	0.00000e+00	0.00000e+00	3.25153e+00
1.44442e+02	2.72684e+02	1.46020e+03	1.08751e+03	1.69386e+00	0.00000e+00	0.00000e+00	3.25436e+00
1.45426e+02	2.72706e+02	1.45956e+03	1.08785e+03	1.69540e+00	0.00000e+00	0.00000e+00	3.25716e+00
1.46409e+02	2.72727e+02	1.45892e+03	1.08819e+03	1.69693e+00	0.00000e+00	0.00000e+00	3.25996e+00
1.47393e+02	2.72748e+02	1.45827e+03	1.08853e+03	1.69846e+00	0.00000e+00	0.00000e+00	3.26275e+00
1.48376e+02	2.72770e+02	1.45763e+03	1.08887e+03	1.69997e+00	0.00000e+00	0.00000e+00	3.26552e+00
1.49360e+02	2.72791e+02	1.45699e+03	1.08921e+03	1.70146e+00	0.00000e+00	0.00000e+00	3.26828e+00
1.50343e+02	2.72813e+02	1.45635e+03	1.08955e+03	1.70295e+00	0.00000e+00	0.00000e+00	3.27103e+00
1.51327e+02	2.72835e+02	1.45571e+03	1.08989e+03	1.70443e+00	0.00000e+00	0.00000e+00	3.27376e+00
1.52310e+02	2.72856e+02	1.45507e+03	1.09023e+03	1.70590e+00	0.00000e+00	0.00000e+00	3.27649e+00
1.53294e+02	2.72878e+02	1.45443e+03	1.09057e+03	1.70735e+00	0.00000e+00	0.00000e+00	3.27920e+00
1.54277e+02	2.72900e+02	1.45380e+03	1.09091e+03	1.70879e+00	0.00000e+00	0.00000e+00	3.28190e+00
1.55261e+02	2.72922e+02	1.45316e+03	1.09124e+03	1.71022e+00	0.00000e+00	0.00000e+00	3.28459e+00
1.56244e+02	2.72944e+02	1.45252e+03	1.09158e+03	1.71164e+00	0.00000e+00	0.00000e+00	3.28727e+00
1.57228e+02	2.72966e+02	1.45188e+03	1.09191e+03	1.71305e+00	0.00000e+00	0.00000e+00	3.28993e+00
1.58212e+02	2.72988e+02	1.45125e+03	1.09225e+03	1.71444e+00	0.00000e+00	0.00000e+00	3.29259e+00
1.59195e+02	2.73011e+02	1.45061e+03	3.40946e+03	4.37911e+00	2.49756e+00	1.78727e+13	0.00000e+00
2.16689e+02	3.01088e+02	1.43871e+03	3.40946e+03	4.38409e+00	2.49795e+00	1.14302e+12	0.00000e+00
2.73745e+02	3.28978e+02	1.42680e+03	3.41829e+03	4.38100e+00	2.49500e+00	1.18413e+11	0.00000e+00
3.30512e+02	3.56679e+02	1.41490e+03	3.41790e+03	7.74570e+00	4.41179e+00	1.76871e+10	0.00000e+00
3.86830e+02	3.84193e+02	1.40299e+03	3.44605e+03	7.81787e+00	4.45340e+00	3.50819e+09	0.00000e+00
4.43169e+02	4.11522e+02	1.39109e+03	3.47215e+03	7.79376e+00	4.43708e+00	8.71734e+08	0.00000e+00
4.99476e+02	4.38664e+02	1.37918e+03	3.46573e+03	7.76960e+00	4.42068e+00	2.59682e+08	0.00000e+00
5.55210e+02	4.65622e+02	1.36728e+03	3.45924e+03	7.74266e+00	4.40264e+00	8.96303e+07	0.00000e+00
6.10376e+02	4.92396e+02	1.35537e+03	3.45186e+03	7.76629e+00	4.41513e+00	3.49457e+07	0.00000e+00
6.64964e+02	5.18988e+02	1.34347e+03	3.46174e+03	7.88296e+00	4.48416e+00	1.50876e+07	0.00000e+00
7.19250e+02	5.45397e+02	1.33156e+03	3.50389e+03	7.73946e+00	4.39542e+00	7.10306e+06	0.00000e+00
7.73729e+02	5.71626e+02	1.31966e+03	3.45626e+03	7.86017e+00	4.46709e+00	3.60263e+06	0.00000e+00
8.26989e+02	5.97674e+02	1.30775e+03	3.50009e+03	7.72328e+00	4.38219e+00	1.94464e+06	0.00000e+00
8.80461e+02	6.23543e+02	1.29585e+03	3.45447e+03	7.80163e+00	4.42827e+00	1.10973e+06	0.00000e+00
9.32759e+02	6.49235e+02	1.28394e+03	3.48382e+03	7.75973e+00	4.40112e+00	6.63702e+05	0.00000e+00
9.85041e+02	6.74749e+02	1.27204e+03	3.47115e+03	7.71788e+00	4.37400e+00	4.14138e+05	0.00000e+00
1.03666e+03	7.00088e+02	1.26013e+03	3.45850e+03	7.72124e+00	4.37445e+00	2.68079e+05	0.00000e+00
1.08763e+03	7.25252e+02	1.24823e+03	3.46164e+03	7.81242e+00	4.42883e+00	1.79274e+05	0.00000e+00
1.13819e+03	7.50243e+02	1.23632e+03	3.49607e+03	7.73453e+00	4.37958e+00	1.23441e+05	0.00000e+00
1.18878e+03	7.75063e+02	1.22442e+03	3.47049e+03	7.78116e+00	4.40678e+00	8.72826e+04	0.00000e+00
1.23853e+03	7.99711e+02	1.21251e+03	3.48927e+03	7.72940e+00	4.37351e+00	6.31538e+04	0.00000e+00
1.28808e+03	8.24190e+02	1.20061e+03	3.47288e+03	7.67735e+00	4.33999e+00	4.66800e+04	0.00000e+00
1.33693e+03	8.48501e+02	1.18870e+03	3.45625e+03	7.62264e+00	4.30486e+00	3.51600e+04	0.00000e+00
1.38508e+03	8.72646e+02	1.17680e+03	3.43865e+03	7.68450e+00	4.34162e+00	2.69399e+04	0.00000e+00
1.43254e+03	8.96627e+02	1.16489e+03	3.46305e+03	7.58436e+00	4.27834e+00	2.09653e+04	0.00000e+00
1.47988e+03	9.20444e+02	1.15299e+03	3.42880e+03	7.68861e+00	4.34154e+00	1.65565e+04	0.00000e+00
1.52631e+03	9.44099e+02	1.14108e+03	3.46890e+03	7.62519e+00	4.30086e+00	1.32433e+04	0.00000e+00
1.57283e+03	9.67595e+02	1.12918e+03	3.44778e+03	7.56258e+00	4.26066e+00	1.07261e+04	0.00000e+00
1.61861e+03	9.90933e+02	1.11727e+03	3.42690e+03	7.49753e+00	4.21891e+00	8.78242e+03	0.00000e+00
1.66367e+03	1.01412e+03	1.10537e+03	3.40502e+03	7.60329e+00	4.28342e+00	7.26346e+03	0.00000e+00
1.70801e+03	1.03714e+03	1.09346e+03	3.44611e+03	7.51903e+00	4.22963e+00	6.06312e+03	0.00000e+00
1.75246e+03	1.06002e+03	1.08156e+03	3.41693e+03	7.52623e+00	4.23288e+00	5.10746e+03	0.00000e+00
1.79609e+03	1.08275e+03	1.06965e+03	3.42171e+03	7.45425e+00	4.18661e+00	4.33636e+03	0.00000e+00
1.83936e+03	1.10533e+03	1.05775e+03	3.39684e+03	7.51419e+00	4.22289e+00	3.70965e+03	0.00000e+00
1.88189e+03	1.12776e+03	1.04584e+03	3.42132e+03	7.43960e+00	4.17493e+00	3.19521e+03	0.00000e+00
1.92431e+03	1.15005e+03	1.03394e+03	3.39531e+03	7.46047e+00	4.18684e+00	2.77066e+03	0.00000e+00
1.96598e+03	1.17220e+03	1.02203e+03	3.40524e+03	7.40998e+00	4.15391e+00	2.41672e+03	0.00000e+00
2.00737e+03	1.19422e+03	1.01013e+03	3.38812e+03	7.40196e+00	4.14768e+00	2.12019e+03	0.00000e+00
2.04813e+03	1.21610e+03	9.98224e+02	3.38706e+03	7.39392e+00	4.14145e+00	1.86974e+03	0.00000e+00
2.08849e+03	1.23785e+03	9.86319e+02	3.38600e+03	7.38586e+00	4.13524e+00	1.65712e+03	0.00000e+00
2.12842e+03	1.25947e+03	9.74414e+02	3.38493e+03	7.37779e+00	4.12904e+00	1.47556e+03	0.00000e+00
2.16795e+03	1.28096e+03	9.62510e+02	3.38386e+03	7.36972e+00	4.12285e+00	1.31966e+03	0.00000e+00
2.20707e+03	1.30234e+03	9.50605e+02	3.38278e+03	7.36165e+00	4.11667e+00	1.18511e+03	0.00000e+00
2.24579e+03	1.32360e+03	9.38700e+02	3.38169e+03	7.35355e+00	4.11050e+00	1.06840e+03	0.00000e+00
2.28411e+03	1.34474e+03	9.26795e+02	3.38060e+03	7.34544e+00	4.10433e+00	9.66705e+02	0.00000e+00
2.32203e+03	1.36577e+03	9.14890e+02	3.37950e+03	7.33732e+00	4.09818e+00	8.77695e+02	0.00000e+00
2.35955e+03	1.38670e+03	9.02985e+02	3.37839e+03	7.32917e+00	4.09203e+00	7.99461e+02	0.00000e+00
2.39668e+03	1.40753e+03	8.91080e+02	3.37728e+03	7.32103e+00	4.08589e+00	7.30424e+02	0.00000e+00
2.43342e+03	1.42826e+03	8.79175e+02	3.37616e+03	7.31283e+00	4.07975e+00	6.69272e+02	0.00000e+00
2.46978e+03	1.44890e+03	8.67270e+02	3.37503e+03	7.30463e+00	4.07361e+00	6.14906e+02	0.00000e+00
2.50576e+03	1.46945e+03	8.55365e+02	3.37389e+03	7.29640e+00	4.06747e+00	5.66407e+02	0.00000e+00
2.54136e+03	1.48992e+03	8.43460e+02	3.37275e+03	7.28814e+00	4.06133e+00	5.22998e+02	0.00000e+00
2.57660e+03	1.51032e+03	8.31555e+02	3.37159e+03	7.27986e+00	4.05519e+00	4.84022e+02	0.00000e+00
2.61146e+03	1.53065e+03	8.19650e+02	3.37043e+03	7.27152e+00	4.04904e+00	4.48919e+02	0.00000e+00
2.64596e+03	1.55091e+03	8.07746e+02	3.36925e+03	7.26315e+00	4.04288e+00	4.17213e+02	0.00000e+00
2.68010e+03	1.57112e+03	7.95841e+02	3.36806e+03	7.25474e+00	4.03671e+00	3.88495e+02	0.00000e+00
2.71389e+03	1.59129e+03	7.83936e+02	3.36686e+03	7.24627e+00	4.03054e+00	3.62413e+02	0.00000e+00
2.74734e+03	1.61141e+03	7.72031e+02	3.36565e+03	7.23777e+00	4.02435e+00	3.38663e+02	0.00000e+00
2.78044e+03	1.63150e+03	7.60126e+02	3.36443e+03	7.22920e+00	4.01813e+00	3.16983e+02	0.00000e+00
2.81321e+03	1.65157e+03	7.48221e+02	3.36318e+03	7.22057e+00	4.01190e+00	2.97145e+02	0.00000e+00
2.84565e+03	1.67163e+03	7.36316e+02	3.36193e+03	7.21185e+00	4.00564e+00	2.78950e+02	0.00000e+00
2.87778e+03	1.69168e+03	7.24411e+02	3.36066e+03	7.20308e+00	3.99936e+00	2.62223e+02	0.00000e+00
2.90958e+03	1.71174e+03	7.12506e+02	3.35937e+03	7.19422e+00	3.99303e+00	2.46814e+02	0.00000e+00
2.94109e+03	1.73182e+03	7.00601e+02	3.35806e+03	7.18527e+00	3.98668e+00	2.32587e+02	0.00000e+00
2.97229e+03	1.75194e+03	6.88696e+02	3.35673e+03	7.17623e+00	3.98028e+00	2.19424e+02	0.00000e+00
3.00321e+03	1.77209e+03	6.76791e+02	3.35538e+03	7.16708e+00	3.97384e+00	2.07222e+02	0.00000e+00
3.03385e+03	1.79231e+03	6.64886e+02	3.35401e+03	7.15781e+00	3.96735e+00	1.95888e+02	0.00000e+00
3.06423e+03	1.81259e+03	6.52982e+02	3.35262e+03	7.14842e+00	3.96079e+00	1.85341e+02	0.00000e+00
3.09435e+03	1.83297e+03	6.41077e+02	3.35119e+03	7.13888e+00	3.95417e+00	1.75506e+02	0.00000e+00
3.12422e+03	1.85346e+03	6.29172e+02	3.34974e+03	7.12921e+00	3.94749e+00	1.66320e+02	0.00000e+00
3.15386e+03	1.87407e+03	6.17267e+02	3.34826e+03	7.11937e+00	3.94072e+00	1.57723e+02	0.00000e+00
3.18328e+03	1.89482e+03	6.05362e+02	3.34675e+03	7.10937e+00	3.93387e+00	1.49665e+02	0.00000e+00
3.21250e+03	1.91575e+03	5.93457e+02	3.34520e+03	7.09916e+00	3.92692e+00	1.42097e+02	0.00000e+00
3.24154e+03	1.93687e+03	5.81552e+02	3.34361e+03	7.08875e+00	3.91987e+00	1.34979e+02	0.00000e+00
3.24154e+03	1.93687e+03	5.81552e+02	7.02772e+03	2.33466e+00	0.00000e+00	1.00000e+04	0.00000e+00
3.57080e+03	1.93902e+03	5.16935e+02	7.07910e+03	2.32617e+00	0.00000e+00	1.00000e+04	0.00000e+00
3.79371e+03	1.94117e+03	4.52318e+02	7.12594e+03	2.36450e+00	0.00000e+00	1.00000e+04	0.00000e+00
3.88373e+03	1.94332e+03	3.87701e+02	7.17082e+03	2.38761e+00	0.00000e+00	1.00000e+04	0.00000e+00
3.79665e+03	1.94547e+03	3.23084e+02	7.21655e+03	2.39222e+00	0.00000e+00	1.00000e+04	0.00000e+00
3.45060e+03	1.94763e+03	2.58468e+02	7.26770e+03	2.37204e+00	0.00000e+00	1.00000e+04	0.00000e+00
2.67271e+03	1.94978e+03	1.93851e+02	7.33692e+03	2.31381e+00	0.00000e+00	1.00000e+04	0.00000e+00
1.02078e+03	1.95193e+03	1.29234e+02	7.53851e+03	2.17479e+00	0.00000e+00	1.00000e+04	0.00000e+00
-3.10480e+03	1.95408e+03	6.46169e+01	7.45166e+03	1.93695e+00	0.00000e+00	1.00000e+04	0.00000e+00
-1.98759e+04	1.95623e+03	0.00000e+00	7.40873e+03	1.08562e+00	0.00000e+00	1.00000e+04	0.00000e+00
