P (MPa)		T (K)		r (km)		rho (kg m-3)	VP (km s-1)	VS (km s-1)	QS/gamma	KS (GPa)	GS (GPa)	k for 0.01 mol/kg MgSO4 (S m-1)	
0.00000e+00	1.10000e+02	1.56100e+03	9.31848e+02	3.87940e+00	1.96225e+00	2.83443e+04	9.24000e+00	3.58800e+00	0.00000e+00
1.97997e+00	1.46451e+02	1.55938e+03	9.31848e+02	3.88440e+00	1.96509e+00	1.91244e+03	9.24652e+00	3.59225e+00	0.00000e+00
3.95995e+00	1.94981e+02	1.55777e+03	9.31825e+02	3.89358e+00	1.97004e+00	2.52429e+02	9.25303e+00	3.59649e+00	0.00000e+00
5.93992e+00	2.59593e+02	1.55616e+03	9.31772e+02	3.91069e+00	1.97901e+00	5.51544e+01	9.25951e+00	3.60072e+00	0.00000e+00
7.91990e+00	2.59603e+02	1.55454e+03	9.31685e+02	3.91191e+00	1.97994e+00	5.51446e+01	9.26597e+00	3.60495e+00	0.00000e+00
9.89987e+00	2.59614e+02	1.55293e+03	9.31560e+02	3.91313e+00	1.98087e+00	5.51343e+01	9.27241e+00	3.60917e+00	0.00000e+00
1.18798e+01	2.59625e+02	1.55133e+03	9.31390e+02	3.91434e+00	1.98179e+00	5.51236e+01	9.27884e+00	3.61338e+00	0.00000e+00
1.38598e+01	2.59636e+02	1.54972e+03	9.31169e+02	3.91555e+00	1.98271e+00	5.51123e+01	9.28524e+00	3.61758e+00	0.00000e+00
1.58398e+01	2.59648e+02	1.54811e+03	9.30890e+02	3.91676e+00	1.98363e+00	5.51005e+01	9.29162e+00	3.62177e+00	0.00000e+00
1.78198e+01	2.59661e+02	1.54651e+03	9.30545e+02	3.91796e+00	1.98454e+00	5.50881e+01	9.29798e+00	3.62596e+00	0.00000e+00
1.97997e+01	2.59674e+02	1.54491e+03	9.30127e+02	3.91915e+00	1.98545e+00	5.50751e+01	9.30432e+00	3.63014e+00	0.00000e+00
2.17797e+01	2.59688e+02	1.54331e+03	9.29624e+02	3.92034e+00	1.98636e+00	5.50615e+01	9.31064e+00	3.63431e+00	0.00000e+00
2.37597e+01	2.59703e+02	1.54170e+03	9.29029e+02	3.92153e+00	1.98727e+00	5.50473e+01	9.31694e+00	3.63847e+00	0.00000e+00
2.57397e+01	2.59718e+02	1.54010e+03	9.28332e+02	3.92271e+00	1.98818e+00	5.50324e+01	9.32322e+00	3.64263e+00	0.00000e+00
2.77196e+01	2.59734e+02	1.53851e+03	9.27523e+02	3.92389e+00	1.98908e+00	5.50168e+01	9.32948e+00	3.64677e+00	0.00000e+00
2.96996e+01	2.59751e+02	1.53691e+03	9.26597e+02	3.92506e+00	1.98998e+00	5.50005e+01	9.33572e+00	3.65091e+00	0.00000e+00
3.16796e+01	2.59769e+02	1.53531e+03	9.25548e+02	3.92623e+00	1.99087e+00	5.49834e+01	9.34193e+00	3.65504e+00	0.00000e+00
3.36596e+01	2.59787e+02	1.53371e+03	9.24377e+02	3.92739e+00	1.99177e+00	5.49655e+01	9.34813e+00	3.65917e+00	0.00000e+00
3.56395e+01	2.59807e+02	1.53211e+03	9.23089e+02	3.92855e+00	1.99266e+00	5.49467e+01	9.35431e+00	3.66328e+00	0.00000e+00
3.76195e+01	2.68200e+02	1.53051e+03	9.21696e+02	3.93204e+00	1.99473e+00	4.76002e+01	9.36046e+00	3.66739e+00	0.00000e+00
3.85120e+01	2.68206e+02	1.52988e+03	1.04632e+03	1.48941e+00	0.00000e+00	0.00000e+00	2.32109e+00	0.00000e+00	2.64753e+00
3.94045e+01	2.68212e+02	1.52924e+03	1.04673e+03	1.49101e+00	0.00000e+00	0.00000e+00	2.32698e+00	0.00000e+00	2.65117e+00
4.02971e+01	2.68219e+02	1.52861e+03	1.04713e+03	1.49261e+00	0.00000e+00	0.00000e+00	2.33289e+00	0.00000e+00	2.65481e+00
4.11896e+01	2.68225e+02	1.52797e+03	1.04753e+03	1.49422e+00	0.00000e+00	0.00000e+00	2.33882e+00	0.00000e+00	2.65844e+00
4.20821e+01	2.68232e+02	1.52734e+03	1.04793e+03	1.49584e+00	0.00000e+00	0.00000e+00	2.34476e+00	0.00000e+00	2.66205e+00
4.29746e+01	2.68239e+02	1.52671e+03	1.04832e+03	1.49745e+00	0.00000e+00	0.00000e+00	2.35072e+00	0.00000e+00	2.66566e+00
4.38671e+01	2.68246e+02	1.52608e+03	1.04872e+03	1.49907e+00	0.00000e+00	0.00000e+00	2.35670e+00	0.00000e+00	2.66925e+00
4.47596e+01	2.68253e+02	1.52544e+03	1.04912e+03	1.50069e+00	0.00000e+00	0.00000e+00	2.36270e+00	0.00000e+00	2.67284e+00
4.56522e+01	2.68260e+02	1.52481e+03	1.04951e+03	1.50232e+00	0.00000e+00	0.00000e+00	2.36871e+00	0.00000e+00	2.67641e+00
4.65447e+01	2.68268e+02	1.52418e+03	1.04991e+03	1.50395e+00	0.00000e+00	0.00000e+00	2.37475e+00	0.00000e+00	2.67998e+00
4.74372e+01	2.68275e+02	1.52355e+03	1.05030e+03	1.50558e+00	0.00000e+00	0.00000e+00	2.38080e+00	0.00000e+00	2.68353e+00
4.83297e+01	2.68283e+02	1.52292e+03	1.05070e+03	1.50721e+00	0.00000e+00	0.00000e+00	2.38686e+00	0.00000e+00	2.68707e+00
4.92222e+01	2.68291e+02	1.52229e+03	1.05109e+03	1.50885e+00	0.00000e+00	0.00000e+00	2.39294e+00	0.00000e+00	2.69061e+00
5.01147e+01	2.68299e+02	1.52166e+03	1.05148e+03	1.51049e+00	0.00000e+00	0.00000e+00	2.39904e+00	0.00000e+00	2.69413e+00
5.10072e+01	2.68307e+02	1.52104e+03	1.05187e+03	1.51213e+00	0.00000e+00	0.00000e+00	2.40516e+00	0.00000e+00	2.69764e+00
5.18998e+01	2.68315e+02	1.52041e+03	1.05226e+03	1.51378e+00	0.00000e+00	0.00000e+00	2.41129e+00	0.00000e+00	2.70115e+00
5.27923e+01	2.68323e+02	1.51978e+03	1.05265e+03	1.51543e+00	0.00000e+00	0.00000e+00	2.41744e+00	0.00000e+00	2.70464e+00
5.36848e+01	2.68332e+02	1.51915e+03	1.05304e+03	1.51708e+00	0.00000e+00	0.00000e+00	2.42360e+00	0.00000e+00	2.70812e+00
5.45773e+01	2.68341e+02	1.51853e+03	1.05343e+03	1.51873e+00	0.00000e+00	0.00000e+00	2.42978e+00	0.00000e+00	2.71159e+00
5.54698e+01	2.68349e+02	1.51790e+03	1.05381e+03	1.52039e+00	0.00000e+00	0.00000e+00	2.43598e+00	0.00000e+00	2.71506e+00
5.63623e+01	2.68358e+02	1.51728e+03	1.05420e+03	1.52205e+00	0.00000e+00	0.00000e+00	2.44219e+00	0.00000e+00	2.71851e+00
5.72549e+01	2.68367e+02	1.51665e+03	1.05458e+03	1.52371e+00	0.00000e+00	0.00000e+00	2.44842e+00	0.00000e+00	2.72195e+00
5.81474e+01	2.68377e+02	1.51603e+03	1.05497e+03	1.52537e+00	0.00000e+00	0.00000e+00	2.45466e+00	0.00000e+00	2.72538e+00
5.90399e+01	2.68386e+02	1.51540e+03	1.05535e+03	1.52704e+00	0.00000e+00	0.00000e+00	2.46091e+00	0.00000e+00	2.72880e+00
5.99324e+01	2.68395e+02	1.51478e+03	1.05573e+03	1.52870e+00	0.00000e+00	0.00000e+00	2.46718e+00	0.00000e+00	2.73222e+00
6.08249e+01	2.68405e+02	1.51416e+03	1.05611e+03	1.53037e+00	0.00000e+00	0.00000e+00	2.47347e+00	0.00000e+00	2.73562e+00
6.17174e+01	2.68415e+02	1.51354e+03	1.05649e+03	1.53205e+00	0.00000e+00	0.00000e+00	2.47977e+00	0.00000e+00	2.73901e+00
6.26100e+01	2.68425e+02	1.51291e+03	1.05687e+03	1.53372e+00	0.00000e+00	0.00000e+00	2.48608e+00	0.00000e+00	2.74239e+00
6.35025e+01	2.68434e+02	1.51229e+03	1.05725e+03	1.53539e+00	0.00000e+00	0.00000e+00	2.49241e+00	0.00000e+00	2.74576e+00
6.43950e+01	2.68445e+02	1.51167e+03	1.05763e+03	1.53707e+00	0.00000e+00	0.00000e+00	2.49875e+00	0.00000e+00	2.74912e+00
6.52875e+01	2.68455e+02	1.51105e+03	1.05801e+03	1.53875e+00	0.00000e+00	0.00000e+00	2.50510e+00	0.00000e+00	2.75247e+00
6.61800e+01	2.68465e+02	1.51043e+03	1.05839e+03	1.54043e+00	0.00000e+00	0.00000e+00	2.51147e+00	0.00000e+00	2.75581e+00
6.70725e+01	2.68476e+02	1.50981e+03	1.05876e+03	1.54211e+00	0.00000e+00	0.00000e+00	2.51785e+00	0.00000e+00	2.75914e+00
6.79650e+01	2.68486e+02	1.50919e+03	1.05914e+03	1.54379e+00	0.00000e+00	0.00000e+00	2.52424e+00	0.00000e+00	2.76246e+00
6.88576e+01	2.68497e+02	1.50858e+03	1.05951e+03	1.54548e+00	0.00000e+00	0.00000e+00	2.53064e+00	0.00000e+00	2.76577e+00
6.97501e+01	2.68508e+02	1.50796e+03	1.05988e+03	1.54716e+00	0.00000e+00	0.00000e+00	2.53706e+00	0.00000e+00	2.76907e+00
7.06426e+01	2.68519e+02	1.50734e+03	1.06026e+03	1.54885e+00	0.00000e+00	0.00000e+00	2.54349e+00	0.00000e+00	2.77236e+00
7.15351e+01	2.68530e+02	1.50672e+03	1.06063e+03	1.55054e+00	0.00000e+00	0.00000e+00	2.54993e+00	0.00000e+00	2.77565e+00
7.24276e+01	2.68541e+02	1.50611e+03	1.06100e+03	1.55223e+00	0.00000e+00	0.00000e+00	2.55638e+00	0.00000e+00	2.77891e+00
7.33201e+01	2.68552e+02	1.50549e+03	1.06137e+03	1.55392e+00	0.00000e+00	0.00000e+00	2.56284e+00	0.00000e+00	2.78217e+00
7.42127e+01	2.68564e+02	1.50487e+03	1.06174e+03	1.55561e+00	0.00000e+00	0.00000e+00	2.56931e+00	0.00000e+00	2.78542e+00
7.51052e+01	2.68575e+02	1.50426e+03	1.06211e+03	1.55730e+00	0.00000e+00	0.00000e+00	2.57580e+00	0.00000e+00	2.78866e+00
7.59977e+01	2.68587e+02	1.50364e+03	1.06247e+03	1.55899e+00	0.00000e+00	0.00000e+00	2.58229e+00	0.00000e+00	2.79189e+00
7.68902e+01	2.68599e+02	1.50303e+03	1.06284e+03	1.56068e+00	0.00000e+00	0.00000e+00	2.58880e+00	0.00000e+00	2.79511e+00
7.77827e+01	2.68611e+02	1.50242e+03	1.06321e+03	1.56238e+00	0.00000e+00	0.00000e+00	2.59531e+00	0.00000e+00	2.79832e+00
7.86752e+01	2.68623e+02	1.50180e+03	1.06357e+03	1.56407e+00	0.00000e+00	0.00000e+00	2.60183e+00	0.00000e+00	2.80152e+00
7.95678e+01	2.68635e+02	1.50119e+03	1.06394e+03	1.56576e+00	0.00000e+00	0.00000e+00	2.60837e+00	0.00000e+00	2.80471e+00
8.04603e+01	2.68647e+02	1.50058e+03	1.06430e+03	1.56746e+00	0.00000e+00	0.00000e+00	2.61491e+00	0.00000e+00	2.80789e+00
8.13528e+01	2.68660e+02	1.49997e+03	1.06466e+03	1.56915e+00	0.00000e+00	0.00000e+00	2.62146e+00	0.00000e+00	2.81106e+00
8.22453e+01	2.68672e+02	1.49935e+03	1.06502e+03	1.57085e+00	0.00000e+00	0.00000e+00	2.62801e+00	0.00000e+00	2.81422e+00
8.31378e+01	2.68685e+02	1.49874e+03	1.06539e+03	1.57254e+00	0.00000e+00	0.00000e+00	2.63458e+00	0.00000e+00	2.81737e+00
8.40303e+01	2.68697e+02	1.49813e+03	1.06575e+03	1.57424e+00	0.00000e+00	0.00000e+00	2.64115e+00	0.00000e+00	2.82051e+00
8.49228e+01	2.68710e+02	1.49752e+03	1.06611e+03	1.57593e+00	0.00000e+00	0.00000e+00	2.64773e+00	0.00000e+00	2.82363e+00
8.58154e+01	2.68723e+02	1.49691e+03	1.06647e+03	1.57762e+00	0.00000e+00	0.00000e+00	2.65432e+00	0.00000e+00	2.82675e+00
8.67079e+01	2.68736e+02	1.49630e+03	1.06682e+03	1.57932e+00	0.00000e+00	0.00000e+00	2.66091e+00	0.00000e+00	2.82986e+00
8.76004e+01	2.68749e+02	1.49570e+03	1.06718e+03	1.58101e+00	0.00000e+00	0.00000e+00	2.66751e+00	0.00000e+00	2.83296e+00
8.84929e+01	2.68763e+02	1.49509e+03	1.06754e+03	1.58270e+00	0.00000e+00	0.00000e+00	2.67412e+00	0.00000e+00	2.83605e+00
8.93854e+01	2.68776e+02	1.49448e+03	1.06789e+03	1.58439e+00	0.00000e+00	0.00000e+00	2.68073e+00	0.00000e+00	2.83913e+00
9.02779e+01	2.68789e+02	1.49387e+03	1.06825e+03	1.58608e+00	0.00000e+00	0.00000e+00	2.68735e+00	0.00000e+00	2.84219e+00
9.11705e+01	2.68803e+02	1.49327e+03	1.06860e+03	1.58777e+00	0.00000e+00	0.00000e+00	2.69397e+00	0.00000e+00	2.84525e+00
9.20630e+01	2.68817e+02	1.49266e+03	1.06896e+03	1.58946e+00	0.00000e+00	0.00000e+00	2.70059e+00	0.00000e+00	2.84830e+00
9.29555e+01	2.68830e+02	1.49205e+03	1.06931e+03	1.59115e+00	0.00000e+00	0.00000e+00	2.70722e+00	0.00000e+00	2.85134e+00
9.38480e+01	2.68844e+02	1.49145e+03	1.06966e+03	1.59283e+00	0.00000e+00	0.00000e+00	2.71386e+00	0.00000e+00	2.85437e+00
9.47405e+01	2.68858e+02	1.49084e+03	1.07001e+03	1.59452e+00	0.00000e+00	0.00000e+00	2.72049e+00	0.00000e+00	2.85738e+00
9.56330e+01	2.68872e+02	1.49024e+03	1.07036e+03	1.59620e+00	0.00000e+00	0.00000e+00	2.72713e+00	0.00000e+00	2.86039e+00
9.65255e+01	2.68886e+02	1.48963e+03	1.07071e+03	1.59788e+00	0.00000e+00	0.00000e+00	2.73378e+00	0.00000e+00	2.86339e+00
9.74181e+01	2.68901e+02	1.48903e+03	1.07106e+03	1.59956e+00	0.00000e+00	0.00000e+00	2.74042e+00	0.00000e+00	2.86638e+00
9.83106e+01	2.68915e+02	1.48843e+03	1.07141e+03	1.60124e+00	0.00000e+00	0.00000e+00	2.74707e+00	0.00000e+00	2.86935e+00
9.92031e+01	2.68929e+02	1.48782e+03	1.07176e+03	1.60292e+00	0.00000e+00	0.00000e+00	2.75371e+00	0.00000e+00	2.87232e+00
1.00096e+02	2.68944e+02	1.48722e+03	1.07211e+03	1.60459e+00	0.00000e+00	0.00000e+00	2.76036e+00	0.00000e+00	2.87528e+00
1.00988e+02	2.68959e+02	1.48662e+03	1.07245e+03	1.60626e+00	0.00000e+00	0.00000e+00	2.76701e+00	0.00000e+00	2.87823e+00
1.01881e+02	2.68973e+02	1.48602e+03	1.07280e+03	1.60793e+00	0.00000e+00	0.00000e+00	2.77366e+00	0.00000e+00	2.88116e+00
1.02773e+02	2.68988e+02	1.48542e+03	1.07314e+03	1.60960e+00	0.00000e+00	0.00000e+00	2.78032e+00	0.00000e+00	2.88409e+00
1.03666e+02	2.69003e+02	1.48482e+03	1.07349e+03	1.61127e+00	0.00000e+00	0.00000e+00	2.78698e+00	0.00000e+00	2.88701e+00
1.04558e+02	2.69018e+02	1.48422e+03	1.07383e+03	1.61294e+00	0.00000e+00	0.00000e+00	2.79366e+00	0.00000e+00	2.88992e+00
1.05451e+02	2.69033e+02	1.48362e+03	1.07417e+03	1.61461e+00	0.00000e+00	0.00000e+00	2.80034e+00	0.00000e+00	2.89281e+00
1.06343e+02	2.69049e+02	1.48302e+03	1.07452e+03	1.61628e+00	0.00000e+00	0.00000e+00	2.80702e+00	0.00000e+00	2.89570e+00
1.07236e+02	2.69064e+02	1.48242e+03	1.07486e+03	1.61795e+00	0.00000e+00	0.00000e+00	2.81372e+00	0.00000e+00	2.89858e+00
1.08128e+02	2.69079e+02	1.48182e+03	1.07520e+03	1.61962e+00	0.00000e+00	0.00000e+00	2.82042e+00	0.00000e+00	2.90145e+00
1.09021e+02	2.69095e+02	1.48122e+03	1.07554e+03	1.62129e+00	0.00000e+00	0.00000e+00	2.82714e+00	0.00000e+00	2.90430e+00
1.09913e+02	2.69110e+02	1.48062e+03	1.07588e+03	1.62296e+00	0.00000e+00	0.00000e+00	2.83386e+00	0.00000e+00	2.90715e+00
1.10806e+02	2.69126e+02	1.48003e+03	1.07621e+03	1.62463e+00	0.00000e+00	0.00000e+00	2.84058e+00	0.00000e+00	2.90999e+00
1.11698e+02	2.69142e+02	1.47943e+03	1.07655e+03	1.62630e+00	0.00000e+00	0.00000e+00	2.84732e+00	0.00000e+00	2.91281e+00
1.12591e+02	2.69158e+02	1.47883e+03	1.07689e+03	1.62797e+00	0.00000e+00	0.00000e+00	2.85406e+00	0.00000e+00	2.91563e+00
1.13483e+02	2.69173e+02	1.47824e+03	1.07723e+03	1.62964e+00	0.00000e+00	0.00000e+00	2.86081e+00	0.00000e+00	2.91844e+00
1.14376e+02	2.69190e+02	1.47764e+03	1.07756e+03	1.63131e+00	0.00000e+00	0.00000e+00	2.86757e+00	0.00000e+00	2.92124e+00
1.15268e+02	2.69206e+02	1.47705e+03	1.07790e+03	1.63298e+00	0.00000e+00	0.00000e+00	2.87434e+00	0.00000e+00	2.92402e+00
1.16161e+02	2.69222e+02	1.47645e+03	1.07823e+03	1.63465e+00	0.00000e+00	0.00000e+00	2.88111e+00	0.00000e+00	2.92680e+00
1.17053e+02	2.69238e+02	1.47586e+03	1.07857e+03	1.63632e+00	0.00000e+00	0.00000e+00	2.88790e+00	0.00000e+00	2.92957e+00
1.17946e+02	2.69254e+02	1.47527e+03	1.07890e+03	1.63799e+00	0.00000e+00	0.00000e+00	2.89469e+00	0.00000e+00	2.93233e+00
1.18838e+02	2.69271e+02	1.47467e+03	1.07923e+03	1.63966e+00	0.00000e+00	0.00000e+00	2.90148e+00	0.00000e+00	2.93507e+00
1.19731e+02	2.69287e+02	1.47408e+03	1.07956e+03	1.64133e+00	0.00000e+00	0.00000e+00	2.90829e+00	0.00000e+00	2.93781e+00
1.20623e+02	2.69304e+02	1.47349e+03	1.07989e+03	1.64300e+00	0.00000e+00	0.00000e+00	2.91511e+00	0.00000e+00	2.94054e+00
1.21516e+02	2.69321e+02	1.47290e+03	1.08023e+03	1.64467e+00	0.00000e+00	0.00000e+00	2.92193e+00	0.00000e+00	2.94326e+00
1.22409e+02	2.69338e+02	1.47231e+03	1.08056e+03	1.64634e+00	0.00000e+00	0.00000e+00	2.92876e+00	0.00000e+00	2.94596e+00
1.23301e+02	2.69354e+02	1.47171e+03	1.08088e+03	1.64800e+00	0.00000e+00	0.00000e+00	2.93560e+00	0.00000e+00	2.94866e+00
1.24194e+02	2.69371e+02	1.47112e+03	1.08121e+03	1.64967e+00	0.00000e+00	0.00000e+00	2.94244e+00	0.00000e+00	2.95135e+00
1.25086e+02	2.69388e+02	1.47053e+03	1.08154e+03	1.65134e+00	0.00000e+00	0.00000e+00	2.94930e+00	0.00000e+00	2.95403e+00
1.25979e+02	2.69405e+02	1.46994e+03	1.08187e+03	1.65301e+00	0.00000e+00	0.00000e+00	2.95616e+00	0.00000e+00	2.95670e+00
1.26871e+02	2.69423e+02	1.46935e+03	1.08220e+03	1.65468e+00	0.00000e+00	0.00000e+00	2.96303e+00	0.00000e+00	2.95936e+00
1.27764e+02	2.69440e+02	1.46877e+03	1.08252e+03	1.65635e+00	0.00000e+00	0.00000e+00	2.96991e+00	0.00000e+00	2.96201e+00
1.28656e+02	2.69457e+02	1.46818e+03	1.08285e+03	1.65802e+00	0.00000e+00	0.00000e+00	2.97679e+00	0.00000e+00	2.96464e+00
1.29549e+02	2.69475e+02	1.46759e+03	1.08317e+03	1.65969e+00	0.00000e+00	0.00000e+00	2.98368e+00	0.00000e+00	2.96727e+00
1.30441e+02	2.69492e+02	1.46700e+03	1.08350e+03	1.66136e+00	0.00000e+00	0.00000e+00	2.99059e+00	0.00000e+00	2.96989e+00
1.31334e+02	2.69510e+02	1.46641e+03	1.08382e+03	1.66303e+00	0.00000e+00	0.00000e+00	2.99750e+00	0.00000e+00	2.97250e+00
1.32226e+02	2.69527e+02	1.46583e+03	1.08414e+03	1.66470e+00	0.00000e+00	0.00000e+00	3.00441e+00	0.00000e+00	2.97510e+00
1.33119e+02	2.69545e+02	1.46524e+03	1.08447e+03	1.66637e+00	0.00000e+00	0.00000e+00	3.01134e+00	0.00000e+00	2.97769e+00
1.34011e+02	2.69563e+02	1.46466e+03	1.08479e+03	1.66804e+00	0.00000e+00	0.00000e+00	3.01827e+00	0.00000e+00	2.98027e+00
1.34904e+02	2.69581e+02	1.46407e+03	1.08511e+03	1.66971e+00	0.00000e+00	0.00000e+00	3.02521e+00	0.00000e+00	2.98285e+00
1.35796e+02	2.69599e+02	1.46349e+03	1.08543e+03	1.67138e+00	0.00000e+00	0.00000e+00	3.03216e+00	0.00000e+00	2.98541e+00
1.36689e+02	2.69617e+02	1.46290e+03	1.08575e+03	1.67305e+00	0.00000e+00	0.00000e+00	3.03912e+00	0.00000e+00	2.98796e+00
1.37581e+02	2.69635e+02	1.46232e+03	1.08607e+03	1.67472e+00	0.00000e+00	0.00000e+00	3.04609e+00	0.00000e+00	2.99050e+00
1.38474e+02	2.69653e+02	1.46173e+03	1.08639e+03	1.67639e+00	0.00000e+00	0.00000e+00	3.05306e+00	0.00000e+00	2.99303e+00
1.39366e+02	2.69672e+02	1.46115e+03	1.08671e+03	1.67806e+00	0.00000e+00	0.00000e+00	3.06004e+00	0.00000e+00	2.99556e+00
1.40259e+02	2.69690e+02	1.46057e+03	1.08703e+03	1.67973e+00	0.00000e+00	0.00000e+00	3.06703e+00	0.00000e+00	2.99807e+00
1.41151e+02	2.69708e+02	1.45998e+03	1.08734e+03	1.68140e+00	0.00000e+00	0.00000e+00	3.07403e+00	0.00000e+00	3.00057e+00
1.42044e+02	2.69727e+02	1.45940e+03	1.08766e+03	1.68307e+00	0.00000e+00	0.00000e+00	3.08104e+00	0.00000e+00	3.00307e+00
1.42936e+02	2.69745e+02	1.45882e+03	1.08798e+03	1.68474e+00	0.00000e+00	0.00000e+00	3.08805e+00	0.00000e+00	3.00555e+00
1.43829e+02	2.69764e+02	1.45824e+03	1.08829e+03	1.68641e+00	0.00000e+00	0.00000e+00	3.09508e+00	0.00000e+00	3.00803e+00
1.44721e+02	2.69783e+02	1.45766e+03	1.08861e+03	1.68808e+00	0.00000e+00	0.00000e+00	3.10211e+00	0.00000e+00	3.01049e+00
1.45614e+02	2.69802e+02	1.45708e+03	1.08892e+03	1.68975e+00	0.00000e+00	0.00000e+00	3.10914e+00	0.00000e+00	3.01295e+00
1.46506e+02	2.69820e+02	1.45650e+03	1.08924e+03	1.69142e+00	0.00000e+00	0.00000e+00	3.11619e+00	0.00000e+00	3.01539e+00
1.47399e+02	2.69839e+02	1.45592e+03	1.08955e+03	1.69309e+00	0.00000e+00	0.00000e+00	3.12325e+00	0.00000e+00	3.01783e+00
1.48291e+02	2.69858e+02	1.45534e+03	1.08987e+03	1.69476e+00	0.00000e+00	0.00000e+00	3.13031e+00	0.00000e+00	3.02026e+00
1.49184e+02	2.69877e+02	1.45476e+03	1.09018e+03	1.69643e+00	0.00000e+00	0.00000e+00	3.13738e+00	0.00000e+00	3.02268e+00
1.50076e+02	2.69897e+02	1.45418e+03	1.09049e+03	1.69810e+00	0.00000e+00	0.00000e+00	3.14446e+00	0.00000e+00	3.02509e+00
1.50969e+02	2.69916e+02	1.45360e+03	1.09080e+03	1.69977e+00	0.00000e+00	0.00000e+00	3.15155e+00	0.00000e+00	3.02749e+00
1.51862e+02	2.69935e+02	1.45303e+03	1.09111e+03	1.70144e+00	0.00000e+00	0.00000e+00	3.15864e+00	0.00000e+00	3.02988e+00
1.52754e+02	2.69954e+02	1.45245e+03	1.09142e+03	1.70310e+00	0.00000e+00	0.00000e+00	3.16575e+00	0.00000e+00	3.03226e+00
1.53647e+02	2.69974e+02	1.45187e+03	1.09173e+03	1.70477e+00	0.00000e+00	0.00000e+00	3.17286e+00	0.00000e+00	3.03463e+00
1.54539e+02	2.69993e+02	1.45129e+03	1.09204e+03	1.70644e+00	0.00000e+00	0.00000e+00	3.17998e+00	0.00000e+00	3.03699e+00
1.55432e+02	2.70013e+02	1.45072e+03	1.09235e+03	1.70811e+00	0.00000e+00	0.00000e+00	3.18711e+00	0.00000e+00	3.03935e+00
1.56324e+02	2.70033e+02	1.45014e+03	1.09266e+03	1.70978e+00	0.00000e+00	0.00000e+00	3.19425e+00	0.00000e+00	3.04169e+00
1.57217e+02	2.70052e+02	1.44957e+03	1.09297e+03	1.71145e+00	0.00000e+00	0.00000e+00	3.20139e+00	0.00000e+00	3.04403e+00
1.58109e+02	2.70072e+02	1.44899e+03	1.09328e+03	1.71312e+00	0.00000e+00	0.00000e+00	3.20854e+00	0.00000e+00	3.04636e+00
1.59002e+02	2.70092e+02	1.44842e+03	1.09359e+03	1.71479e+00	0.00000e+00	0.00000e+00	3.21571e+00	0.00000e+00	3.04867e+00
1.59894e+02	2.70112e+02	1.44784e+03	1.09389e+03	1.71646e+00	0.00000e+00	0.00000e+00	3.22288e+00	0.00000e+00	3.05098e+00
1.60787e+02	2.70132e+02	1.44727e+03	1.09420e+03	1.71813e+00	0.00000e+00	0.00000e+00	3.23006e+00	0.00000e+00	3.05328e+00
1.61679e+02	2.70152e+02	1.44670e+03	1.09451e+03	1.71980e+00	0.00000e+00	0.00000e+00	3.23724e+00	0.00000e+00	3.05557e+00
1.62572e+02	2.70172e+02	1.44613e+03	1.09481e+03	1.72147e+00	0.00000e+00	0.00000e+00	3.24444e+00	0.00000e+00	3.05785e+00
1.63464e+02	2.70192e+02	1.44555e+03	1.09512e+03	1.72314e+00	0.00000e+00	0.00000e+00	3.25164e+00	0.00000e+00	3.06012e+00
1.64357e+02	2.70213e+02	1.44498e+03	1.09542e+03	1.72481e+00	0.00000e+00	0.00000e+00	3.25885e+00	0.00000e+00	3.06239e+00
1.65249e+02	2.70233e+02	1.44441e+03	1.09573e+03	1.72648e+00	0.00000e+00	0.00000e+00	3.26607e+00	0.00000e+00	3.06464e+00
1.66142e+02	2.70253e+02	1.44384e+03	1.09603e+03	1.72815e+00	0.00000e+00	0.00000e+00	3.27330e+00	0.00000e+00	3.06689e+00
1.67034e+02	2.70274e+02	1.44327e+03	1.09633e+03	1.72982e+00	0.00000e+00	0.00000e+00	3.28054e+00	0.00000e+00	3.06913e+00
1.67927e+02	2.70294e+02	1.44270e+03	1.09664e+03	1.73149e+00	0.00000e+00	0.00000e+00	3.28778e+00	0.00000e+00	3.07136e+00
1.68819e+02	2.70315e+02	1.44213e+03	1.09694e+03	1.73316e+00	0.00000e+00	0.00000e+00	3.29504e+00	0.00000e+00	3.07358e+00
1.69712e+02	2.70336e+02	1.44156e+03	1.09724e+03	1.73483e+00	0.00000e+00	0.00000e+00	3.30230e+00	0.00000e+00	3.07579e+00
1.70604e+02	2.70356e+02	1.44099e+03	1.09755e+03	1.73650e+00	0.00000e+00	0.00000e+00	3.30957e+00	0.00000e+00	3.07799e+00
1.71497e+02	2.70377e+02	1.44042e+03	1.09785e+03	1.73817e+00	0.00000e+00	0.00000e+00	3.31685e+00	0.00000e+00	3.08018e+00
1.72389e+02	2.70398e+02	1.43985e+03	1.09815e+03	1.73984e+00	0.00000e+00	0.00000e+00	3.32414e+00	0.00000e+00	3.08237e+00
1.73282e+02	2.70419e+02	1.43928e+03	1.09845e+03	1.74151e+00	0.00000e+00	0.00000e+00	3.33143e+00	0.00000e+00	3.08455e+00
1.74174e+02	2.70440e+02	1.43872e+03	1.09875e+03	1.74318e+00	0.00000e+00	0.00000e+00	3.33874e+00	0.00000e+00	3.08672e+00
1.75067e+02	2.70461e+02	1.43815e+03	1.09905e+03	1.74485e+00	0.00000e+00	0.00000e+00	3.34605e+00	0.00000e+00	3.08888e+00
1.75959e+02	2.70482e+02	1.43758e+03	1.09935e+03	1.74652e+00	0.00000e+00	0.00000e+00	3.35337e+00	0.00000e+00	3.09103e+00
1.76852e+02	2.70503e+02	1.43702e+03	1.09965e+03	1.74819e+00	0.00000e+00	0.00000e+00	3.36070e+00	0.00000e+00	3.09317e+00
1.77744e+02	2.70525e+02	1.43645e+03	1.09995e+03	1.74986e+00	0.00000e+00	0.00000e+00	3.36804e+00	0.00000e+00	3.09531e+00
1.78637e+02	2.70546e+02	1.43588e+03	1.10025e+03	1.75153e+00	0.00000e+00	0.00000e+00	3.37539e+00	0.00000e+00	3.09743e+00
1.79530e+02	2.70568e+02	1.43532e+03	1.10055e+03	1.75320e+00	0.00000e+00	0.00000e+00	3.38275e+00	0.00000e+00	3.09955e+00
1.80422e+02	2.70589e+02	1.43475e+03	1.10085e+03	1.75487e+00	0.00000e+00	0.00000e+00	3.39011e+00	0.00000e+00	3.10166e+00
1.81315e+02	2.70611e+02	1.43419e+03	1.10114e+03	1.75654e+00	0.00000e+00	0.00000e+00	3.39749e+00	0.00000e+00	3.10377e+00
1.82207e+02	2.70632e+02	1.43363e+03	1.10144e+03	1.75820e+00	0.00000e+00	0.00000e+00	3.40487e+00	0.00000e+00	3.10586e+00
1.83100e+02	2.70654e+02	1.43306e+03	1.10174e+03	1.75987e+00	0.00000e+00	0.00000e+00	3.41226e+00	0.00000e+00	3.10795e+00
1.83992e+02	2.70676e+02	1.43250e+03	1.10204e+03	1.76154e+00	0.00000e+00	0.00000e+00	3.41966e+00	0.00000e+00	3.11003e+00
1.84885e+02	2.70698e+02	1.43194e+03	3.40490e+03	6.11516e+00	2.58834e+00	2.51195e+13	9.69118e+01	2.28108e+01	0.00000e+00
2.32087e+02	2.80009e+02	1.42230e+03	3.40490e+03	6.13466e+00	2.60033e+00	1.00799e+13	9.75002e+01	2.30367e+01	0.00000e+00
2.79290e+02	2.89251e+02	1.41267e+03	3.40690e+03	6.16205e+00	2.61807e+00	4.31867e+12	9.82964e+01	2.33685e+01	0.00000e+00
3.26521e+02	2.98422e+02	1.40304e+03	3.40930e+03	6.16851e+00	2.62520e+00	1.96258e+12	9.84165e+01	2.35002e+01	0.00000e+00
3.73785e+02	3.07522e+02	1.39340e+03	3.40994e+03	6.16999e+00	2.62420e+00	9.40531e+11	9.85184e+01	2.34861e+01	0.00000e+00
4.21058e+02	3.16552e+02	1.38377e+03	3.41049e+03	6.17136e+00	2.62318e+00	4.72893e+11	9.86190e+01	2.34721e+01	0.00000e+00
4.68338e+02	3.25512e+02	1.37413e+03	3.41112e+03	6.20097e+00	2.65013e+00	2.48353e+11	9.91895e+01	2.39513e+01	0.00000e+00
5.15627e+02	3.34400e+02	1.36450e+03	3.41004e+03	6.27345e+00	2.71948e+00	1.35707e+11	1.00513e+02	2.52114e+01	0.00000e+00
5.62902e+02	3.43218e+02	1.35487e+03	3.40787e+03	6.44607e+00	2.88197e+00	7.68840e+10	1.03637e+02	2.82990e+01	0.00000e+00
6.10146e+02	3.51964e+02	1.34523e+03	3.40101e+03	6.67541e+00	3.07153e+00	4.50231e+10	1.08317e+02	3.19601e+01	0.00000e+00
6.57295e+02	3.60639e+02	1.33560e+03	3.38664e+03	6.76877e+00	3.13117e+00	2.71746e+10	1.10614e+02	3.31211e+01	0.00000e+00
7.04244e+02	3.69243e+02	1.32597e+03	3.37815e+03	6.80960e+00	3.15991e+00	1.68607e+10	1.11528e+02	3.36873e+01	0.00000e+00
7.51076e+02	3.77776e+02	1.31633e+03	3.37378e+03	6.80953e+00	3.16571e+00	1.07329e+10	1.11317e+02	3.37981e+01	0.00000e+00
7.97848e+02	3.86237e+02	1.30670e+03	3.37249e+03	6.83243e+00	3.17842e+00	6.99664e+09	1.12193e+02	3.41294e+01	0.00000e+00
8.44601e+02	3.94626e+02	1.29707e+03	3.37794e+03	6.92744e+00	3.24171e+00	4.66304e+09	1.15123e+02	3.56052e+01	0.00000e+00
8.91431e+02	4.02943e+02	1.28743e+03	3.38818e+03	6.92899e+00	3.24059e+00	3.17278e+09	1.15251e+02	3.55877e+01	0.00000e+00
9.38402e+02	4.11189e+02	1.27780e+03	3.38885e+03	6.93054e+00	3.23947e+00	2.20101e+09	1.15381e+02	3.55706e+01	0.00000e+00
9.85382e+02	4.19362e+02	1.26817e+03	3.38955e+03	6.93011e+00	3.23626e+00	1.55432e+09	1.15538e+02	3.55256e+01	0.00000e+00
1.03237e+03	4.27463e+02	1.25853e+03	3.39199e+03	6.93214e+00	3.23554e+00	1.11603e+09	1.15668e+02	3.55141e+01	0.00000e+00
1.07940e+03	4.35491e+02	1.24890e+03	3.39239e+03	6.93411e+00	3.23468e+00	8.13911e+08	1.15804e+02	3.55007e+01	0.00000e+00
1.12643e+03	4.43447e+02	1.23927e+03	3.39293e+03	7.42718e+00	3.90097e+00	6.02270e+08	1.17033e+02	5.32337e+01	0.00000e+00
1.17346e+03	4.51330e+02	1.22963e+03	3.39270e+03	7.95544e+00	4.61549e+00	4.51779e+08	1.18334e+02	7.22608e+01	0.00000e+00
1.22050e+03	4.59140e+02	1.22000e+03	3.39209e+03	7.95578e+00	4.61338e+00	3.43253e+08	1.18480e+02	7.22188e+01	0.00000e+00
1.26752e+03	4.66877e+02	1.21037e+03	3.39321e+03	7.95516e+00	4.61026e+00	2.63949e+08	1.18639e+02	7.21590e+01	0.00000e+00
1.31456e+03	4.74540e+02	1.20073e+03	3.39500e+03	7.95762e+00	4.61027e+00	2.05283e+08	1.18766e+02	7.21558e+01	0.00000e+00
1.36163e+03	4.82130e+02	1.19110e+03	3.39483e+03	7.95817e+00	4.60844e+00	1.61377e+08	1.18911e+02	7.21220e+01	0.00000e+00
1.40869e+03	4.89646e+02	1.18147e+03	3.39594e+03	7.96115e+00	4.60884e+00	1.28146e+08	1.19039e+02	7.21253e+01	0.00000e+00
1.45577e+03	4.97088e+02	1.17183e+03	3.39550e+03	7.95929e+00	4.60437e+00	1.02735e+08	1.19223e+02	7.20442e+01	0.00000e+00
1.50284e+03	5.04456e+02	1.16220e+03	3.39828e+03	7.96130e+00	4.60375e+00	8.31077e+07	1.19370e+02	7.20322e+01	0.00000e+00
1.54995e+03	5.11749e+02	1.15257e+03	3.39862e+03	7.96394e+00	4.60432e+00	6.78107e+07	1.19478e+02	7.20436e+01	0.00000e+00
1.59707e+03	5.18968e+02	1.14293e+03	3.39832e+03	7.96670e+00	4.60446e+00	5.57797e+07	1.19617e+02	7.20449e+01	0.00000e+00
1.64418e+03	5.26112e+02	1.13330e+03	3.39818e+03	7.96677e+00	4.60194e+00	4.62374e+07	1.19782e+02	7.20000e+01	0.00000e+00
1.69129e+03	5.33181e+02	1.12367e+03	3.39977e+03	7.96896e+00	4.60165e+00	3.86087e+07	1.19922e+02	7.19965e+01	0.00000e+00
1.73842e+03	5.40174e+02	1.11403e+03	3.40004e+03	7.97000e+00	4.60008e+00	3.24647e+07	1.20080e+02	7.19696e+01	0.00000e+00
1.78556e+03	5.47092e+02	1.10440e+03	3.40108e+03	7.97181e+00	4.59912e+00	2.74801e+07	1.20240e+02	7.19518e+01	0.00000e+00
1.83271e+03	5.53934e+02	1.09476e+03	3.40167e+03	7.97246e+00	4.59704e+00	2.34087e+07	1.20410e+02	7.19158e+01	0.00000e+00
1.87987e+03	5.60699e+02	1.08513e+03	3.40305e+03	7.97465e+00	4.59661e+00	2.00614e+07	1.20562e+02	7.19112e+01	0.00000e+00
1.92704e+03	5.67388e+02	1.07550e+03	3.40346e+03	7.97543e+00	4.59483e+00	1.72925e+07	1.20728e+02	7.18847e+01	0.00000e+00
1.97423e+03	5.74001e+02	1.06586e+03	3.40485e+03	7.97731e+00	4.59412e+00	1.49882e+07	1.20884e+02	7.18770e+01	0.00000e+00
2.02143e+03	5.80536e+02	1.05623e+03	3.40554e+03	7.97886e+00	4.59273e+00	1.30600e+07	1.21059e+02	7.18535e+01	0.00000e+00
2.06864e+03	5.86994e+02	1.04660e+03	3.40648e+03	7.97809e+00	4.58886e+00	1.14376e+07	1.21267e+02	7.17846e+01	0.00000e+00
2.11587e+03	5.93374e+02	1.03696e+03	3.40896e+03	7.98172e+00	4.59002e+00	1.00655e+07	1.21403e+02	7.18132e+01	0.00000e+00
2.16312e+03	5.99676e+02	1.02733e+03	3.40859e+03	7.98407e+00	4.58971e+00	8.89964e+06	1.21562e+02	7.18143e+01	0.00000e+00
2.21038e+03	6.05899e+02	1.01770e+03	3.40911e+03	7.98599e+00	4.58887e+00	7.90400e+06	1.21732e+02	7.18054e+01	0.00000e+00
2.25764e+03	6.12043e+02	1.00806e+03	3.40993e+03	7.98687e+00	4.58682e+00	7.05000e+06	1.21922e+02	7.17746e+01	0.00000e+00
2.30491e+03	6.18109e+02	9.98430e+02	3.41152e+03	7.99277e+00	4.59037e+00	6.31439e+06	1.22035e+02	7.18503e+01	0.00000e+00
2.35221e+03	6.24094e+02	9.88797e+02	3.40984e+03	7.99521e+00	4.59009e+00	5.67822e+06	1.22202e+02	7.18543e+01	0.00000e+00
2.39948e+03	6.30000e+02	9.79163e+02	3.41045e+03	7.99563e+00	4.58738e+00	5.12564e+06	1.22408e+02	7.18116e+01	0.00000e+00
2.44676e+03	6.35825e+02	9.69530e+02	3.41243e+03	7.99789e+00	4.58682e+00	4.64404e+06	1.22583e+02	7.18101e+01	0.00000e+00
2.49407e+03	6.41569e+02	9.59897e+02	3.41320e+03	8.00018e+00	4.58626e+00	4.22288e+06	1.22761e+02	7.18095e+01	0.00000e+00
2.54138e+03	6.47231e+02	9.50263e+02	3.41401e+03	8.00246e+00	4.58562e+00	3.85325e+06	1.22943e+02	7.18078e+01	0.00000e+00
2.58871e+03	6.52812e+02	9.40630e+02	3.41488e+03	8.00468e+00	4.58487e+00	3.52778e+06	1.23129e+02	7.18040e+01	0.00000e+00
2.63605e+03	6.58310e+02	9.30996e+02	3.41582e+03	8.00586e+00	4.58305e+00	3.24031e+06	1.23330e+02	7.17822e+01	0.00000e+00
2.68341e+03	6.63725e+02	9.21363e+02	3.41749e+03	8.00891e+00	4.58323e+00	2.98566e+06	1.23507e+02	7.17977e+01	0.00000e+00
2.73079e+03	6.69056e+02	9.11729e+02	3.41796e+03	8.01182e+00	4.58332e+00	2.75946e+06	1.23685e+02	7.18134e+01	0.00000e+00
2.77817e+03	6.74303e+02	9.02096e+02	3.41857e+03	8.01493e+00	4.58358e+00	2.55796e+06	1.23863e+02	7.18324e+01	0.00000e+00
2.82556e+03	6.79466e+02	8.92462e+02	3.41909e+03	8.01774e+00	4.58343e+00	2.37801e+06	1.24050e+02	7.18434e+01	0.00000e+00
2.87296e+03	6.84543e+02	8.82829e+02	3.41984e+03	8.02053e+00	4.58319e+00	2.21692e+06	1.24243e+02	7.18525e+01	0.00000e+00
2.92037e+03	6.89534e+02	8.73196e+02	3.42064e+03	8.02282e+00	4.58261e+00	2.07239e+06	1.24436e+02	7.18594e+01	0.00000e+00
2.96779e+03	6.94438e+02	8.63562e+02	3.42183e+03	8.02666e+00	4.58388e+00	1.94244e+06	1.24602e+02	7.19041e+01	0.00000e+00
3.01523e+03	6.99255e+02	8.53929e+02	3.42205e+03	8.02916e+00	4.58308e+00	1.82538e+06	1.24812e+02	7.19021e+01	0.00000e+00
3.06267e+03	7.03983e+02	8.44295e+02	3.42315e+03	8.03247e+00	4.58365e+00	1.71972e+06	1.24995e+02	7.19338e+01	0.00000e+00
3.11013e+03	7.08623e+02	8.34662e+02	3.42381e+03	8.03538e+00	4.58354e+00	1.62420e+06	1.25193e+02	7.19493e+01	0.00000e+00
3.15759e+03	7.13172e+02	8.25028e+02	3.42472e+03	8.03795e+00	4.58264e+00	1.53771e+06	1.25415e+02	7.19465e+01	0.00000e+00
3.20507e+03	7.17631e+02	8.15395e+02	3.42592e+03	8.04283e+00	4.58480e+00	1.45930e+06	1.25584e+02	7.20083e+01	0.00000e+00
3.25256e+03	7.21998e+02	8.05761e+02	3.42564e+03	8.04566e+00	4.58448e+00	1.38812e+06	1.25795e+02	7.20223e+01	0.00000e+00
3.30005e+03	7.26273e+02	7.96128e+02	3.42678e+03	8.04724e+00	4.58281e+00	1.32343e+06	1.26024e+02	7.20111e+01	0.00000e+00
3.34756e+03	7.30453e+02	7.86494e+02	3.42874e+03	8.05150e+00	4.58428e+00	1.26460e+06	1.26207e+02	7.20623e+01	0.00000e+00
3.39509e+03	7.34539e+02	7.76861e+02	3.42899e+03	8.05407e+00	4.58342e+00	1.21108e+06	1.26437e+02	7.20651e+01	0.00000e+00
3.44263e+03	7.38530e+02	7.67228e+02	3.43041e+03	8.05669e+00	4.58259e+00	1.16236e+06	1.26669e+02	7.20688e+01	0.00000e+00
3.49019e+03	7.42423e+02	7.57594e+02	3.43183e+03	8.06015e+00	4.58302e+00	1.11801e+06	1.26875e+02	7.21006e+01	0.00000e+00
3.53776e+03	7.46218e+02	7.47961e+02	3.43270e+03	8.06421e+00	4.58415e+00	1.07766e+06	1.27074e+02	7.21486e+01	0.00000e+00
3.58535e+03	7.49914e+02	7.38327e+02	3.43329e+03	8.07169e+00	4.58401e+00	1.04096e+06	1.27678e+02	7.22481e+01	0.00000e+00
3.63295e+03	7.53509e+02	7.28694e+02	3.43823e+03	8.07844e+00	4.58218e+00	1.00761e+06	1.28439e+02	7.23651e+01	0.00000e+00
3.68061e+03	7.57002e+02	7.19060e+02	3.44655e+03	8.08998e+00	4.58433e+00	9.77392e+05	1.29212e+02	7.25567e+01	0.00000e+00
3.72839e+03	7.60391e+02	7.09427e+02	3.45243e+03	8.10216e+00	4.58739e+00	9.50112e+05	1.29940e+02	7.27521e+01	0.00000e+00
3.77626e+03	7.63674e+02	6.99793e+02	3.45711e+03	8.11823e+00	4.59533e+00	9.25536e+05	1.30579e+02	7.30454e+01	0.00000e+00
3.82418e+03	7.66851e+02	6.90160e+02	3.45907e+03	8.13075e+00	4.59994e+00	9.03476e+05	1.31229e+02	7.32714e+01	0.00000e+00
3.87214e+03	7.69919e+02	6.80527e+02	3.46283e+03	8.14494e+00	4.60367e+00	8.83751e+05	1.32085e+02	7.35096e+01	0.00000e+00
3.92014e+03	7.72876e+02	6.70893e+02	3.46845e+03	8.15597e+00	4.60665e+00	8.66249e+05	1.32763e+02	7.37060e+01	0.00000e+00
3.96823e+03	7.75720e+02	6.61260e+02	3.47321e+03	8.16614e+00	4.60931e+00	8.50870e+05	1.33382e+02	7.38772e+01	0.00000e+00
4.01638e+03	7.78450e+02	6.51626e+02	3.47727e+03	8.17386e+00	4.61101e+00	8.37512e+05	1.33848e+02	7.39872e+01	0.00000e+00
4.06458e+03	7.81063e+02	6.41993e+02	3.47988e+03	8.17823e+00	4.61170e+00	8.26093e+05	1.34104e+02	7.40297e+01	0.00000e+00
4.11283e+03	7.83556e+02	6.32359e+02	3.48083e+03	8.18138e+00	4.61208e+00	8.16537e+05	1.34326e+02	7.40745e+01	0.00000e+00
4.16108e+03	7.85928e+02	6.22726e+02	3.48237e+03	8.18559e+00	4.61282e+00	8.08787e+05	1.34576e+02	7.41210e+01	0.00000e+00
4.20936e+03	7.88175e+02	6.13092e+02	3.48344e+03	8.18979e+00	4.61380e+00	8.02818e+05	1.34819e+02	7.41777e+01	0.00000e+00
4.25765e+03	7.90295e+02	6.03459e+02	3.48462e+03	8.19417e+00	4.61471e+00	7.98610e+05	1.35070e+02	7.42288e+01	0.00000e+00
4.30596e+03	7.92285e+02	5.93826e+02	3.48564e+03	8.19923e+00	4.61593e+00	7.96164e+05	1.35342e+02	7.42874e+01	0.00000e+00
4.35428e+03	7.94141e+02	5.84192e+02	3.48655e+03	8.20397e+00	4.61708e+00	7.95495e+05	1.35609e+02	7.43491e+01	0.00000e+00
4.40261e+03	7.95860e+02	5.74559e+02	3.48772e+03	8.20867e+00	4.61835e+00	7.96632e+05	1.35867e+02	7.44141e+01	0.00000e+00
4.45097e+03	7.97438e+02	5.64925e+02	3.48884e+03	8.21305e+00	4.61949e+00	7.99626e+05	1.36116e+02	7.44760e+01	0.00000e+00
4.49933e+03	7.98872e+02	5.55292e+02	3.49003e+03	8.21753e+00	4.62081e+00	8.04544e+05	1.36365e+02	7.45455e+01	0.00000e+00
4.54772e+03	8.00157e+02	5.45658e+02	3.49128e+03	8.22199e+00	4.62183e+00	8.11475e+05	1.36627e+02	7.46058e+01	0.00000e+00
4.59612e+03	8.01288e+02	5.36025e+02	3.49257e+03	8.22666e+00	4.62295e+00	8.20529e+05	1.36903e+02	7.46723e+01	0.00000e+00
4.64453e+03	8.02262e+02	5.26391e+02	3.49398e+03	8.23160e+00	4.62423e+00	8.31845e+05	1.37180e+02	7.47404e+01	0.00000e+00
4.69297e+03	8.03072e+02	5.16758e+02	3.49523e+03	8.23638e+00	4.62575e+00	8.45589e+05	1.37442e+02	7.48177e+01	0.00000e+00
4.74143e+03	8.03713e+02	5.07125e+02	3.49655e+03	8.24170e+00	4.62738e+00	8.61963e+05	1.37724e+02	7.48953e+01	0.00000e+00
4.78990e+03	8.04180e+02	4.97491e+02	3.49772e+03	8.24667e+00	4.62867e+00	8.81209e+05	1.38015e+02	7.49697e+01	0.00000e+00
4.83839e+03	8.04465e+02	4.87858e+02	3.49924e+03	8.25153e+00	4.63001e+00	9.03615e+05	1.38283e+02	7.50379e+01	0.00000e+00
4.88690e+03	8.04562e+02	4.78224e+02	3.50040e+03	8.25776e+00	4.63199e+00	9.29531e+05	1.38607e+02	7.51284e+01	0.00000e+00
4.88690e+03	8.04562e+02	4.78224e+02	8.00000e+03	6.07728e+00	3.28393e+00	1.00000e+04	1.80435e+02	8.62738e+01	0.00000e+00
5.36302e+03	8.05456e+02	4.25088e+02	8.00000e+03	6.07728e+00	3.28393e+00	1.00000e+04	1.80435e+02	8.62738e+01	0.00000e+00
5.83915e+03	8.06350e+02	3.71952e+02	8.00000e+03	6.11470e+00	3.30201e+00	1.00000e+04	1.82815e+02	8.72260e+01	0.00000e+00
6.31527e+03	8.07244e+02	3.18816e+02	8.00000e+03	6.15190e+00	3.31998e+00	1.00000e+04	1.85196e+02	8.81783e+01	0.00000e+00
6.79140e+03	8.08137e+02	2.65680e+02	8.00000e+03	6.18887e+00	3.33786e+00	1.00000e+04	1.87576e+02	8.91305e+01	0.00000e+00
7.26752e+03	8.09031e+02	2.12544e+02	8.00000e+03	6.22563e+00	3.35564e+00	1.00000e+04	1.89957e+02	9.00828e+01	0.00000e+00
7.74364e+03	8.09925e+02	1.59408e+02	8.00000e+03	6.26216e+00	3.37333e+00	1.00000e+04	1.92338e+02	9.10350e+01	0.00000e+00
8.21977e+03	8.10819e+02	1.06272e+02	8.00000e+03	6.29849e+00	3.39093e+00	1.00000e+04	1.94718e+02	9.19873e+01	0.00000e+00
8.69589e+03	8.11713e+02	5.31360e+01	8.00000e+03	6.33461e+00	3.40844e+00	1.00000e+04	1.97099e+02	9.29395e+01	0.00000e+00
9.17201e+03	8.12607e+02	0.00000e+00	8.00000e+03	6.37052e+00	3.42585e+00	1.00000e+04	1.99479e+02	9.38918e+01	0.00000e+00
