P (MPa)		T (K)		r (km)		rho (kg m-3)	VP (km s-1)	VS (km s-1)	QS/gamma	k for 0.01 mol/kg MgSO4 (S m-1)	
0.00000e+00	1.10000e+02	1.56100e+03	9.31658e+02	3.87940e+00	1.96225e+00	3.10757e+04	0.00000e+00
3.10663e-01	1.15393e+02	1.56075e+03	9.31658e+02	3.88005e+00	1.96263e+00	1.86512e+04	0.00000e+00
6.21326e-01	1.21050e+02	1.56049e+03	9.31445e+02	3.88076e+00	1.96304e+00	1.14644e+04	0.00000e+00
9.31988e-01	1.26984e+02	1.56024e+03	9.31200e+02	3.88153e+00	1.96348e+00	7.20901e+03	0.00000e+00
1.24265e+00	1.33210e+02	1.55999e+03	9.30920e+02	3.88238e+00	1.96395e+00	4.63249e+03	0.00000e+00
1.55331e+00	1.39740e+02	1.55973e+03	9.30599e+02	3.88332e+00	1.96448e+00	3.03899e+03	0.00000e+00
1.86398e+00	1.46591e+02	1.55948e+03	9.30232e+02	3.88435e+00	1.96505e+00	2.03330e+03	0.00000e+00
2.17464e+00	1.53778e+02	1.55922e+03	9.29810e+02	3.88549e+00	1.96567e+00	1.38621e+03	0.00000e+00
2.48530e+00	1.61316e+02	1.55897e+03	9.29328e+02	3.88676e+00	1.96636e+00	9.62125e+02	0.00000e+00
2.79597e+00	1.69225e+02	1.55872e+03	9.28777e+02	3.88818e+00	1.96713e+00	6.79276e+02	0.00000e+00
3.10663e+00	1.77521e+02	1.55846e+03	9.28147e+02	3.88976e+00	1.96798e+00	4.87445e+02	0.00000e+00
3.41729e+00	1.86224e+02	1.55821e+03	9.27429e+02	3.89153e+00	1.96892e+00	3.55256e+02	0.00000e+00
3.72795e+00	1.95354e+02	1.55795e+03	9.26612e+02	3.89351e+00	1.96997e+00	2.62771e+02	0.00000e+00
4.03862e+00	2.04931e+02	1.55770e+03	9.25688e+02	3.89572e+00	1.97114e+00	1.97121e+02	0.00000e+00
4.34928e+00	2.14978e+02	1.55744e+03	9.24647e+02	3.89818e+00	1.97243e+00	1.49873e+02	0.00000e+00
4.65994e+00	2.25517e+02	1.55719e+03	9.23483e+02	3.90090e+00	1.97386e+00	1.15419e+02	0.00000e+00
4.97060e+00	2.36573e+02	1.55693e+03	9.22192e+02	3.90389e+00	1.97542e+00	8.99768e+01	0.00000e+00
5.28127e+00	2.48171e+02	1.55668e+03	9.20776e+02	3.90716e+00	1.97712e+00	7.09641e+01	0.00000e+00
5.59193e+00	2.60337e+02	1.55642e+03	9.19243e+02	3.91068e+00	1.97895e+00	5.65933e+01	0.00000e+00
5.90259e+00	2.73100e+02	1.55617e+03	9.17610e+02	3.91442e+00	1.98089e+00	4.56125e+01	0.00000e+00
6.88573e+00	2.73097e+02	1.55542e+03	1.00333e+03	1.41067e+00	0.00000e+00	0.00000e+00	8.21457e-02
7.86886e+00	2.73095e+02	1.55468e+03	1.00382e+03	1.41229e+00	0.00000e+00	0.00000e+00	8.22488e-02
8.85200e+00	2.73093e+02	1.55394e+03	1.00432e+03	1.41391e+00	0.00000e+00	0.00000e+00	8.23518e-02
9.83513e+00	2.73091e+02	1.55320e+03	1.00481e+03	1.41553e+00	0.00000e+00	0.00000e+00	8.24547e-02
1.08183e+01	2.73089e+02	1.55246e+03	1.00530e+03	1.41716e+00	0.00000e+00	0.00000e+00	8.25574e-02
1.18014e+01	2.73087e+02	1.55172e+03	1.00579e+03	1.41879e+00	0.00000e+00	0.00000e+00	8.26599e-02
1.27845e+01	2.73086e+02	1.55098e+03	1.00627e+03	1.42042e+00	0.00000e+00	0.00000e+00	8.27623e-02
1.37677e+01	2.73085e+02	1.55024e+03	1.00676e+03	1.42206e+00	0.00000e+00	0.00000e+00	8.28645e-02
1.47508e+01	2.73084e+02	1.54950e+03	1.00725e+03	1.42370e+00	0.00000e+00	0.00000e+00	8.29666e-02
1.57339e+01	2.73084e+02	1.54877e+03	1.00773e+03	1.42534e+00	0.00000e+00	0.00000e+00	8.30685e-02
1.67171e+01	2.73083e+02	1.54803e+03	1.00821e+03	1.42699e+00	0.00000e+00	0.00000e+00	8.31703e-02
1.77002e+01	2.73083e+02	1.54730e+03	1.00870e+03	1.42863e+00	0.00000e+00	0.00000e+00	8.32719e-02
1.86834e+01	2.73083e+02	1.54656e+03	1.00918e+03	1.43028e+00	0.00000e+00	0.00000e+00	8.33734e-02
1.96665e+01	2.73083e+02	1.54583e+03	1.00966e+03	1.43193e+00	0.00000e+00	0.00000e+00	8.34748e-02
2.06496e+01	2.73084e+02	1.54509e+03	1.01014e+03	1.43359e+00	0.00000e+00	0.00000e+00	8.35760e-02
2.16328e+01	2.73085e+02	1.54436e+03	1.01061e+03	1.43524e+00	0.00000e+00	0.00000e+00	8.36771e-02
2.26159e+01	2.73086e+02	1.54363e+03	1.01109e+03	1.43690e+00	0.00000e+00	0.00000e+00	8.37781e-02
2.35990e+01	2.73087e+02	1.54290e+03	1.01157e+03	1.43856e+00	0.00000e+00	0.00000e+00	8.38789e-02
2.45822e+01	2.73088e+02	1.54217e+03	1.01204e+03	1.44022e+00	0.00000e+00	0.00000e+00	8.39796e-02
2.55653e+01	2.73090e+02	1.54144e+03	1.01251e+03	1.44189e+00	0.00000e+00	0.00000e+00	8.40801e-02
2.65484e+01	2.73092e+02	1.54071e+03	1.01299e+03	1.44356e+00	0.00000e+00	0.00000e+00	8.41806e-02
2.75316e+01	2.73094e+02	1.53998e+03	1.01346e+03	1.44524e+00	0.00000e+00	0.00000e+00	8.42809e-02
2.85147e+01	2.73096e+02	1.53925e+03	1.01393e+03	1.44692e+00	0.00000e+00	0.00000e+00	8.43811e-02
2.94978e+01	2.73098e+02	1.53853e+03	1.01440e+03	1.44860e+00	0.00000e+00	0.00000e+00	8.44811e-02
3.04810e+01	2.73101e+02	1.53780e+03	1.01486e+03	1.45028e+00	0.00000e+00	0.00000e+00	8.45811e-02
3.14641e+01	2.73104e+02	1.53708e+03	1.01533e+03	1.45198e+00	0.00000e+00	0.00000e+00	8.46809e-02
3.24472e+01	2.73107e+02	1.53635e+03	1.01580e+03	1.45367e+00	0.00000e+00	0.00000e+00	8.47806e-02
3.34304e+01	2.73110e+02	1.53563e+03	1.01626e+03	1.45537e+00	0.00000e+00	0.00000e+00	8.48801e-02
3.44135e+01	2.73113e+02	1.53490e+03	1.01672e+03	1.45708e+00	0.00000e+00	0.00000e+00	8.49796e-02
3.53967e+01	2.73117e+02	1.53418e+03	1.01719e+03	1.45879e+00	0.00000e+00	0.00000e+00	8.50789e-02
3.63798e+01	2.73121e+02	1.53346e+03	1.01765e+03	1.46051e+00	0.00000e+00	0.00000e+00	8.51781e-02
3.73629e+01	2.73125e+02	1.53274e+03	1.01811e+03	1.46224e+00	0.00000e+00	0.00000e+00	8.52772e-02
3.83461e+01	2.73129e+02	1.53202e+03	1.01857e+03	1.46397e+00	0.00000e+00	0.00000e+00	8.53762e-02
3.93292e+01	2.73133e+02	1.53130e+03	1.01903e+03	1.46570e+00	0.00000e+00	0.00000e+00	8.54751e-02
4.03123e+01	2.73138e+02	1.53058e+03	1.01948e+03	1.46745e+00	0.00000e+00	0.00000e+00	8.55738e-02
4.12955e+01	2.73143e+02	1.52986e+03	1.01994e+03	1.46920e+00	0.00000e+00	0.00000e+00	8.56725e-02
4.22786e+01	2.73148e+02	1.52914e+03	1.02039e+03	1.47095e+00	0.00000e+00	0.00000e+00	8.57710e-02
4.32617e+01	2.73153e+02	1.52842e+03	1.02085e+03	1.47271e+00	0.00000e+00	0.00000e+00	8.58694e-02
4.42449e+01	2.73158e+02	1.52771e+03	1.02130e+03	1.47448e+00	0.00000e+00	0.00000e+00	8.59677e-02
4.52280e+01	2.73164e+02	1.52699e+03	1.02175e+03	1.47626e+00	0.00000e+00	0.00000e+00	8.60659e-02
4.62111e+01	2.73170e+02	1.52627e+03	1.02220e+03	1.47804e+00	0.00000e+00	0.00000e+00	8.61640e-02
4.71943e+01	2.73176e+02	1.52556e+03	1.02265e+03	1.47982e+00	0.00000e+00	0.00000e+00	8.62619e-02
4.81774e+01	2.73182e+02	1.52484e+03	1.02310e+03	1.48161e+00	0.00000e+00	0.00000e+00	8.63598e-02
4.91606e+01	2.73188e+02	1.52413e+03	1.02354e+03	1.48340e+00	0.00000e+00	0.00000e+00	8.64576e-02
5.01437e+01	2.73195e+02	1.52342e+03	1.02399e+03	1.48520e+00	0.00000e+00	0.00000e+00	8.65552e-02
5.11268e+01	2.73201e+02	1.52271e+03	1.02444e+03	1.48700e+00	0.00000e+00	0.00000e+00	8.66527e-02
5.21100e+01	2.73208e+02	1.52199e+03	1.02488e+03	1.48881e+00	0.00000e+00	0.00000e+00	8.67502e-02
5.30931e+01	2.73215e+02	1.52128e+03	1.02532e+03	1.49062e+00	0.00000e+00	0.00000e+00	8.68475e-02
5.40762e+01	2.73222e+02	1.52057e+03	1.02576e+03	1.49243e+00	0.00000e+00	0.00000e+00	8.69447e-02
5.50594e+01	2.73230e+02	1.51986e+03	1.02620e+03	1.49424e+00	0.00000e+00	0.00000e+00	8.70418e-02
5.60425e+01	2.73237e+02	1.51916e+03	1.02664e+03	1.49606e+00	0.00000e+00	0.00000e+00	8.71388e-02
5.70256e+01	2.73245e+02	1.51845e+03	1.02708e+03	1.49788e+00	0.00000e+00	0.00000e+00	8.72357e-02
5.80088e+01	2.73253e+02	1.51774e+03	1.02752e+03	1.49970e+00	0.00000e+00	0.00000e+00	8.73324e-02
5.89919e+01	2.73261e+02	1.51703e+03	1.02796e+03	1.50153e+00	0.00000e+00	0.00000e+00	8.74291e-02
5.99750e+01	2.73269e+02	1.51633e+03	1.02839e+03	1.50335e+00	0.00000e+00	0.00000e+00	8.75257e-02
6.09582e+01	2.73277e+02	1.51562e+03	1.02883e+03	1.50518e+00	0.00000e+00	0.00000e+00	8.76221e-02
6.19413e+01	2.73286e+02	1.51491e+03	1.02926e+03	1.50701e+00	0.00000e+00	0.00000e+00	8.77185e-02
6.29244e+01	2.73295e+02	1.51421e+03	1.02969e+03	1.50884e+00	0.00000e+00	0.00000e+00	8.78147e-02
6.39076e+01	2.73304e+02	1.51351e+03	1.03012e+03	1.51067e+00	0.00000e+00	0.00000e+00	8.79109e-02
6.48907e+01	2.73313e+02	1.51280e+03	1.03055e+03	1.51250e+00	0.00000e+00	0.00000e+00	8.80069e-02
6.58739e+01	2.73322e+02	1.51210e+03	1.03098e+03	1.51433e+00	0.00000e+00	0.00000e+00	8.81029e-02
6.68570e+01	2.73331e+02	1.51140e+03	1.03141e+03	1.51617e+00	0.00000e+00	0.00000e+00	8.81987e-02
6.78401e+01	2.73341e+02	1.51070e+03	1.03184e+03	1.51800e+00	0.00000e+00	0.00000e+00	8.82944e-02
6.88233e+01	2.73350e+02	1.51000e+03	1.03226e+03	1.51984e+00	0.00000e+00	0.00000e+00	8.83900e-02
6.98064e+01	2.73360e+02	1.50930e+03	1.03269e+03	1.52168e+00	0.00000e+00	0.00000e+00	8.84856e-02
7.07895e+01	2.73370e+02	1.50860e+03	1.03311e+03	1.52352e+00	0.00000e+00	0.00000e+00	8.85810e-02
7.17727e+01	2.73380e+02	1.50790e+03	1.03354e+03	1.52536e+00	0.00000e+00	0.00000e+00	8.86763e-02
7.27558e+01	2.73391e+02	1.50720e+03	1.03396e+03	1.52721e+00	0.00000e+00	0.00000e+00	8.87715e-02
7.37389e+01	2.73401e+02	1.50650e+03	1.03438e+03	1.52905e+00	0.00000e+00	0.00000e+00	8.88666e-02
7.47221e+01	2.73412e+02	1.50581e+03	1.03480e+03	1.53090e+00	0.00000e+00	0.00000e+00	8.89616e-02
7.57052e+01	2.73423e+02	1.50511e+03	1.03522e+03	1.53275e+00	0.00000e+00	0.00000e+00	8.90565e-02
7.66883e+01	2.73434e+02	1.50441e+03	1.03564e+03	1.53459e+00	0.00000e+00	0.00000e+00	8.91513e-02
7.76715e+01	2.73445e+02	1.50372e+03	1.03605e+03	1.53644e+00	0.00000e+00	0.00000e+00	8.92459e-02
7.86546e+01	2.73456e+02	1.50302e+03	1.03647e+03	1.53829e+00	0.00000e+00	0.00000e+00	8.93405e-02
7.96378e+01	2.73467e+02	1.50233e+03	1.03689e+03	1.54014e+00	0.00000e+00	0.00000e+00	8.94350e-02
8.06209e+01	2.73479e+02	1.50164e+03	1.03730e+03	1.54199e+00	0.00000e+00	0.00000e+00	8.95294e-02
8.16040e+01	2.73490e+02	1.50094e+03	1.03771e+03	1.54384e+00	0.00000e+00	0.00000e+00	8.96236e-02
8.25872e+01	2.73502e+02	1.50025e+03	1.03812e+03	1.54569e+00	0.00000e+00	0.00000e+00	8.97178e-02
8.35703e+01	2.73514e+02	1.49956e+03	1.03854e+03	1.54754e+00	0.00000e+00	0.00000e+00	8.98119e-02
8.45534e+01	2.73526e+02	1.49887e+03	1.03895e+03	1.54940e+00	0.00000e+00	0.00000e+00	8.99058e-02
8.55366e+01	2.73538e+02	1.49818e+03	1.03935e+03	1.55125e+00	0.00000e+00	0.00000e+00	8.99997e-02
8.65197e+01	2.73551e+02	1.49749e+03	1.03976e+03	1.55310e+00	0.00000e+00	0.00000e+00	9.00934e-02
8.75028e+01	2.73563e+02	1.49680e+03	1.04017e+03	1.55495e+00	0.00000e+00	0.00000e+00	9.01871e-02
8.84860e+01	2.73576e+02	1.49611e+03	1.04058e+03	1.55680e+00	0.00000e+00	0.00000e+00	9.02806e-02
8.94691e+01	2.73589e+02	1.49542e+03	1.04098e+03	1.55865e+00	0.00000e+00	0.00000e+00	9.03741e-02
9.04522e+01	2.73602e+02	1.49474e+03	1.04139e+03	1.56050e+00	0.00000e+00	0.00000e+00	9.04674e-02
9.14354e+01	2.73615e+02	1.49405e+03	1.04179e+03	1.56235e+00	0.00000e+00	0.00000e+00	9.05606e-02
9.24185e+01	2.73628e+02	1.49337e+03	1.04219e+03	1.56420e+00	0.00000e+00	0.00000e+00	9.06538e-02
9.34016e+01	2.73641e+02	1.49268e+03	1.04259e+03	1.56605e+00	0.00000e+00	0.00000e+00	9.07468e-02
9.43848e+01	2.73655e+02	1.49199e+03	1.04299e+03	1.56790e+00	0.00000e+00	0.00000e+00	9.08398e-02
9.53679e+01	2.73668e+02	1.49131e+03	1.04339e+03	1.56975e+00	0.00000e+00	0.00000e+00	9.09326e-02
9.63511e+01	2.73682e+02	1.49063e+03	1.04379e+03	1.57160e+00	0.00000e+00	0.00000e+00	9.10253e-02
9.73342e+01	2.73696e+02	1.48994e+03	1.04419e+03	1.57345e+00	0.00000e+00	0.00000e+00	9.11179e-02
9.83173e+01	2.73710e+02	1.48926e+03	1.04459e+03	1.57530e+00	0.00000e+00	0.00000e+00	9.12105e-02
9.93005e+01	2.73724e+02	1.48858e+03	1.04498e+03	1.57714e+00	0.00000e+00	0.00000e+00	9.13029e-02
1.00284e+02	2.73738e+02	1.48790e+03	1.04538e+03	1.57899e+00	0.00000e+00	0.00000e+00	9.13952e-02
1.01267e+02	2.73753e+02	1.48722e+03	1.04577e+03	1.58084e+00	0.00000e+00	0.00000e+00	9.14874e-02
1.02250e+02	2.73767e+02	1.48654e+03	1.04616e+03	1.58269e+00	0.00000e+00	0.00000e+00	9.15796e-02
1.03233e+02	2.73782e+02	1.48586e+03	1.04655e+03	1.58454e+00	0.00000e+00	0.00000e+00	9.16716e-02
1.04216e+02	2.73796e+02	1.48518e+03	1.04695e+03	1.58639e+00	0.00000e+00	0.00000e+00	9.17635e-02
1.05199e+02	2.73811e+02	1.48450e+03	1.04734e+03	1.58823e+00	0.00000e+00	0.00000e+00	9.18553e-02
1.06182e+02	2.73826e+02	1.48382e+03	1.04773e+03	1.59008e+00	0.00000e+00	0.00000e+00	9.19470e-02
1.07166e+02	2.73841e+02	1.48315e+03	1.04811e+03	1.59193e+00	0.00000e+00	0.00000e+00	9.20386e-02
1.08149e+02	2.73857e+02	1.48247e+03	1.04850e+03	1.59378e+00	0.00000e+00	0.00000e+00	9.21301e-02
1.09132e+02	2.73872e+02	1.48179e+03	1.04889e+03	1.59563e+00	0.00000e+00	0.00000e+00	9.22215e-02
1.10115e+02	2.73887e+02	1.48112e+03	1.04927e+03	1.59748e+00	0.00000e+00	0.00000e+00	9.23128e-02
1.11098e+02	2.73903e+02	1.48044e+03	1.04966e+03	1.59933e+00	0.00000e+00	0.00000e+00	9.24040e-02
1.12081e+02	2.73919e+02	1.47977e+03	1.05004e+03	1.60119e+00	0.00000e+00	0.00000e+00	9.24951e-02
1.13064e+02	2.73934e+02	1.47909e+03	1.05043e+03	1.60304e+00	0.00000e+00	0.00000e+00	9.25861e-02
1.14047e+02	2.73950e+02	1.47842e+03	1.05081e+03	1.60489e+00	0.00000e+00	0.00000e+00	9.26770e-02
1.15031e+02	2.73966e+02	1.47775e+03	1.05119e+03	1.60675e+00	0.00000e+00	0.00000e+00	9.27678e-02
1.16014e+02	2.73982e+02	1.47708e+03	1.05157e+03	1.60860e+00	0.00000e+00	0.00000e+00	9.28584e-02
1.16997e+02	2.73999e+02	1.47640e+03	1.05195e+03	1.61045e+00	0.00000e+00	0.00000e+00	9.29490e-02
1.17980e+02	2.74015e+02	1.47573e+03	1.05233e+03	1.61231e+00	0.00000e+00	0.00000e+00	9.30395e-02
1.18963e+02	2.74032e+02	1.47506e+03	1.05270e+03	1.61416e+00	0.00000e+00	0.00000e+00	9.31299e-02
1.19946e+02	2.74048e+02	1.47439e+03	1.05308e+03	1.61602e+00	0.00000e+00	0.00000e+00	9.32201e-02
1.20929e+02	2.74065e+02	1.47372e+03	1.05346e+03	1.61787e+00	0.00000e+00	0.00000e+00	9.33103e-02
1.21913e+02	2.74082e+02	1.47306e+03	1.05383e+03	1.61973e+00	0.00000e+00	0.00000e+00	9.34004e-02
1.22896e+02	2.74098e+02	1.47239e+03	1.05421e+03	1.62159e+00	0.00000e+00	0.00000e+00	9.34904e-02
1.23879e+02	2.74116e+02	1.47172e+03	1.05458e+03	1.62344e+00	0.00000e+00	0.00000e+00	9.35802e-02
1.24862e+02	2.74133e+02	1.47105e+03	1.05495e+03	1.62530e+00	0.00000e+00	0.00000e+00	9.36700e-02
1.25845e+02	2.74150e+02	1.47039e+03	1.05532e+03	1.62716e+00	0.00000e+00	0.00000e+00	9.37596e-02
1.26828e+02	2.74167e+02	1.46972e+03	1.05570e+03	1.62901e+00	0.00000e+00	0.00000e+00	9.38492e-02
1.27811e+02	2.74185e+02	1.46906e+03	1.05607e+03	1.63087e+00	0.00000e+00	0.00000e+00	9.39386e-02
1.28795e+02	2.74202e+02	1.46839e+03	1.05643e+03	1.63273e+00	0.00000e+00	0.00000e+00	9.40280e-02
1.29778e+02	2.74220e+02	1.46773e+03	1.05680e+03	1.63459e+00	0.00000e+00	0.00000e+00	9.41172e-02
1.30761e+02	2.74237e+02	1.46706e+03	1.05717e+03	1.63644e+00	0.00000e+00	0.00000e+00	9.42064e-02
1.31744e+02	2.74255e+02	1.46640e+03	1.05754e+03	1.63830e+00	0.00000e+00	0.00000e+00	9.42954e-02
1.32727e+02	2.74273e+02	1.46574e+03	1.05790e+03	1.64016e+00	0.00000e+00	0.00000e+00	9.43844e-02
1.33710e+02	2.74291e+02	1.46507e+03	1.05827e+03	1.64202e+00	0.00000e+00	0.00000e+00	9.44732e-02
1.34693e+02	2.74309e+02	1.46441e+03	1.05863e+03	1.64388e+00	0.00000e+00	0.00000e+00	9.45620e-02
1.35676e+02	2.74328e+02	1.46375e+03	1.05900e+03	1.64574e+00	0.00000e+00	0.00000e+00	9.46506e-02
1.36660e+02	2.74346e+02	1.46309e+03	1.05936e+03	1.64759e+00	0.00000e+00	0.00000e+00	9.47392e-02
1.37643e+02	2.74364e+02	1.46243e+03	1.05972e+03	1.64945e+00	0.00000e+00	0.00000e+00	9.48276e-02
1.38626e+02	2.74383e+02	1.46177e+03	1.06008e+03	1.65131e+00	0.00000e+00	0.00000e+00	9.49159e-02
1.39609e+02	2.74401e+02	1.46111e+03	1.06044e+03	1.65317e+00	0.00000e+00	0.00000e+00	9.50042e-02
1.40592e+02	2.74420e+02	1.46046e+03	1.06080e+03	1.65503e+00	0.00000e+00	0.00000e+00	9.50923e-02
1.41575e+02	2.74439e+02	1.45980e+03	1.06116e+03	1.65689e+00	0.00000e+00	0.00000e+00	9.51804e-02
1.42558e+02	2.74458e+02	1.45914e+03	1.06152e+03	1.65874e+00	0.00000e+00	0.00000e+00	9.52683e-02
1.43542e+02	2.74477e+02	1.45848e+03	1.06187e+03	1.66060e+00	0.00000e+00	0.00000e+00	9.53561e-02
1.44525e+02	2.74496e+02	1.45783e+03	1.06223e+03	1.66246e+00	0.00000e+00	0.00000e+00	9.54439e-02
1.45508e+02	2.74515e+02	1.45717e+03	1.06258e+03	1.66432e+00	0.00000e+00	0.00000e+00	9.55315e-02
1.46491e+02	2.74534e+02	1.45652e+03	1.06294e+03	1.66617e+00	0.00000e+00	0.00000e+00	9.56191e-02
1.47474e+02	2.74553e+02	1.45586e+03	1.06329e+03	1.66803e+00	0.00000e+00	0.00000e+00	9.57065e-02
1.48457e+02	2.74573e+02	1.45521e+03	1.06365e+03	1.66989e+00	0.00000e+00	0.00000e+00	9.57939e-02
1.49440e+02	2.74592e+02	1.45456e+03	1.06400e+03	1.67175e+00	0.00000e+00	0.00000e+00	9.58812e-02
1.50424e+02	2.74612e+02	1.45390e+03	1.06435e+03	1.67360e+00	0.00000e+00	0.00000e+00	9.59683e-02
1.51407e+02	2.74631e+02	1.45325e+03	1.06470e+03	1.67546e+00	0.00000e+00	0.00000e+00	9.60554e-02
1.52390e+02	2.74651e+02	1.45260e+03	1.06505e+03	1.67732e+00	0.00000e+00	0.00000e+00	9.61424e-02
1.53373e+02	2.74671e+02	1.45195e+03	3.40433e+03	4.37430e+00	2.49555e+00	1.45650e+13	0.00000e+00
2.10119e+02	3.02348e+02	1.44019e+03	3.40433e+03	4.38343e+00	2.49765e+00	9.98539e+11	0.00000e+00
2.66442e+02	3.29842e+02	1.42843e+03	3.41799e+03	4.38037e+00	2.49473e+00	1.08698e+11	0.00000e+00
3.22565e+02	3.57153e+02	1.41667e+03	3.41760e+03	7.73730e+00	4.40696e+00	1.68353e+10	0.00000e+00
3.78251e+02	3.84282e+02	1.40492e+03	3.44327e+03	7.77841e+00	4.42990e+00	3.43028e+09	0.00000e+00
4.33923e+02	4.11229e+02	1.39316e+03	3.45882e+03	7.75166e+00	4.41197e+00	8.69745e+08	0.00000e+00
4.89402e+02	4.37997e+02	1.38140e+03	3.45142e+03	7.72403e+00	4.39350e+00	2.63020e+08	0.00000e+00
5.44313e+02	4.64584e+02	1.36964e+03	3.44371e+03	7.69388e+00	4.37349e+00	9.18351e+07	0.00000e+00
5.98657e+02	4.90993e+02	1.35788e+03	3.43513e+03	7.78713e+00	4.42812e+00	3.61243e+07	0.00000e+00
6.52424e+02	5.17224e+02	1.34613e+03	3.46886e+03	7.88335e+00	4.48480e+00	1.57036e+07	0.00000e+00
7.06279e+02	5.43277e+02	1.33437e+03	3.50395e+03	7.77109e+00	4.41503e+00	7.43626e+06	0.00000e+00
7.60220e+02	5.69154e+02	1.32261e+03	3.46709e+03	7.81863e+00	4.44226e+00	3.78836e+06	0.00000e+00
8.13125e+02	5.94856e+02	1.31085e+03	3.48553e+03	7.76522e+00	4.40813e+00	2.05240e+06	0.00000e+00
8.65857e+02	6.20384e+02	1.29909e+03	3.46888e+03	7.73923e+00	4.39070e+00	1.17405e+06	0.00000e+00
9.17876e+02	6.45738e+02	1.28734e+03	3.46180e+03	7.69653e+00	4.36305e+00	7.03804e+05	0.00000e+00
9.69338e+02	6.70920e+02	1.27558e+03	3.44879e+03	7.65180e+00	4.33411e+00	4.39691e+05	0.00000e+00
1.02016e+03	6.95931e+02	1.26382e+03	3.43497e+03	7.78227e+00	4.41234e+00	2.84861e+05	0.00000e+00
1.07034e+03	7.20772e+02	1.25206e+03	3.48294e+03	7.80740e+00	4.42629e+00	1.90601e+05	0.00000e+00
1.12077e+03	7.45444e+02	1.24030e+03	3.49396e+03	7.75809e+00	4.39460e+00	1.31365e+05	0.00000e+00
1.17091e+03	7.69948e+02	1.22855e+03	3.47855e+03	7.70815e+00	4.36242e+00	9.29216e+04	0.00000e+00
1.22036e+03	7.94286e+02	1.21679e+03	3.46276e+03	7.65552e+00	4.32863e+00	6.72571e+04	0.00000e+00
1.26914e+03	8.18459e+02	1.20503e+03	3.44601e+03	7.60059e+00	4.29336e+00	4.97011e+04	0.00000e+00
1.31723e+03	8.42468e+02	1.19327e+03	3.42830e+03	7.62888e+00	4.30931e+00	3.74233e+04	0.00000e+00
1.36464e+03	8.66315e+02	1.18151e+03	3.44042e+03	7.72821e+00	4.36928e+00	2.86624e+04	0.00000e+00
1.41179e+03	8.90001e+02	1.16976e+03	3.47843e+03	7.66707e+00	4.33011e+00	2.23030e+04	0.00000e+00
1.45902e+03	9.13528e+02	1.15800e+03	3.45832e+03	7.60673e+00	4.29140e+00	1.76119e+04	0.00000e+00
1.50553e+03	9.36897e+02	1.14624e+03	3.43841e+03	7.54385e+00	4.25110e+00	1.40878e+04	0.00000e+00
1.55133e+03	9.60110e+02	1.13448e+03	3.41751e+03	7.48362e+00	4.21235e+00	1.14028e+04	0.00000e+00
1.59643e+03	9.83169e+02	1.12272e+03	3.39739e+03	7.56093e+00	4.25899e+00	9.33050e+03	0.00000e+00
1.64084e+03	1.00608e+03	1.11097e+03	3.42771e+03	7.57892e+00	4.26896e+00	7.71184e+03	0.00000e+00
1.68524e+03	1.02883e+03	1.09921e+03	3.43646e+03	7.50910e+00	4.22415e+00	6.43627e+03	0.00000e+00
1.72933e+03	1.05144e+03	1.08745e+03	3.41260e+03	7.45227e+00	4.18740e+00	5.41917e+03	0.00000e+00
1.77269e+03	1.07390e+03	1.07569e+03	3.39345e+03	7.47945e+00	4.20308e+00	4.59896e+03	0.00000e+00
1.81540e+03	1.09622e+03	1.06393e+03	3.40552e+03	7.52303e+00	4.22917e+00	3.93179e+03	0.00000e+00
1.85786e+03	1.11839e+03	1.05218e+03	3.42389e+03	7.44717e+00	4.18041e+00	3.38538e+03	0.00000e+00
1.90014e+03	1.14042e+03	1.04042e+03	3.39739e+03	7.42082e+00	4.16266e+00	2.93439e+03	0.00000e+00
1.94168e+03	1.16232e+03	1.02866e+03	3.38942e+03	7.43017e+00	4.16733e+00	2.55851e+03	0.00000e+00
1.98273e+03	1.18408e+03	1.01690e+03	3.39492e+03	7.40504e+00	4.15035e+00	2.24340e+03	0.00000e+00
2.02345e+03	1.20571e+03	1.00514e+03	3.38736e+03	7.39714e+00	4.14422e+00	1.97769e+03	0.00000e+00
2.06369e+03	1.22721e+03	9.93387e+02	3.38633e+03	7.38923e+00	4.13810e+00	1.75210e+03	0.00000e+00
2.10352e+03	1.24859e+03	9.81629e+02	3.38529e+03	7.40911e+00	4.14956e+00	1.55952e+03	0.00000e+00
2.14296e+03	1.26984e+03	9.69871e+02	3.39492e+03	7.37340e+00	4.12589e+00	1.39421e+03	0.00000e+00
2.18213e+03	1.29097e+03	9.58113e+02	3.38319e+03	7.36547e+00	4.11981e+00	1.25167e+03	0.00000e+00
2.22078e+03	1.31199e+03	9.46355e+02	3.38213e+03	7.35753e+00	4.11373e+00	1.12799e+03	0.00000e+00
2.25904e+03	1.33289e+03	9.34597e+02	3.38107e+03	7.34958e+00	4.10766e+00	1.02026e+03	0.00000e+00
2.29691e+03	1.35368e+03	9.22839e+02	3.38000e+03	7.34161e+00	4.10160e+00	9.26003e+02	0.00000e+00
2.33440e+03	1.37437e+03	9.11081e+02	3.37892e+03	7.33364e+00	4.09555e+00	8.43186e+02	0.00000e+00
2.37151e+03	1.39495e+03	8.99323e+02	3.37784e+03	7.32563e+00	4.08950e+00	7.70132e+02	0.00000e+00
2.40825e+03	1.41544e+03	8.87565e+02	3.37674e+03	7.31761e+00	4.08346e+00	7.05444e+02	0.00000e+00
2.44461e+03	1.43584e+03	8.75807e+02	3.37565e+03	7.30958e+00	4.07742e+00	6.47957e+02	0.00000e+00
2.48061e+03	1.45615e+03	8.64049e+02	3.37454e+03	7.30152e+00	4.07138e+00	5.96692e+02	0.00000e+00
2.51624e+03	1.47637e+03	8.52291e+02	3.37343e+03	7.29344e+00	4.06534e+00	5.50825e+02	0.00000e+00
2.55151e+03	1.49652e+03	8.40533e+02	3.37231e+03	7.28532e+00	4.05930e+00	5.09657e+02	0.00000e+00
2.58642e+03	1.51660e+03	8.28775e+02	3.37117e+03	7.27717e+00	4.05325e+00	4.72595e+02	0.00000e+00
2.62098e+03	1.53662e+03	8.17017e+02	3.37003e+03	7.26898e+00	4.04720e+00	4.39132e+02	0.00000e+00
2.65520e+03	1.55657e+03	8.05259e+02	3.36888e+03	7.26076e+00	4.04114e+00	4.08834e+02	0.00000e+00
2.68908e+03	1.57648e+03	7.93501e+02	3.36771e+03	7.25250e+00	4.03508e+00	3.81328e+02	0.00000e+00
2.72262e+03	1.59634e+03	7.81743e+02	3.36654e+03	7.24419e+00	4.02900e+00	3.56293e+02	0.00000e+00
2.75583e+03	1.61616e+03	7.69985e+02	3.36536e+03	7.23583e+00	4.02291e+00	3.33449e+02	0.00000e+00
2.78871e+03	1.63595e+03	7.58227e+02	3.36416e+03	7.22741e+00	4.01679e+00	3.12554e+02	0.00000e+00
2.82128e+03	1.65572e+03	7.46469e+02	3.36294e+03	7.21893e+00	4.01066e+00	2.93398e+02	0.00000e+00
2.85354e+03	1.67549e+03	7.34711e+02	3.36172e+03	7.21037e+00	4.00450e+00	2.75797e+02	0.00000e+00
2.88550e+03	1.69525e+03	7.22953e+02	3.36047e+03	7.20176e+00	3.99831e+00	2.59588e+02	0.00000e+00
2.91716e+03	1.71502e+03	7.11195e+02	3.35921e+03	7.19306e+00	3.99209e+00	2.44630e+02	0.00000e+00
2.94853e+03	1.73481e+03	6.99437e+02	3.35793e+03	7.18427e+00	3.98584e+00	2.30798e+02	0.00000e+00
2.97963e+03	1.75463e+03	6.87679e+02	3.35663e+03	7.17540e+00	3.97955e+00	2.17982e+02	0.00000e+00
3.01045e+03	1.77449e+03	6.75921e+02	3.35532e+03	7.16642e+00	3.97321e+00	2.06084e+02	0.00000e+00
3.04102e+03	1.79442e+03	6.64163e+02	3.35398e+03	7.15732e+00	3.96682e+00	1.95016e+02	0.00000e+00
3.07134e+03	1.81442e+03	6.52405e+02	3.35261e+03	7.14811e+00	3.96037e+00	1.84703e+02	0.00000e+00
3.10142e+03	1.83450e+03	6.40647e+02	3.35122e+03	7.13876e+00	3.95386e+00	1.75075e+02	0.00000e+00
3.13128e+03	1.85469e+03	6.28889e+02	3.34981e+03	7.12928e+00	3.94728e+00	1.66070e+02	0.00000e+00
3.16092e+03	1.87501e+03	6.17131e+02	3.34836e+03	7.11964e+00	3.94063e+00	1.57634e+02	0.00000e+00
3.19036e+03	1.89547e+03	6.05373e+02	3.34689e+03	7.10984e+00	3.93390e+00	1.49716e+02	0.00000e+00
3.21963e+03	1.91609e+03	5.93615e+02	3.34538e+03	7.09983e+00	3.92707e+00	1.42274e+02	0.00000e+00
3.24872e+03	1.93690e+03	5.81857e+02	3.34383e+03	7.08964e+00	3.92014e+00	1.35266e+02	0.00000e+00
3.24872e+03	1.93690e+03	5.81857e+02	7.02772e+03	2.33568e+00	0.00000e+00	1.00000e+04	0.00000e+00
3.58322e+03	1.93905e+03	5.17206e+02	7.07887e+03	2.32723e+00	0.00000e+00	1.00000e+04	0.00000e+00
3.81258e+03	1.94120e+03	4.52555e+02	7.12541e+03	2.36630e+00	0.00000e+00	1.00000e+04	0.00000e+00
3.91088e+03	1.94336e+03	3.87905e+02	7.16989e+03	2.39034e+00	0.00000e+00	1.00000e+04	0.00000e+00
3.83495e+03	1.94551e+03	3.23254e+02	7.21502e+03	2.39613e+00	0.00000e+00	1.00000e+04	0.00000e+00
3.50493e+03	1.94766e+03	2.58603e+02	7.26514e+03	2.37763e+00	0.00000e+00	1.00000e+04	0.00000e+00
2.75220e+03	1.94981e+03	1.93952e+02	7.33191e+03	2.32205e+00	0.00000e+00	1.00000e+04	0.00000e+00
1.14589e+03	1.95196e+03	1.29302e+02	7.50952e+03	2.19027e+00	0.00000e+00	1.00000e+04	0.00000e+00
-2.86142e+03	1.95412e+03	6.46508e+01	7.41757e+03	1.96153e+00	0.00000e+00	1.00000e+04	0.00000e+00
-1.91499e+04	1.95627e+03	0.00000e+00	7.37831e+03	1.15634e+00	0.00000e+00	1.00000e+04	0.00000e+00
