P (MPa)		T (K)		r (km)		rho (kg m-3)	VP (km s-1)	VS (km s-1)	QS/gamma	
0.00000e+00	1.10000e+02	1.56100e+03	9.31625e+02	3.87940e+00	1.96225e+00	3.09516e+04
5.85463e-03	1.15390e+02	1.56100e+03	9.31625e+02	3.87986e+00	1.96249e+00	1.85839e+04
1.17093e-02	1.21045e+02	1.56099e+03	9.31378e+02	3.88038e+00	1.96275e+00	1.14272e+04
1.75639e-02	1.26977e+02	1.56099e+03	9.31099e+02	3.88096e+00	1.96305e+00	7.18800e+03
2.34185e-02	1.33199e+02	1.56098e+03	9.30786e+02	3.88162e+00	1.96338e+00	4.62043e+03
2.92731e-02	1.39727e+02	1.56098e+03	9.30431e+02	3.88237e+00	1.96376e+00	3.03195e+03
3.51278e-02	1.46574e+02	1.56097e+03	9.30030e+02	3.88321e+00	1.96418e+00	2.02913e+03
4.09824e-02	1.53757e+02	1.56097e+03	9.29576e+02	3.88416e+00	1.96467e+00	1.38371e+03
4.68370e-02	1.61292e+02	1.56096e+03	9.29061e+02	3.88524e+00	1.96522e+00	9.60606e+02
5.26916e-02	1.69196e+02	1.56096e+03	9.28477e+02	3.88647e+00	1.96584e+00	6.78347e+02
5.85463e-02	1.77487e+02	1.56095e+03	9.27814e+02	3.88786e+00	1.96654e+00	4.86873e+02
6.44009e-02	1.86185e+02	1.56095e+03	9.27063e+02	3.88944e+00	1.96734e+00	3.54903e+02
7.02555e-02	1.95308e+02	1.56094e+03	9.26214e+02	3.89123e+00	1.96825e+00	2.62553e+02
7.61102e-02	2.04879e+02	1.56094e+03	9.25258e+02	3.89325e+00	1.96927e+00	1.96988e+02
8.19648e-02	2.14919e+02	1.56093e+03	9.24185e+02	3.89551e+00	1.97041e+00	1.49792e+02
8.78194e-02	2.25452e+02	1.56093e+03	9.22989e+02	3.89804e+00	1.97169e+00	1.15371e+02
9.36740e-02	2.36500e+02	1.56092e+03	9.21666e+02	3.90084e+00	1.97311e+00	8.99504e+01
9.95287e-02	2.48089e+02	1.56092e+03	9.20219e+02	3.90391e+00	1.97467e+00	7.09509e+01
1.05383e-01	2.60247e+02	1.56091e+03	9.18656e+02	3.90724e+00	1.97635e+00	5.65883e+01
1.11238e-01	2.73000e+02	1.56091e+03	9.16992e+02	3.91078e+00	1.97814e+00	4.56125e+01
8.25206e-01	2.73002e+02	1.56038e+03	1.02752e+03	1.44795e+00	0.00000e+00	0.00000e+00
1.53917e+00	2.73005e+02	1.55985e+03	1.02787e+03	1.44911e+00	0.00000e+00	0.00000e+00
2.25314e+00	2.73007e+02	1.55932e+03	1.02820e+03	1.45027e+00	0.00000e+00	0.00000e+00
2.96711e+00	2.73010e+02	1.55880e+03	1.02854e+03	1.45144e+00	0.00000e+00	0.00000e+00
3.68108e+00	2.73013e+02	1.55827e+03	1.02888e+03	1.45260e+00	0.00000e+00	0.00000e+00
4.39505e+00	2.73016e+02	1.55774e+03	1.02922e+03	1.45377e+00	0.00000e+00	0.00000e+00
5.10901e+00	2.73019e+02	1.55722e+03	1.02956e+03	1.45494e+00	0.00000e+00	0.00000e+00
5.82298e+00	2.73022e+02	1.55669e+03	1.02990e+03	1.45612e+00	0.00000e+00	0.00000e+00
6.53695e+00	2.73025e+02	1.55616e+03	1.03023e+03	1.45729e+00	0.00000e+00	0.00000e+00
7.25092e+00	2.73028e+02	1.55564e+03	1.03057e+03	1.45847e+00	0.00000e+00	0.00000e+00
7.96488e+00	2.73031e+02	1.55511e+03	1.03090e+03	1.45965e+00	0.00000e+00	0.00000e+00
8.67885e+00	2.73035e+02	1.55459e+03	1.03124e+03	1.46083e+00	0.00000e+00	0.00000e+00
9.39282e+00	2.73038e+02	1.55406e+03	1.03157e+03	1.46202e+00	0.00000e+00	0.00000e+00
1.01068e+01	2.73042e+02	1.55354e+03	1.03191e+03	1.46320e+00	0.00000e+00	0.00000e+00
1.08208e+01	2.73046e+02	1.55302e+03	1.03224e+03	1.46439e+00	0.00000e+00	0.00000e+00
1.15347e+01	2.73050e+02	1.55249e+03	1.03257e+03	1.46558e+00	0.00000e+00	0.00000e+00
1.22487e+01	2.73053e+02	1.55197e+03	1.03290e+03	1.46678e+00	0.00000e+00	0.00000e+00
1.29627e+01	2.73057e+02	1.55145e+03	1.03324e+03	1.46797e+00	0.00000e+00	0.00000e+00
1.36766e+01	2.73062e+02	1.55092e+03	1.03357e+03	1.46917e+00	0.00000e+00	0.00000e+00
1.43906e+01	2.73066e+02	1.55040e+03	1.03390e+03	1.47037e+00	0.00000e+00	0.00000e+00
1.51046e+01	2.73070e+02	1.54988e+03	1.03423e+03	1.47157e+00	0.00000e+00	0.00000e+00
1.58185e+01	2.73074e+02	1.54936e+03	1.03456e+03	1.47278e+00	0.00000e+00	0.00000e+00
1.65325e+01	2.73079e+02	1.54884e+03	1.03489e+03	1.47398e+00	0.00000e+00	0.00000e+00
1.72465e+01	2.73083e+02	1.54832e+03	1.03521e+03	1.47519e+00	0.00000e+00	0.00000e+00
1.79604e+01	2.73088e+02	1.54780e+03	1.03554e+03	1.47640e+00	0.00000e+00	0.00000e+00
1.86744e+01	2.73093e+02	1.54728e+03	1.03587e+03	1.47761e+00	0.00000e+00	0.00000e+00
1.93884e+01	2.73098e+02	1.54676e+03	1.03620e+03	1.47883e+00	0.00000e+00	0.00000e+00
2.01023e+01	2.73103e+02	1.54624e+03	1.03652e+03	1.48004e+00	0.00000e+00	0.00000e+00
2.08163e+01	2.73108e+02	1.54572e+03	1.03685e+03	1.48126e+00	0.00000e+00	0.00000e+00
2.15303e+01	2.73113e+02	1.54520e+03	1.03717e+03	1.48248e+00	0.00000e+00	0.00000e+00
2.22442e+01	2.73118e+02	1.54468e+03	1.03750e+03	1.48371e+00	0.00000e+00	0.00000e+00
2.29582e+01	2.73123e+02	1.54416e+03	1.03782e+03	1.48493e+00	0.00000e+00	0.00000e+00
2.36722e+01	2.73129e+02	1.54364e+03	1.03814e+03	1.48616e+00	0.00000e+00	0.00000e+00
2.43861e+01	2.73134e+02	1.54313e+03	1.03847e+03	1.48739e+00	0.00000e+00	0.00000e+00
2.51001e+01	2.73140e+02	1.54261e+03	1.03879e+03	1.48862e+00	0.00000e+00	0.00000e+00
2.58141e+01	2.73145e+02	1.54209e+03	1.03911e+03	1.48985e+00	0.00000e+00	0.00000e+00
2.65280e+01	2.73151e+02	1.54158e+03	1.03943e+03	1.49109e+00	0.00000e+00	0.00000e+00
2.72420e+01	2.73157e+02	1.54106e+03	1.03975e+03	1.49232e+00	0.00000e+00	0.00000e+00
2.79560e+01	2.73163e+02	1.54055e+03	1.04007e+03	1.49356e+00	0.00000e+00	0.00000e+00
2.86700e+01	2.73169e+02	1.54003e+03	1.04039e+03	1.49480e+00	0.00000e+00	0.00000e+00
2.93839e+01	2.73175e+02	1.53951e+03	1.04071e+03	1.49605e+00	0.00000e+00	0.00000e+00
3.00979e+01	2.73181e+02	1.53900e+03	1.04103e+03	1.49729e+00	0.00000e+00	0.00000e+00
3.08119e+01	2.73187e+02	1.53849e+03	1.04135e+03	1.49854e+00	0.00000e+00	0.00000e+00
3.15258e+01	2.73194e+02	1.53797e+03	1.04167e+03	1.49978e+00	0.00000e+00	0.00000e+00
3.22398e+01	2.73200e+02	1.53746e+03	1.04199e+03	1.50103e+00	0.00000e+00	0.00000e+00
3.29538e+01	2.73206e+02	1.53694e+03	1.04230e+03	1.50229e+00	0.00000e+00	0.00000e+00
3.36677e+01	2.73213e+02	1.53643e+03	1.04262e+03	1.50354e+00	0.00000e+00	0.00000e+00
3.43817e+01	2.73220e+02	1.53592e+03	1.04293e+03	1.50480e+00	0.00000e+00	0.00000e+00
3.50957e+01	2.73227e+02	1.53541e+03	1.04325e+03	1.50605e+00	0.00000e+00	0.00000e+00
3.58096e+01	2.73233e+02	1.53489e+03	1.04356e+03	1.50731e+00	0.00000e+00	0.00000e+00
3.65236e+01	2.73240e+02	1.53438e+03	1.04388e+03	1.50857e+00	0.00000e+00	0.00000e+00
3.72376e+01	2.73247e+02	1.53387e+03	1.04419e+03	1.50983e+00	0.00000e+00	0.00000e+00
3.79515e+01	2.73254e+02	1.53336e+03	1.04450e+03	1.51110e+00	0.00000e+00	0.00000e+00
3.86655e+01	2.73262e+02	1.53285e+03	1.04482e+03	1.51236e+00	0.00000e+00	0.00000e+00
3.93795e+01	2.73269e+02	1.53234e+03	1.04513e+03	1.51363e+00	0.00000e+00	0.00000e+00
4.00934e+01	2.73276e+02	1.53183e+03	1.04544e+03	1.51490e+00	0.00000e+00	0.00000e+00
4.08074e+01	2.73284e+02	1.53132e+03	1.04575e+03	1.51617e+00	0.00000e+00	0.00000e+00
4.15214e+01	2.73291e+02	1.53081e+03	1.04606e+03	1.51744e+00	0.00000e+00	0.00000e+00
4.22353e+01	2.73299e+02	1.53030e+03	1.04637e+03	1.51872e+00	0.00000e+00	0.00000e+00
4.29493e+01	2.73306e+02	1.52979e+03	1.04668e+03	1.51999e+00	0.00000e+00	0.00000e+00
4.36633e+01	2.73314e+02	1.52928e+03	1.04699e+03	1.52127e+00	0.00000e+00	0.00000e+00
4.43772e+01	2.73322e+02	1.52877e+03	1.04730e+03	1.52255e+00	0.00000e+00	0.00000e+00
4.50912e+01	2.73330e+02	1.52826e+03	1.04760e+03	1.52382e+00	0.00000e+00	0.00000e+00
4.58052e+01	2.73338e+02	1.52776e+03	1.04791e+03	1.52511e+00	0.00000e+00	0.00000e+00
4.65192e+01	2.73346e+02	1.52725e+03	1.04822e+03	1.52639e+00	0.00000e+00	0.00000e+00
4.72331e+01	2.73354e+02	1.52674e+03	1.04852e+03	1.52767e+00	0.00000e+00	0.00000e+00
4.79471e+01	2.73362e+02	1.52624e+03	1.04883e+03	1.52896e+00	0.00000e+00	0.00000e+00
4.86611e+01	2.73370e+02	1.52573e+03	1.04914e+03	1.53024e+00	0.00000e+00	0.00000e+00
4.93750e+01	2.73379e+02	1.52522e+03	1.04944e+03	1.53153e+00	0.00000e+00	0.00000e+00
5.00890e+01	2.73387e+02	1.52472e+03	1.04974e+03	1.53282e+00	0.00000e+00	0.00000e+00
5.08030e+01	2.73396e+02	1.52421e+03	1.05005e+03	1.53411e+00	0.00000e+00	0.00000e+00
5.15169e+01	2.73404e+02	1.52371e+03	1.05035e+03	1.53540e+00	0.00000e+00	0.00000e+00
5.22309e+01	2.73413e+02	1.52320e+03	1.05065e+03	1.53670e+00	0.00000e+00	0.00000e+00
5.29449e+01	2.73422e+02	1.52270e+03	1.05096e+03	1.53799e+00	0.00000e+00	0.00000e+00
5.36588e+01	2.73431e+02	1.52219e+03	1.05126e+03	1.53929e+00	0.00000e+00	0.00000e+00
5.43728e+01	2.73439e+02	1.52169e+03	1.05156e+03	1.54058e+00	0.00000e+00	0.00000e+00
5.50868e+01	2.73448e+02	1.52119e+03	1.05186e+03	1.54188e+00	0.00000e+00	0.00000e+00
5.58007e+01	2.73457e+02	1.52068e+03	1.05216e+03	1.54318e+00	0.00000e+00	0.00000e+00
5.65147e+01	2.73466e+02	1.52018e+03	1.05246e+03	1.54448e+00	0.00000e+00	0.00000e+00
5.72287e+01	2.73476e+02	1.51968e+03	1.05276e+03	1.54578e+00	0.00000e+00	0.00000e+00
5.79426e+01	2.73485e+02	1.51917e+03	1.05306e+03	1.54708e+00	0.00000e+00	0.00000e+00
5.86566e+01	2.73494e+02	1.51867e+03	1.05335e+03	1.54839e+00	0.00000e+00	0.00000e+00
5.93706e+01	2.73504e+02	1.51817e+03	1.05365e+03	1.54969e+00	0.00000e+00	0.00000e+00
6.00845e+01	2.73513e+02	1.51767e+03	1.05395e+03	1.55100e+00	0.00000e+00	0.00000e+00
6.07985e+01	2.73523e+02	1.51717e+03	1.05424e+03	1.55230e+00	0.00000e+00	0.00000e+00
6.15125e+01	2.73532e+02	1.51667e+03	1.05454e+03	1.55361e+00	0.00000e+00	0.00000e+00
6.22264e+01	2.73542e+02	1.51617e+03	1.05484e+03	1.55492e+00	0.00000e+00	0.00000e+00
6.29404e+01	2.73552e+02	1.51567e+03	1.05513e+03	1.55623e+00	0.00000e+00	0.00000e+00
6.36544e+01	2.73561e+02	1.51517e+03	1.05543e+03	1.55754e+00	0.00000e+00	0.00000e+00
6.43683e+01	2.73571e+02	1.51467e+03	1.05572e+03	1.55885e+00	0.00000e+00	0.00000e+00
6.50823e+01	2.73581e+02	1.51417e+03	1.05601e+03	1.56016e+00	0.00000e+00	0.00000e+00
6.57963e+01	2.73591e+02	1.51367e+03	1.05631e+03	1.56147e+00	0.00000e+00	0.00000e+00
6.65103e+01	2.73601e+02	1.51317e+03	1.05660e+03	1.56278e+00	0.00000e+00	0.00000e+00
6.72242e+01	2.73612e+02	1.51267e+03	1.05689e+03	1.56409e+00	0.00000e+00	0.00000e+00
6.79382e+01	2.73622e+02	1.51217e+03	1.05718e+03	1.56541e+00	0.00000e+00	0.00000e+00
6.86522e+01	2.73632e+02	1.51168e+03	1.05747e+03	1.56672e+00	0.00000e+00	0.00000e+00
6.93661e+01	2.73642e+02	1.51118e+03	1.05776e+03	1.56804e+00	0.00000e+00	0.00000e+00
7.00801e+01	2.73653e+02	1.51068e+03	1.05805e+03	1.56935e+00	0.00000e+00	0.00000e+00
7.07941e+01	2.73663e+02	1.51018e+03	1.05834e+03	1.57067e+00	0.00000e+00	0.00000e+00
7.15080e+01	2.73674e+02	1.50969e+03	1.05863e+03	1.57198e+00	0.00000e+00	0.00000e+00
7.22220e+01	2.73684e+02	1.50919e+03	1.05892e+03	1.57330e+00	0.00000e+00	0.00000e+00
7.29360e+01	2.73695e+02	1.50870e+03	1.05921e+03	1.57462e+00	0.00000e+00	0.00000e+00
7.36499e+01	2.73706e+02	1.50820e+03	1.05950e+03	1.57594e+00	0.00000e+00	0.00000e+00
7.43639e+01	2.73717e+02	1.50771e+03	1.05979e+03	1.57725e+00	0.00000e+00	0.00000e+00
7.50779e+01	2.73728e+02	1.50721e+03	1.06007e+03	1.57857e+00	0.00000e+00	0.00000e+00
7.57918e+01	2.73738e+02	1.50672e+03	1.06036e+03	1.57989e+00	0.00000e+00	0.00000e+00
7.65058e+01	2.73749e+02	1.50622e+03	1.06064e+03	1.58121e+00	0.00000e+00	0.00000e+00
7.72198e+01	2.73761e+02	1.50573e+03	1.06093e+03	1.58253e+00	0.00000e+00	0.00000e+00
7.79337e+01	2.73772e+02	1.50523e+03	1.06121e+03	1.58385e+00	0.00000e+00	0.00000e+00
7.86477e+01	2.73783e+02	1.50474e+03	1.06150e+03	1.58517e+00	0.00000e+00	0.00000e+00
7.93617e+01	2.73794e+02	1.50425e+03	1.06178e+03	1.58649e+00	0.00000e+00	0.00000e+00
8.00756e+01	2.73805e+02	1.50375e+03	1.06207e+03	1.58781e+00	0.00000e+00	0.00000e+00
8.07896e+01	2.73817e+02	1.50326e+03	1.06235e+03	1.58912e+00	0.00000e+00	0.00000e+00
8.15036e+01	2.73828e+02	1.50277e+03	1.06263e+03	1.59044e+00	0.00000e+00	0.00000e+00
8.22175e+01	2.73840e+02	1.50228e+03	1.06291e+03	1.59176e+00	0.00000e+00	0.00000e+00
8.29315e+01	2.73851e+02	1.50178e+03	1.06319e+03	1.59308e+00	0.00000e+00	0.00000e+00
8.36455e+01	2.73863e+02	1.50129e+03	1.06348e+03	1.59440e+00	0.00000e+00	0.00000e+00
8.43594e+01	2.73874e+02	1.50080e+03	1.06376e+03	1.59572e+00	0.00000e+00	0.00000e+00
8.50734e+01	2.73886e+02	1.50031e+03	1.06404e+03	1.59704e+00	0.00000e+00	0.00000e+00
8.57874e+01	2.73898e+02	1.49982e+03	1.06432e+03	1.59836e+00	0.00000e+00	0.00000e+00
8.65014e+01	2.73910e+02	1.49933e+03	1.06460e+03	1.59968e+00	0.00000e+00	0.00000e+00
8.72153e+01	2.73922e+02	1.49884e+03	1.06487e+03	1.60099e+00	0.00000e+00	0.00000e+00
8.79293e+01	2.73934e+02	1.49835e+03	1.06515e+03	1.60231e+00	0.00000e+00	0.00000e+00
8.86433e+01	2.73946e+02	1.49786e+03	1.06543e+03	1.60363e+00	0.00000e+00	0.00000e+00
8.93572e+01	2.73958e+02	1.49737e+03	1.06571e+03	1.60495e+00	0.00000e+00	0.00000e+00
9.00712e+01	2.73970e+02	1.49688e+03	1.06598e+03	1.60626e+00	0.00000e+00	0.00000e+00
9.07852e+01	2.73982e+02	1.49639e+03	1.06626e+03	1.60758e+00	0.00000e+00	0.00000e+00
9.14991e+01	2.73994e+02	1.49591e+03	1.06654e+03	1.60889e+00	0.00000e+00	0.00000e+00
9.22131e+01	2.74007e+02	1.49542e+03	1.06681e+03	1.61021e+00	0.00000e+00	0.00000e+00
9.29271e+01	2.74019e+02	1.49493e+03	1.06709e+03	1.61152e+00	0.00000e+00	0.00000e+00
9.36410e+01	2.74031e+02	1.49444e+03	1.06736e+03	1.61283e+00	0.00000e+00	0.00000e+00
9.43550e+01	2.74044e+02	1.49396e+03	1.06764e+03	1.61415e+00	0.00000e+00	0.00000e+00
9.50690e+01	2.74056e+02	1.49347e+03	1.06791e+03	1.61546e+00	0.00000e+00	0.00000e+00
9.57829e+01	2.74069e+02	1.49298e+03	1.06818e+03	1.61677e+00	0.00000e+00	0.00000e+00
9.64969e+01	2.74081e+02	1.49250e+03	1.06846e+03	1.61808e+00	0.00000e+00	0.00000e+00
9.72109e+01	2.74094e+02	1.49201e+03	1.06873e+03	1.61939e+00	0.00000e+00	0.00000e+00
9.79248e+01	2.74107e+02	1.49152e+03	1.06900e+03	1.62070e+00	0.00000e+00	0.00000e+00
9.86388e+01	2.74120e+02	1.49104e+03	1.06927e+03	1.62200e+00	0.00000e+00	0.00000e+00
9.93528e+01	2.74132e+02	1.49055e+03	1.06954e+03	1.62331e+00	0.00000e+00	0.00000e+00
1.00067e+02	2.74145e+02	1.49007e+03	1.06982e+03	1.62461e+00	0.00000e+00	0.00000e+00
1.00781e+02	2.74158e+02	1.48958e+03	1.07009e+03	1.62592e+00	0.00000e+00	0.00000e+00
1.01495e+02	2.74171e+02	1.48910e+03	1.07036e+03	1.62722e+00	0.00000e+00	0.00000e+00
1.02209e+02	2.74184e+02	1.48862e+03	1.07062e+03	1.62852e+00	0.00000e+00	0.00000e+00
1.02923e+02	2.74197e+02	1.48813e+03	1.07089e+03	1.62982e+00	0.00000e+00	0.00000e+00
1.03637e+02	2.74210e+02	1.48765e+03	1.07116e+03	1.63112e+00	0.00000e+00	0.00000e+00
1.04351e+02	2.74224e+02	1.48717e+03	1.07143e+03	1.63242e+00	0.00000e+00	0.00000e+00
1.05065e+02	2.74237e+02	1.48668e+03	1.07170e+03	1.63371e+00	0.00000e+00	0.00000e+00
1.05778e+02	2.74250e+02	1.48620e+03	1.07197e+03	1.63501e+00	0.00000e+00	0.00000e+00
1.06492e+02	2.74264e+02	1.48572e+03	1.07223e+03	1.63630e+00	0.00000e+00	0.00000e+00
1.07206e+02	2.74277e+02	1.48524e+03	1.07250e+03	1.63759e+00	0.00000e+00	0.00000e+00
1.07920e+02	2.74290e+02	1.48475e+03	1.07276e+03	1.63888e+00	0.00000e+00	0.00000e+00
1.08634e+02	2.74304e+02	1.48427e+03	1.07303e+03	1.64017e+00	0.00000e+00	0.00000e+00
1.09348e+02	2.74317e+02	1.48379e+03	1.07330e+03	1.64146e+00	0.00000e+00	0.00000e+00
1.10062e+02	2.74331e+02	1.48331e+03	1.07356e+03	1.64274e+00	0.00000e+00	0.00000e+00
1.10776e+02	2.74345e+02	1.48283e+03	1.07382e+03	1.64402e+00	0.00000e+00	0.00000e+00
1.11490e+02	2.74358e+02	1.48235e+03	1.07409e+03	1.64530e+00	0.00000e+00	0.00000e+00
1.12204e+02	2.74372e+02	1.48187e+03	1.07435e+03	1.64658e+00	0.00000e+00	0.00000e+00
1.12918e+02	2.74386e+02	1.48139e+03	1.07462e+03	1.64786e+00	0.00000e+00	0.00000e+00
1.13632e+02	2.74400e+02	1.48091e+03	1.07488e+03	1.64914e+00	0.00000e+00	0.00000e+00
1.14346e+02	2.74413e+02	1.48043e+03	1.07514e+03	1.65041e+00	0.00000e+00	0.00000e+00
1.15060e+02	2.74427e+02	1.47995e+03	1.07540e+03	1.65168e+00	0.00000e+00	0.00000e+00
1.15774e+02	2.74441e+02	1.47947e+03	1.07566e+03	1.65295e+00	0.00000e+00	0.00000e+00
1.16488e+02	2.74455e+02	1.47900e+03	1.07592e+03	1.65421e+00	0.00000e+00	0.00000e+00
1.17202e+02	2.74469e+02	1.47852e+03	1.07619e+03	1.65548e+00	0.00000e+00	0.00000e+00
1.17916e+02	2.74483e+02	1.47804e+03	1.07645e+03	1.65674e+00	0.00000e+00	0.00000e+00
1.18630e+02	2.74498e+02	1.47756e+03	1.07671e+03	1.65800e+00	0.00000e+00	0.00000e+00
1.19344e+02	2.74512e+02	1.47708e+03	1.07697e+03	1.65925e+00	0.00000e+00	0.00000e+00
1.20058e+02	2.74526e+02	1.47661e+03	1.07722e+03	1.66051e+00	0.00000e+00	0.00000e+00
1.20772e+02	2.74540e+02	1.47613e+03	1.07748e+03	1.66176e+00	0.00000e+00	0.00000e+00
1.21486e+02	2.74555e+02	1.47565e+03	1.07774e+03	1.66301e+00	0.00000e+00	0.00000e+00
1.22200e+02	2.74569e+02	1.47518e+03	1.07800e+03	1.66426e+00	0.00000e+00	0.00000e+00
1.22914e+02	2.74583e+02	1.47470e+03	1.07826e+03	1.66550e+00	0.00000e+00	0.00000e+00
1.23628e+02	2.74598e+02	1.47423e+03	1.07851e+03	1.66674e+00	0.00000e+00	0.00000e+00
1.24342e+02	2.74612e+02	1.47375e+03	1.07877e+03	1.66798e+00	0.00000e+00	0.00000e+00
1.25056e+02	2.74627e+02	1.47328e+03	1.07903e+03	1.66921e+00	0.00000e+00	0.00000e+00
1.25770e+02	2.74641e+02	1.47280e+03	1.07928e+03	1.67044e+00	0.00000e+00	0.00000e+00
1.26484e+02	2.74656e+02	1.47233e+03	1.07954e+03	1.67167e+00	0.00000e+00	0.00000e+00
1.27198e+02	2.74671e+02	1.47185e+03	1.07979e+03	1.67290e+00	0.00000e+00	0.00000e+00
1.27911e+02	2.74685e+02	1.47138e+03	1.08005e+03	1.67412e+00	0.00000e+00	0.00000e+00
1.28625e+02	2.74700e+02	1.47090e+03	1.08030e+03	1.67534e+00	0.00000e+00	0.00000e+00
1.29339e+02	2.74715e+02	1.47043e+03	1.08056e+03	1.67656e+00	0.00000e+00	0.00000e+00
1.30053e+02	2.74730e+02	1.46996e+03	1.08081e+03	1.67777e+00	0.00000e+00	0.00000e+00
1.30767e+02	2.74745e+02	1.46949e+03	1.08107e+03	1.67898e+00	0.00000e+00	0.00000e+00
1.31481e+02	2.74760e+02	1.46901e+03	1.08132e+03	1.68018e+00	0.00000e+00	0.00000e+00
1.32195e+02	2.74775e+02	1.46854e+03	1.08157e+03	1.68139e+00	0.00000e+00	0.00000e+00
1.32909e+02	2.74790e+02	1.46807e+03	1.08182e+03	1.68258e+00	0.00000e+00	0.00000e+00
1.33623e+02	2.74805e+02	1.46760e+03	1.08208e+03	1.68378e+00	0.00000e+00	0.00000e+00
1.34337e+02	2.74820e+02	1.46712e+03	1.08233e+03	1.68497e+00	0.00000e+00	0.00000e+00
1.35051e+02	2.74835e+02	1.46665e+03	1.08258e+03	1.68616e+00	0.00000e+00	0.00000e+00
1.35765e+02	2.74850e+02	1.46618e+03	1.08283e+03	1.68734e+00	0.00000e+00	0.00000e+00
1.36479e+02	2.74865e+02	1.46571e+03	1.08308e+03	1.68852e+00	0.00000e+00	0.00000e+00
1.37193e+02	2.74880e+02	1.46524e+03	1.08333e+03	1.68970e+00	0.00000e+00	0.00000e+00
1.37907e+02	2.74896e+02	1.46477e+03	1.08358e+03	1.69087e+00	0.00000e+00	0.00000e+00
1.38621e+02	2.74911e+02	1.46430e+03	1.08383e+03	1.69203e+00	0.00000e+00	0.00000e+00
1.39335e+02	2.74926e+02	1.46383e+03	1.08408e+03	1.69320e+00	0.00000e+00	0.00000e+00
1.40049e+02	2.74942e+02	1.46336e+03	1.08433e+03	1.69436e+00	0.00000e+00	0.00000e+00
1.40763e+02	2.74957e+02	1.46289e+03	1.08458e+03	1.69551e+00	0.00000e+00	0.00000e+00
1.41477e+02	2.74973e+02	1.46242e+03	1.08482e+03	1.69666e+00	0.00000e+00	0.00000e+00
1.42191e+02	2.74988e+02	1.46196e+03	1.08507e+03	1.69781e+00	0.00000e+00	0.00000e+00
1.42905e+02	2.75004e+02	1.46149e+03	1.08532e+03	1.69895e+00	0.00000e+00	0.00000e+00
1.43619e+02	2.75019e+02	1.46102e+03	1.08557e+03	1.70008e+00	0.00000e+00	0.00000e+00
1.44333e+02	2.75035e+02	1.46055e+03	1.08581e+03	1.70122e+00	0.00000e+00	0.00000e+00
1.45047e+02	2.75051e+02	1.46008e+03	1.08606e+03	1.70234e+00	0.00000e+00	0.00000e+00
1.45761e+02	2.75066e+02	1.45962e+03	1.08631e+03	1.70347e+00	0.00000e+00	0.00000e+00
1.46475e+02	2.75082e+02	1.45915e+03	1.08655e+03	1.70458e+00	0.00000e+00	0.00000e+00
1.47189e+02	2.75098e+02	1.45868e+03	1.08680e+03	1.70570e+00	0.00000e+00	0.00000e+00
1.47903e+02	2.75114e+02	1.45822e+03	1.08704e+03	1.70680e+00	0.00000e+00	0.00000e+00
1.48617e+02	2.75130e+02	1.45775e+03	1.08729e+03	1.70790e+00	0.00000e+00	0.00000e+00
1.49331e+02	2.75145e+02	1.45728e+03	1.08753e+03	1.70900e+00	0.00000e+00	0.00000e+00
1.50044e+02	2.75161e+02	1.45682e+03	1.08778e+03	1.71009e+00	0.00000e+00	0.00000e+00
1.50758e+02	2.75177e+02	1.45635e+03	1.08802e+03	1.71118e+00	0.00000e+00	0.00000e+00
1.51472e+02	2.75193e+02	1.45589e+03	1.08826e+03	1.71226e+00	0.00000e+00	0.00000e+00
1.52186e+02	2.75209e+02	1.45542e+03	1.08851e+03	1.71334e+00	0.00000e+00	0.00000e+00
1.52900e+02	2.75225e+02	1.45496e+03	1.08875e+03	1.71441e+00	0.00000e+00	0.00000e+00
1.53614e+02	2.75242e+02	1.45449e+03	1.08899e+03	1.71547e+00	0.00000e+00	0.00000e+00
1.54328e+02	2.75258e+02	1.45403e+03	1.08924e+03	1.71653e+00	0.00000e+00	0.00000e+00
1.55042e+02	2.75274e+02	1.45356e+03	1.08948e+03	1.71758e+00	0.00000e+00	0.00000e+00
1.55756e+02	2.75290e+02	1.45310e+03	1.08972e+03	1.71863e+00	0.00000e+00	0.00000e+00
1.56470e+02	2.75306e+02	1.45264e+03	1.08996e+03	1.71967e+00	0.00000e+00	0.00000e+00
1.57184e+02	2.75323e+02	1.45217e+03	1.09020e+03	1.72071e+00	0.00000e+00	0.00000e+00
1.57898e+02	2.75339e+02	1.45171e+03	1.09044e+03	1.72174e+00	0.00000e+00	0.00000e+00
1.58612e+02	2.75355e+02	1.45125e+03	1.09068e+03	1.72276e+00	0.00000e+00	0.00000e+00
1.59326e+02	2.75372e+02	1.45079e+03	1.09093e+03	1.72378e+00	0.00000e+00	0.00000e+00
1.60040e+02	2.75388e+02	1.45032e+03	3.41001e+03	4.37927e+00	2.49750e+00	1.36980e+13
2.02409e+02	2.96110e+02	1.44155e+03	3.41001e+03	4.38438e+00	2.49839e+00	1.77255e+12
2.44540e+02	3.16729e+02	1.43278e+03	3.41823e+03	4.41911e+00	2.51842e+00	3.02059e+11
2.86535e+02	3.37246e+02	1.42401e+03	3.43971e+03	4.37978e+00	2.49400e+00	6.43579e+10
3.28552e+02	3.57660e+02	1.41524e+03	3.41764e+03	7.72979e+00	4.40227e+00	1.64816e+10
3.70056e+02	3.77974e+02	1.40647e+03	3.44074e+03	7.74360e+00	4.40923e+00	4.91335e+09
4.11600e+02	3.98186e+02	1.39769e+03	3.44663e+03	7.65544e+00	4.35476e+00	1.66609e+09
4.52969e+02	4.18297e+02	1.38892e+03	3.41795e+03	7.83532e+00	4.46183e+00	6.29986e+08
4.93748e+02	4.38307e+02	1.38015e+03	3.48032e+03	7.74368e+00	4.40522e+00	2.61308e+08
5.35029e+02	4.58217e+02	1.37138e+03	3.45041e+03	7.76543e+00	4.41703e+00	1.17607e+08
5.75700e+02	4.78027e+02	1.36261e+03	3.45915e+03	7.82915e+00	4.45428e+00	5.67214e+07
6.16226e+02	4.97738e+02	1.35383e+03	3.48236e+03	7.73710e+00	4.39728e+00	2.90819e+07
6.56772e+02	5.17349e+02	1.34506e+03	3.45213e+03	7.88373e+00	4.48489e+00	1.57383e+07
6.96712e+02	5.36861e+02	1.33629e+03	3.50406e+03	7.81449e+00	4.44167e+00	8.92580e+06
7.37000e+02	5.56275e+02	1.32752e+03	3.48163e+03	7.72222e+00	4.38441e+00	5.28415e+06
7.76769e+02	5.75590e+02	1.31875e+03	3.45113e+03	7.79922e+00	4.42994e+00	3.24670e+06
8.15935e+02	5.94808e+02	1.30997e+03	3.47924e+03	7.76626e+00	4.40867e+00	2.06217e+06
8.55171e+02	6.13929e+02	1.30120e+03	3.46923e+03	7.69575e+00	4.36453e+00	1.35060e+06
8.94039e+02	6.32952e+02	1.29243e+03	3.44610e+03	7.70519e+00	4.36908e+00	9.08930e+05
9.32397e+02	6.51879e+02	1.28366e+03	3.45083e+03	7.75666e+00	4.39928e+00	6.26834e+05
9.70562e+02	6.70711e+02	1.27489e+03	3.47033e+03	7.65724e+00	4.33739e+00	4.42155e+05
1.00870e+03	6.89446e+02	1.26611e+03	3.43686e+03	7.81236e+00	4.43108e+00	3.18421e+05
1.04621e+03	7.08087e+02	1.25734e+03	3.49303e+03	7.71057e+00	4.36767e+00	2.33558e+05
1.08409e+03	7.26632e+02	1.24857e+03	3.45860e+03	7.81126e+00	4.42826e+00	1.74388e+05
1.12134e+03	7.45084e+02	1.23980e+03	3.49582e+03	7.76075e+00	4.39621e+00	1.32225e+05
1.15875e+03	7.63442e+02	1.23103e+03	3.47946e+03	7.65975e+00	4.33311e+00	1.01761e+05
1.19572e+03	7.81707e+02	1.22226e+03	3.44503e+03	7.77103e+00	4.40039e+00	7.93557e+04
1.23207e+03	7.99880e+02	1.21348e+03	3.48627e+03	7.70194e+00	4.35684e+00	6.26331e+04
1.26861e+03	8.17960e+02	1.20471e+03	3.46310e+03	7.59863e+00	4.29217e+00	5.00244e+04
1.30465e+03	8.35949e+02	1.19594e+03	3.42756e+03	7.72317e+00	4.36781e+00	4.03724e+04
1.34008e+03	8.53847e+02	1.18717e+03	3.47384e+03	7.63285e+00	4.31108e+00	3.28968e+04
1.37574e+03	8.71655e+02	1.17840e+03	3.44282e+03	7.69793e+00	4.35024e+00	2.70647e+04
1.41084e+03	8.89374e+02	1.16962e+03	3.46791e+03	7.66346e+00	4.32791e+00	2.24531e+04
1.44595e+03	9.07003e+02	1.16085e+03	3.45695e+03	7.55625e+00	4.26058e+00	1.87814e+04
1.48070e+03	9.24545e+02	1.15208e+03	3.41952e+03	7.66967e+00	4.32980e+00	1.58274e+04
1.51483e+03	9.41998e+02	1.14331e+03	3.46237e+03	7.57920e+00	4.27273e+00	1.34285e+04
1.54914e+03	9.59365e+02	1.13454e+03	3.43085e+03	7.48379e+00	4.21253e+00	1.14727e+04
1.58291e+03	9.76645e+02	1.12576e+03	3.39740e+03	7.59840e+00	4.28269e+00	9.86050e+03
1.61611e+03	9.93841e+02	1.11699e+03	3.44096e+03	7.48576e+00	4.21169e+00	8.52271e+03
1.64950e+03	1.01095e+03	1.10822e+03	3.40098e+03	7.61115e+00	4.28878e+00	7.40943e+03
1.68227e+03	1.02798e+03	1.09945e+03	3.44881e+03	7.49761e+00	4.21709e+00	6.47343e+03
1.71527e+03	1.04492e+03	1.09068e+03	3.40828e+03	7.45438e+00	4.18915e+00	5.68529e+03
1.74764e+03	1.06178e+03	1.08191e+03	3.39369e+03	7.50600e+00	4.22043e+00	5.01501e+03
1.77965e+03	1.07856e+03	1.07313e+03	3.41439e+03	7.44256e+00	4.17984e+00	4.44284e+03
1.81163e+03	1.09526e+03	1.06436e+03	3.39218e+03	7.50864e+00	4.22028e+00	3.95286e+03
1.84317e+03	1.11188e+03	1.05559e+03	3.41843e+03	7.43074e+00	4.17056e+00	3.53034e+03
1.87473e+03	1.12843e+03	1.04682e+03	3.39065e+03	7.42964e+00	4.16894e+00	3.16526e+03
1.90581e+03	1.14489e+03	1.03805e+03	3.39170e+03	7.41891e+00	4.16131e+00	2.84758e+03
1.93668e+03	1.16128e+03	1.02927e+03	3.38912e+03	7.44389e+00	4.17611e+00	2.57045e+03
1.96731e+03	1.17759e+03	1.02050e+03	3.40004e+03	7.40705e+00	4.15208e+00	2.32772e+03
1.99781e+03	1.19383e+03	1.01173e+03	3.38757e+03	7.40112e+00	4.14748e+00	2.11446e+03
2.02798e+03	1.20999e+03	1.00296e+03	3.38679e+03	7.39518e+00	4.14288e+00	1.92620e+03
2.05793e+03	1.22609e+03	9.94187e+02	3.38601e+03	7.38923e+00	4.13829e+00	1.75956e+03
2.08765e+03	1.24211e+03	9.85415e+02	3.38522e+03	7.38329e+00	4.13371e+00	1.61158e+03
2.11716e+03	1.25806e+03	9.76643e+02	3.38443e+03	7.37734e+00	4.12914e+00	1.47975e+03
2.14644e+03	1.27395e+03	9.67871e+02	3.38364e+03	7.37139e+00	4.12457e+00	1.36196e+03
2.17550e+03	1.28977e+03	9.59099e+02	3.38284e+03	7.36543e+00	4.12000e+00	1.25643e+03
2.20435e+03	1.30552e+03	9.50327e+02	3.38204e+03	7.35947e+00	4.11544e+00	1.16160e+03
2.23297e+03	1.32121e+03	9.41555e+02	3.38124e+03	7.35350e+00	4.11089e+00	1.07618e+03
2.26139e+03	1.33684e+03	9.32784e+02	3.38044e+03	7.34752e+00	4.10634e+00	9.99036e+02
2.28958e+03	1.35240e+03	9.24012e+02	3.37963e+03	7.34153e+00	4.10180e+00	9.29195e+02
2.31757e+03	1.36791e+03	9.15240e+02	3.37881e+03	7.33554e+00	4.09726e+00	8.65818e+02
2.34534e+03	1.38336e+03	9.06468e+02	3.37800e+03	7.32953e+00	4.09272e+00	8.08177e+02
2.37290e+03	1.39875e+03	8.97696e+02	3.37718e+03	7.32352e+00	4.08818e+00	7.55639e+02
2.40026e+03	1.41409e+03	8.88924e+02	3.37635e+03	7.31750e+00	4.08365e+00	7.07652e+02
2.42740e+03	1.42938e+03	8.80152e+02	3.37553e+03	7.31146e+00	4.07912e+00	6.63732e+02
2.45434e+03	1.44462e+03	8.71380e+02	3.37469e+03	7.30543e+00	4.07460e+00	6.23458e+02
2.48108e+03	1.45981e+03	8.62608e+02	3.37386e+03	7.29937e+00	4.07007e+00	5.86455e+02
2.50761e+03	1.47496e+03	8.53837e+02	3.37302e+03	7.29329e+00	4.06554e+00	5.52396e+02
2.53395e+03	1.49006e+03	8.45065e+02	3.37217e+03	7.28719e+00	4.06101e+00	5.20992e+02
2.56008e+03	1.50512e+03	8.36293e+02	3.37132e+03	7.28108e+00	4.05648e+00	4.91986e+02
2.58602e+03	1.52015e+03	8.27521e+02	3.37046e+03	7.27495e+00	4.05194e+00	4.65151e+02
2.61176e+03	1.53513e+03	8.18749e+02	3.36960e+03	7.26880e+00	4.04741e+00	4.40283e+02
2.63731e+03	1.55009e+03	8.09977e+02	3.36873e+03	7.26264e+00	4.04287e+00	4.17203e+02
2.66267e+03	1.56501e+03	8.01205e+02	3.36786e+03	7.25645e+00	4.03832e+00	3.95750e+02
2.68784e+03	1.57991e+03	7.92433e+02	3.36698e+03	7.25024e+00	4.03377e+00	3.75780e+02
2.71283e+03	1.59478e+03	7.83662e+02	3.36609e+03	7.24398e+00	4.02921e+00	3.57163e+02
2.73763e+03	1.60963e+03	7.74890e+02	3.36520e+03	7.23772e+00	4.02464e+00	3.39783e+02
2.76225e+03	1.62446e+03	7.66118e+02	3.36430e+03	7.23142e+00	4.02007e+00	3.23537e+02
2.78669e+03	1.63928e+03	7.57346e+02	3.36339e+03	7.22508e+00	4.01548e+00	3.08330e+02
2.81095e+03	1.65408e+03	7.48574e+02	3.36247e+03	7.21872e+00	4.01088e+00	2.94078e+02
2.83505e+03	1.66888e+03	7.39802e+02	3.36155e+03	7.21231e+00	4.00627e+00	2.80703e+02
2.85897e+03	1.68368e+03	7.31030e+02	3.36062e+03	7.20587e+00	4.00164e+00	2.68137e+02
2.88272e+03	1.69848e+03	7.22258e+02	3.35967e+03	7.19938e+00	3.99700e+00	2.56315e+02
2.90631e+03	1.71328e+03	7.13487e+02	3.35872e+03	7.19284e+00	3.99233e+00	2.45182e+02
2.92974e+03	1.72809e+03	7.04715e+02	3.35776e+03	7.18627e+00	3.98766e+00	2.34684e+02
2.95302e+03	1.74292e+03	6.95943e+02	3.35679e+03	7.17964e+00	3.98295e+00	2.24774e+02
2.97614e+03	1.75777e+03	6.87171e+02	3.35580e+03	7.17296e+00	3.97823e+00	2.15410e+02
2.99911e+03	1.77264e+03	6.78399e+02	3.35481e+03	7.16622e+00	3.97348e+00	2.06551e+02
3.02194e+03	1.78754e+03	6.69627e+02	3.35380e+03	7.15941e+00	3.96870e+00	1.98161e+02
3.04463e+03	1.80248e+03	6.60855e+02	3.35278e+03	7.15255e+00	3.96389e+00	1.90207e+02
3.06718e+03	1.81747e+03	6.52083e+02	3.35174e+03	7.14561e+00	3.95905e+00	1.82659e+02
3.08960e+03	1.83250e+03	6.43311e+02	3.35069e+03	7.13859e+00	3.95417e+00	1.75489e+02
3.11189e+03	1.84759e+03	6.34540e+02	3.34963e+03	7.13152e+00	3.94926e+00	1.68671e+02
3.13406e+03	1.86275e+03	6.25768e+02	3.34855e+03	7.12434e+00	3.94431e+00	1.62181e+02
3.15612e+03	1.87797e+03	6.16996e+02	3.34745e+03	7.11708e+00	3.93931e+00	1.55997e+02
3.17807e+03	1.89328e+03	6.08224e+02	3.34634e+03	7.10973e+00	3.93427e+00	1.50100e+02
3.19991e+03	1.90867e+03	5.99452e+02	3.34521e+03	7.10226e+00	3.92917e+00	1.44471e+02
3.22166e+03	1.92417e+03	5.90680e+02	3.34405e+03	7.09471e+00	3.92402e+00	1.39093e+02
3.24332e+03	1.93977e+03	5.81908e+02	3.34288e+03	7.08703e+00	3.91881e+00	1.33950e+02
3.24332e+03	1.93977e+03	5.81908e+02	7.02772e+03	2.33491e+00	0.00000e+00	1.00000e+04
3.57766e+03	1.94192e+03	5.17252e+02	7.07899e+03	2.32644e+00	0.00000e+00	1.00000e+04
3.80680e+03	1.94408e+03	4.52595e+02	7.12563e+03	2.36549e+00	0.00000e+00	1.00000e+04
3.90476e+03	1.94623e+03	3.87939e+02	7.17020e+03	2.38950e+00	0.00000e+00	1.00000e+04
3.82831e+03	1.94839e+03	3.23282e+02	7.21545e+03	2.39524e+00	0.00000e+00	1.00000e+04
3.49747e+03	1.95054e+03	2.58626e+02	7.26571e+03	2.37664e+00	0.00000e+00	1.00000e+04
2.74339e+03	1.95270e+03	1.93969e+02	7.33277e+03	2.32089e+00	0.00000e+00	1.00000e+04
1.13448e+03	1.95485e+03	1.29313e+02	7.51239e+03	2.18860e+00	0.00000e+00	1.00000e+04
-2.87999e+03	1.95701e+03	6.46565e+01	7.42082e+03	1.95927e+00	0.00000e+00	1.00000e+04
-1.91981e+04	1.95916e+03	0.00000e+00	7.38129e+03	1.15103e+00	0.00000e+00	1.00000e+04
