P (MPa)		T (K)		r (km)		rho (kg m-3)	VP (km s-1)	VS (km s-1)	QS/gamma	k for 0.01 mol/kg MgSO4 (S m-1)	
0.00000e+00	1.10000e+02	1.56100e+03	9.31806e+02	3.87940e+00	1.96225e+00	2.83443e+04	0.00000e+00
1.61050e+00	1.46556e+02	1.55979e+03	9.31806e+02	3.88419e+00	1.96492e+00	1.90130e+03	0.00000e+00
3.22101e+00	1.95262e+02	1.55848e+03	9.31742e+02	3.89318e+00	1.96973e+00	2.50223e+02	0.00000e+00
4.83151e+00	2.60153e+02	1.55716e+03	9.31647e+02	3.91016e+00	1.97857e+00	5.46119e+01	0.00000e+00
6.44201e+00	2.60163e+02	1.55585e+03	9.31519e+02	3.91115e+00	1.97932e+00	5.46022e+01	0.00000e+00
8.05252e+00	2.60174e+02	1.55454e+03	9.31351e+02	3.91215e+00	1.98008e+00	5.45920e+01	0.00000e+00
9.66302e+00	2.60185e+02	1.55323e+03	9.31138e+02	3.91314e+00	1.98083e+00	5.45814e+01	0.00000e+00
1.12735e+01	2.60197e+02	1.55192e+03	9.30875e+02	3.91413e+00	1.98159e+00	5.45703e+01	0.00000e+00
1.28840e+01	2.60209e+02	1.55061e+03	9.30553e+02	3.91512e+00	1.98234e+00	5.45586e+01	0.00000e+00
1.44945e+01	2.60221e+02	1.54931e+03	9.30165e+02	3.91610e+00	1.98309e+00	5.45464e+01	0.00000e+00
1.61050e+01	2.60235e+02	1.54800e+03	9.29703e+02	3.91708e+00	1.98383e+00	5.45336e+01	0.00000e+00
1.77155e+01	2.60249e+02	1.54669e+03	9.29156e+02	3.91806e+00	1.98458e+00	5.45202e+01	0.00000e+00
1.93260e+01	2.60263e+02	1.54539e+03	9.28516e+02	3.91903e+00	1.98532e+00	5.45061e+01	0.00000e+00
2.09365e+01	2.60279e+02	1.54408e+03	9.27774e+02	3.92000e+00	1.98606e+00	5.44914e+01	0.00000e+00
2.25471e+01	2.60295e+02	1.54278e+03	9.26919e+02	3.92097e+00	1.98680e+00	5.44760e+01	0.00000e+00
2.41576e+01	2.60312e+02	1.54147e+03	9.25946e+02	3.92194e+00	1.98754e+00	5.44599e+01	0.00000e+00
2.57681e+01	2.60329e+02	1.54017e+03	9.24851e+02	3.92290e+00	1.98827e+00	5.44429e+01	0.00000e+00
2.73786e+01	2.60348e+02	1.53886e+03	9.23633e+02	3.92386e+00	1.98901e+00	5.44252e+01	0.00000e+00
2.89891e+01	2.60367e+02	1.53755e+03	9.22298e+02	3.92481e+00	1.98974e+00	5.44067e+01	0.00000e+00
3.05996e+01	2.68800e+02	1.53625e+03	9.20860e+02	3.92811e+00	1.99166e+00	4.71305e+01	0.00000e+00
3.15121e+01	2.68805e+02	1.53559e+03	1.04308e+03	1.48024e+00	0.00000e+00	0.00000e+00	2.67094e+00
3.24247e+01	2.68811e+02	1.53494e+03	1.04350e+03	1.48185e+00	0.00000e+00	0.00000e+00	2.67479e+00
3.33373e+01	2.68817e+02	1.53429e+03	1.04391e+03	1.48346e+00	0.00000e+00	0.00000e+00	2.67863e+00
3.42499e+01	2.68823e+02	1.53363e+03	1.04433e+03	1.48507e+00	0.00000e+00	0.00000e+00	2.68246e+00
3.51624e+01	2.68829e+02	1.53298e+03	1.04474e+03	1.48669e+00	0.00000e+00	0.00000e+00	2.68628e+00
3.60750e+01	2.68835e+02	1.53233e+03	1.04515e+03	1.48831e+00	0.00000e+00	0.00000e+00	2.69008e+00
3.69876e+01	2.68841e+02	1.53168e+03	1.04557e+03	1.48994e+00	0.00000e+00	0.00000e+00	2.69388e+00
3.79002e+01	2.68848e+02	1.53103e+03	1.04598e+03	1.49157e+00	0.00000e+00	0.00000e+00	2.69767e+00
3.88127e+01	2.68855e+02	1.53038e+03	1.04639e+03	1.49320e+00	0.00000e+00	0.00000e+00	2.70144e+00
3.97253e+01	2.68861e+02	1.52973e+03	1.04680e+03	1.49484e+00	0.00000e+00	0.00000e+00	2.70520e+00
4.06379e+01	2.68868e+02	1.52908e+03	1.04720e+03	1.49648e+00	0.00000e+00	0.00000e+00	2.70896e+00
4.15504e+01	2.68876e+02	1.52843e+03	1.04761e+03	1.49813e+00	0.00000e+00	0.00000e+00	2.71270e+00
4.24630e+01	2.68883e+02	1.52778e+03	1.04802e+03	1.49977e+00	0.00000e+00	0.00000e+00	2.71643e+00
4.33756e+01	2.68890e+02	1.52714e+03	1.04842e+03	1.50143e+00	0.00000e+00	0.00000e+00	2.72015e+00
4.42882e+01	2.68898e+02	1.52649e+03	1.04883e+03	1.50308e+00	0.00000e+00	0.00000e+00	2.72386e+00
4.52007e+01	2.68906e+02	1.52584e+03	1.04923e+03	1.50474e+00	0.00000e+00	0.00000e+00	2.72755e+00
4.61133e+01	2.68914e+02	1.52520e+03	1.04963e+03	1.50640e+00	0.00000e+00	0.00000e+00	2.73124e+00
4.70259e+01	2.68922e+02	1.52455e+03	1.05003e+03	1.50806e+00	0.00000e+00	0.00000e+00	2.73492e+00
4.79385e+01	2.68930e+02	1.52391e+03	1.05043e+03	1.50973e+00	0.00000e+00	0.00000e+00	2.73858e+00
4.88510e+01	2.68938e+02	1.52326e+03	1.05083e+03	1.51140e+00	0.00000e+00	0.00000e+00	2.74224e+00
4.97636e+01	2.68947e+02	1.52262e+03	1.05123e+03	1.51307e+00	0.00000e+00	0.00000e+00	2.74588e+00
5.06762e+01	2.68955e+02	1.52198e+03	1.05163e+03	1.51474e+00	0.00000e+00	0.00000e+00	2.74952e+00
5.15887e+01	2.68964e+02	1.52133e+03	1.05203e+03	1.51642e+00	0.00000e+00	0.00000e+00	2.75314e+00
5.25013e+01	2.68973e+02	1.52069e+03	1.05243e+03	1.51810e+00	0.00000e+00	0.00000e+00	2.75675e+00
5.34139e+01	2.68982e+02	1.52005e+03	1.05282e+03	1.51979e+00	0.00000e+00	0.00000e+00	2.76035e+00
5.43265e+01	2.68991e+02	1.51941e+03	1.05322e+03	1.52147e+00	0.00000e+00	0.00000e+00	2.76394e+00
5.52390e+01	2.69000e+02	1.51877e+03	1.05361e+03	1.52316e+00	0.00000e+00	0.00000e+00	2.76752e+00
5.61516e+01	2.69010e+02	1.51813e+03	1.05400e+03	1.52485e+00	0.00000e+00	0.00000e+00	2.77109e+00
5.70642e+01	2.69019e+02	1.51749e+03	1.05439e+03	1.52654e+00	0.00000e+00	0.00000e+00	2.77464e+00
5.79768e+01	2.69029e+02	1.51685e+03	1.05479e+03	1.52824e+00	0.00000e+00	0.00000e+00	2.77819e+00
5.88893e+01	2.69039e+02	1.51621e+03	1.05518e+03	1.52994e+00	0.00000e+00	0.00000e+00	2.78173e+00
5.98019e+01	2.69049e+02	1.51557e+03	1.05557e+03	1.53164e+00	0.00000e+00	0.00000e+00	2.78525e+00
6.07145e+01	2.69059e+02	1.51494e+03	1.05595e+03	1.53334e+00	0.00000e+00	0.00000e+00	2.78877e+00
6.16270e+01	2.69069e+02	1.51430e+03	1.05634e+03	1.53504e+00	0.00000e+00	0.00000e+00	2.79227e+00
6.25396e+01	2.69080e+02	1.51366e+03	1.05673e+03	1.53675e+00	0.00000e+00	0.00000e+00	2.79576e+00
6.34522e+01	2.69090e+02	1.51303e+03	1.05711e+03	1.53845e+00	0.00000e+00	0.00000e+00	2.79925e+00
6.43648e+01	2.69101e+02	1.51239e+03	1.05750e+03	1.54016e+00	0.00000e+00	0.00000e+00	2.80272e+00
6.52773e+01	2.69112e+02	1.51176e+03	1.05788e+03	1.54187e+00	0.00000e+00	0.00000e+00	2.80618e+00
6.61899e+01	2.69123e+02	1.51112e+03	1.05827e+03	1.54359e+00	0.00000e+00	0.00000e+00	2.80963e+00
6.71025e+01	2.69134e+02	1.51049e+03	1.05865e+03	1.54530e+00	0.00000e+00	0.00000e+00	2.81307e+00
6.80150e+01	2.69145e+02	1.50985e+03	1.05903e+03	1.54702e+00	0.00000e+00	0.00000e+00	2.81650e+00
6.89276e+01	2.69156e+02	1.50922e+03	1.05941e+03	1.54873e+00	0.00000e+00	0.00000e+00	2.81992e+00
6.98402e+01	2.69168e+02	1.50859e+03	1.05979e+03	1.55045e+00	0.00000e+00	0.00000e+00	2.82332e+00
7.07528e+01	2.69179e+02	1.50796e+03	1.06017e+03	1.55217e+00	0.00000e+00	0.00000e+00	2.82672e+00
7.16653e+01	2.69191e+02	1.50733e+03	1.06055e+03	1.55389e+00	0.00000e+00	0.00000e+00	2.83011e+00
7.25779e+01	2.69203e+02	1.50669e+03	1.06093e+03	1.55561e+00	0.00000e+00	0.00000e+00	2.83348e+00
7.34905e+01	2.69214e+02	1.50606e+03	1.06130e+03	1.55733e+00	0.00000e+00	0.00000e+00	2.83685e+00
7.44031e+01	2.69226e+02	1.50543e+03	1.06168e+03	1.55906e+00	0.00000e+00	0.00000e+00	2.84020e+00
7.53156e+01	2.69239e+02	1.50480e+03	1.06206e+03	1.56078e+00	0.00000e+00	0.00000e+00	2.84354e+00
7.62282e+01	2.69251e+02	1.50418e+03	1.06243e+03	1.56250e+00	0.00000e+00	0.00000e+00	2.84687e+00
7.71408e+01	2.69263e+02	1.50355e+03	1.06280e+03	1.56423e+00	0.00000e+00	0.00000e+00	2.85020e+00
7.80533e+01	2.69276e+02	1.50292e+03	1.06318e+03	1.56595e+00	0.00000e+00	0.00000e+00	2.85351e+00
7.89659e+01	2.69288e+02	1.50229e+03	1.06355e+03	1.56768e+00	0.00000e+00	0.00000e+00	2.85681e+00
7.98785e+01	2.69301e+02	1.50166e+03	1.06392e+03	1.56941e+00	0.00000e+00	0.00000e+00	2.86010e+00
8.07911e+01	2.69314e+02	1.50104e+03	1.06429e+03	1.57113e+00	0.00000e+00	0.00000e+00	2.86338e+00
8.17036e+01	2.69327e+02	1.50041e+03	1.06466e+03	1.57286e+00	0.00000e+00	0.00000e+00	2.86664e+00
8.26162e+01	2.69340e+02	1.49979e+03	1.06503e+03	1.57458e+00	0.00000e+00	0.00000e+00	2.86990e+00
8.35288e+01	2.69353e+02	1.49916e+03	1.06539e+03	1.57631e+00	0.00000e+00	0.00000e+00	2.87315e+00
8.44414e+01	2.69367e+02	1.49854e+03	1.06576e+03	1.57804e+00	0.00000e+00	0.00000e+00	2.87638e+00
8.53539e+01	2.69380e+02	1.49791e+03	1.06613e+03	1.57976e+00	0.00000e+00	0.00000e+00	2.87961e+00
8.62665e+01	2.69393e+02	1.49729e+03	1.06649e+03	1.58149e+00	0.00000e+00	0.00000e+00	2.88282e+00
8.71791e+01	2.69407e+02	1.49666e+03	1.06686e+03	1.58321e+00	0.00000e+00	0.00000e+00	2.88603e+00
8.80916e+01	2.69421e+02	1.49604e+03	1.06722e+03	1.58494e+00	0.00000e+00	0.00000e+00	2.88922e+00
8.90042e+01	2.69435e+02	1.49542e+03	1.06758e+03	1.58666e+00	0.00000e+00	0.00000e+00	2.89240e+00
8.99168e+01	2.69449e+02	1.49480e+03	1.06794e+03	1.58838e+00	0.00000e+00	0.00000e+00	2.89558e+00
9.08294e+01	2.69463e+02	1.49418e+03	1.06831e+03	1.59010e+00	0.00000e+00	0.00000e+00	2.89874e+00
9.17419e+01	2.69477e+02	1.49356e+03	1.06867e+03	1.59182e+00	0.00000e+00	0.00000e+00	2.90189e+00
9.26545e+01	2.69491e+02	1.49294e+03	1.06903e+03	1.59354e+00	0.00000e+00	0.00000e+00	2.90503e+00
9.35671e+01	2.69505e+02	1.49232e+03	1.06939e+03	1.59526e+00	0.00000e+00	0.00000e+00	2.90816e+00
9.44797e+01	2.69520e+02	1.49170e+03	1.06974e+03	1.59698e+00	0.00000e+00	0.00000e+00	2.91127e+00
9.53922e+01	2.69535e+02	1.49108e+03	1.07010e+03	1.59869e+00	0.00000e+00	0.00000e+00	2.91438e+00
9.63048e+01	2.69549e+02	1.49046e+03	1.07046e+03	1.60041e+00	0.00000e+00	0.00000e+00	2.91748e+00
9.72174e+01	2.69564e+02	1.48984e+03	1.07081e+03	1.60212e+00	0.00000e+00	0.00000e+00	2.92057e+00
9.81299e+01	2.69579e+02	1.48922e+03	1.07117e+03	1.60383e+00	0.00000e+00	0.00000e+00	2.92364e+00
9.90425e+01	2.69594e+02	1.48861e+03	1.07152e+03	1.60554e+00	0.00000e+00	0.00000e+00	2.92671e+00
9.99551e+01	2.69609e+02	1.48799e+03	1.07188e+03	1.60724e+00	0.00000e+00	0.00000e+00	2.92976e+00
1.00868e+02	2.69624e+02	1.48737e+03	1.07223e+03	1.60895e+00	0.00000e+00	0.00000e+00	2.93280e+00
1.01780e+02	2.69639e+02	1.48676e+03	1.07258e+03	1.61065e+00	0.00000e+00	0.00000e+00	2.93584e+00
1.02693e+02	2.69655e+02	1.48614e+03	1.07293e+03	1.61235e+00	0.00000e+00	0.00000e+00	2.93886e+00
1.03605e+02	2.69670e+02	1.48553e+03	1.07328e+03	1.61404e+00	0.00000e+00	0.00000e+00	2.94187e+00
1.04518e+02	2.69686e+02	1.48491e+03	1.07363e+03	1.61574e+00	0.00000e+00	0.00000e+00	2.94487e+00
1.05431e+02	2.69702e+02	1.48430e+03	1.07398e+03	1.61743e+00	0.00000e+00	0.00000e+00	2.94786e+00
1.06343e+02	2.69717e+02	1.48369e+03	1.07433e+03	1.61912e+00	0.00000e+00	0.00000e+00	2.95084e+00
1.07256e+02	2.69733e+02	1.48307e+03	1.07468e+03	1.62080e+00	0.00000e+00	0.00000e+00	2.95381e+00
1.08168e+02	2.69749e+02	1.48246e+03	1.07503e+03	1.62248e+00	0.00000e+00	0.00000e+00	2.95677e+00
1.09081e+02	2.69765e+02	1.48185e+03	1.07537e+03	1.62416e+00	0.00000e+00	0.00000e+00	2.95972e+00
1.09993e+02	2.69781e+02	1.48124e+03	1.07572e+03	1.62584e+00	0.00000e+00	0.00000e+00	2.96266e+00
1.10906e+02	2.69797e+02	1.48063e+03	1.07606e+03	1.62751e+00	0.00000e+00	0.00000e+00	2.96558e+00
1.11819e+02	2.69814e+02	1.48002e+03	1.07641e+03	1.62918e+00	0.00000e+00	0.00000e+00	2.96850e+00
1.12731e+02	2.69830e+02	1.47940e+03	1.07675e+03	1.63084e+00	0.00000e+00	0.00000e+00	2.97141e+00
1.13644e+02	2.69847e+02	1.47880e+03	1.07709e+03	1.63250e+00	0.00000e+00	0.00000e+00	2.97430e+00
1.14556e+02	2.69863e+02	1.47819e+03	1.07743e+03	1.63416e+00	0.00000e+00	0.00000e+00	2.97719e+00
1.15469e+02	2.69880e+02	1.47758e+03	1.07778e+03	1.63581e+00	0.00000e+00	0.00000e+00	2.98006e+00
1.16381e+02	2.69897e+02	1.47697e+03	1.07812e+03	1.63746e+00	0.00000e+00	0.00000e+00	2.98292e+00
1.17294e+02	2.69914e+02	1.47636e+03	1.07846e+03	1.63910e+00	0.00000e+00	0.00000e+00	2.98578e+00
1.18207e+02	2.69930e+02	1.47575e+03	1.07880e+03	1.64074e+00	0.00000e+00	0.00000e+00	2.98862e+00
1.19119e+02	2.69947e+02	1.47515e+03	1.07913e+03	1.64238e+00	0.00000e+00	0.00000e+00	2.99145e+00
1.20032e+02	2.69965e+02	1.47454e+03	1.07947e+03	1.64400e+00	0.00000e+00	0.00000e+00	2.99427e+00
1.20944e+02	2.69982e+02	1.47393e+03	1.07981e+03	1.64563e+00	0.00000e+00	0.00000e+00	2.99708e+00
1.21857e+02	2.69999e+02	1.47333e+03	1.08015e+03	1.64725e+00	0.00000e+00	0.00000e+00	2.99988e+00
1.22769e+02	2.70016e+02	1.47272e+03	1.08048e+03	1.64886e+00	0.00000e+00	0.00000e+00	3.00267e+00
1.23682e+02	2.70034e+02	1.47212e+03	1.08082e+03	1.65047e+00	0.00000e+00	0.00000e+00	3.00545e+00
1.24595e+02	2.70051e+02	1.47151e+03	1.08115e+03	1.65207e+00	0.00000e+00	0.00000e+00	3.00822e+00
1.25507e+02	2.70069e+02	1.47091e+03	1.08149e+03	1.65367e+00	0.00000e+00	0.00000e+00	3.01098e+00
1.26420e+02	2.70087e+02	1.47031e+03	1.08182e+03	1.65526e+00	0.00000e+00	0.00000e+00	3.01373e+00
1.27332e+02	2.70104e+02	1.46970e+03	1.08215e+03	1.65684e+00	0.00000e+00	0.00000e+00	3.01647e+00
1.28245e+02	2.70122e+02	1.46910e+03	1.08249e+03	1.65842e+00	0.00000e+00	0.00000e+00	3.01920e+00
1.29157e+02	2.70140e+02	1.46850e+03	1.08282e+03	1.65999e+00	0.00000e+00	0.00000e+00	3.02191e+00
1.30070e+02	2.70158e+02	1.46790e+03	1.08315e+03	1.66156e+00	0.00000e+00	0.00000e+00	3.02462e+00
1.30983e+02	2.70176e+02	1.46730e+03	1.08348e+03	1.66312e+00	0.00000e+00	0.00000e+00	3.02732e+00
1.31895e+02	2.70195e+02	1.46670e+03	1.08381e+03	1.66467e+00	0.00000e+00	0.00000e+00	3.03000e+00
1.32808e+02	2.70213e+02	1.46610e+03	1.08414e+03	1.66622e+00	0.00000e+00	0.00000e+00	3.03268e+00
1.33720e+02	2.70231e+02	1.46550e+03	1.08446e+03	1.66775e+00	0.00000e+00	0.00000e+00	3.03534e+00
1.34633e+02	2.70250e+02	1.46490e+03	1.08479e+03	1.66928e+00	0.00000e+00	0.00000e+00	3.03800e+00
1.35545e+02	2.70268e+02	1.46430e+03	1.08512e+03	1.67081e+00	0.00000e+00	0.00000e+00	3.04064e+00
1.36458e+02	2.70287e+02	1.46370e+03	1.08545e+03	1.67232e+00	0.00000e+00	0.00000e+00	3.04328e+00
1.37371e+02	2.70305e+02	1.46310e+03	1.08577e+03	1.67383e+00	0.00000e+00	0.00000e+00	3.04590e+00
1.38283e+02	2.70324e+02	1.46250e+03	1.08610e+03	1.67533e+00	0.00000e+00	0.00000e+00	3.04851e+00
1.39196e+02	2.70343e+02	1.46191e+03	1.08642e+03	1.67682e+00	0.00000e+00	0.00000e+00	3.05112e+00
1.40108e+02	2.70362e+02	1.46131e+03	1.08675e+03	1.67831e+00	0.00000e+00	0.00000e+00	3.05371e+00
1.41021e+02	2.70381e+02	1.46071e+03	1.08707e+03	1.67978e+00	0.00000e+00	0.00000e+00	3.05630e+00
1.41933e+02	2.70400e+02	1.46012e+03	1.08739e+03	1.68125e+00	0.00000e+00	0.00000e+00	3.05887e+00
1.42846e+02	2.70419e+02	1.45952e+03	1.08772e+03	1.68271e+00	0.00000e+00	0.00000e+00	3.06143e+00
1.43759e+02	2.70438e+02	1.45893e+03	1.08804e+03	1.68416e+00	0.00000e+00	0.00000e+00	3.06399e+00
1.44671e+02	2.70457e+02	1.45833e+03	1.08836e+03	1.68560e+00	0.00000e+00	0.00000e+00	3.06653e+00
1.45584e+02	2.70476e+02	1.45774e+03	1.08868e+03	1.68703e+00	0.00000e+00	0.00000e+00	3.06906e+00
1.46496e+02	2.70496e+02	1.45714e+03	1.08900e+03	1.68845e+00	0.00000e+00	0.00000e+00	3.07159e+00
1.47409e+02	2.70515e+02	1.45655e+03	1.08932e+03	1.68986e+00	0.00000e+00	0.00000e+00	3.07410e+00
1.48321e+02	2.70535e+02	1.45596e+03	1.08964e+03	1.69126e+00	0.00000e+00	0.00000e+00	3.07660e+00
1.49234e+02	2.70554e+02	1.45536e+03	1.08996e+03	1.69265e+00	0.00000e+00	0.00000e+00	3.07909e+00
1.50147e+02	2.70574e+02	1.45477e+03	1.09028e+03	1.69404e+00	0.00000e+00	0.00000e+00	3.08158e+00
1.51059e+02	2.70594e+02	1.45418e+03	1.09059e+03	1.69541e+00	0.00000e+00	0.00000e+00	3.08405e+00
1.51972e+02	2.70614e+02	1.45359e+03	1.09091e+03	1.69677e+00	0.00000e+00	0.00000e+00	3.08651e+00
1.52884e+02	2.70634e+02	1.45300e+03	1.09123e+03	1.69812e+00	0.00000e+00	0.00000e+00	3.08897e+00
1.53797e+02	2.70654e+02	1.45241e+03	1.09154e+03	1.69946e+00	0.00000e+00	0.00000e+00	3.09141e+00
1.54709e+02	2.70674e+02	1.45182e+03	1.09186e+03	1.70079e+00	0.00000e+00	0.00000e+00	3.09385e+00
1.55622e+02	2.70694e+02	1.45123e+03	3.40655e+03	4.37685e+00	2.49678e+00	2.30815e+13	0.00000e+00
1.97959e+02	2.91390e+02	1.44246e+03	3.40655e+03	4.39448e+00	2.50454e+00	2.79165e+12	0.00000e+00
2.40060e+02	3.11984e+02	1.43370e+03	3.42390e+03	4.40832e+00	2.51205e+00	4.50420e+11	0.00000e+00
2.82139e+02	3.32477e+02	1.42493e+03	3.43310e+03	4.38065e+00	2.49463e+00	9.17822e+10	0.00000e+00
3.24089e+02	3.52868e+02	1.41617e+03	3.41788e+03	7.80607e+00	4.44830e+00	2.26418e+10	0.00000e+00
3.65612e+02	3.73158e+02	1.40740e+03	3.46621e+03	7.72539e+00	4.39841e+00	6.54176e+09	0.00000e+00
4.07480e+02	3.93347e+02	1.39864e+03	3.44013e+03	7.70887e+00	4.38709e+00	2.16136e+09	0.00000e+00
4.48782e+02	4.13435e+02	1.38987e+03	3.43575e+03	7.81846e+00	4.45181e+00	7.98689e+08	0.00000e+00
4.89787e+02	4.33423e+02	1.38111e+03	3.47426e+03	7.72791e+00	4.39586e+00	3.24929e+08	0.00000e+00
5.31006e+02	4.53312e+02	1.37234e+03	3.44472e+03	7.84242e+00	4.46369e+00	1.43730e+08	0.00000e+00
5.71622e+02	4.73100e+02	1.36358e+03	3.48513e+03	7.81331e+00	4.44480e+00	6.82758e+07	0.00000e+00
6.12467e+02	4.92790e+02	1.35481e+03	3.47652e+03	7.76033e+00	4.41146e+00	3.45601e+07	0.00000e+00
6.52953e+02	5.12380e+02	1.34605e+03	3.45972e+03	7.88598e+00	4.48635e+00	1.84816e+07	0.00000e+00
6.92991e+02	5.31872e+02	1.33729e+03	3.50442e+03	7.80051e+00	4.43329e+00	1.03731e+07	0.00000e+00
7.33293e+02	5.51266e+02	1.32852e+03	3.47638e+03	7.70831e+00	4.37609e+00	6.08341e+06	0.00000e+00
7.73012e+02	5.70563e+02	1.31976e+03	3.44592e+03	7.86684e+00	4.47116e+00	3.70592e+06	0.00000e+00
8.12131e+02	5.89761e+02	1.31099e+03	3.50232e+03	7.77749e+00	4.41564e+00	2.33571e+06	0.00000e+00
8.51641e+02	6.08863e+02	1.30223e+03	3.47275e+03	7.68275e+00	4.35677e+00	1.51966e+06	0.00000e+00
8.90557e+02	6.27869e+02	1.29346e+03	3.44120e+03	7.78260e+00	4.41636e+00	1.01630e+06	0.00000e+00
9.28869e+02	6.46778e+02	1.28470e+03	3.47747e+03	7.74411e+00	4.39169e+00	6.96796e+05	0.00000e+00
9.67339e+02	6.65592e+02	1.27593e+03	3.46546e+03	7.72774e+00	4.38054e+00	4.89071e+05	0.00000e+00
1.00542e+03	6.84311e+02	1.26717e+03	3.46119e+03	7.80111e+00	4.42425e+00	3.50476e+05	0.00000e+00
1.04321e+03	7.02935e+02	1.25840e+03	3.48857e+03	7.70056e+00	4.36160e+00	2.55991e+05	0.00000e+00
1.08105e+03	7.21465e+02	1.24964e+03	3.45456e+03	7.81391e+00	4.42993e+00	1.90337e+05	0.00000e+00
1.11826e+03	7.39901e+02	1.24087e+03	3.49626e+03	7.75051e+00	4.38997e+00	1.43758e+05	0.00000e+00
1.15567e+03	7.58244e+02	1.23211e+03	3.47531e+03	7.64960e+00	4.32693e+00	1.10244e+05	0.00000e+00
1.19260e+03	7.76494e+02	1.22334e+03	3.44090e+03	7.79374e+00	4.41440e+00	8.56837e+04	0.00000e+00
1.22891e+03	7.94653e+02	1.21458e+03	3.49389e+03	7.69152e+00	4.35049e+00	6.74168e+04	0.00000e+00
1.26554e+03	8.12719e+02	1.20581e+03	3.45888e+03	7.58861e+00	4.28607e+00	5.36944e+04	0.00000e+00
1.30154e+03	8.30695e+02	1.19705e+03	3.42348e+03	7.73010e+00	4.37216e+00	4.32163e+04	0.00000e+00
1.33694e+03	8.48580e+02	1.18828e+03	3.47585e+03	7.62261e+00	4.30484e+00	3.51242e+04	0.00000e+00
1.37263e+03	8.66375e+02	1.17952e+03	3.43864e+03	7.75983e+00	4.38856e+00	2.88296e+04	0.00000e+00
1.40769e+03	8.84082e+02	1.17075e+03	3.48983e+03	7.65330e+00	4.32171e+00	2.38634e+04	0.00000e+00
1.44303e+03	9.01699e+02	1.16199e+03	3.45279e+03	7.54711e+00	4.25500e+00	1.99230e+04	0.00000e+00
1.47774e+03	9.19229e+02	1.15322e+03	3.41572e+03	7.68049e+00	4.33657e+00	1.67557e+04	0.00000e+00
1.51184e+03	9.36672e+02	1.14446e+03	3.46582e+03	7.56990e+00	4.26704e+00	1.41893e+04	0.00000e+00
1.54620e+03	9.54028e+02	1.13569e+03	3.42696e+03	7.49354e+00	4.21865e+00	1.21016e+04	0.00000e+00
1.57994e+03	9.71299e+02	1.12693e+03	3.40048e+03	7.58929e+00	4.27709e+00	1.03834e+04	0.00000e+00
1.61317e+03	9.88484e+02	1.11816e+03	3.43710e+03	7.48711e+00	4.21260e+00	8.96071e+03	0.00000e+00
1.64654e+03	1.00559e+03	1.10940e+03	3.40097e+03	7.60224e+00	4.28327e+00	7.77834e+03	0.00000e+00
1.67932e+03	1.02260e+03	1.10063e+03	3.44498e+03	7.48882e+00	4.21165e+00	6.78607e+03	0.00000e+00
1.71229e+03	1.03954e+03	1.09187e+03	3.40448e+03	7.48582e+00	4.20880e+00	5.95166e+03	0.00000e+00
1.74464e+03	1.05639e+03	1.08310e+03	3.40483e+03	7.49719e+00	4.21494e+00	5.24310e+03	0.00000e+00
1.77677e+03	1.07316e+03	1.07434e+03	3.41053e+03	7.49015e+00	4.20962e+00	4.63952e+03	0.00000e+00
1.80872e+03	1.08986e+03	1.06557e+03	3.40940e+03	7.50040e+00	4.21510e+00	4.12291e+03	0.00000e+00
1.84043e+03	1.10647e+03	1.05681e+03	3.41472e+03	7.49845e+00	4.21301e+00	3.67846e+03	0.00000e+00
1.87197e+03	1.12301e+03	1.04804e+03	3.41552e+03	7.50019e+00	4.21320e+00	3.29446e+03	0.00000e+00
1.90329e+03	1.13947e+03	1.03928e+03	3.41769e+03	7.42171e+00	4.16310e+00	2.96117e+03	0.00000e+00
1.93439e+03	1.15585e+03	1.03051e+03	3.38963e+03	7.49660e+00	4.20925e+00	2.67072e+03	0.00000e+00
1.96502e+03	1.17216e+03	1.02175e+03	3.41943e+03	7.40990e+00	4.15389e+00	2.41622e+03	0.00000e+00
1.99570e+03	1.18839e+03	1.01299e+03	3.38809e+03	7.40401e+00	4.14930e+00	2.19306e+03	0.00000e+00
2.02587e+03	1.20455e+03	1.00422e+03	3.38732e+03	7.39808e+00	4.14471e+00	1.99605e+03	0.00000e+00
2.05582e+03	1.22064e+03	9.95455e+02	3.38654e+03	7.39215e+00	4.14013e+00	1.82182e+03	0.00000e+00
2.08554e+03	1.23666e+03	9.86690e+02	3.38575e+03	7.38622e+00	4.13555e+00	1.66724e+03	0.00000e+00
2.11504e+03	1.25261e+03	9.77926e+02	3.38497e+03	7.38028e+00	4.13098e+00	1.52966e+03	0.00000e+00
2.14432e+03	1.26849e+03	9.69161e+02	3.38418e+03	7.37434e+00	4.12642e+00	1.40684e+03	0.00000e+00
2.17338e+03	1.28431e+03	9.60396e+02	3.38338e+03	7.36838e+00	4.12186e+00	1.29688e+03	0.00000e+00
2.20223e+03	1.30006e+03	9.51631e+02	3.38259e+03	7.36243e+00	4.11730e+00	1.19816e+03	0.00000e+00
2.23085e+03	1.31575e+03	9.42866e+02	3.38179e+03	7.35646e+00	4.11275e+00	1.10930e+03	0.00000e+00
2.25926e+03	1.33138e+03	9.34101e+02	3.38098e+03	7.35049e+00	4.10821e+00	1.02911e+03	0.00000e+00
2.28746e+03	1.34694e+03	9.25336e+02	3.38017e+03	7.34452e+00	4.10367e+00	9.56560e+02	0.00000e+00
2.31544e+03	1.36245e+03	9.16571e+02	3.37936e+03	7.33853e+00	4.09913e+00	8.90771e+02	0.00000e+00
2.34321e+03	1.37790e+03	9.07807e+02	3.37855e+03	7.33254e+00	4.09460e+00	8.30976e+02	0.00000e+00
2.37077e+03	1.39329e+03	8.99042e+02	3.37773e+03	7.32654e+00	4.09007e+00	7.76510e+02	0.00000e+00
2.39812e+03	1.40864e+03	8.90277e+02	3.37691e+03	7.32053e+00	4.08554e+00	7.26793e+02	0.00000e+00
2.42526e+03	1.42393e+03	8.81512e+02	3.37608e+03	7.31450e+00	4.08101e+00	6.81317e+02	0.00000e+00
2.45220e+03	1.43917e+03	8.72747e+02	3.37525e+03	7.30846e+00	4.07649e+00	6.39640e+02	0.00000e+00
2.47893e+03	1.45436e+03	8.63982e+02	3.37442e+03	7.30240e+00	4.07196e+00	6.01371e+02	0.00000e+00
2.50546e+03	1.46951e+03	8.55217e+02	3.37357e+03	7.29633e+00	4.06744e+00	5.66167e+02	0.00000e+00
2.53179e+03	1.48462e+03	8.46453e+02	3.37273e+03	7.29024e+00	4.06291e+00	5.33723e+02	0.00000e+00
2.55791e+03	1.49968e+03	8.37688e+02	3.37188e+03	7.28414e+00	4.05838e+00	5.03773e+02	0.00000e+00
2.58385e+03	1.51471e+03	8.28923e+02	3.37102e+03	7.27803e+00	4.05385e+00	4.76078e+02	0.00000e+00
2.60958e+03	1.52970e+03	8.20158e+02	3.37016e+03	7.27188e+00	4.04932e+00	4.50427e+02	0.00000e+00
2.63512e+03	1.54466e+03	8.11393e+02	3.36930e+03	7.26572e+00	4.04478e+00	4.26631e+02	0.00000e+00
2.66047e+03	1.55959e+03	8.02628e+02	3.36842e+03	7.25953e+00	4.04023e+00	4.04523e+02	0.00000e+00
2.68564e+03	1.57449e+03	7.93863e+02	3.36754e+03	7.25332e+00	4.03568e+00	3.83953e+02	0.00000e+00
2.71061e+03	1.58936e+03	7.85098e+02	3.36666e+03	7.24708e+00	4.03112e+00	3.64785e+02	0.00000e+00
2.73540e+03	1.60422e+03	7.76334e+02	3.36576e+03	7.24081e+00	4.02656e+00	3.46899e+02	0.00000e+00
2.76001e+03	1.61906e+03	7.67569e+02	3.36486e+03	7.23452e+00	4.02199e+00	3.30187e+02	0.00000e+00
2.78444e+03	1.63388e+03	7.58804e+02	3.36396e+03	7.22819e+00	4.01740e+00	3.14551e+02	0.00000e+00
2.80869e+03	1.64870e+03	7.50039e+02	3.36304e+03	7.22183e+00	4.01280e+00	2.99902e+02	0.00000e+00
2.83277e+03	1.66350e+03	7.41274e+02	3.36212e+03	7.21541e+00	4.00819e+00	2.86160e+02	0.00000e+00
2.85668e+03	1.67831e+03	7.32509e+02	3.36118e+03	7.20897e+00	4.00356e+00	2.73254e+02	0.00000e+00
2.88042e+03	1.69311e+03	7.23744e+02	3.36024e+03	7.20250e+00	3.99892e+00	2.61118e+02	0.00000e+00
2.90399e+03	1.70792e+03	7.14980e+02	3.35929e+03	7.19597e+00	3.99426e+00	2.49693e+02	0.00000e+00
2.92740e+03	1.72274e+03	7.06215e+02	3.35833e+03	7.18940e+00	3.98958e+00	2.38924e+02	0.00000e+00
2.95066e+03	1.73758e+03	6.97450e+02	3.35736e+03	7.18277e+00	3.98488e+00	2.28762e+02	0.00000e+00
2.97376e+03	1.75244e+03	6.88685e+02	3.35637e+03	7.17609e+00	3.98015e+00	2.19163e+02	0.00000e+00
2.99671e+03	1.76732e+03	6.79920e+02	3.35538e+03	7.16935e+00	3.97540e+00	2.10085e+02	0.00000e+00
3.01951e+03	1.78223e+03	6.71155e+02	3.35437e+03	7.16253e+00	3.97062e+00	2.01491e+02	0.00000e+00
3.04218e+03	1.79718e+03	6.62390e+02	3.35334e+03	7.15568e+00	3.96581e+00	1.93347e+02	0.00000e+00
3.06470e+03	1.81217e+03	6.53625e+02	3.35231e+03	7.14875e+00	3.96097e+00	1.85620e+02	0.00000e+00
3.08709e+03	1.82722e+03	6.44861e+02	3.35126e+03	7.14174e+00	3.95610e+00	1.78283e+02	0.00000e+00
3.10935e+03	1.84231e+03	6.36096e+02	3.35020e+03	7.13466e+00	3.95118e+00	1.71308e+02	0.00000e+00
3.13149e+03	1.85748e+03	6.27331e+02	3.34912e+03	7.12748e+00	3.94623e+00	1.64671e+02	0.00000e+00
3.15352e+03	1.87271e+03	6.18566e+02	3.34802e+03	7.12022e+00	3.94123e+00	1.58350e+02	0.00000e+00
3.17543e+03	1.88803e+03	6.09801e+02	3.34691e+03	7.11287e+00	3.93619e+00	1.52324e+02	0.00000e+00
3.19724e+03	1.90343e+03	6.01036e+02	3.34577e+03	7.10540e+00	3.93109e+00	1.46574e+02	0.00000e+00
3.21894e+03	1.91893e+03	5.92271e+02	3.34462e+03	7.09784e+00	3.92594e+00	1.41081e+02	0.00000e+00
3.24056e+03	1.93454e+03	5.83507e+02	3.34344e+03	7.09019e+00	3.92074e+00	1.35831e+02	0.00000e+00
3.24056e+03	1.93454e+03	5.83507e+02	7.02772e+03	2.33452e+00	0.00000e+00	1.00000e+04	0.00000e+00
3.57532e+03	1.93669e+03	5.18672e+02	7.07904e+03	2.32604e+00	0.00000e+00	1.00000e+04	0.00000e+00
3.80390e+03	1.93884e+03	4.53838e+02	7.12573e+03	2.36515e+00	0.00000e+00	1.00000e+04	0.00000e+00
3.90002e+03	1.94099e+03	3.89004e+02	7.17037e+03	2.38908e+00	0.00000e+00	1.00000e+04	0.00000e+00
3.81988e+03	1.94314e+03	3.24170e+02	7.21574e+03	2.39455e+00	0.00000e+00	1.00000e+04	0.00000e+00
3.48247e+03	1.94529e+03	2.59336e+02	7.26628e+03	2.37541e+00	0.00000e+00	1.00000e+04	0.00000e+00
2.71671e+03	1.94744e+03	1.94502e+02	7.33411e+03	2.31862e+00	0.00000e+00	1.00000e+04	0.00000e+00
1.08523e+03	1.94959e+03	1.29668e+02	7.52257e+03	2.18334e+00	0.00000e+00	1.00000e+04	0.00000e+00
-2.98783e+03	1.95174e+03	6.48341e+01	7.43347e+03	1.94970e+00	0.00000e+00	1.00000e+04	0.00000e+00
-1.95470e+04	1.95389e+03	0.00000e+00	7.39248e+03	1.12022e+00	0.00000e+00	1.00000e+04	0.00000e+00
