P (MPa)		T (K)		r (km)		rho (kg m-3)	VP (km s-1)	VS (km s-1)	QS/gamma	k for 0.01 mol/kg MgSO4 (S m-1)	
0.00000e+00	1.10000e+02	1.56100e+03	9.32117e+02	3.87940e+00	1.96225e+00	3.05824e+04	0.00000e+00
4.38552e+00	2.56603e+02	1.55771e+03	9.32117e+02	3.90890e+00	1.97786e+00	6.01116e+01	0.00000e+00
8.77104e+00	2.56611e+02	1.55413e+03	9.32364e+02	3.91161e+00	1.97992e+00	6.01030e+01	0.00000e+00
1.31566e+01	2.56619e+02	1.55057e+03	9.32583e+02	3.91429e+00	1.98196e+00	6.00940e+01	0.00000e+00
1.75421e+01	2.56627e+02	1.54702e+03	9.32767e+02	3.91695e+00	1.98399e+00	6.00847e+01	0.00000e+00
2.19276e+01	2.56636e+02	1.54348e+03	9.32913e+02	3.91959e+00	1.98600e+00	6.00748e+01	0.00000e+00
2.63131e+01	2.56646e+02	1.53994e+03	9.33015e+02	3.92220e+00	1.98801e+00	6.00646e+01	0.00000e+00
3.06986e+01	2.56656e+02	1.53642e+03	9.33067e+02	3.92479e+00	1.98999e+00	6.00538e+01	0.00000e+00
3.50842e+01	2.56666e+02	1.53290e+03	9.33061e+02	3.92736e+00	1.99197e+00	6.00426e+01	0.00000e+00
3.94697e+01	2.56677e+02	1.52940e+03	9.32990e+02	3.92991e+00	1.99393e+00	6.00308e+01	0.00000e+00
4.38552e+01	2.56688e+02	1.52590e+03	9.32845e+02	3.93243e+00	1.99588e+00	6.00185e+01	0.00000e+00
4.82407e+01	2.56700e+02	1.52241e+03	9.32618e+02	3.93494e+00	1.99782e+00	6.00056e+01	0.00000e+00
5.26262e+01	2.56712e+02	1.51893e+03	9.32298e+02	3.93742e+00	1.99975e+00	5.99921e+01	0.00000e+00
5.70118e+01	2.56725e+02	1.51546e+03	9.31877e+02	3.93989e+00	2.00166e+00	5.99779e+01	0.00000e+00
6.13973e+01	2.56739e+02	1.51199e+03	9.31345e+02	3.94234e+00	2.00357e+00	5.99631e+01	0.00000e+00
6.57828e+01	2.56753e+02	1.50853e+03	9.30696e+02	3.94478e+00	2.00546e+00	5.99477e+01	0.00000e+00
7.01683e+01	2.56768e+02	1.50508e+03	9.29923e+02	3.94719e+00	2.00735e+00	5.99315e+01	0.00000e+00
7.45538e+01	2.56783e+02	1.50163e+03	9.29027e+02	3.94959e+00	2.00922e+00	5.99145e+01	0.00000e+00
7.89394e+01	2.56799e+02	1.49819e+03	9.28010e+02	3.95198e+00	2.01109e+00	5.98968e+01	0.00000e+00
8.33249e+01	2.65000e+02	1.49475e+03	9.26882e+02	3.95664e+00	2.01411e+00	5.18332e+01	0.00000e+00
8.39439e+01	2.65006e+02	1.49436e+03	1.14190e+03	1.66946e+00	0.00000e+00	0.00000e+00	6.25015e-02
8.45630e+01	2.65012e+02	1.49397e+03	1.14212e+03	1.67065e+00	0.00000e+00	0.00000e+00	6.25444e-02
8.51821e+01	2.65018e+02	1.49358e+03	1.14235e+03	1.67185e+00	0.00000e+00	0.00000e+00	6.25872e-02
8.58012e+01	2.65023e+02	1.49318e+03	1.14257e+03	1.67305e+00	0.00000e+00	0.00000e+00	6.26300e-02
8.64202e+01	2.65029e+02	1.49279e+03	1.14279e+03	1.67424e+00	0.00000e+00	0.00000e+00	6.26728e-02
8.70393e+01	2.65035e+02	1.49240e+03	1.14301e+03	1.67544e+00	0.00000e+00	0.00000e+00	6.27155e-02
8.76584e+01	2.65041e+02	1.49201e+03	1.14323e+03	1.67663e+00	0.00000e+00	0.00000e+00	6.27581e-02
8.82774e+01	2.65047e+02	1.49161e+03	1.14345e+03	1.67782e+00	0.00000e+00	0.00000e+00	6.28007e-02
8.88965e+01	2.65054e+02	1.49122e+03	1.14367e+03	1.67902e+00	0.00000e+00	0.00000e+00	6.28433e-02
8.95156e+01	2.65060e+02	1.49083e+03	1.14389e+03	1.68021e+00	0.00000e+00	0.00000e+00	6.28858e-02
9.01347e+01	2.65066e+02	1.49044e+03	1.14411e+03	1.68139e+00	0.00000e+00	0.00000e+00	6.29283e-02
9.07537e+01	2.65072e+02	1.49005e+03	1.14433e+03	1.68258e+00	0.00000e+00	0.00000e+00	6.29707e-02
9.13728e+01	2.65078e+02	1.48966e+03	1.14454e+03	1.68377e+00	0.00000e+00	0.00000e+00	6.30131e-02
9.19919e+01	2.65084e+02	1.48927e+03	1.14476e+03	1.68495e+00	0.00000e+00	0.00000e+00	6.30554e-02
9.26109e+01	2.65091e+02	1.48888e+03	1.14498e+03	1.68614e+00	0.00000e+00	0.00000e+00	6.30976e-02
9.32300e+01	2.65097e+02	1.48849e+03	1.14520e+03	1.68732e+00	0.00000e+00	0.00000e+00	6.31399e-02
9.38491e+01	2.65103e+02	1.48810e+03	1.14542e+03	1.68850e+00	0.00000e+00	0.00000e+00	6.31820e-02
9.44682e+01	2.65110e+02	1.48771e+03	1.14563e+03	1.68968e+00	0.00000e+00	0.00000e+00	6.32241e-02
9.50872e+01	2.65116e+02	1.48732e+03	1.14585e+03	1.69086e+00	0.00000e+00	0.00000e+00	6.32662e-02
9.57063e+01	2.65122e+02	1.48693e+03	1.14607e+03	1.69204e+00	0.00000e+00	0.00000e+00	6.33082e-02
9.63254e+01	2.65129e+02	1.48654e+03	1.14628e+03	1.69322e+00	0.00000e+00	0.00000e+00	6.33502e-02
9.69445e+01	2.65135e+02	1.48615e+03	1.14650e+03	1.69439e+00	0.00000e+00	0.00000e+00	6.33921e-02
9.75635e+01	2.65142e+02	1.48576e+03	1.14671e+03	1.69557e+00	0.00000e+00	0.00000e+00	6.34340e-02
9.81826e+01	2.65148e+02	1.48537e+03	1.14693e+03	1.69674e+00	0.00000e+00	0.00000e+00	6.34758e-02
9.88017e+01	2.65155e+02	1.48498e+03	1.14714e+03	1.69791e+00	0.00000e+00	0.00000e+00	6.35176e-02
9.94207e+01	2.65161e+02	1.48459e+03	1.14736e+03	1.69908e+00	0.00000e+00	0.00000e+00	6.35594e-02
1.00040e+02	2.65168e+02	1.48420e+03	1.14757e+03	1.70025e+00	0.00000e+00	0.00000e+00	6.36010e-02
1.00659e+02	2.65175e+02	1.48381e+03	1.14779e+03	1.70142e+00	0.00000e+00	0.00000e+00	6.36427e-02
1.01278e+02	2.65181e+02	1.48343e+03	1.14800e+03	1.70259e+00	0.00000e+00	0.00000e+00	6.36843e-02
1.01897e+02	2.65188e+02	1.48304e+03	1.14821e+03	1.70375e+00	0.00000e+00	0.00000e+00	6.37258e-02
1.02516e+02	2.65195e+02	1.48265e+03	1.14843e+03	1.70492e+00	0.00000e+00	0.00000e+00	6.37673e-02
1.03135e+02	2.65201e+02	1.48226e+03	1.14864e+03	1.70608e+00	0.00000e+00	0.00000e+00	6.38087e-02
1.03754e+02	2.65208e+02	1.48187e+03	1.14885e+03	1.70724e+00	0.00000e+00	0.00000e+00	6.38501e-02
1.04373e+02	2.65215e+02	1.48149e+03	1.14906e+03	1.70841e+00	0.00000e+00	0.00000e+00	6.38914e-02
1.04992e+02	2.65222e+02	1.48110e+03	1.14927e+03	1.70957e+00	0.00000e+00	0.00000e+00	6.39327e-02
1.05611e+02	2.65229e+02	1.48071e+03	1.14949e+03	1.71072e+00	0.00000e+00	0.00000e+00	6.39740e-02
1.06231e+02	2.65236e+02	1.48033e+03	1.14970e+03	1.71188e+00	0.00000e+00	0.00000e+00	6.40152e-02
1.06850e+02	2.65243e+02	1.47994e+03	1.14991e+03	1.71304e+00	0.00000e+00	0.00000e+00	6.40563e-02
1.07469e+02	2.65249e+02	1.47955e+03	1.15012e+03	1.71419e+00	0.00000e+00	0.00000e+00	6.40974e-02
1.08088e+02	2.65256e+02	1.47917e+03	1.15033e+03	1.71535e+00	0.00000e+00	0.00000e+00	6.41385e-02
1.08707e+02	2.65263e+02	1.47878e+03	1.15054e+03	1.71650e+00	0.00000e+00	0.00000e+00	6.41795e-02
1.09326e+02	2.65270e+02	1.47839e+03	1.15075e+03	1.71765e+00	0.00000e+00	0.00000e+00	6.42204e-02
1.09945e+02	2.65277e+02	1.47801e+03	1.15096e+03	1.71880e+00	0.00000e+00	0.00000e+00	6.42613e-02
1.10564e+02	2.65285e+02	1.47762e+03	1.15117e+03	1.71995e+00	0.00000e+00	0.00000e+00	6.43022e-02
1.11183e+02	2.65292e+02	1.47724e+03	1.15138e+03	1.72110e+00	0.00000e+00	0.00000e+00	6.43430e-02
1.11802e+02	2.65299e+02	1.47685e+03	1.15159e+03	1.72224e+00	0.00000e+00	0.00000e+00	6.43837e-02
1.12421e+02	2.65306e+02	1.47647e+03	1.15180e+03	1.72339e+00	0.00000e+00	0.00000e+00	6.44244e-02
1.13040e+02	2.65313e+02	1.47608e+03	1.15200e+03	1.72453e+00	0.00000e+00	0.00000e+00	6.44651e-02
1.13659e+02	2.65320e+02	1.47570e+03	1.15221e+03	1.72567e+00	0.00000e+00	0.00000e+00	6.45057e-02
1.14278e+02	2.65327e+02	1.47531e+03	1.15242e+03	1.72681e+00	0.00000e+00	0.00000e+00	6.45462e-02
1.14898e+02	2.65335e+02	1.47493e+03	1.15263e+03	1.72795e+00	0.00000e+00	0.00000e+00	6.45868e-02
1.15517e+02	2.65342e+02	1.47454e+03	1.15283e+03	1.72909e+00	0.00000e+00	0.00000e+00	6.46272e-02
1.16136e+02	2.65349e+02	1.47416e+03	1.15304e+03	1.73023e+00	0.00000e+00	0.00000e+00	6.46676e-02
1.16755e+02	2.65357e+02	1.47378e+03	1.15325e+03	1.73137e+00	0.00000e+00	0.00000e+00	6.47080e-02
1.17374e+02	2.65364e+02	1.47339e+03	1.15345e+03	1.73250e+00	0.00000e+00	0.00000e+00	6.47483e-02
1.17993e+02	2.65371e+02	1.47301e+03	1.15366e+03	1.73363e+00	0.00000e+00	0.00000e+00	6.47886e-02
1.18612e+02	2.65379e+02	1.47262e+03	1.15387e+03	1.73476e+00	0.00000e+00	0.00000e+00	6.48288e-02
1.19231e+02	2.65386e+02	1.47224e+03	1.15407e+03	1.73590e+00	0.00000e+00	0.00000e+00	6.48690e-02
1.19850e+02	2.65394e+02	1.47186e+03	1.15428e+03	1.73702e+00	0.00000e+00	0.00000e+00	6.49091e-02
1.20469e+02	2.65401e+02	1.47148e+03	1.15448e+03	1.73815e+00	0.00000e+00	0.00000e+00	6.49492e-02
1.21088e+02	2.65409e+02	1.47109e+03	1.15469e+03	1.73928e+00	0.00000e+00	0.00000e+00	6.49892e-02
1.21707e+02	2.65416e+02	1.47071e+03	1.15489e+03	1.74040e+00	0.00000e+00	0.00000e+00	6.50292e-02
1.22326e+02	2.65424e+02	1.47033e+03	1.15509e+03	1.74153e+00	0.00000e+00	0.00000e+00	6.50692e-02
1.22945e+02	2.65431e+02	1.46994e+03	1.15530e+03	1.74265e+00	0.00000e+00	0.00000e+00	6.51091e-02
1.23565e+02	2.65439e+02	1.46956e+03	1.15550e+03	1.74377e+00	0.00000e+00	0.00000e+00	6.51489e-02
1.24184e+02	2.65446e+02	1.46918e+03	1.15571e+03	1.74489e+00	0.00000e+00	0.00000e+00	6.51887e-02
1.24803e+02	2.65454e+02	1.46880e+03	1.15591e+03	1.74601e+00	0.00000e+00	0.00000e+00	6.52285e-02
1.25422e+02	2.65462e+02	1.46842e+03	1.15611e+03	1.74713e+00	0.00000e+00	0.00000e+00	6.52682e-02
1.26041e+02	2.65469e+02	1.46804e+03	1.15631e+03	1.74824e+00	0.00000e+00	0.00000e+00	6.53078e-02
1.26660e+02	2.65477e+02	1.46765e+03	1.15652e+03	1.74936e+00	0.00000e+00	0.00000e+00	6.53474e-02
1.27279e+02	2.65485e+02	1.46727e+03	1.15672e+03	1.75047e+00	0.00000e+00	0.00000e+00	6.53870e-02
1.27898e+02	2.65492e+02	1.46689e+03	1.15692e+03	1.75158e+00	0.00000e+00	0.00000e+00	6.54265e-02
1.28517e+02	2.65500e+02	1.46651e+03	1.15712e+03	1.75269e+00	0.00000e+00	0.00000e+00	6.54660e-02
1.29136e+02	2.65508e+02	1.46613e+03	1.15732e+03	1.75380e+00	0.00000e+00	0.00000e+00	6.55054e-02
1.29755e+02	2.65516e+02	1.46575e+03	1.15752e+03	1.75491e+00	0.00000e+00	0.00000e+00	6.55448e-02
1.30374e+02	2.65524e+02	1.46537e+03	1.15773e+03	1.75602e+00	0.00000e+00	0.00000e+00	6.55841e-02
1.30993e+02	2.65531e+02	1.46499e+03	1.15793e+03	1.75712e+00	0.00000e+00	0.00000e+00	6.56234e-02
1.31612e+02	2.65539e+02	1.46461e+03	1.15813e+03	1.75823e+00	0.00000e+00	0.00000e+00	6.56627e-02
1.32232e+02	2.65547e+02	1.46423e+03	1.15833e+03	1.75933e+00	0.00000e+00	0.00000e+00	6.57018e-02
1.32851e+02	2.65555e+02	1.46385e+03	1.15853e+03	1.76043e+00	0.00000e+00	0.00000e+00	6.57410e-02
1.33470e+02	2.65563e+02	1.46347e+03	1.15873e+03	1.76153e+00	0.00000e+00	0.00000e+00	6.57801e-02
1.34089e+02	2.65571e+02	1.46309e+03	1.15893e+03	1.76263e+00	0.00000e+00	0.00000e+00	6.58192e-02
1.34708e+02	2.65579e+02	1.46271e+03	1.15912e+03	1.76372e+00	0.00000e+00	0.00000e+00	6.58582e-02
1.35327e+02	2.65587e+02	1.46233e+03	1.15932e+03	1.76482e+00	0.00000e+00	0.00000e+00	6.58972e-02
1.35946e+02	2.65595e+02	1.46195e+03	1.15952e+03	1.76591e+00	0.00000e+00	0.00000e+00	6.59361e-02
1.36565e+02	2.65603e+02	1.46157e+03	1.15972e+03	1.76701e+00	0.00000e+00	0.00000e+00	6.59750e-02
1.37184e+02	2.65611e+02	1.46120e+03	1.15992e+03	1.76810e+00	0.00000e+00	0.00000e+00	6.60138e-02
1.37803e+02	2.65619e+02	1.46082e+03	1.16012e+03	1.76919e+00	0.00000e+00	0.00000e+00	6.60526e-02
1.38422e+02	2.65627e+02	1.46044e+03	1.16031e+03	1.77028e+00	0.00000e+00	0.00000e+00	6.60914e-02
1.39041e+02	2.65636e+02	1.46006e+03	1.16051e+03	1.77137e+00	0.00000e+00	0.00000e+00	6.61301e-02
1.39660e+02	2.65644e+02	1.45968e+03	1.16071e+03	1.77245e+00	0.00000e+00	0.00000e+00	6.61687e-02
1.40279e+02	2.65652e+02	1.45931e+03	1.16091e+03	1.77354e+00	0.00000e+00	0.00000e+00	6.62073e-02
1.40899e+02	2.65660e+02	1.45893e+03	1.16110e+03	1.77462e+00	0.00000e+00	0.00000e+00	6.62459e-02
1.41518e+02	2.65668e+02	1.45855e+03	1.16130e+03	1.77570e+00	0.00000e+00	0.00000e+00	6.62845e-02
1.42137e+02	2.65676e+02	1.45817e+03	1.16149e+03	1.77678e+00	0.00000e+00	0.00000e+00	6.63229e-02
1.42756e+02	2.65685e+02	1.45780e+03	1.16169e+03	1.77786e+00	0.00000e+00	0.00000e+00	6.63614e-02
1.43375e+02	2.65693e+02	1.45742e+03	1.16189e+03	1.77894e+00	0.00000e+00	0.00000e+00	6.63998e-02
1.43994e+02	2.65701e+02	1.45704e+03	1.16208e+03	1.78002e+00	0.00000e+00	0.00000e+00	6.64382e-02
1.44613e+02	2.65710e+02	1.45667e+03	1.16228e+03	1.78109e+00	0.00000e+00	0.00000e+00	6.64765e-02
1.45232e+02	2.65718e+02	1.45629e+03	1.16247e+03	1.78217e+00	0.00000e+00	0.00000e+00	6.65147e-02
1.45851e+02	2.65726e+02	1.45591e+03	1.16267e+03	1.78324e+00	0.00000e+00	0.00000e+00	6.65530e-02
1.46470e+02	2.65735e+02	1.45554e+03	1.16286e+03	1.78431e+00	0.00000e+00	0.00000e+00	6.65912e-02
1.47089e+02	2.65743e+02	1.45516e+03	1.16306e+03	1.78538e+00	0.00000e+00	0.00000e+00	6.66293e-02
1.47708e+02	2.65751e+02	1.45479e+03	1.16325e+03	1.78645e+00	0.00000e+00	0.00000e+00	6.66674e-02
1.48327e+02	2.65760e+02	1.45441e+03	1.16344e+03	1.78752e+00	0.00000e+00	0.00000e+00	6.67055e-02
1.48946e+02	2.65768e+02	1.45403e+03	1.16364e+03	1.78858e+00	0.00000e+00	0.00000e+00	6.67435e-02
1.49566e+02	2.65777e+02	1.45366e+03	1.16383e+03	1.78965e+00	0.00000e+00	0.00000e+00	6.67815e-02
1.50185e+02	2.65785e+02	1.45328e+03	1.16402e+03	1.79071e+00	0.00000e+00	0.00000e+00	6.68195e-02
1.50804e+02	2.65794e+02	1.45291e+03	1.16422e+03	1.79177e+00	0.00000e+00	0.00000e+00	6.68574e-02
1.51423e+02	2.65802e+02	1.45253e+03	1.16441e+03	1.79283e+00	0.00000e+00	0.00000e+00	6.68952e-02
1.52042e+02	2.65811e+02	1.45216e+03	3.40381e+03	4.37511e+00	2.49633e+00	4.06214e+13	0.00000e+00
1.94396e+02	2.86493e+02	1.44339e+03	3.40381e+03	4.43941e+00	2.53156e+00	4.55681e+12	0.00000e+00
2.36514e+02	3.07073e+02	1.43462e+03	3.45001e+03	4.40006e+00	2.50717e+00	6.91998e+11	0.00000e+00
2.78966e+02	3.27552e+02	1.42585e+03	3.42795e+03	4.38164e+00	2.49530e+00	1.34310e+11	0.00000e+00
3.20899e+02	3.47929e+02	1.41708e+03	3.41818e+03	7.80143e+00	4.44565e+00	3.17975e+10	0.00000e+00
3.62472e+02	3.68205e+02	1.40831e+03	3.46435e+03	7.71308e+00	4.39115e+00	8.87682e+09	0.00000e+00
4.04364e+02	3.88380e+02	1.39954e+03	3.43567e+03	7.78773e+00	4.43470e+00	2.84866e+09	0.00000e+00
4.45659e+02	4.08454e+02	1.39077e+03	3.46215e+03	7.80665e+00	4.44478e+00	1.02671e+09	0.00000e+00
4.87028e+02	4.28429e+02	1.38200e+03	3.46986e+03	7.71778e+00	4.38985e+00	4.09076e+08	0.00000e+00
5.28236e+02	4.48304e+02	1.37323e+03	3.44089e+03	7.89540e+00	4.49580e+00	1.77597e+08	0.00000e+00
5.68849e+02	4.68079e+02	1.36446e+03	3.50287e+03	7.80319e+00	4.43879e+00	8.29945e+07	0.00000e+00
6.09944e+02	4.87755e+02	1.35569e+03	3.47270e+03	7.83907e+00	4.45921e+00	4.14270e+07	0.00000e+00
6.50425e+02	5.07332e+02	1.34693e+03	3.48638e+03	7.88584e+00	4.48632e+00	2.18731e+07	0.00000e+00
6.90811e+02	5.26811e+02	1.33816e+03	3.50394e+03	7.79348e+00	4.42907e+00	1.21444e+07	0.00000e+00
7.31140e+02	5.46192e+02	1.32939e+03	3.47351e+03	7.72831e+00	4.38827e+00	7.05057e+06	0.00000e+00
7.70858e+02	5.65475e+02	1.32062e+03	3.45240e+03	7.86785e+00	4.47182e+00	4.25615e+06	0.00000e+00
8.10083e+02	5.84661e+02	1.31185e+03	3.50222e+03	7.77118e+00	4.41185e+00	2.66091e+06	0.00000e+00
8.49622e+02	6.03751e+02	1.30308e+03	3.47011e+03	7.67655e+00	4.35306e+00	1.71849e+06	0.00000e+00
8.88539e+02	6.22743e+02	1.29431e+03	3.43861e+03	7.83755e+00	4.44990e+00	1.14154e+06	0.00000e+00
9.26853e+02	6.41640e+02	1.28554e+03	3.49625e+03	7.73791e+00	4.38801e+00	7.77861e+05	0.00000e+00
9.65561e+02	6.60442e+02	1.27677e+03	3.46289e+03	7.80583e+00	4.42827e+00	5.43054e+05	0.00000e+00
1.00364e+03	6.79148e+02	1.26800e+03	3.48819e+03	7.79633e+00	4.42134e+00	3.87157e+05	0.00000e+00
1.04175e+03	6.97760e+02	1.25923e+03	3.48638e+03	7.75691e+00	4.39610e+00	2.81539e+05	0.00000e+00
1.07958e+03	7.16277e+02	1.25046e+03	3.47399e+03	7.81674e+00	4.43165e+00	2.08417e+05	0.00000e+00
1.11702e+03	7.34701e+02	1.24169e+03	3.49675e+03	7.74822e+00	4.38854e+00	1.56814e+05	0.00000e+00
1.15445e+03	7.53032e+02	1.23292e+03	3.47397e+03	7.69458e+00	4.35453e+00	1.19808e+05	0.00000e+00
1.19138e+03	7.71271e+02	1.22415e+03	3.45641e+03	7.79442e+00	4.41479e+00	9.27934e+04	0.00000e+00
1.22787e+03	7.89417e+02	1.21538e+03	3.49359e+03	7.69016e+00	4.34962e+00	7.27865e+04	0.00000e+00
1.26450e+03	8.07472e+02	1.20661e+03	3.45785e+03	7.64493e+00	4.32072e+00	5.77967e+04	0.00000e+00
1.30050e+03	8.25436e+02	1.19785e+03	3.44315e+03	7.72883e+00	4.37133e+00	4.63869e+04	0.00000e+00
1.33611e+03	8.43309e+02	1.18908e+03	3.47484e+03	7.62225e+00	4.30457e+00	3.76084e+04	0.00000e+00
1.37179e+03	8.61093e+02	1.18031e+03	3.43795e+03	7.76113e+00	4.38930e+00	3.07922e+04	0.00000e+00
1.40685e+03	8.78788e+02	1.17154e+03	3.48973e+03	7.65295e+00	4.32144e+00	2.54287e+04	0.00000e+00
1.44219e+03	8.96394e+02	1.16277e+03	3.45208e+03	7.58877e+00	4.28072e+00	2.11836e+04	0.00000e+00
1.47689e+03	9.13913e+02	1.15400e+03	3.43029e+03	7.68017e+00	4.33631e+00	1.77793e+04	0.00000e+00
1.51114e+03	9.31344e+02	1.14523e+03	3.46512e+03	7.57506e+00	4.27017e+00	1.50286e+04	0.00000e+00
1.54549e+03	9.48689e+02	1.13646e+03	3.42825e+03	7.57003e+00	4.26606e+00	1.27939e+04	0.00000e+00
1.57922e+03	9.65949e+02	1.12769e+03	3.42793e+03	7.58964e+00	4.27723e+00	1.09586e+04	0.00000e+00
1.61272e+03	9.83124e+02	1.11892e+03	3.43661e+03	7.56335e+00	4.25995e+00	9.44337e+03	0.00000e+00
1.64607e+03	1.00021e+03	1.11015e+03	3.42848e+03	7.60363e+00	4.28404e+00	8.18451e+03	0.00000e+00
1.67910e+03	1.01722e+03	1.10138e+03	3.44487e+03	7.56112e+00	4.25664e+00	7.13114e+03	0.00000e+00
1.71205e+03	1.03415e+03	1.09261e+03	3.43068e+03	7.56164e+00	4.25602e+00	6.24546e+03	0.00000e+00
1.74462e+03	1.05099e+03	1.08384e+03	3.43240e+03	7.50019e+00	4.21676e+00	5.49542e+03	0.00000e+00
1.77698e+03	1.06775e+03	1.07507e+03	3.41109e+03	7.56571e+00	4.25677e+00	4.85735e+03	0.00000e+00
1.80890e+03	1.08443e+03	1.06630e+03	3.43702e+03	7.50420e+00	4.21742e+00	4.31118e+03	0.00000e+00
1.84083e+03	1.10104e+03	1.05753e+03	3.41558e+03	7.57371e+00	4.26008e+00	3.84251e+03	0.00000e+00
1.87233e+03	1.11756e+03	1.04876e+03	3.44320e+03	7.50468e+00	4.21595e+00	3.43751e+03	0.00000e+00
1.90385e+03	1.13401e+03	1.04000e+03	3.41881e+03	7.42488e+00	4.16501e+00	3.08688e+03	0.00000e+00
1.93491e+03	1.15038e+03	1.03123e+03	3.39025e+03	7.50172e+00	4.21239e+00	2.78122e+03	0.00000e+00
1.96548e+03	1.16668e+03	1.02246e+03	3.42079e+03	7.41309e+00	4.15581e+00	2.51368e+03	0.00000e+00
1.99611e+03	1.18290e+03	1.01369e+03	3.38871e+03	7.40720e+00	4.15123e+00	2.27936e+03	0.00000e+00
2.02622e+03	1.19906e+03	1.00492e+03	3.38794e+03	7.40129e+00	4.14665e+00	2.07269e+03	0.00000e+00
2.05611e+03	1.21514e+03	9.96148e+02	3.38716e+03	7.40536e+00	4.14837e+00	1.89011e+03	0.00000e+00
2.08577e+03	1.23115e+03	9.87379e+02	3.39019e+03	7.38944e+00	4.13750e+00	1.72828e+03	0.00000e+00
2.11524e+03	1.24709e+03	9.78609e+02	3.38559e+03	7.43055e+00	4.16267e+00	1.58440e+03	0.00000e+00
2.14446e+03	1.26296e+03	9.69840e+02	3.40288e+03	7.37757e+00	4.12837e+00	1.45604e+03	0.00000e+00
2.17360e+03	1.27877e+03	9.61070e+02	3.38401e+03	7.37164e+00	4.12382e+00	1.34133e+03	0.00000e+00
2.20237e+03	1.29451e+03	9.52301e+02	3.38321e+03	7.36569e+00	4.11927e+00	1.23832e+03	0.00000e+00
2.23092e+03	1.31019e+03	9.43531e+02	3.38242e+03	7.35973e+00	4.11473e+00	1.14567e+03	0.00000e+00
2.25925e+03	1.32580e+03	9.34762e+02	3.38161e+03	7.35377e+00	4.11019e+00	1.06212e+03	0.00000e+00
2.28736e+03	1.34136e+03	9.25993e+02	3.38080e+03	7.34780e+00	4.10565e+00	9.86595e+02	0.00000e+00
2.31525e+03	1.35686e+03	9.17223e+02	3.37999e+03	7.34182e+00	4.10112e+00	9.18154e+02	0.00000e+00
2.34293e+03	1.37230e+03	9.08454e+02	3.37918e+03	7.33584e+00	4.09659e+00	8.55992e+02	0.00000e+00
2.37040e+03	1.38769e+03	8.99684e+02	3.37836e+03	7.32983e+00	4.09207e+00	7.99408e+02	0.00000e+00
2.39766e+03	1.40302e+03	8.90915e+02	3.37754e+03	7.32382e+00	4.08754e+00	7.47790e+02	0.00000e+00
2.42470e+03	1.41830e+03	8.82145e+02	3.37671e+03	7.31779e+00	4.08302e+00	7.00607e+02	0.00000e+00
2.45154e+03	1.43353e+03	8.73376e+02	3.37588e+03	7.31176e+00	4.07850e+00	6.57391e+02	0.00000e+00
2.47816e+03	1.44872e+03	8.64606e+02	3.37504e+03	7.30571e+00	4.07397e+00	6.17732e+02	0.00000e+00
2.50459e+03	1.46386e+03	8.55837e+02	3.37420e+03	7.29964e+00	4.06945e+00	5.81270e+02	0.00000e+00
2.53080e+03	1.47896e+03	8.47068e+02	3.37336e+03	7.29357e+00	4.06493e+00	5.47687e+02	0.00000e+00
2.55682e+03	1.49401e+03	8.38298e+02	3.37251e+03	7.28746e+00	4.06040e+00	5.16701e+02	0.00000e+00
2.58263e+03	1.50903e+03	8.29529e+02	3.37165e+03	7.28134e+00	4.05587e+00	4.88063e+02	0.00000e+00
2.60824e+03	1.52401e+03	8.20759e+02	3.37079e+03	7.27519e+00	4.05134e+00	4.61552e+02	0.00000e+00
2.63366e+03	1.53896e+03	8.11990e+02	3.36992e+03	7.26904e+00	4.04681e+00	4.36972e+02	0.00000e+00
2.65888e+03	1.55388e+03	8.03220e+02	3.36904e+03	7.26284e+00	4.04226e+00	4.14145e+02	0.00000e+00
2.68391e+03	1.56878e+03	7.94451e+02	3.36816e+03	7.25664e+00	4.03772e+00	3.92916e+02	0.00000e+00
2.70875e+03	1.58365e+03	7.85682e+02	3.36727e+03	7.25040e+00	4.03317e+00	3.73144e+02	0.00000e+00
2.73340e+03	1.59849e+03	7.76912e+02	3.36638e+03	7.24413e+00	4.02860e+00	3.54703e+02	0.00000e+00
2.75786e+03	1.61332e+03	7.68143e+02	3.36548e+03	7.23783e+00	4.02403e+00	3.37479e+02	0.00000e+00
2.78214e+03	1.62814e+03	7.59373e+02	3.36457e+03	7.23149e+00	4.01944e+00	3.21371e+02	0.00000e+00
2.80624e+03	1.64294e+03	7.50604e+02	3.36365e+03	7.22513e+00	4.01485e+00	3.06286e+02	0.00000e+00
2.83016e+03	1.65774e+03	7.41834e+02	3.36272e+03	7.21872e+00	4.01023e+00	2.92142e+02	0.00000e+00
2.85390e+03	1.67254e+03	7.33065e+02	3.36178e+03	7.21227e+00	4.00561e+00	2.78862e+02	0.00000e+00
2.87747e+03	1.68734e+03	7.24296e+02	3.36084e+03	7.20580e+00	4.00097e+00	2.66380e+02	0.00000e+00
2.90087e+03	1.70214e+03	7.15526e+02	3.35989e+03	7.19926e+00	3.99631e+00	2.54634e+02	0.00000e+00
2.92410e+03	1.71695e+03	7.06757e+02	3.35892e+03	7.19268e+00	3.99163e+00	2.43566e+02	0.00000e+00
2.94717e+03	1.73178e+03	6.97987e+02	3.35794e+03	7.18604e+00	3.98693e+00	2.33126e+02	0.00000e+00
2.97008e+03	1.74663e+03	6.89218e+02	3.35695e+03	7.17935e+00	3.98220e+00	2.23268e+02	0.00000e+00
2.99283e+03	1.76150e+03	6.80448e+02	3.35595e+03	7.17261e+00	3.97745e+00	2.13948e+02	0.00000e+00
3.01543e+03	1.77641e+03	6.71679e+02	3.35494e+03	7.16580e+00	3.97267e+00	2.05128e+02	0.00000e+00
3.03788e+03	1.79135e+03	6.62909e+02	3.35392e+03	7.15893e+00	3.96786e+00	1.96773e+02	0.00000e+00
3.06019e+03	1.80633e+03	6.54140e+02	3.35288e+03	7.15198e+00	3.96302e+00	1.88849e+02	0.00000e+00
3.08236e+03	1.82137e+03	6.45371e+02	3.35183e+03	7.14495e+00	3.95814e+00	1.81326e+02	0.00000e+00
3.10439e+03	1.83646e+03	6.36601e+02	3.35076e+03	7.13786e+00	3.95323e+00	1.74178e+02	0.00000e+00
3.12629e+03	1.85161e+03	6.27832e+02	3.34967e+03	7.13068e+00	3.94827e+00	1.67378e+02	0.00000e+00
3.14807e+03	1.86684e+03	6.19062e+02	3.34857e+03	7.12340e+00	3.94327e+00	1.60903e+02	0.00000e+00
3.16972e+03	1.88215e+03	6.10293e+02	3.34745e+03	7.11603e+00	3.93823e+00	1.54733e+02	0.00000e+00
3.19127e+03	1.89754e+03	6.01523e+02	3.34631e+03	7.10857e+00	3.93313e+00	1.48847e+02	0.00000e+00
3.21270e+03	1.91304e+03	5.92754e+02	3.34515e+03	7.10100e+00	3.92798e+00	1.43226e+02	0.00000e+00
3.23403e+03	1.92864e+03	5.83985e+02	3.34397e+03	7.09331e+00	3.92278e+00	1.37855e+02	0.00000e+00
3.23403e+03	1.92864e+03	5.83985e+02	8.00000e+03	5.94553e+00	3.22041e+00	1.00000e+04	0.00000e+00
3.61000e+03	1.93078e+03	5.19097e+02	8.01287e+03	5.94075e+00	3.21782e+00	1.00000e+04	0.00000e+00
3.83081e+03	1.93292e+03	4.54210e+02	8.02489e+03	5.96648e+00	3.22994e+00	1.00000e+04	0.00000e+00
3.85864e+03	1.93507e+03	3.89323e+02	8.03676e+03	5.97971e+00	3.23606e+00	1.00000e+04	0.00000e+00
3.62882e+03	1.93721e+03	3.24436e+02	8.04940e+03	5.97723e+00	3.23459e+00	1.00000e+04	0.00000e+00
3.02024e+03	1.93935e+03	2.59549e+02	8.06470e+03	5.95323e+00	3.22269e+00	1.00000e+04	0.00000e+00
1.77625e+03	1.94149e+03	1.94662e+02	8.09124e+03	5.89475e+00	3.19393e+00	1.00000e+04	0.00000e+00
-7.58278e+02	1.94364e+03	1.29774e+02	8.02652e+03	5.81722e+00	3.15808e+00	1.00000e+04	0.00000e+00
-6.77840e+03	1.94578e+03	6.48872e+01	8.01874e+03	5.60800e+00	3.05794e+00	1.00000e+04	0.00000e+00
-3.13657e+04	1.94792e+03	0.00000e+00	8.01665e+03	5.06957e+00	2.80206e+00	1.00000e+04	0.00000e+00
