P (MPa)		T (K)		r (km)		rho (kg m-3)	VP (km s-1)	VS (km s-1)	QS/gamma	KS (GPa)	GS (GPa)	k for 0.01 mol/kg MgSO4 (S m-1)	
0.00000e+00	1.10000e+02	1.56100e+03	9.31840e+02	3.87940e+00	1.96225e+00	3.05824e+04	9.24000e+00	3.58800e+00	0.00000e+00
1.92696e+00	1.46732e+02	1.55943e+03	9.31840e+02	3.88440e+00	1.96508e+00	1.99334e+03	9.24635e+00	3.59214e+00	0.00000e+00
3.85392e+00	1.95729e+02	1.55785e+03	9.31810e+02	3.89367e+00	1.97007e+00	2.57368e+02	9.25268e+00	3.59626e+00	0.00000e+00
5.78089e+00	2.61087e+02	1.55628e+03	9.31749e+02	3.91100e+00	1.97914e+00	5.54729e+01	9.25899e+00	3.60038e+00	0.00000e+00
7.70785e+00	2.61097e+02	1.55472e+03	9.31653e+02	3.91219e+00	1.98005e+00	5.54630e+01	9.26528e+00	3.60450e+00	0.00000e+00
9.63481e+00	2.61107e+02	1.55315e+03	9.31518e+02	3.91338e+00	1.98095e+00	5.54527e+01	9.27155e+00	3.60860e+00	0.00000e+00
1.15618e+01	2.61119e+02	1.55158e+03	9.31338e+02	3.91456e+00	1.98185e+00	5.54419e+01	9.27781e+00	3.61270e+00	0.00000e+00
1.34887e+01	2.61130e+02	1.55002e+03	9.31106e+02	3.91574e+00	1.98275e+00	5.54306e+01	9.28404e+00	3.61679e+00	0.00000e+00
1.54157e+01	2.61142e+02	1.54846e+03	9.30815e+02	3.91692e+00	1.98364e+00	5.54187e+01	9.29025e+00	3.62088e+00	0.00000e+00
1.73427e+01	2.61155e+02	1.54690e+03	9.30457e+02	3.91808e+00	1.98453e+00	5.54063e+01	9.29645e+00	3.62495e+00	0.00000e+00
1.92696e+01	2.61168e+02	1.54533e+03	9.30023e+02	3.91925e+00	1.98542e+00	5.53933e+01	9.30262e+00	3.62902e+00	0.00000e+00
2.11966e+01	2.61182e+02	1.54378e+03	9.29504e+02	3.92041e+00	1.98631e+00	5.53796e+01	9.30878e+00	3.63308e+00	0.00000e+00
2.31235e+01	2.61197e+02	1.54222e+03	9.28890e+02	3.92157e+00	1.98719e+00	5.53653e+01	9.31492e+00	3.63713e+00	0.00000e+00
2.50505e+01	2.61213e+02	1.54066e+03	9.28172e+02	3.92272e+00	1.98807e+00	5.53503e+01	9.32104e+00	3.64118e+00	0.00000e+00
2.69775e+01	2.61229e+02	1.53910e+03	9.27340e+02	3.92386e+00	1.98895e+00	5.53347e+01	9.32713e+00	3.64522e+00	0.00000e+00
2.89044e+01	2.61246e+02	1.53754e+03	9.26389e+02	3.92501e+00	1.98983e+00	5.53182e+01	9.33321e+00	3.64925e+00	0.00000e+00
3.08314e+01	2.61263e+02	1.53599e+03	9.25313e+02	3.92615e+00	1.99070e+00	5.53010e+01	9.33927e+00	3.65328e+00	0.00000e+00
3.27584e+01	2.61282e+02	1.53443e+03	9.24114e+02	3.92728e+00	1.99157e+00	5.52829e+01	9.34531e+00	3.65729e+00	0.00000e+00
3.46853e+01	2.61301e+02	1.53287e+03	9.22798e+02	3.92841e+00	1.99244e+00	5.52640e+01	9.35133e+00	3.66130e+00	0.00000e+00
3.66123e+01	2.69800e+02	1.53132e+03	9.21378e+02	3.93191e+00	1.99451e+00	4.78215e+01	9.35734e+00	3.66530e+00	0.00000e+00
3.75077e+01	2.69808e+02	1.53072e+03	1.12367e+03	1.59748e+00	0.00000e+00	0.00000e+00	2.86756e+00	0.00000e+00	7.50328e-02
3.84031e+01	2.69817e+02	1.53013e+03	1.12403e+03	1.59923e+00	0.00000e+00	0.00000e+00	2.87475e+00	0.00000e+00	7.51278e-02
3.92985e+01	2.69825e+02	1.52954e+03	1.12438e+03	1.60098e+00	0.00000e+00	0.00000e+00	2.88195e+00	0.00000e+00	7.52226e-02
4.01939e+01	2.69834e+02	1.52894e+03	1.12472e+03	1.60273e+00	0.00000e+00	0.00000e+00	2.88914e+00	0.00000e+00	7.53172e-02
4.10892e+01	2.69843e+02	1.52835e+03	1.12507e+03	1.60448e+00	0.00000e+00	0.00000e+00	2.89635e+00	0.00000e+00	7.54115e-02
4.19846e+01	2.69852e+02	1.52776e+03	1.12542e+03	1.60623e+00	0.00000e+00	0.00000e+00	2.90355e+00	0.00000e+00	7.55056e-02
4.28800e+01	2.69861e+02	1.52717e+03	1.12577e+03	1.60798e+00	0.00000e+00	0.00000e+00	2.91077e+00	0.00000e+00	7.55995e-02
4.37754e+01	2.69869e+02	1.52658e+03	1.12611e+03	1.60972e+00	0.00000e+00	0.00000e+00	2.91798e+00	0.00000e+00	7.56932e-02
4.46708e+01	2.69879e+02	1.52599e+03	1.12646e+03	1.61146e+00	0.00000e+00	0.00000e+00	2.92520e+00	0.00000e+00	7.57866e-02
4.55662e+01	2.69888e+02	1.52540e+03	1.12680e+03	1.61321e+00	0.00000e+00	0.00000e+00	2.93243e+00	0.00000e+00	7.58798e-02
4.64616e+01	2.69897e+02	1.52481e+03	1.12715e+03	1.61495e+00	0.00000e+00	0.00000e+00	2.93966e+00	0.00000e+00	7.59727e-02
4.73570e+01	2.69906e+02	1.52422e+03	1.12749e+03	1.61669e+00	0.00000e+00	0.00000e+00	2.94689e+00	0.00000e+00	7.60655e-02
4.82524e+01	2.69916e+02	1.52363e+03	1.12783e+03	1.61843e+00	0.00000e+00	0.00000e+00	2.95413e+00	0.00000e+00	7.61580e-02
4.91478e+01	2.69925e+02	1.52304e+03	1.12817e+03	1.62016e+00	0.00000e+00	0.00000e+00	2.96137e+00	0.00000e+00	7.62503e-02
5.00432e+01	2.69935e+02	1.52245e+03	1.12851e+03	1.62190e+00	0.00000e+00	0.00000e+00	2.96861e+00	0.00000e+00	7.63423e-02
5.09386e+01	2.69944e+02	1.52186e+03	1.12885e+03	1.62363e+00	0.00000e+00	0.00000e+00	2.97586e+00	0.00000e+00	7.64342e-02
5.18340e+01	2.69954e+02	1.52128e+03	1.12919e+03	1.62536e+00	0.00000e+00	0.00000e+00	2.98311e+00	0.00000e+00	7.65258e-02
5.27294e+01	2.69964e+02	1.52069e+03	1.12953e+03	1.62709e+00	0.00000e+00	0.00000e+00	2.99036e+00	0.00000e+00	7.66172e-02
5.36248e+01	2.69974e+02	1.52010e+03	1.12987e+03	1.62882e+00	0.00000e+00	0.00000e+00	2.99762e+00	0.00000e+00	7.67083e-02
5.45201e+01	2.69983e+02	1.51952e+03	1.13021e+03	1.63055e+00	0.00000e+00	0.00000e+00	3.00488e+00	0.00000e+00	7.67992e-02
5.54155e+01	2.69993e+02	1.51893e+03	1.13054e+03	1.63228e+00	0.00000e+00	0.00000e+00	3.01214e+00	0.00000e+00	7.68899e-02
5.63109e+01	2.70003e+02	1.51835e+03	1.13088e+03	1.63400e+00	0.00000e+00	0.00000e+00	3.01941e+00	0.00000e+00	7.69804e-02
5.72063e+01	2.70014e+02	1.51776e+03	1.13121e+03	1.63573e+00	0.00000e+00	0.00000e+00	3.02667e+00	0.00000e+00	7.70706e-02
5.81017e+01	2.70024e+02	1.51718e+03	1.13155e+03	1.63745e+00	0.00000e+00	0.00000e+00	3.03394e+00	0.00000e+00	7.71606e-02
5.89971e+01	2.70034e+02	1.51659e+03	1.13188e+03	1.63917e+00	0.00000e+00	0.00000e+00	3.04122e+00	0.00000e+00	7.72504e-02
5.98925e+01	2.70044e+02	1.51601e+03	1.13221e+03	1.64088e+00	0.00000e+00	0.00000e+00	3.04849e+00	0.00000e+00	7.73400e-02
6.07879e+01	2.70055e+02	1.51542e+03	1.13255e+03	1.64260e+00	0.00000e+00	0.00000e+00	3.05577e+00	0.00000e+00	7.74293e-02
6.16833e+01	2.70065e+02	1.51484e+03	1.13288e+03	1.64432e+00	0.00000e+00	0.00000e+00	3.06305e+00	0.00000e+00	7.75184e-02
6.25787e+01	2.70076e+02	1.51426e+03	1.13321e+03	1.64603e+00	0.00000e+00	0.00000e+00	3.07033e+00	0.00000e+00	7.76073e-02
6.34741e+01	2.70087e+02	1.51367e+03	1.13354e+03	1.64774e+00	0.00000e+00	0.00000e+00	3.07761e+00	0.00000e+00	7.76960e-02
6.43695e+01	2.70097e+02	1.51309e+03	1.13387e+03	1.64945e+00	0.00000e+00	0.00000e+00	3.08490e+00	0.00000e+00	7.77844e-02
6.52649e+01	2.70108e+02	1.51251e+03	1.13420e+03	1.65116e+00	0.00000e+00	0.00000e+00	3.09219e+00	0.00000e+00	7.78726e-02
6.61603e+01	2.70119e+02	1.51193e+03	1.13452e+03	1.65287e+00	0.00000e+00	0.00000e+00	3.09948e+00	0.00000e+00	7.79606e-02
6.70557e+01	2.70130e+02	1.51135e+03	1.13485e+03	1.65457e+00	0.00000e+00	0.00000e+00	3.10677e+00	0.00000e+00	7.80484e-02
6.79511e+01	2.70141e+02	1.51077e+03	1.13518e+03	1.65627e+00	0.00000e+00	0.00000e+00	3.11407e+00	0.00000e+00	7.81359e-02
6.88464e+01	2.70152e+02	1.51019e+03	1.13550e+03	1.65798e+00	0.00000e+00	0.00000e+00	3.12137e+00	0.00000e+00	7.82232e-02
6.97418e+01	2.70163e+02	1.50961e+03	1.13583e+03	1.65968e+00	0.00000e+00	0.00000e+00	3.12867e+00	0.00000e+00	7.83103e-02
7.06372e+01	2.70174e+02	1.50903e+03	1.13615e+03	1.66137e+00	0.00000e+00	0.00000e+00	3.13597e+00	0.00000e+00	7.83972e-02
7.15326e+01	2.70185e+02	1.50845e+03	1.13648e+03	1.66307e+00	0.00000e+00	0.00000e+00	3.14328e+00	0.00000e+00	7.84838e-02
7.24280e+01	2.70197e+02	1.50787e+03	1.13680e+03	1.66477e+00	0.00000e+00	0.00000e+00	3.15058e+00	0.00000e+00	7.85702e-02
7.33234e+01	2.70208e+02	1.50729e+03	1.13712e+03	1.66646e+00	0.00000e+00	0.00000e+00	3.15789e+00	0.00000e+00	7.86564e-02
7.42188e+01	2.70219e+02	1.50672e+03	1.13745e+03	1.66815e+00	0.00000e+00	0.00000e+00	3.16520e+00	0.00000e+00	7.87424e-02
7.51142e+01	2.70231e+02	1.50614e+03	1.13777e+03	1.66984e+00	0.00000e+00	0.00000e+00	3.17251e+00	0.00000e+00	7.88281e-02
7.60096e+01	2.70242e+02	1.50556e+03	1.13809e+03	1.67153e+00	0.00000e+00	0.00000e+00	3.17983e+00	0.00000e+00	7.89136e-02
7.69050e+01	2.70254e+02	1.50498e+03	1.13841e+03	1.67322e+00	0.00000e+00	0.00000e+00	3.18715e+00	0.00000e+00	7.89989e-02
7.78004e+01	2.70266e+02	1.50441e+03	1.13873e+03	1.67490e+00	0.00000e+00	0.00000e+00	3.19446e+00	0.00000e+00	7.90840e-02
7.86958e+01	2.70277e+02	1.50383e+03	1.13905e+03	1.67658e+00	0.00000e+00	0.00000e+00	3.20178e+00	0.00000e+00	7.91689e-02
7.95912e+01	2.70289e+02	1.50326e+03	1.13936e+03	1.67827e+00	0.00000e+00	0.00000e+00	3.20910e+00	0.00000e+00	7.92535e-02
8.04866e+01	2.70301e+02	1.50268e+03	1.13968e+03	1.67995e+00	0.00000e+00	0.00000e+00	3.21643e+00	0.00000e+00	7.93379e-02
8.13820e+01	2.70313e+02	1.50210e+03	1.14000e+03	1.68162e+00	0.00000e+00	0.00000e+00	3.22375e+00	0.00000e+00	7.94221e-02
8.22773e+01	2.70325e+02	1.50153e+03	1.14031e+03	1.68330e+00	0.00000e+00	0.00000e+00	3.23108e+00	0.00000e+00	7.95061e-02
8.31727e+01	2.70337e+02	1.50096e+03	1.14063e+03	1.68497e+00	0.00000e+00	0.00000e+00	3.23841e+00	0.00000e+00	7.95898e-02
8.40681e+01	2.70349e+02	1.50038e+03	1.14094e+03	1.68665e+00	0.00000e+00	0.00000e+00	3.24574e+00	0.00000e+00	7.96734e-02
8.49635e+01	2.70361e+02	1.49981e+03	1.14126e+03	1.68832e+00	0.00000e+00	0.00000e+00	3.25307e+00	0.00000e+00	7.97567e-02
8.58589e+01	2.70373e+02	1.49924e+03	1.14157e+03	1.68999e+00	0.00000e+00	0.00000e+00	3.26040e+00	0.00000e+00	7.98398e-02
8.67543e+01	2.70385e+02	1.49866e+03	1.14189e+03	1.69165e+00	0.00000e+00	0.00000e+00	3.26773e+00	0.00000e+00	7.99226e-02
8.76497e+01	2.70398e+02	1.49809e+03	1.14220e+03	1.69332e+00	0.00000e+00	0.00000e+00	3.27506e+00	0.00000e+00	8.00053e-02
8.85451e+01	2.70410e+02	1.49752e+03	1.14251e+03	1.69498e+00	0.00000e+00	0.00000e+00	3.28240e+00	0.00000e+00	8.00877e-02
8.94405e+01	2.70422e+02	1.49695e+03	1.14282e+03	1.69664e+00	0.00000e+00	0.00000e+00	3.28973e+00	0.00000e+00	8.01699e-02
9.03359e+01	2.70435e+02	1.49638e+03	1.14313e+03	1.69830e+00	0.00000e+00	0.00000e+00	3.29707e+00	0.00000e+00	8.02519e-02
9.12313e+01	2.70447e+02	1.49580e+03	1.14344e+03	1.69996e+00	0.00000e+00	0.00000e+00	3.30440e+00	0.00000e+00	8.03337e-02
9.21267e+01	2.70460e+02	1.49523e+03	1.14375e+03	1.70162e+00	0.00000e+00	0.00000e+00	3.31174e+00	0.00000e+00	8.04153e-02
9.30221e+01	2.70473e+02	1.49466e+03	1.14406e+03	1.70327e+00	0.00000e+00	0.00000e+00	3.31907e+00	0.00000e+00	8.04967e-02
9.39175e+01	2.70485e+02	1.49409e+03	1.14437e+03	1.70492e+00	0.00000e+00	0.00000e+00	3.32641e+00	0.00000e+00	8.05778e-02
9.48129e+01	2.70498e+02	1.49352e+03	1.14468e+03	1.70657e+00	0.00000e+00	0.00000e+00	3.33375e+00	0.00000e+00	8.06587e-02
9.57082e+01	2.70511e+02	1.49296e+03	1.14498e+03	1.70822e+00	0.00000e+00	0.00000e+00	3.34108e+00	0.00000e+00	8.07394e-02
9.66036e+01	2.70524e+02	1.49239e+03	1.14529e+03	1.70987e+00	0.00000e+00	0.00000e+00	3.34842e+00	0.00000e+00	8.08199e-02
9.74990e+01	2.70537e+02	1.49182e+03	1.14560e+03	1.71151e+00	0.00000e+00	0.00000e+00	3.35576e+00	0.00000e+00	8.09002e-02
9.83944e+01	2.70549e+02	1.49125e+03	1.14590e+03	1.71315e+00	0.00000e+00	0.00000e+00	3.36309e+00	0.00000e+00	8.09803e-02
9.92898e+01	2.70562e+02	1.49068e+03	1.14621e+03	1.71479e+00	0.00000e+00	0.00000e+00	3.37043e+00	0.00000e+00	8.10601e-02
1.00185e+02	2.70575e+02	1.49011e+03	1.14651e+03	1.71643e+00	0.00000e+00	0.00000e+00	3.37776e+00	0.00000e+00	8.11397e-02
1.01081e+02	2.70589e+02	1.48955e+03	1.14681e+03	1.71806e+00	0.00000e+00	0.00000e+00	3.38509e+00	0.00000e+00	8.12192e-02
1.01976e+02	2.70602e+02	1.48898e+03	1.14712e+03	1.71970e+00	0.00000e+00	0.00000e+00	3.39243e+00	0.00000e+00	8.12984e-02
1.02871e+02	2.70615e+02	1.48842e+03	1.14742e+03	1.72133e+00	0.00000e+00	0.00000e+00	3.39976e+00	0.00000e+00	8.13774e-02
1.03767e+02	2.70628e+02	1.48785e+03	1.14772e+03	1.72295e+00	0.00000e+00	0.00000e+00	3.40709e+00	0.00000e+00	8.14562e-02
1.04662e+02	2.70641e+02	1.48728e+03	1.14802e+03	1.72458e+00	0.00000e+00	0.00000e+00	3.41442e+00	0.00000e+00	8.15348e-02
1.05558e+02	2.70655e+02	1.48672e+03	1.14832e+03	1.72620e+00	0.00000e+00	0.00000e+00	3.42175e+00	0.00000e+00	8.16132e-02
1.06453e+02	2.70668e+02	1.48615e+03	1.14862e+03	1.72783e+00	0.00000e+00	0.00000e+00	3.42908e+00	0.00000e+00	8.16913e-02
1.07348e+02	2.70681e+02	1.48559e+03	1.14892e+03	1.72945e+00	0.00000e+00	0.00000e+00	3.43640e+00	0.00000e+00	8.17693e-02
1.08244e+02	2.70695e+02	1.48502e+03	1.14922e+03	1.73106e+00	0.00000e+00	0.00000e+00	3.44373e+00	0.00000e+00	8.18470e-02
1.09139e+02	2.70708e+02	1.48446e+03	1.14952e+03	1.73268e+00	0.00000e+00	0.00000e+00	3.45105e+00	0.00000e+00	8.19246e-02
1.10035e+02	2.70722e+02	1.48390e+03	1.14982e+03	1.73429e+00	0.00000e+00	0.00000e+00	3.45837e+00	0.00000e+00	8.20019e-02
1.10930e+02	2.70735e+02	1.48333e+03	1.15011e+03	1.73590e+00	0.00000e+00	0.00000e+00	3.46570e+00	0.00000e+00	8.20790e-02
1.11825e+02	2.70749e+02	1.48277e+03	1.15041e+03	1.73751e+00	0.00000e+00	0.00000e+00	3.47302e+00	0.00000e+00	8.21560e-02
1.12721e+02	2.70763e+02	1.48221e+03	1.15071e+03	1.73911e+00	0.00000e+00	0.00000e+00	3.48033e+00	0.00000e+00	8.22327e-02
1.13616e+02	2.70777e+02	1.48165e+03	1.15100e+03	1.74072e+00	0.00000e+00	0.00000e+00	3.48765e+00	0.00000e+00	8.23092e-02
1.14512e+02	2.70790e+02	1.48109e+03	1.15130e+03	1.74232e+00	0.00000e+00	0.00000e+00	3.49497e+00	0.00000e+00	8.23855e-02
1.15407e+02	2.70804e+02	1.48052e+03	1.15159e+03	1.74392e+00	0.00000e+00	0.00000e+00	3.50228e+00	0.00000e+00	8.24616e-02
1.16302e+02	2.70818e+02	1.47996e+03	1.15189e+03	1.74552e+00	0.00000e+00	0.00000e+00	3.50960e+00	0.00000e+00	8.25375e-02
1.17198e+02	2.70832e+02	1.47940e+03	1.15218e+03	1.74711e+00	0.00000e+00	0.00000e+00	3.51691e+00	0.00000e+00	8.26132e-02
1.18093e+02	2.70846e+02	1.47884e+03	1.15247e+03	1.74870e+00	0.00000e+00	0.00000e+00	3.52422e+00	0.00000e+00	8.26887e-02
1.18988e+02	2.70860e+02	1.47828e+03	1.15276e+03	1.75029e+00	0.00000e+00	0.00000e+00	3.53153e+00	0.00000e+00	8.27641e-02
1.19884e+02	2.70874e+02	1.47772e+03	1.15306e+03	1.75188e+00	0.00000e+00	0.00000e+00	3.53883e+00	0.00000e+00	8.28392e-02
1.20779e+02	2.70888e+02	1.47716e+03	1.15335e+03	1.75347e+00	0.00000e+00	0.00000e+00	3.54614e+00	0.00000e+00	8.29141e-02
1.21675e+02	2.70902e+02	1.47660e+03	1.15364e+03	1.75505e+00	0.00000e+00	0.00000e+00	3.55344e+00	0.00000e+00	8.29888e-02
1.22570e+02	2.70916e+02	1.47605e+03	1.15393e+03	1.75663e+00	0.00000e+00	0.00000e+00	3.56075e+00	0.00000e+00	8.30633e-02
1.23465e+02	2.70930e+02	1.47549e+03	1.15422e+03	1.75821e+00	0.00000e+00	0.00000e+00	3.56805e+00	0.00000e+00	8.31376e-02
1.24361e+02	2.70945e+02	1.47493e+03	1.15451e+03	1.75979e+00	0.00000e+00	0.00000e+00	3.57535e+00	0.00000e+00	8.32117e-02
1.25256e+02	2.70959e+02	1.47437e+03	1.15480e+03	1.76136e+00	0.00000e+00	0.00000e+00	3.58264e+00	0.00000e+00	8.32856e-02
1.26152e+02	2.70973e+02	1.47382e+03	1.15508e+03	1.76294e+00	0.00000e+00	0.00000e+00	3.58994e+00	0.00000e+00	8.33594e-02
1.27047e+02	2.70988e+02	1.47326e+03	1.15537e+03	1.76451e+00	0.00000e+00	0.00000e+00	3.59723e+00	0.00000e+00	8.34329e-02
1.27942e+02	2.71002e+02	1.47270e+03	1.15566e+03	1.76607e+00	0.00000e+00	0.00000e+00	3.60453e+00	0.00000e+00	8.35062e-02
1.28838e+02	2.71016e+02	1.47215e+03	1.15595e+03	1.76764e+00	0.00000e+00	0.00000e+00	3.61182e+00	0.00000e+00	8.35794e-02
1.29733e+02	2.71031e+02	1.47159e+03	1.15623e+03	1.76920e+00	0.00000e+00	0.00000e+00	3.61910e+00	0.00000e+00	8.36524e-02
1.30629e+02	2.71045e+02	1.47103e+03	1.15652e+03	1.77077e+00	0.00000e+00	0.00000e+00	3.62639e+00	0.00000e+00	8.37251e-02
1.31524e+02	2.71060e+02	1.47048e+03	1.15680e+03	1.77232e+00	0.00000e+00	0.00000e+00	3.63367e+00	0.00000e+00	8.37977e-02
1.32419e+02	2.71074e+02	1.46992e+03	1.15709e+03	1.77388e+00	0.00000e+00	0.00000e+00	3.64095e+00	0.00000e+00	8.38701e-02
1.33315e+02	2.71089e+02	1.46937e+03	1.15737e+03	1.77544e+00	0.00000e+00	0.00000e+00	3.64823e+00	0.00000e+00	8.39423e-02
1.34210e+02	2.71104e+02	1.46882e+03	1.15766e+03	1.77699e+00	0.00000e+00	0.00000e+00	3.65551e+00	0.00000e+00	8.40143e-02
1.35106e+02	2.71118e+02	1.46826e+03	1.15794e+03	1.77854e+00	0.00000e+00	0.00000e+00	3.66278e+00	0.00000e+00	8.40861e-02
1.36001e+02	2.71133e+02	1.46771e+03	1.15822e+03	1.78008e+00	0.00000e+00	0.00000e+00	3.67005e+00	0.00000e+00	8.41578e-02
1.36896e+02	2.71148e+02	1.46716e+03	1.15850e+03	1.78163e+00	0.00000e+00	0.00000e+00	3.67732e+00	0.00000e+00	8.42292e-02
1.37792e+02	2.71163e+02	1.46660e+03	1.15879e+03	1.78317e+00	0.00000e+00	0.00000e+00	3.68459e+00	0.00000e+00	8.43005e-02
1.38687e+02	2.71178e+02	1.46605e+03	1.15907e+03	1.78471e+00	0.00000e+00	0.00000e+00	3.69185e+00	0.00000e+00	8.43716e-02
1.39583e+02	2.71192e+02	1.46550e+03	1.15935e+03	1.78625e+00	0.00000e+00	0.00000e+00	3.69911e+00	0.00000e+00	8.44425e-02
1.40478e+02	2.71207e+02	1.46495e+03	1.15963e+03	1.78778e+00	0.00000e+00	0.00000e+00	3.70636e+00	0.00000e+00	8.45132e-02
1.41373e+02	2.71222e+02	1.46440e+03	1.15991e+03	1.78931e+00	0.00000e+00	0.00000e+00	3.71361e+00	0.00000e+00	8.45838e-02
1.42269e+02	2.71237e+02	1.46384e+03	1.16019e+03	1.79084e+00	0.00000e+00	0.00000e+00	3.72086e+00	0.00000e+00	8.46541e-02
1.43164e+02	2.71252e+02	1.46329e+03	1.16047e+03	1.79237e+00	0.00000e+00	0.00000e+00	3.72811e+00	0.00000e+00	8.47243e-02
1.44059e+02	2.71267e+02	1.46274e+03	1.16074e+03	1.79390e+00	0.00000e+00	0.00000e+00	3.73535e+00	0.00000e+00	8.47943e-02
1.44955e+02	2.71282e+02	1.46219e+03	1.16102e+03	1.79542e+00	0.00000e+00	0.00000e+00	3.74258e+00	0.00000e+00	8.48642e-02
1.45850e+02	2.71297e+02	1.46164e+03	1.16130e+03	1.79694e+00	0.00000e+00	0.00000e+00	3.74981e+00	0.00000e+00	8.49338e-02
1.46746e+02	2.71313e+02	1.46109e+03	1.16158e+03	1.79845e+00	0.00000e+00	0.00000e+00	3.75704e+00	0.00000e+00	8.50033e-02
1.47641e+02	2.71328e+02	1.46055e+03	1.16185e+03	1.79997e+00	0.00000e+00	0.00000e+00	3.76426e+00	0.00000e+00	8.50726e-02
1.48536e+02	2.71343e+02	1.46000e+03	1.16213e+03	1.80148e+00	0.00000e+00	0.00000e+00	3.77148e+00	0.00000e+00	8.51418e-02
1.49432e+02	2.71358e+02	1.45945e+03	1.16240e+03	1.80299e+00	0.00000e+00	0.00000e+00	3.77869e+00	0.00000e+00	8.52107e-02
1.50327e+02	2.71374e+02	1.45890e+03	1.16268e+03	1.80449e+00	0.00000e+00	0.00000e+00	3.78590e+00	0.00000e+00	8.52795e-02
1.51223e+02	2.71389e+02	1.45835e+03	1.16295e+03	1.80599e+00	0.00000e+00	0.00000e+00	3.79311e+00	0.00000e+00	8.53481e-02
1.52118e+02	2.71404e+02	1.45781e+03	1.16323e+03	1.80749e+00	0.00000e+00	0.00000e+00	3.80030e+00	0.00000e+00	8.54166e-02
1.53013e+02	2.71420e+02	1.45726e+03	1.16350e+03	1.80899e+00	0.00000e+00	0.00000e+00	3.80750e+00	0.00000e+00	8.54849e-02
1.53909e+02	2.71435e+02	1.45671e+03	1.16377e+03	1.81048e+00	0.00000e+00	0.00000e+00	3.81468e+00	0.00000e+00	8.55530e-02
1.54804e+02	2.71450e+02	1.45616e+03	1.16405e+03	1.81198e+00	0.00000e+00	0.00000e+00	3.82187e+00	0.00000e+00	8.56210e-02
1.55700e+02	2.71466e+02	1.45562e+03	1.16432e+03	1.81346e+00	0.00000e+00	0.00000e+00	3.82905e+00	0.00000e+00	8.56888e-02
1.56595e+02	2.71481e+02	1.45507e+03	1.16459e+03	1.81495e+00	0.00000e+00	0.00000e+00	3.83622e+00	0.00000e+00	8.57564e-02
1.57490e+02	2.71497e+02	1.45453e+03	1.16486e+03	1.81643e+00	0.00000e+00	0.00000e+00	3.84339e+00	0.00000e+00	8.58238e-02
1.58386e+02	2.71513e+02	1.45398e+03	1.16513e+03	1.81791e+00	0.00000e+00	0.00000e+00	3.85055e+00	0.00000e+00	8.58912e-02
1.59281e+02	2.71528e+02	1.45344e+03	1.16540e+03	1.81939e+00	0.00000e+00	0.00000e+00	3.85771e+00	0.00000e+00	8.59583e-02
1.60177e+02	2.71544e+02	1.45289e+03	1.16568e+03	1.82087e+00	0.00000e+00	0.00000e+00	3.86486e+00	0.00000e+00	8.60253e-02
1.61072e+02	2.71559e+02	1.45235e+03	1.16594e+03	1.82234e+00	0.00000e+00	0.00000e+00	3.87201e+00	0.00000e+00	8.60921e-02
1.61967e+02	2.71575e+02	1.45181e+03	1.16621e+03	1.82381e+00	0.00000e+00	0.00000e+00	3.87915e+00	0.00000e+00	8.61588e-02
1.62863e+02	2.71591e+02	1.45126e+03	1.16648e+03	1.82528e+00	0.00000e+00	0.00000e+00	3.88629e+00	0.00000e+00	8.62253e-02
1.63758e+02	2.71607e+02	1.45072e+03	1.16675e+03	1.82674e+00	0.00000e+00	0.00000e+00	3.89342e+00	0.00000e+00	8.62917e-02
1.64654e+02	2.71622e+02	1.45018e+03	1.16702e+03	1.82820e+00	0.00000e+00	0.00000e+00	3.90055e+00	0.00000e+00	8.63579e-02
1.65549e+02	2.71638e+02	1.44963e+03	1.16729e+03	1.82966e+00	0.00000e+00	0.00000e+00	3.90768e+00	0.00000e+00	8.64239e-02
1.66444e+02	2.71654e+02	1.44909e+03	1.16755e+03	1.83112e+00	0.00000e+00	0.00000e+00	3.91480e+00	0.00000e+00	8.64898e-02
1.67340e+02	2.71670e+02	1.44855e+03	1.16782e+03	1.83257e+00	0.00000e+00	0.00000e+00	3.92191e+00	0.00000e+00	8.65556e-02
1.68235e+02	2.71686e+02	1.44801e+03	1.16809e+03	1.83402e+00	0.00000e+00	0.00000e+00	3.92903e+00	0.00000e+00	8.66212e-02
1.69131e+02	2.71702e+02	1.44747e+03	1.16835e+03	1.83547e+00	0.00000e+00	0.00000e+00	3.93613e+00	0.00000e+00	8.66867e-02
1.70026e+02	2.71718e+02	1.44693e+03	1.16862e+03	1.83692e+00	0.00000e+00	0.00000e+00	3.94324e+00	0.00000e+00	8.67520e-02
1.70921e+02	2.71734e+02	1.44639e+03	1.16888e+03	1.83836e+00	0.00000e+00	0.00000e+00	3.95033e+00	0.00000e+00	8.68171e-02
1.71817e+02	2.71750e+02	1.44585e+03	1.16915e+03	1.83980e+00	0.00000e+00	0.00000e+00	3.95743e+00	0.00000e+00	8.68822e-02
1.72712e+02	2.71766e+02	1.44531e+03	1.16941e+03	1.84124e+00	0.00000e+00	0.00000e+00	3.96452e+00	0.00000e+00	8.69471e-02
1.73607e+02	2.71782e+02	1.44477e+03	1.16968e+03	1.84268e+00	0.00000e+00	0.00000e+00	3.97160e+00	0.00000e+00	8.70118e-02
1.74503e+02	2.71798e+02	1.44423e+03	1.16994e+03	1.84412e+00	0.00000e+00	0.00000e+00	3.97868e+00	0.00000e+00	8.70764e-02
1.75398e+02	2.71814e+02	1.44369e+03	1.17020e+03	1.84555e+00	0.00000e+00	0.00000e+00	3.98576e+00	0.00000e+00	8.71409e-02
1.76294e+02	2.71830e+02	1.44315e+03	1.17046e+03	1.84698e+00	0.00000e+00	0.00000e+00	3.99283e+00	0.00000e+00	8.72052e-02
1.77189e+02	2.71846e+02	1.44261e+03	1.17073e+03	1.84840e+00	0.00000e+00	0.00000e+00	3.99990e+00	0.00000e+00	8.72694e-02
1.78084e+02	2.71862e+02	1.44207e+03	1.17099e+03	1.84983e+00	0.00000e+00	0.00000e+00	4.00696e+00	0.00000e+00	8.73335e-02
1.78980e+02	2.71879e+02	1.44154e+03	1.17125e+03	1.85125e+00	0.00000e+00	0.00000e+00	4.01402e+00	0.00000e+00	8.73974e-02
1.79875e+02	2.71895e+02	1.44100e+03	1.17151e+03	1.85267e+00	0.00000e+00	0.00000e+00	4.02108e+00	0.00000e+00	8.74612e-02
1.80771e+02	2.71911e+02	1.44046e+03	1.17177e+03	1.85409e+00	0.00000e+00	0.00000e+00	4.02813e+00	0.00000e+00	8.75249e-02
1.81666e+02	2.71928e+02	1.43993e+03	1.17203e+03	1.85550e+00	0.00000e+00	0.00000e+00	4.03517e+00	0.00000e+00	8.75884e-02
1.82561e+02	2.71944e+02	1.43939e+03	1.17229e+03	1.85691e+00	0.00000e+00	0.00000e+00	4.04221e+00	0.00000e+00	8.76518e-02
1.83457e+02	2.71960e+02	1.43885e+03	1.17255e+03	1.85832e+00	0.00000e+00	0.00000e+00	4.04925e+00	0.00000e+00	8.77151e-02
1.84352e+02	2.71977e+02	1.43832e+03	1.17281e+03	1.85973e+00	0.00000e+00	0.00000e+00	4.05628e+00	0.00000e+00	8.77783e-02
1.85248e+02	2.71993e+02	1.43778e+03	1.17307e+03	1.86114e+00	0.00000e+00	0.00000e+00	4.06331e+00	0.00000e+00	8.78413e-02
1.86143e+02	2.72009e+02	1.43725e+03	1.17333e+03	1.86254e+00	0.00000e+00	0.00000e+00	4.07033e+00	0.00000e+00	8.79042e-02
1.87038e+02	2.72026e+02	1.43671e+03	1.17358e+03	1.86394e+00	0.00000e+00	0.00000e+00	4.07735e+00	0.00000e+00	8.79670e-02
1.87934e+02	2.72042e+02	1.43618e+03	1.17384e+03	1.86534e+00	0.00000e+00	0.00000e+00	4.08436e+00	0.00000e+00	8.80297e-02
1.88829e+02	2.72059e+02	1.43564e+03	1.17410e+03	1.86673e+00	0.00000e+00	0.00000e+00	4.09137e+00	0.00000e+00	8.80922e-02
1.89725e+02	2.72075e+02	1.43511e+03	1.17436e+03	1.86812e+00	0.00000e+00	0.00000e+00	4.09837e+00	0.00000e+00	8.81547e-02
1.90620e+02	2.72092e+02	1.43458e+03	1.17461e+03	1.86952e+00	0.00000e+00	0.00000e+00	4.10537e+00	0.00000e+00	8.82170e-02
1.91515e+02	2.72109e+02	1.43404e+03	1.17487e+03	1.87090e+00	0.00000e+00	0.00000e+00	4.11237e+00	0.00000e+00	8.82792e-02
1.92411e+02	2.72125e+02	1.43351e+03	1.17512e+03	1.87229e+00	0.00000e+00	0.00000e+00	4.11936e+00	0.00000e+00	8.83413e-02
1.93306e+02	2.72142e+02	1.43298e+03	1.17538e+03	1.87367e+00	0.00000e+00	0.00000e+00	4.12634e+00	0.00000e+00	8.84033e-02
1.94202e+02	2.72158e+02	1.43245e+03	1.17563e+03	1.87505e+00	0.00000e+00	0.00000e+00	4.13332e+00	0.00000e+00	8.84652e-02
1.95097e+02	2.72175e+02	1.43191e+03	1.17589e+03	1.87643e+00	0.00000e+00	0.00000e+00	4.14030e+00	0.00000e+00	8.85270e-02
1.95992e+02	2.72192e+02	1.43138e+03	1.17614e+03	1.87781e+00	0.00000e+00	0.00000e+00	4.14728e+00	0.00000e+00	8.85886e-02
1.96888e+02	2.72209e+02	1.43085e+03	1.17640e+03	1.87918e+00	0.00000e+00	0.00000e+00	4.15424e+00	0.00000e+00	8.86502e-02
1.97783e+02	2.72225e+02	1.43032e+03	1.17665e+03	1.88056e+00	0.00000e+00	0.00000e+00	4.16121e+00	0.00000e+00	8.87116e-02
1.98678e+02	2.72242e+02	1.42979e+03	1.17690e+03	1.88193e+00	0.00000e+00	0.00000e+00	4.16817e+00	0.00000e+00	8.87730e-02
1.99574e+02	2.72259e+02	1.42926e+03	1.17715e+03	1.88329e+00	0.00000e+00	0.00000e+00	4.17513e+00	0.00000e+00	8.88343e-02
2.00469e+02	2.72276e+02	1.42873e+03	1.17741e+03	1.88466e+00	0.00000e+00	0.00000e+00	4.18208e+00	0.00000e+00	8.88954e-02
2.01365e+02	2.72293e+02	1.42820e+03	3.40557e+03	6.11976e+00	2.59078e+00	2.19125e+13	9.70652e+01	2.28586e+01	0.00000e+00
2.48272e+02	2.81612e+02	1.41861e+03	3.40557e+03	6.13933e+00	2.60286e+00	8.86203e+12	9.76545e+01	2.30860e+01	0.00000e+00
2.95180e+02	2.90862e+02	1.40902e+03	3.40755e+03	6.16535e+00	2.62150e+00	3.82351e+12	9.83656e+01	2.34328e+01	0.00000e+00
3.42115e+02	3.00041e+02	1.39943e+03	3.40972e+03	6.16952e+00	2.62513e+00	1.74848e+12	9.84712e+01	2.35016e+01	0.00000e+00
3.89080e+02	3.09150e+02	1.38983e+03	3.41032e+03	6.17099e+00	2.62415e+00	8.42657e+11	9.85715e+01	2.34876e+01	0.00000e+00
4.36053e+02	3.18188e+02	1.38024e+03	3.41083e+03	6.17262e+00	2.62327e+00	4.25839e+11	9.86712e+01	2.34742e+01	0.00000e+00
4.83033e+02	3.27155e+02	1.37065e+03	3.41118e+03	6.20884e+00	2.65708e+00	2.24672e+11	9.93575e+01	2.40769e+01	0.00000e+00
5.30018e+02	3.36051e+02	1.36106e+03	3.41012e+03	6.29039e+00	2.73526e+00	1.23279e+11	1.00838e+02	2.55005e+01	0.00000e+00
5.76988e+02	3.44877e+02	1.35147e+03	3.40753e+03	6.49559e+00	2.92784e+00	7.01087e+10	1.04550e+02	2.91847e+01	0.00000e+00
6.23923e+02	3.53631e+02	1.34188e+03	3.39910e+03	6.70402e+00	3.08982e+00	4.11975e+10	1.09024e+02	3.23164e+01	0.00000e+00
6.70741e+02	3.62315e+02	1.33228e+03	3.38416e+03	6.77533e+00	3.13481e+00	2.49430e+10	1.10802e+02	3.31958e+01	0.00000e+00
7.17354e+02	3.70926e+02	1.32269e+03	3.37784e+03	6.81002e+00	3.16183e+00	1.55202e+10	1.11479e+02	3.37244e+01	0.00000e+00
7.63880e+02	3.79467e+02	1.31310e+03	3.37338e+03	6.80958e+00	3.16486e+00	9.90600e+09	1.11370e+02	3.37882e+01	0.00000e+00
8.10344e+02	3.87936e+02	1.30351e+03	3.37330e+03	6.85906e+00	3.19621e+00	6.47351e+09	1.13011e+02	3.45435e+01	0.00000e+00
8.56807e+02	3.96333e+02	1.29392e+03	3.38079e+03	6.92829e+00	3.24174e+00	4.32432e+09	1.15163e+02	3.56065e+01	0.00000e+00
9.03374e+02	4.04658e+02	1.28433e+03	3.38822e+03	6.93064e+00	3.24151e+00	2.94872e+09	1.15279e+02	3.56007e+01	0.00000e+00
9.50042e+02	4.12911e+02	1.27474e+03	3.38816e+03	6.93058e+00	3.23875e+00	2.04956e+09	1.15426e+02	3.55614e+01	0.00000e+00
9.96710e+02	4.21092e+02	1.26514e+03	3.39019e+03	6.93101e+00	3.23646e+00	1.44995e+09	1.15569e+02	3.55285e+01	0.00000e+00
1.04341e+03	4.29200e+02	1.25555e+03	3.39185e+03	6.93232e+00	3.23502e+00	1.04285e+09	1.15707e+02	3.55071e+01	0.00000e+00
1.09012e+03	4.37236e+02	1.24596e+03	3.39283e+03	6.93481e+00	3.23465e+00	7.61719e+08	1.15838e+02	3.55002e+01	0.00000e+00
1.13686e+03	4.45200e+02	1.23637e+03	3.39294e+03	7.62287e+00	4.16624e+00	5.64470e+08	1.17502e+02	6.02998e+01	0.00000e+00
1.18359e+03	4.53090e+02	1.22678e+03	3.39275e+03	7.95674e+00	4.61630e+00	4.23995e+08	1.18350e+02	7.22734e+01	0.00000e+00
1.23032e+03	4.60908e+02	1.21719e+03	3.39149e+03	7.95593e+00	4.61305e+00	3.22548e+08	1.18506e+02	7.22108e+01	0.00000e+00
1.27704e+03	4.68652e+02	1.20759e+03	3.39333e+03	7.95588e+00	4.61054e+00	2.48316e+08	1.18656e+02	7.21617e+01	0.00000e+00
1.32377e+03	4.76323e+02	1.19800e+03	3.39471e+03	7.95624e+00	4.60845e+00	1.93338e+08	1.18803e+02	7.21211e+01	0.00000e+00
1.37053e+03	4.83920e+02	1.18841e+03	3.39588e+03	7.95886e+00	4.60876e+00	1.52142e+08	1.18922e+02	7.21249e+01	0.00000e+00
1.41731e+03	4.91443e+02	1.17882e+03	3.39560e+03	7.96071e+00	4.60803e+00	1.20932e+08	1.19062e+02	7.21075e+01	0.00000e+00
1.46408e+03	4.98893e+02	1.16923e+03	3.39585e+03	7.95820e+00	4.60290e+00	9.70379e+07	1.19251e+02	7.20137e+01	0.00000e+00
1.51085e+03	5.06268e+02	1.15964e+03	3.39901e+03	7.96214e+00	4.60443e+00	7.85663e+07	1.19366e+02	7.20407e+01	0.00000e+00
1.55767e+03	5.13568e+02	1.15004e+03	3.39803e+03	7.96389e+00	4.60400e+00	6.41570e+07	1.19488e+02	7.20332e+01	0.00000e+00
1.60447e+03	5.20794e+02	1.14045e+03	3.39831e+03	7.96683e+00	4.60430e+00	5.28131e+07	1.19625e+02	7.20366e+01	0.00000e+00
1.65128e+03	5.27945e+02	1.13086e+03	3.39802e+03	7.96580e+00	4.60077e+00	4.38090e+07	1.19796e+02	7.19739e+01	0.00000e+00
1.69808e+03	5.35021e+02	1.12127e+03	3.40028e+03	7.96860e+00	4.60111e+00	3.66051e+07	1.19927e+02	7.19810e+01	0.00000e+00
1.74492e+03	5.42021e+02	1.11168e+03	3.40011e+03	7.96902e+00	4.59884e+00	3.07994e+07	1.20095e+02	7.19399e+01	0.00000e+00
1.79175e+03	5.48946e+02	1.10209e+03	3.40152e+03	7.97178e+00	4.59898e+00	2.60858e+07	1.20237e+02	7.19428e+01	0.00000e+00
1.83860e+03	5.55795e+02	1.09249e+03	3.40146e+03	7.97236e+00	4.59685e+00	2.22335e+07	1.20406e+02	7.19057e+01	0.00000e+00
1.88545e+03	5.62567e+02	1.08290e+03	3.40284e+03	7.97417e+00	4.59606e+00	1.90641e+07	1.20559e+02	7.18939e+01	0.00000e+00
1.93232e+03	5.69263e+02	1.07331e+03	3.40346e+03	7.97495e+00	4.59434e+00	1.64409e+07	1.20721e+02	7.18689e+01	0.00000e+00
1.97920e+03	5.75882e+02	1.06372e+03	3.40482e+03	7.97736e+00	4.59423e+00	1.42567e+07	1.20868e+02	7.18718e+01	0.00000e+00
2.02610e+03	5.82424e+02	1.05413e+03	3.40513e+03	7.97730e+00	4.59103e+00	1.24280e+07	1.21067e+02	7.18130e+01	0.00000e+00
2.07300e+03	5.88888e+02	1.04454e+03	3.40708e+03	7.97795e+00	4.58879e+00	1.08885e+07	1.21250e+02	7.17746e+01	0.00000e+00
2.11993e+03	5.95275e+02	1.03495e+03	3.40859e+03	7.98125e+00	4.58966e+00	9.58612e+06	1.21386e+02	7.17981e+01	0.00000e+00
2.16688e+03	6.01583e+02	1.02535e+03	3.40841e+03	7.98374e+00	4.58949e+00	8.47886e+06	1.21542e+02	7.18006e+01	0.00000e+00
2.21382e+03	6.07813e+02	1.01576e+03	3.40878e+03	7.98467e+00	4.58762e+00	7.53289e+06	1.21723e+02	7.17728e+01	0.00000e+00
2.26078e+03	6.13964e+02	1.00617e+03	3.41024e+03	7.98685e+00	4.58704e+00	6.72116e+06	1.21890e+02	7.17692e+01	0.00000e+00
2.30775e+03	6.20035e+02	9.96579e+02	3.41094e+03	7.99252e+00	4.59039e+00	6.02175e+06	1.22004e+02	7.18410e+01	0.00000e+00
2.35473e+03	6.26027e+02	9.86988e+02	3.40937e+03	7.99389e+00	4.58889e+00	5.41660e+06	1.22186e+02	7.18207e+01	0.00000e+00
2.40169e+03	6.31938e+02	9.77396e+02	3.41063e+03	7.99465e+00	4.58660e+00	4.89081e+06	1.22385e+02	7.17853e+01	0.00000e+00
2.44867e+03	6.37769e+02	9.67804e+02	3.41236e+03	7.99694e+00	4.58612e+00	4.43244e+06	1.22555e+02	7.17854e+01	0.00000e+00
2.49567e+03	6.43519e+02	9.58213e+02	3.41307e+03	7.99926e+00	4.58562e+00	4.03146e+06	1.22730e+02	7.17859e+01	0.00000e+00
2.54268e+03	6.49187e+02	9.48621e+02	3.41383e+03	8.00138e+00	4.58483e+00	3.67942e+06	1.22913e+02	7.17806e+01	0.00000e+00
2.58970e+03	6.54773e+02	9.39030e+02	3.41476e+03	8.00350e+00	4.58398e+00	3.36937e+06	1.23099e+02	7.17743e+01	0.00000e+00
2.63674e+03	6.60277e+02	9.29438e+02	3.41573e+03	8.00486e+00	4.58241e+00	3.09544e+06	1.23294e+02	7.17569e+01	0.00000e+00
2.68378e+03	6.65698e+02	9.19846e+02	3.41725e+03	8.00782e+00	4.58253e+00	2.85272e+06	1.23469e+02	7.17710e+01	0.00000e+00
2.73085e+03	6.71034e+02	9.10255e+02	3.41774e+03	8.01073e+00	4.58269e+00	2.63707e+06	1.23642e+02	7.17884e+01	0.00000e+00
2.77793e+03	6.76287e+02	9.00663e+02	3.41832e+03	8.01379e+00	4.58292e+00	2.44491e+06	1.23819e+02	7.18066e+01	0.00000e+00
2.82501e+03	6.81455e+02	8.91072e+02	3.41884e+03	8.01651e+00	4.58268e+00	2.27327e+06	1.24006e+02	7.18150e+01	0.00000e+00
2.87210e+03	6.86537e+02	8.81480e+02	3.41960e+03	8.01931e+00	4.58247e+00	2.11959e+06	1.24195e+02	7.18245e+01	0.00000e+00
2.91920e+03	6.91533e+02	8.71889e+02	3.42036e+03	8.02129e+00	4.58165e+00	1.98168e+06	1.24388e+02	7.18273e+01	0.00000e+00
2.96631e+03	6.96442e+02	8.62297e+02	3.42173e+03	8.02506e+00	4.58272e+00	1.85765e+06	1.24559e+02	7.18654e+01	0.00000e+00
3.01344e+03	7.01263e+02	8.52705e+02	3.42195e+03	8.02746e+00	4.58183e+00	1.74592e+06	1.24769e+02	7.18613e+01	0.00000e+00
3.06058e+03	7.05996e+02	8.43114e+02	3.42308e+03	8.03105e+00	4.58284e+00	1.64504e+06	1.24940e+02	7.19024e+01	0.00000e+00
3.10772e+03	7.10640e+02	8.33522e+02	3.42353e+03	8.03396e+00	4.58274e+00	1.55383e+06	1.25136e+02	7.19175e+01	0.00000e+00
3.15488e+03	7.15194e+02	8.23931e+02	3.42440e+03	8.03681e+00	4.58226e+00	1.47123e+06	1.25349e+02	7.19231e+01	0.00000e+00
3.20205e+03	7.19657e+02	8.14339e+02	3.42539e+03	8.04122e+00	4.58388e+00	1.39632e+06	1.25524e+02	7.19737e+01	0.00000e+00
3.24923e+03	7.24028e+02	8.04748e+02	3.42537e+03	8.04389e+00	4.58343e+00	1.32832e+06	1.25734e+02	7.19851e+01	0.00000e+00
3.29641e+03	7.28307e+02	7.95156e+02	3.42659e+03	8.04510e+00	4.58129e+00	1.26650e+06	1.25970e+02	7.19635e+01	0.00000e+00
3.34360e+03	7.32491e+02	7.85564e+02	3.42875e+03	8.04954e+00	4.58294e+00	1.21028e+06	1.26150e+02	7.20174e+01	0.00000e+00
3.39083e+03	7.36581e+02	7.75973e+02	3.42885e+03	8.05199e+00	4.58197e+00	1.15914e+06	1.26380e+02	7.20176e+01	0.00000e+00
3.43806e+03	7.40575e+02	7.66381e+02	3.43032e+03	8.05484e+00	4.58150e+00	1.11256e+06	1.26603e+02	7.20289e+01	0.00000e+00
3.48531e+03	7.44472e+02	7.56790e+02	3.43156e+03	8.05870e+00	4.58252e+00	1.07016e+06	1.26795e+02	7.20734e+01	0.00000e+00
3.53257e+03	7.48271e+02	7.47198e+02	3.43215e+03	8.06273e+00	4.58365e+00	1.03158e+06	1.26992e+02	7.21211e+01	0.00000e+00
3.57985e+03	7.51970e+02	7.37606e+02	3.43272e+03	8.07002e+00	4.58353e+00	9.96472e+05	1.27565e+02	7.22102e+01	0.00000e+00
3.62713e+03	7.55567e+02	7.28015e+02	3.43715e+03	8.07751e+00	4.58255e+00	9.64566e+05	1.28302e+02	7.23375e+01	0.00000e+00
3.67447e+03	7.59063e+02	7.18423e+02	3.44468e+03	8.08687e+00	4.58275e+00	9.35650e+05	1.29085e+02	7.24955e+01	0.00000e+00
3.72192e+03	7.62455e+02	7.08832e+02	3.45191e+03	8.09847e+00	4.58570e+00	9.09530e+05	1.29773e+02	7.26807e+01	0.00000e+00
3.76946e+03	7.65741e+02	6.99240e+02	3.45628e+03	8.11491e+00	4.59386e+00	8.86006e+05	1.30424e+02	7.29819e+01	0.00000e+00
3.81707e+03	7.68920e+02	6.89649e+02	3.45827e+03	8.12934e+00	4.59958e+00	8.64881e+05	1.31125e+02	7.32373e+01	0.00000e+00
3.86470e+03	7.71990e+02	6.80057e+02	3.46175e+03	8.14169e+00	4.60223e+00	8.45988e+05	1.31921e+02	7.34410e+01	0.00000e+00
3.91239e+03	7.74949e+02	6.70465e+02	3.46737e+03	8.15211e+00	4.60507e+00	8.29214e+05	1.32563e+02	7.36284e+01	0.00000e+00
3.96014e+03	7.77796e+02	6.60874e+02	3.47194e+03	8.16311e+00	4.60800e+00	8.14469e+05	1.33228e+02	7.38145e+01	0.00000e+00
4.00797e+03	7.80527e+02	6.51282e+02	3.47629e+03	8.17190e+00	4.60996e+00	8.01653e+05	1.33760e+02	7.39413e+01	0.00000e+00
4.05585e+03	7.83142e+02	6.41691e+02	3.47930e+03	8.17599e+00	4.61063e+00	7.90689e+05	1.34003e+02	7.39848e+01	0.00000e+00
4.10377e+03	7.85637e+02	6.32099e+02	3.48034e+03	8.17924e+00	4.61101e+00	7.81508e+05	1.34231e+02	7.40292e+01	0.00000e+00
4.15171e+03	7.88010e+02	6.22507e+02	3.48185e+03	8.18331e+00	4.61184e+00	7.74052e+05	1.34468e+02	7.40788e+01	0.00000e+00
4.19967e+03	7.90258e+02	6.12916e+02	3.48293e+03	8.18754e+00	4.61265e+00	7.68295e+05	1.34722e+02	7.41303e+01	0.00000e+00
4.24764e+03	7.92379e+02	6.03324e+02	3.48414e+03	8.19192e+00	4.61356e+00	7.64218e+05	1.34975e+02	7.41828e+01	0.00000e+00
4.29563e+03	7.94369e+02	5.93733e+02	3.48523e+03	8.19653e+00	4.61479e+00	7.61823e+05	1.35220e+02	7.42412e+01	0.00000e+00
4.34363e+03	7.96226e+02	5.84141e+02	3.48612e+03	8.20163e+00	4.61591e+00	7.61121e+05	1.35503e+02	7.42996e+01	0.00000e+00
4.39165e+03	7.97945e+02	5.74550e+02	3.48715e+03	8.20627e+00	4.61715e+00	7.62142e+05	1.35760e+02	7.43636e+01	0.00000e+00
4.43968e+03	7.99524e+02	5.64958e+02	3.48829e+03	8.21057e+00	4.61833e+00	7.64931e+05	1.36003e+02	7.44275e+01	0.00000e+00
4.48773e+03	8.00958e+02	5.55366e+02	3.48950e+03	8.21480e+00	4.61966e+00	7.69553e+05	1.36238e+02	7.44979e+01	0.00000e+00
4.53579e+03	8.02243e+02	5.45775e+02	3.49079e+03	8.21970e+00	4.62083e+00	7.76091e+05	1.36513e+02	7.45596e+01	0.00000e+00
4.58388e+03	8.03375e+02	5.36183e+02	3.49192e+03	8.22416e+00	4.62180e+00	7.84651e+05	1.36782e+02	7.46207e+01	0.00000e+00
4.63197e+03	8.04348e+02	5.26592e+02	3.49331e+03	8.22915e+00	4.62304e+00	7.95360e+05	1.37064e+02	7.46870e+01	0.00000e+00
4.68009e+03	8.05159e+02	5.17000e+02	3.49454e+03	8.23387e+00	4.62447e+00	8.08377e+05	1.37333e+02	7.47655e+01	0.00000e+00
4.72822e+03	8.05800e+02	5.07408e+02	3.49605e+03	8.23901e+00	4.62604e+00	8.23894e+05	1.37605e+02	7.48400e+01	0.00000e+00
4.77638e+03	8.06266e+02	4.97817e+02	3.49716e+03	8.24396e+00	4.62746e+00	8.42138e+05	1.37886e+02	7.49175e+01	0.00000e+00
4.82454e+03	8.06551e+02	4.88225e+02	3.49862e+03	8.24904e+00	4.62887e+00	8.63382e+05	1.38169e+02	7.49898e+01	0.00000e+00
4.87273e+03	8.06648e+02	4.78634e+02	3.49988e+03	8.25514e+00	4.63061e+00	8.87954e+05	1.38491e+02	7.50707e+01	0.00000e+00
4.87273e+03	8.06648e+02	4.78634e+02	8.00000e+03	6.07616e+00	3.28340e+00	1.00000e+04	1.80364e+02	8.62455e+01	0.00000e+00
5.34951e+03	8.07544e+02	4.25452e+02	8.00000e+03	6.07616e+00	3.28340e+00	1.00000e+04	1.80364e+02	8.62455e+01	0.00000e+00
5.82629e+03	8.08440e+02	3.72271e+02	8.00000e+03	6.11364e+00	3.30150e+00	1.00000e+04	1.82748e+02	8.71990e+01	0.00000e+00
6.30307e+03	8.09337e+02	3.19089e+02	8.00000e+03	6.15090e+00	3.31950e+00	1.00000e+04	1.85131e+02	8.81526e+01	0.00000e+00
6.77985e+03	8.10233e+02	2.65908e+02	8.00000e+03	6.18793e+00	3.33740e+00	1.00000e+04	1.87515e+02	8.91061e+01	0.00000e+00
7.25663e+03	8.11129e+02	2.12726e+02	8.00000e+03	6.22474e+00	3.35521e+00	1.00000e+04	1.89899e+02	9.00597e+01	0.00000e+00
7.73341e+03	8.12026e+02	1.59545e+02	8.00000e+03	6.26133e+00	3.37293e+00	1.00000e+04	1.92283e+02	9.10133e+01	0.00000e+00
8.21019e+03	8.12922e+02	1.06363e+02	8.00000e+03	6.29771e+00	3.39055e+00	1.00000e+04	1.94667e+02	9.19668e+01	0.00000e+00
8.68697e+03	8.13818e+02	5.31815e+01	8.00000e+03	6.33389e+00	3.40809e+00	1.00000e+04	1.97051e+02	9.29204e+01	0.00000e+00
9.16375e+03	8.14714e+02	0.00000e+00	8.00000e+03	6.36985e+00	3.42553e+00	1.00000e+04	1.99435e+02	9.38739e+01	0.00000e+00
