P (MPa)		T (K)		r (km)		rho (kg m-3)	VP (km s-1)	VS (km s-1)	QS/gamma	KS (GPa)	GS (GPa)	k for 0.01 mol/kg MgSO4 (S m-1)	
0.00000e+00	1.10000e+02	1.56100e+03	9.31658e+02	3.87940e+00	1.96225e+00	3.10757e+04	9.24000e+00	3.58800e+00	0.00000e+00
3.10663e-01	1.15393e+02	1.56075e+03	9.31658e+02	3.88005e+00	1.96263e+00	1.86512e+04	9.24102e+00	3.58867e+00	0.00000e+00
6.21326e-01	1.21050e+02	1.56049e+03	9.31445e+02	3.88076e+00	1.96304e+00	1.14644e+04	9.24205e+00	3.58933e+00	0.00000e+00
9.31988e-01	1.26984e+02	1.56024e+03	9.31200e+02	3.88153e+00	1.96348e+00	7.20901e+03	9.24307e+00	3.59000e+00	0.00000e+00
1.24265e+00	1.33210e+02	1.55999e+03	9.30920e+02	3.88238e+00	1.96395e+00	4.63249e+03	9.24410e+00	3.59067e+00	0.00000e+00
1.55331e+00	1.39740e+02	1.55973e+03	9.30599e+02	3.88332e+00	1.96448e+00	3.03899e+03	9.24512e+00	3.59133e+00	0.00000e+00
1.86398e+00	1.46591e+02	1.55948e+03	9.30232e+02	3.88435e+00	1.96505e+00	2.03330e+03	9.24614e+00	3.59200e+00	0.00000e+00
2.17464e+00	1.53778e+02	1.55922e+03	9.29810e+02	3.88549e+00	1.96567e+00	1.38621e+03	9.24716e+00	3.59267e+00	0.00000e+00
2.48530e+00	1.61316e+02	1.55897e+03	9.29328e+02	3.88676e+00	1.96636e+00	9.62125e+02	9.24819e+00	3.59333e+00	0.00000e+00
2.79597e+00	1.69225e+02	1.55872e+03	9.28777e+02	3.88818e+00	1.96713e+00	6.79276e+02	9.24921e+00	3.59400e+00	0.00000e+00
3.10663e+00	1.77521e+02	1.55846e+03	9.28147e+02	3.88976e+00	1.96798e+00	4.87445e+02	9.25023e+00	3.59466e+00	0.00000e+00
3.41729e+00	1.86224e+02	1.55821e+03	9.27429e+02	3.89153e+00	1.96892e+00	3.55256e+02	9.25125e+00	3.59533e+00	0.00000e+00
3.72795e+00	1.95354e+02	1.55795e+03	9.26612e+02	3.89351e+00	1.96997e+00	2.62771e+02	9.25227e+00	3.59599e+00	0.00000e+00
4.03862e+00	2.04931e+02	1.55770e+03	9.25688e+02	3.89572e+00	1.97114e+00	1.97121e+02	9.25329e+00	3.59666e+00	0.00000e+00
4.34928e+00	2.14978e+02	1.55744e+03	9.24647e+02	3.89818e+00	1.97243e+00	1.49873e+02	9.25430e+00	3.59732e+00	0.00000e+00
4.65994e+00	2.25517e+02	1.55719e+03	9.23483e+02	3.90090e+00	1.97386e+00	1.15419e+02	9.25532e+00	3.59799e+00	0.00000e+00
4.97060e+00	2.36573e+02	1.55693e+03	9.22192e+02	3.90389e+00	1.97542e+00	8.99768e+01	9.25634e+00	3.59865e+00	0.00000e+00
5.28127e+00	2.48171e+02	1.55668e+03	9.20776e+02	3.90716e+00	1.97712e+00	7.09641e+01	9.25736e+00	3.59932e+00	0.00000e+00
5.59193e+00	2.60337e+02	1.55642e+03	9.19243e+02	3.91068e+00	1.97895e+00	5.65933e+01	9.25837e+00	3.59998e+00	0.00000e+00
5.90259e+00	2.73100e+02	1.55617e+03	9.17610e+02	3.91442e+00	1.98089e+00	4.56125e+01	9.25939e+00	3.60064e+00	0.00000e+00
6.88573e+00	2.73097e+02	1.55542e+03	1.00333e+03	1.41074e+00	0.00000e+00	0.00000e+00	1.99682e+00	0.00000e+00	8.21457e-02
7.86886e+00	2.73095e+02	1.55468e+03	1.00382e+03	1.41237e+00	0.00000e+00	0.00000e+00	2.00242e+00	0.00000e+00	8.22488e-02
8.85200e+00	2.73093e+02	1.55394e+03	1.00432e+03	1.41400e+00	0.00000e+00	0.00000e+00	2.00804e+00	0.00000e+00	8.23518e-02
9.83513e+00	2.73091e+02	1.55320e+03	1.00481e+03	1.41564e+00	0.00000e+00	0.00000e+00	2.01367e+00	0.00000e+00	8.24547e-02
1.08183e+01	2.73089e+02	1.55246e+03	1.00530e+03	1.41728e+00	0.00000e+00	0.00000e+00	2.01931e+00	0.00000e+00	8.25574e-02
1.18014e+01	2.73087e+02	1.55172e+03	1.00579e+03	1.41892e+00	0.00000e+00	0.00000e+00	2.02497e+00	0.00000e+00	8.26599e-02
1.27845e+01	2.73086e+02	1.55098e+03	1.00627e+03	1.42056e+00	0.00000e+00	0.00000e+00	2.03065e+00	0.00000e+00	8.27623e-02
1.37677e+01	2.73085e+02	1.55024e+03	1.00676e+03	1.42220e+00	0.00000e+00	0.00000e+00	2.03634e+00	0.00000e+00	8.28645e-02
1.47508e+01	2.73084e+02	1.54950e+03	1.00725e+03	1.42385e+00	0.00000e+00	0.00000e+00	2.04205e+00	0.00000e+00	8.29666e-02
1.57339e+01	2.73084e+02	1.54877e+03	1.00773e+03	1.42550e+00	0.00000e+00	0.00000e+00	2.04777e+00	0.00000e+00	8.30685e-02
1.67171e+01	2.73083e+02	1.54803e+03	1.00821e+03	1.42716e+00	0.00000e+00	0.00000e+00	2.05350e+00	0.00000e+00	8.31703e-02
1.77002e+01	2.73083e+02	1.54730e+03	1.00870e+03	1.42881e+00	0.00000e+00	0.00000e+00	2.05925e+00	0.00000e+00	8.32719e-02
1.86834e+01	2.73083e+02	1.54656e+03	1.00918e+03	1.43047e+00	0.00000e+00	0.00000e+00	2.06502e+00	0.00000e+00	8.33734e-02
1.96665e+01	2.73083e+02	1.54583e+03	1.00966e+03	1.43213e+00	0.00000e+00	0.00000e+00	2.07079e+00	0.00000e+00	8.34748e-02
2.06496e+01	2.73084e+02	1.54509e+03	1.01014e+03	1.43379e+00	0.00000e+00	0.00000e+00	2.07659e+00	0.00000e+00	8.35760e-02
2.16328e+01	2.73085e+02	1.54436e+03	1.01061e+03	1.43545e+00	0.00000e+00	0.00000e+00	2.08239e+00	0.00000e+00	8.36771e-02
2.26159e+01	2.73086e+02	1.54363e+03	1.01109e+03	1.43712e+00	0.00000e+00	0.00000e+00	2.08821e+00	0.00000e+00	8.37781e-02
2.35990e+01	2.73087e+02	1.54290e+03	1.01157e+03	1.43878e+00	0.00000e+00	0.00000e+00	2.09405e+00	0.00000e+00	8.38789e-02
2.45822e+01	2.73088e+02	1.54217e+03	1.01204e+03	1.44046e+00	0.00000e+00	0.00000e+00	2.09990e+00	0.00000e+00	8.39796e-02
2.55653e+01	2.73090e+02	1.54144e+03	1.01251e+03	1.44213e+00	0.00000e+00	0.00000e+00	2.10576e+00	0.00000e+00	8.40801e-02
2.65484e+01	2.73092e+02	1.54071e+03	1.01299e+03	1.44381e+00	0.00000e+00	0.00000e+00	2.11165e+00	0.00000e+00	8.41806e-02
2.75316e+01	2.73094e+02	1.53998e+03	1.01346e+03	1.44549e+00	0.00000e+00	0.00000e+00	2.11755e+00	0.00000e+00	8.42809e-02
2.85147e+01	2.73096e+02	1.53925e+03	1.01393e+03	1.44717e+00	0.00000e+00	0.00000e+00	2.12348e+00	0.00000e+00	8.43811e-02
2.94978e+01	2.73098e+02	1.53853e+03	1.01440e+03	1.44886e+00	0.00000e+00	0.00000e+00	2.12942e+00	0.00000e+00	8.44811e-02
3.04810e+01	2.73101e+02	1.53780e+03	1.01486e+03	1.45055e+00	0.00000e+00	0.00000e+00	2.13538e+00	0.00000e+00	8.45811e-02
3.14641e+01	2.73104e+02	1.53708e+03	1.01533e+03	1.45225e+00	0.00000e+00	0.00000e+00	2.14136e+00	0.00000e+00	8.46809e-02
3.24472e+01	2.73107e+02	1.53635e+03	1.01580e+03	1.45395e+00	0.00000e+00	0.00000e+00	2.14737e+00	0.00000e+00	8.47806e-02
3.34304e+01	2.73110e+02	1.53563e+03	1.01626e+03	1.45566e+00	0.00000e+00	0.00000e+00	2.15339e+00	0.00000e+00	8.48801e-02
3.44135e+01	2.73113e+02	1.53490e+03	1.01672e+03	1.45737e+00	0.00000e+00	0.00000e+00	2.15945e+00	0.00000e+00	8.49796e-02
3.53967e+01	2.73117e+02	1.53418e+03	1.01719e+03	1.45909e+00	0.00000e+00	0.00000e+00	2.16552e+00	0.00000e+00	8.50789e-02
3.63798e+01	2.73121e+02	1.53346e+03	1.01765e+03	1.46081e+00	0.00000e+00	0.00000e+00	2.17162e+00	0.00000e+00	8.51781e-02
3.73629e+01	2.73125e+02	1.53274e+03	1.01811e+03	1.46254e+00	0.00000e+00	0.00000e+00	2.17774e+00	0.00000e+00	8.52772e-02
3.83461e+01	2.73129e+02	1.53202e+03	1.01857e+03	1.46427e+00	0.00000e+00	0.00000e+00	2.18389e+00	0.00000e+00	8.53762e-02
3.93292e+01	2.73133e+02	1.53130e+03	1.01903e+03	1.46601e+00	0.00000e+00	0.00000e+00	2.19007e+00	0.00000e+00	8.54751e-02
4.03123e+01	2.73138e+02	1.53058e+03	1.01948e+03	1.46776e+00	0.00000e+00	0.00000e+00	2.19628e+00	0.00000e+00	8.55738e-02
4.12955e+01	2.73143e+02	1.52986e+03	1.01994e+03	1.46951e+00	0.00000e+00	0.00000e+00	2.20251e+00	0.00000e+00	8.56725e-02
4.22786e+01	2.73148e+02	1.52914e+03	1.02039e+03	1.47127e+00	0.00000e+00	0.00000e+00	2.20877e+00	0.00000e+00	8.57710e-02
4.32617e+01	2.73153e+02	1.52842e+03	1.02085e+03	1.47303e+00	0.00000e+00	0.00000e+00	2.21506e+00	0.00000e+00	8.58694e-02
4.42449e+01	2.73158e+02	1.52771e+03	1.02130e+03	1.47480e+00	0.00000e+00	0.00000e+00	2.22137e+00	0.00000e+00	8.59677e-02
4.52280e+01	2.73164e+02	1.52699e+03	1.02175e+03	1.47658e+00	0.00000e+00	0.00000e+00	2.22771e+00	0.00000e+00	8.60659e-02
4.62111e+01	2.73170e+02	1.52627e+03	1.02220e+03	1.47836e+00	0.00000e+00	0.00000e+00	2.23407e+00	0.00000e+00	8.61640e-02
4.71943e+01	2.73176e+02	1.52556e+03	1.02265e+03	1.48015e+00	0.00000e+00	0.00000e+00	2.24046e+00	0.00000e+00	8.62619e-02
4.81774e+01	2.73182e+02	1.52484e+03	1.02310e+03	1.48194e+00	0.00000e+00	0.00000e+00	2.24687e+00	0.00000e+00	8.63598e-02
4.91606e+01	2.73188e+02	1.52413e+03	1.02354e+03	1.48373e+00	0.00000e+00	0.00000e+00	2.25330e+00	0.00000e+00	8.64576e-02
5.01437e+01	2.73195e+02	1.52342e+03	1.02399e+03	1.48553e+00	0.00000e+00	0.00000e+00	2.25975e+00	0.00000e+00	8.65552e-02
5.11268e+01	2.73201e+02	1.52271e+03	1.02444e+03	1.48733e+00	0.00000e+00	0.00000e+00	2.26622e+00	0.00000e+00	8.66527e-02
5.21100e+01	2.73208e+02	1.52199e+03	1.02488e+03	1.48914e+00	0.00000e+00	0.00000e+00	2.27271e+00	0.00000e+00	8.67502e-02
5.30931e+01	2.73215e+02	1.52128e+03	1.02532e+03	1.49095e+00	0.00000e+00	0.00000e+00	2.27922e+00	0.00000e+00	8.68475e-02
5.40762e+01	2.73222e+02	1.52057e+03	1.02576e+03	1.49276e+00	0.00000e+00	0.00000e+00	2.28575e+00	0.00000e+00	8.69447e-02
5.50594e+01	2.73230e+02	1.51986e+03	1.02620e+03	1.49458e+00	0.00000e+00	0.00000e+00	2.29229e+00	0.00000e+00	8.70418e-02
5.60425e+01	2.73237e+02	1.51916e+03	1.02664e+03	1.49639e+00	0.00000e+00	0.00000e+00	2.29885e+00	0.00000e+00	8.71388e-02
5.70256e+01	2.73245e+02	1.51845e+03	1.02708e+03	1.49821e+00	0.00000e+00	0.00000e+00	2.30543e+00	0.00000e+00	8.72357e-02
5.80088e+01	2.73253e+02	1.51774e+03	1.02752e+03	1.50003e+00	0.00000e+00	0.00000e+00	2.31203e+00	0.00000e+00	8.73324e-02
5.89919e+01	2.73261e+02	1.51703e+03	1.02796e+03	1.50186e+00	0.00000e+00	0.00000e+00	2.31863e+00	0.00000e+00	8.74291e-02
5.99750e+01	2.73269e+02	1.51633e+03	1.02839e+03	1.50368e+00	0.00000e+00	0.00000e+00	2.32525e+00	0.00000e+00	8.75257e-02
6.09582e+01	2.73277e+02	1.51562e+03	1.02883e+03	1.50551e+00	0.00000e+00	0.00000e+00	2.33189e+00	0.00000e+00	8.76221e-02
6.19413e+01	2.73286e+02	1.51491e+03	1.02926e+03	1.50733e+00	0.00000e+00	0.00000e+00	2.33854e+00	0.00000e+00	8.77185e-02
6.29244e+01	2.73295e+02	1.51421e+03	1.02969e+03	1.50916e+00	0.00000e+00	0.00000e+00	2.34520e+00	0.00000e+00	8.78147e-02
6.39076e+01	2.73304e+02	1.51351e+03	1.03012e+03	1.51099e+00	0.00000e+00	0.00000e+00	2.35187e+00	0.00000e+00	8.79109e-02
6.48907e+01	2.73313e+02	1.51280e+03	1.03055e+03	1.51282e+00	0.00000e+00	0.00000e+00	2.35856e+00	0.00000e+00	8.80069e-02
6.58739e+01	2.73322e+02	1.51210e+03	1.03098e+03	1.51465e+00	0.00000e+00	0.00000e+00	2.36525e+00	0.00000e+00	8.81029e-02
6.68570e+01	2.73331e+02	1.51140e+03	1.03141e+03	1.51649e+00	0.00000e+00	0.00000e+00	2.37197e+00	0.00000e+00	8.81987e-02
6.78401e+01	2.73341e+02	1.51070e+03	1.03184e+03	1.51832e+00	0.00000e+00	0.00000e+00	2.37869e+00	0.00000e+00	8.82944e-02
6.88233e+01	2.73350e+02	1.51000e+03	1.03226e+03	1.52016e+00	0.00000e+00	0.00000e+00	2.38543e+00	0.00000e+00	8.83900e-02
6.98064e+01	2.73360e+02	1.50930e+03	1.03269e+03	1.52199e+00	0.00000e+00	0.00000e+00	2.39219e+00	0.00000e+00	8.84856e-02
7.07895e+01	2.73370e+02	1.50860e+03	1.03311e+03	1.52383e+00	0.00000e+00	0.00000e+00	2.39895e+00	0.00000e+00	8.85810e-02
7.17727e+01	2.73380e+02	1.50790e+03	1.03354e+03	1.52567e+00	0.00000e+00	0.00000e+00	2.40573e+00	0.00000e+00	8.86763e-02
7.27558e+01	2.73391e+02	1.50720e+03	1.03396e+03	1.52751e+00	0.00000e+00	0.00000e+00	2.41252e+00	0.00000e+00	8.87715e-02
7.37389e+01	2.73401e+02	1.50650e+03	1.03438e+03	1.52935e+00	0.00000e+00	0.00000e+00	2.41933e+00	0.00000e+00	8.88666e-02
7.47221e+01	2.73412e+02	1.50581e+03	1.03480e+03	1.53119e+00	0.00000e+00	0.00000e+00	2.42615e+00	0.00000e+00	8.89616e-02
7.57052e+01	2.73423e+02	1.50511e+03	1.03522e+03	1.53304e+00	0.00000e+00	0.00000e+00	2.43297e+00	0.00000e+00	8.90565e-02
7.66883e+01	2.73434e+02	1.50441e+03	1.03564e+03	1.53488e+00	0.00000e+00	0.00000e+00	2.43982e+00	0.00000e+00	8.91513e-02
7.76715e+01	2.73445e+02	1.50372e+03	1.03605e+03	1.53673e+00	0.00000e+00	0.00000e+00	2.44667e+00	0.00000e+00	8.92459e-02
7.86546e+01	2.73456e+02	1.50302e+03	1.03647e+03	1.53857e+00	0.00000e+00	0.00000e+00	2.45353e+00	0.00000e+00	8.93405e-02
7.96378e+01	2.73467e+02	1.50233e+03	1.03689e+03	1.54042e+00	0.00000e+00	0.00000e+00	2.46041e+00	0.00000e+00	8.94350e-02
8.06209e+01	2.73479e+02	1.50164e+03	1.03730e+03	1.54226e+00	0.00000e+00	0.00000e+00	2.46730e+00	0.00000e+00	8.95294e-02
8.16040e+01	2.73490e+02	1.50094e+03	1.03771e+03	1.54411e+00	0.00000e+00	0.00000e+00	2.47419e+00	0.00000e+00	8.96236e-02
8.25872e+01	2.73502e+02	1.50025e+03	1.03812e+03	1.54596e+00	0.00000e+00	0.00000e+00	2.48110e+00	0.00000e+00	8.97178e-02
8.35703e+01	2.73514e+02	1.49956e+03	1.03854e+03	1.54781e+00	0.00000e+00	0.00000e+00	2.48802e+00	0.00000e+00	8.98119e-02
8.45534e+01	2.73526e+02	1.49887e+03	1.03895e+03	1.54965e+00	0.00000e+00	0.00000e+00	2.49495e+00	0.00000e+00	8.99058e-02
8.55366e+01	2.73538e+02	1.49818e+03	1.03935e+03	1.55150e+00	0.00000e+00	0.00000e+00	2.50189e+00	0.00000e+00	8.99997e-02
8.65197e+01	2.73551e+02	1.49749e+03	1.03976e+03	1.55335e+00	0.00000e+00	0.00000e+00	2.50884e+00	0.00000e+00	9.00934e-02
8.75028e+01	2.73563e+02	1.49680e+03	1.04017e+03	1.55520e+00	0.00000e+00	0.00000e+00	2.51579e+00	0.00000e+00	9.01871e-02
8.84860e+01	2.73576e+02	1.49611e+03	1.04058e+03	1.55704e+00	0.00000e+00	0.00000e+00	2.52276e+00	0.00000e+00	9.02806e-02
8.94691e+01	2.73589e+02	1.49542e+03	1.04098e+03	1.55889e+00	0.00000e+00	0.00000e+00	2.52973e+00	0.00000e+00	9.03741e-02
9.04522e+01	2.73602e+02	1.49474e+03	1.04139e+03	1.56074e+00	0.00000e+00	0.00000e+00	2.53672e+00	0.00000e+00	9.04674e-02
9.14354e+01	2.73615e+02	1.49405e+03	1.04179e+03	1.56259e+00	0.00000e+00	0.00000e+00	2.54371e+00	0.00000e+00	9.05606e-02
9.24185e+01	2.73628e+02	1.49337e+03	1.04219e+03	1.56443e+00	0.00000e+00	0.00000e+00	2.55071e+00	0.00000e+00	9.06538e-02
9.34016e+01	2.73641e+02	1.49268e+03	1.04259e+03	1.56628e+00	0.00000e+00	0.00000e+00	2.55772e+00	0.00000e+00	9.07468e-02
9.43848e+01	2.73655e+02	1.49199e+03	1.04299e+03	1.56813e+00	0.00000e+00	0.00000e+00	2.56474e+00	0.00000e+00	9.08398e-02
9.53679e+01	2.73668e+02	1.49131e+03	1.04339e+03	1.56997e+00	0.00000e+00	0.00000e+00	2.57177e+00	0.00000e+00	9.09326e-02
9.63511e+01	2.73682e+02	1.49063e+03	1.04379e+03	1.57182e+00	0.00000e+00	0.00000e+00	2.57881e+00	0.00000e+00	9.10253e-02
9.73342e+01	2.73696e+02	1.48994e+03	1.04419e+03	1.57367e+00	0.00000e+00	0.00000e+00	2.58586e+00	0.00000e+00	9.11179e-02
9.83173e+01	2.73710e+02	1.48926e+03	1.04459e+03	1.57551e+00	0.00000e+00	0.00000e+00	2.59292e+00	0.00000e+00	9.12105e-02
9.93005e+01	2.73724e+02	1.48858e+03	1.04498e+03	1.57736e+00	0.00000e+00	0.00000e+00	2.59999e+00	0.00000e+00	9.13029e-02
1.00284e+02	2.73738e+02	1.48790e+03	1.04538e+03	1.57921e+00	0.00000e+00	0.00000e+00	2.60706e+00	0.00000e+00	9.13952e-02
1.01267e+02	2.73753e+02	1.48722e+03	1.04577e+03	1.58106e+00	0.00000e+00	0.00000e+00	2.61415e+00	0.00000e+00	9.14874e-02
1.02250e+02	2.73767e+02	1.48654e+03	1.04616e+03	1.58290e+00	0.00000e+00	0.00000e+00	2.62125e+00	0.00000e+00	9.15796e-02
1.03233e+02	2.73782e+02	1.48586e+03	1.04655e+03	1.58475e+00	0.00000e+00	0.00000e+00	2.62836e+00	0.00000e+00	9.16716e-02
1.04216e+02	2.73796e+02	1.48518e+03	1.04695e+03	1.58660e+00	0.00000e+00	0.00000e+00	2.63547e+00	0.00000e+00	9.17635e-02
1.05199e+02	2.73811e+02	1.48450e+03	1.04734e+03	1.58845e+00	0.00000e+00	0.00000e+00	2.64260e+00	0.00000e+00	9.18553e-02
1.06182e+02	2.73826e+02	1.48382e+03	1.04773e+03	1.59030e+00	0.00000e+00	0.00000e+00	2.64974e+00	0.00000e+00	9.19470e-02
1.07166e+02	2.73841e+02	1.48315e+03	1.04811e+03	1.59215e+00	0.00000e+00	0.00000e+00	2.65689e+00	0.00000e+00	9.20386e-02
1.08149e+02	2.73857e+02	1.48247e+03	1.04850e+03	1.59400e+00	0.00000e+00	0.00000e+00	2.66406e+00	0.00000e+00	9.21301e-02
1.09132e+02	2.73872e+02	1.48179e+03	1.04889e+03	1.59585e+00	0.00000e+00	0.00000e+00	2.67123e+00	0.00000e+00	9.22215e-02
1.10115e+02	2.73887e+02	1.48112e+03	1.04927e+03	1.59770e+00	0.00000e+00	0.00000e+00	2.67841e+00	0.00000e+00	9.23128e-02
1.11098e+02	2.73903e+02	1.48044e+03	1.04966e+03	1.59955e+00	0.00000e+00	0.00000e+00	2.68561e+00	0.00000e+00	9.24040e-02
1.12081e+02	2.73919e+02	1.47977e+03	1.05004e+03	1.60140e+00	0.00000e+00	0.00000e+00	2.69282e+00	0.00000e+00	9.24951e-02
1.13064e+02	2.73934e+02	1.47909e+03	1.05043e+03	1.60325e+00	0.00000e+00	0.00000e+00	2.70004e+00	0.00000e+00	9.25861e-02
1.14047e+02	2.73950e+02	1.47842e+03	1.05081e+03	1.60511e+00	0.00000e+00	0.00000e+00	2.70727e+00	0.00000e+00	9.26770e-02
1.15031e+02	2.73966e+02	1.47775e+03	1.05119e+03	1.60696e+00	0.00000e+00	0.00000e+00	2.71451e+00	0.00000e+00	9.27678e-02
1.16014e+02	2.73982e+02	1.47708e+03	1.05157e+03	1.60881e+00	0.00000e+00	0.00000e+00	2.72176e+00	0.00000e+00	9.28584e-02
1.16997e+02	2.73999e+02	1.47640e+03	1.05195e+03	1.61067e+00	0.00000e+00	0.00000e+00	2.72902e+00	0.00000e+00	9.29490e-02
1.17980e+02	2.74015e+02	1.47573e+03	1.05233e+03	1.61252e+00	0.00000e+00	0.00000e+00	2.73629e+00	0.00000e+00	9.30395e-02
1.18963e+02	2.74032e+02	1.47506e+03	1.05270e+03	1.61438e+00	0.00000e+00	0.00000e+00	2.74358e+00	0.00000e+00	9.31299e-02
1.19946e+02	2.74048e+02	1.47439e+03	1.05308e+03	1.61623e+00	0.00000e+00	0.00000e+00	2.75087e+00	0.00000e+00	9.32201e-02
1.20929e+02	2.74065e+02	1.47372e+03	1.05346e+03	1.61809e+00	0.00000e+00	0.00000e+00	2.75818e+00	0.00000e+00	9.33103e-02
1.21913e+02	2.74082e+02	1.47306e+03	1.05383e+03	1.61994e+00	0.00000e+00	0.00000e+00	2.76549e+00	0.00000e+00	9.34004e-02
1.22896e+02	2.74098e+02	1.47239e+03	1.05421e+03	1.62180e+00	0.00000e+00	0.00000e+00	2.77281e+00	0.00000e+00	9.34904e-02
1.23879e+02	2.74116e+02	1.47172e+03	1.05458e+03	1.62366e+00	0.00000e+00	0.00000e+00	2.78015e+00	0.00000e+00	9.35802e-02
1.24862e+02	2.74133e+02	1.47105e+03	1.05495e+03	1.62551e+00	0.00000e+00	0.00000e+00	2.78750e+00	0.00000e+00	9.36700e-02
1.25845e+02	2.74150e+02	1.47039e+03	1.05532e+03	1.62737e+00	0.00000e+00	0.00000e+00	2.79485e+00	0.00000e+00	9.37596e-02
1.26828e+02	2.74167e+02	1.46972e+03	1.05570e+03	1.62923e+00	0.00000e+00	0.00000e+00	2.80222e+00	0.00000e+00	9.38492e-02
1.27811e+02	2.74185e+02	1.46906e+03	1.05607e+03	1.63108e+00	0.00000e+00	0.00000e+00	2.80959e+00	0.00000e+00	9.39386e-02
1.28795e+02	2.74202e+02	1.46839e+03	1.05643e+03	1.63294e+00	0.00000e+00	0.00000e+00	2.81698e+00	0.00000e+00	9.40280e-02
1.29778e+02	2.74220e+02	1.46773e+03	1.05680e+03	1.63480e+00	0.00000e+00	0.00000e+00	2.82437e+00	0.00000e+00	9.41172e-02
1.30761e+02	2.74237e+02	1.46706e+03	1.05717e+03	1.63665e+00	0.00000e+00	0.00000e+00	2.83178e+00	0.00000e+00	9.42064e-02
1.31744e+02	2.74255e+02	1.46640e+03	1.05754e+03	1.63851e+00	0.00000e+00	0.00000e+00	2.83919e+00	0.00000e+00	9.42954e-02
1.32727e+02	2.74273e+02	1.46574e+03	1.05790e+03	1.64037e+00	0.00000e+00	0.00000e+00	2.84661e+00	0.00000e+00	9.43844e-02
1.33710e+02	2.74291e+02	1.46507e+03	1.05827e+03	1.64223e+00	0.00000e+00	0.00000e+00	2.85405e+00	0.00000e+00	9.44732e-02
1.34693e+02	2.74309e+02	1.46441e+03	1.05863e+03	1.64408e+00	0.00000e+00	0.00000e+00	2.86149e+00	0.00000e+00	9.45620e-02
1.35676e+02	2.74328e+02	1.46375e+03	1.05900e+03	1.64594e+00	0.00000e+00	0.00000e+00	2.86894e+00	0.00000e+00	9.46506e-02
1.36660e+02	2.74346e+02	1.46309e+03	1.05936e+03	1.64780e+00	0.00000e+00	0.00000e+00	2.87640e+00	0.00000e+00	9.47392e-02
1.37643e+02	2.74364e+02	1.46243e+03	1.05972e+03	1.64965e+00	0.00000e+00	0.00000e+00	2.88388e+00	0.00000e+00	9.48276e-02
1.38626e+02	2.74383e+02	1.46177e+03	1.06008e+03	1.65151e+00	0.00000e+00	0.00000e+00	2.89136e+00	0.00000e+00	9.49159e-02
1.39609e+02	2.74401e+02	1.46111e+03	1.06044e+03	1.65337e+00	0.00000e+00	0.00000e+00	2.89884e+00	0.00000e+00	9.50042e-02
1.40592e+02	2.74420e+02	1.46046e+03	1.06080e+03	1.65522e+00	0.00000e+00	0.00000e+00	2.90634e+00	0.00000e+00	9.50923e-02
1.41575e+02	2.74439e+02	1.45980e+03	1.06116e+03	1.65708e+00	0.00000e+00	0.00000e+00	2.91385e+00	0.00000e+00	9.51804e-02
1.42558e+02	2.74458e+02	1.45914e+03	1.06152e+03	1.65894e+00	0.00000e+00	0.00000e+00	2.92137e+00	0.00000e+00	9.52683e-02
1.43542e+02	2.74477e+02	1.45848e+03	1.06187e+03	1.66079e+00	0.00000e+00	0.00000e+00	2.92889e+00	0.00000e+00	9.53561e-02
1.44525e+02	2.74496e+02	1.45783e+03	1.06223e+03	1.66265e+00	0.00000e+00	0.00000e+00	2.93642e+00	0.00000e+00	9.54439e-02
1.45508e+02	2.74515e+02	1.45717e+03	1.06258e+03	1.66450e+00	0.00000e+00	0.00000e+00	2.94397e+00	0.00000e+00	9.55315e-02
1.46491e+02	2.74534e+02	1.45652e+03	1.06294e+03	1.66636e+00	0.00000e+00	0.00000e+00	2.95152e+00	0.00000e+00	9.56191e-02
1.47474e+02	2.74553e+02	1.45586e+03	1.06329e+03	1.66821e+00	0.00000e+00	0.00000e+00	2.95908e+00	0.00000e+00	9.57065e-02
1.48457e+02	2.74573e+02	1.45521e+03	1.06365e+03	1.67007e+00	0.00000e+00	0.00000e+00	2.96665e+00	0.00000e+00	9.57939e-02
1.49440e+02	2.74592e+02	1.45456e+03	1.06400e+03	1.67192e+00	0.00000e+00	0.00000e+00	2.97422e+00	0.00000e+00	9.58812e-02
1.50424e+02	2.74612e+02	1.45390e+03	1.06435e+03	1.67378e+00	0.00000e+00	0.00000e+00	2.98181e+00	0.00000e+00	9.59683e-02
1.51407e+02	2.74631e+02	1.45325e+03	1.06470e+03	1.67563e+00	0.00000e+00	0.00000e+00	2.98940e+00	0.00000e+00	9.60554e-02
1.52390e+02	2.74651e+02	1.45260e+03	1.06505e+03	1.67748e+00	0.00000e+00	0.00000e+00	2.99700e+00	0.00000e+00	9.61424e-02
1.53373e+02	2.74671e+02	1.45195e+03	1.06540e+03	1.67934e+00	0.00000e+00	0.00000e+00	3.00461e+00	0.00000e+00	9.62292e-02
1.54356e+02	2.74691e+02	1.45130e+03	1.06575e+03	1.68119e+00	0.00000e+00	0.00000e+00	3.01223e+00	0.00000e+00	9.63160e-02
1.55339e+02	2.74711e+02	1.45065e+03	1.06609e+03	1.68304e+00	0.00000e+00	0.00000e+00	3.01985e+00	0.00000e+00	9.64027e-02
1.56322e+02	2.74731e+02	1.45000e+03	1.06644e+03	1.68489e+00	0.00000e+00	0.00000e+00	3.02748e+00	0.00000e+00	9.64893e-02
1.57305e+02	2.74751e+02	1.44935e+03	1.06679e+03	1.68674e+00	0.00000e+00	0.00000e+00	3.03512e+00	0.00000e+00	9.65758e-02
1.58289e+02	2.74771e+02	1.44870e+03	1.06713e+03	1.68859e+00	0.00000e+00	0.00000e+00	3.04277e+00	0.00000e+00	9.66622e-02
1.59272e+02	2.74792e+02	1.44805e+03	1.06748e+03	1.69044e+00	0.00000e+00	0.00000e+00	3.05042e+00	0.00000e+00	9.67485e-02
1.60255e+02	2.74812e+02	1.44740e+03	1.06782e+03	1.69229e+00	0.00000e+00	0.00000e+00	3.05809e+00	0.00000e+00	9.68347e-02
1.61238e+02	2.74832e+02	1.44676e+03	1.06816e+03	1.69414e+00	0.00000e+00	0.00000e+00	3.06576e+00	0.00000e+00	9.69209e-02
1.62221e+02	2.74853e+02	1.44611e+03	1.06851e+03	1.69599e+00	0.00000e+00	0.00000e+00	3.07343e+00	0.00000e+00	9.70069e-02
1.63204e+02	2.74874e+02	1.44546e+03	1.06885e+03	1.69784e+00	0.00000e+00	0.00000e+00	3.08112e+00	0.00000e+00	9.70929e-02
1.64187e+02	2.74894e+02	1.44482e+03	1.06919e+03	1.69968e+00	0.00000e+00	0.00000e+00	3.08881e+00	0.00000e+00	9.71788e-02
1.65171e+02	2.74915e+02	1.44417e+03	1.06953e+03	1.70153e+00	0.00000e+00	0.00000e+00	3.09650e+00	0.00000e+00	9.72645e-02
1.66154e+02	2.74936e+02	1.44353e+03	1.06987e+03	1.70338e+00	0.00000e+00	0.00000e+00	3.10421e+00	0.00000e+00	9.73502e-02
1.67137e+02	2.74957e+02	1.44289e+03	1.07021e+03	1.70522e+00	0.00000e+00	0.00000e+00	3.11192e+00	0.00000e+00	9.74359e-02
1.68120e+02	2.74978e+02	1.44224e+03	1.07054e+03	1.70706e+00	0.00000e+00	0.00000e+00	3.11963e+00	0.00000e+00	9.75214e-02
1.69103e+02	2.74999e+02	1.44160e+03	1.07088e+03	1.70891e+00	0.00000e+00	0.00000e+00	3.12735e+00	0.00000e+00	9.76068e-02
1.70086e+02	2.75020e+02	1.44096e+03	1.07122e+03	1.71075e+00	0.00000e+00	0.00000e+00	3.13508e+00	0.00000e+00	9.76922e-02
1.71069e+02	2.75041e+02	1.44032e+03	1.07155e+03	1.71259e+00	0.00000e+00	0.00000e+00	3.14281e+00	0.00000e+00	9.77775e-02
1.72052e+02	2.75063e+02	1.43967e+03	1.07189e+03	1.71443e+00	0.00000e+00	0.00000e+00	3.15055e+00	0.00000e+00	9.78627e-02
1.73036e+02	2.75084e+02	1.43903e+03	1.07222e+03	1.71626e+00	0.00000e+00	0.00000e+00	3.15830e+00	0.00000e+00	9.79478e-02
1.74019e+02	2.75105e+02	1.43839e+03	1.07255e+03	1.71810e+00	0.00000e+00	0.00000e+00	3.16604e+00	0.00000e+00	9.80328e-02
1.75002e+02	2.75127e+02	1.43775e+03	1.07289e+03	1.71994e+00	0.00000e+00	0.00000e+00	3.17380e+00	0.00000e+00	9.81178e-02
1.75985e+02	2.75148e+02	1.43711e+03	1.07322e+03	1.72177e+00	0.00000e+00	0.00000e+00	3.18156e+00	0.00000e+00	9.82026e-02
1.76968e+02	2.75170e+02	1.43648e+03	1.07355e+03	1.72361e+00	0.00000e+00	0.00000e+00	3.18932e+00	0.00000e+00	9.82874e-02
1.77951e+02	2.75192e+02	1.43584e+03	1.07388e+03	1.72544e+00	0.00000e+00	0.00000e+00	3.19709e+00	0.00000e+00	9.83722e-02
1.78934e+02	2.75214e+02	1.43520e+03	1.07421e+03	1.72727e+00	0.00000e+00	0.00000e+00	3.20486e+00	0.00000e+00	9.84568e-02
1.79918e+02	2.75235e+02	1.43456e+03	1.07454e+03	1.72910e+00	0.00000e+00	0.00000e+00	3.21264e+00	0.00000e+00	9.85414e-02
1.80901e+02	2.75257e+02	1.43393e+03	1.07487e+03	1.73093e+00	0.00000e+00	0.00000e+00	3.22042e+00	0.00000e+00	9.86259e-02
1.81884e+02	2.75279e+02	1.43329e+03	1.07520e+03	1.73275e+00	0.00000e+00	0.00000e+00	3.22821e+00	0.00000e+00	9.87103e-02
1.82867e+02	2.75301e+02	1.43265e+03	3.40494e+03	6.12228e+00	2.59400e+00	1.47645e+13	9.70764e+01	2.29113e+01	0.00000e+00
2.43751e+02	2.87291e+02	1.42022e+03	3.40494e+03	6.15261e+00	2.61321e+00	4.80049e+12	9.79712e+01	2.32714e+01	0.00000e+00
3.04635e+02	2.99164e+02	1.40779e+03	3.40776e+03	6.16787e+00	2.62464e+00	1.72577e+12	9.83838e+01	2.34856e+01	0.00000e+00
3.65569e+02	3.10920e+02	1.39536e+03	3.40928e+03	6.16775e+00	2.62337e+00	6.77450e+11	9.84238e+01	2.34664e+01	0.00000e+00
4.26531e+02	3.22560e+02	1.38293e+03	3.40979e+03	6.18195e+00	2.63444e+00	2.87298e+11	9.87626e+01	2.36680e+01	0.00000e+00
4.87502e+02	3.34081e+02	1.37050e+03	3.41001e+03	6.27315e+00	2.72157e+00	1.30448e+11	1.00418e+02	2.52438e+01	0.00000e+00
5.48476e+02	3.45486e+02	1.35807e+03	3.40686e+03	6.51278e+00	2.94666e+00	6.29336e+10	1.04751e+02	2.95353e+01	0.00000e+00
6.09395e+02	3.56772e+02	1.34564e+03	3.39712e+03	6.77668e+00	3.13862e+00	3.20462e+10	1.10689e+02	3.32558e+01	0.00000e+00
6.70139e+02	3.67941e+02	1.33321e+03	3.37579e+03	6.80659e+00	3.15801e+00	1.71233e+10	1.11426e+02	3.36414e+01	0.00000e+00
7.30502e+02	3.78991e+02	1.32078e+03	3.37324e+03	6.80642e+00	3.16495e+00	9.55075e+09	1.11171e+02	3.37742e+01	0.00000e+00
7.90819e+02	3.89922e+02	1.30835e+03	3.37171e+03	6.87679e+00	3.20969e+00	5.54124e+09	1.13506e+02	3.48543e+01	0.00000e+00
8.51109e+02	4.00735e+02	1.29592e+03	3.38260e+03	6.92442e+00	3.23954e+00	3.33201e+09	1.15052e+02	3.55598e+01	0.00000e+00
9.11594e+02	4.11428e+02	1.28349e+03	3.38838e+03	6.92822e+00	3.23997e+00	2.07062e+09	1.15195e+02	3.55624e+01	0.00000e+00
9.72182e+02	4.22002e+02	1.27106e+03	3.38773e+03	6.92745e+00	3.23561e+00	1.32575e+09	1.15399e+02	3.55014e+01	0.00000e+00
1.03276e+03	4.32455e+02	1.25863e+03	3.39104e+03	6.92958e+00	3.23422e+00	8.72172e+08	1.15571e+02	3.54803e+01	0.00000e+00
1.09339e+03	4.42789e+02	1.24620e+03	3.39193e+03	7.35008e+00	3.80054e+00	5.88296e+08	1.16677e+02	5.05462e+01	0.00000e+00
1.15404e+03	4.53002e+02	1.23377e+03	3.39182e+03	7.95068e+00	4.61283e+00	4.06013e+08	1.18193e+02	7.21802e+01	0.00000e+00
1.21469e+03	4.63094e+02	1.22134e+03	3.39222e+03	7.95346e+00	4.61247e+00	2.86184e+08	1.18355e+02	7.21672e+01	0.00000e+00
1.27535e+03	4.73065e+02	1.20891e+03	3.39213e+03	7.95420e+00	4.61001e+00	2.05695e+08	1.18543e+02	7.21180e+01	0.00000e+00
1.33601e+03	4.82914e+02	1.19649e+03	3.39344e+03	7.95457e+00	4.60733e+00	1.50536e+08	1.18732e+02	7.20689e+01	0.00000e+00
1.39668e+03	4.92641e+02	1.18406e+03	3.39507e+03	7.95725e+00	4.60660e+00	1.12034e+08	1.18913e+02	7.20496e+01	0.00000e+00
1.45739e+03	5.02246e+02	1.17163e+03	3.39524e+03	7.95381e+00	4.59980e+00	8.46923e+07	1.19159e+02	7.19265e+01	0.00000e+00
1.51810e+03	5.11727e+02	1.15920e+03	3.39947e+03	7.96029e+00	4.60348e+00	6.49599e+07	1.19277e+02	7.19936e+01	0.00000e+00
1.57889e+03	5.21085e+02	1.14677e+03	3.39721e+03	7.96222e+00	4.60212e+00	5.05100e+07	1.19467e+02	7.19684e+01	0.00000e+00
1.63963e+03	5.30319e+02	1.13434e+03	3.39803e+03	7.96327e+00	4.59977e+00	3.97731e+07	1.19673e+02	7.19261e+01	0.00000e+00
1.70039e+03	5.39429e+02	1.12191e+03	3.39949e+03	7.96618e+00	4.59947e+00	3.16934e+07	1.19853e+02	7.19225e+01	0.00000e+00
1.76118e+03	5.48413e+02	1.10948e+03	3.39976e+03	7.96478e+00	4.59422e+00	2.55389e+07	1.20106e+02	7.18247e+01	0.00000e+00
1.82197e+03	5.57272e+02	1.09705e+03	3.40290e+03	7.97017e+00	4.59651e+00	2.07965e+07	1.20261e+02	7.18711e+01	0.00000e+00
1.88282e+03	5.66005e+02	1.08462e+03	3.40172e+03	7.97130e+00	4.59411e+00	1.71038e+07	1.20481e+02	7.18308e+01	0.00000e+00
1.94365e+03	5.74611e+02	1.07219e+03	3.40336e+03	7.97367e+00	4.59336e+00	1.41979e+07	1.20672e+02	7.18266e+01	0.00000e+00
2.00450e+03	5.83090e+02	1.05976e+03	3.40427e+03	7.97406e+00	4.58991e+00	1.18902e+07	1.20916e+02	7.17654e+01	0.00000e+00
2.06537e+03	5.91440e+02	1.04733e+03	3.40649e+03	7.97607e+00	4.58821e+00	1.00409e+07	1.21141e+02	7.17380e+01	0.00000e+00
2.12629e+03	5.99662e+02	1.03490e+03	3.40772e+03	7.97984e+00	4.58872e+00	8.54667e+06	1.21329e+02	7.17571e+01	0.00000e+00
2.18722e+03	6.07754e+02	1.02247e+03	3.40786e+03	7.98240e+00	4.58779e+00	7.32956e+06	1.21542e+02	7.17488e+01	0.00000e+00
2.24816e+03	6.15715e+02	1.01004e+03	3.40884e+03	7.98396e+00	4.58567e+00	6.33059e+06	1.21778e+02	7.17190e+01	0.00000e+00
2.30911e+03	6.23546e+02	9.97607e+02	3.41058e+03	7.99050e+00	4.58904e+00	5.50497e+06	1.21941e+02	7.17932e+01	0.00000e+00
2.37010e+03	6.31244e+02	9.85177e+02	3.40910e+03	7.99150e+00	4.58614e+00	4.81811e+06	1.22194e+02	7.17486e+01	0.00000e+00
2.43105e+03	6.38810e+02	9.72747e+02	3.41129e+03	7.99386e+00	4.58473e+00	4.24284e+06	1.22431e+02	7.17332e+01	0.00000e+00
2.49205e+03	6.46242e+02	9.60317e+02	3.41266e+03	7.99727e+00	4.58456e+00	3.75843e+06	1.22650e+02	7.17434e+01	0.00000e+00
2.55307e+03	6.53539e+02	9.47887e+02	3.41340e+03	7.99967e+00	4.58307e+00	3.34818e+06	1.22897e+02	7.17275e+01	0.00000e+00
2.61411e+03	6.60700e+02	9.35457e+02	3.41486e+03	8.00249e+00	4.58210e+00	2.99887e+06	1.23137e+02	7.17237e+01	0.00000e+00
2.67517e+03	6.67724e+02	9.23027e+02	3.41613e+03	8.00566e+00	4.58154e+00	2.70001e+06	1.23373e+02	7.17295e+01	0.00000e+00
2.73625e+03	6.74609e+02	9.10597e+02	3.41723e+03	8.00940e+00	4.58174e+00	2.44312e+06	1.23598e+02	7.17524e+01	0.00000e+00
2.79736e+03	6.81356e+02	8.98167e+02	3.41803e+03	8.01307e+00	4.58155e+00	2.22132e+06	1.23839e+02	7.17652e+01	0.00000e+00
2.85848e+03	6.87962e+02	8.85737e+02	3.41892e+03	8.01683e+00	4.58149e+00	2.02903e+06	1.24081e+02	7.17823e+01	0.00000e+00
2.91961e+03	6.94425e+02	8.73308e+02	3.41982e+03	8.01938e+00	4.58039e+00	1.86171e+06	1.24332e+02	7.17855e+01	0.00000e+00
2.98076e+03	7.00745e+02	8.60878e+02	3.42162e+03	8.02388e+00	4.58098e+00	1.71560e+06	1.24574e+02	7.18153e+01	0.00000e+00
3.04194e+03	7.06920e+02	8.48448e+02	3.42215e+03	8.02791e+00	4.58133e+00	1.58763e+06	1.24816e+02	7.18463e+01	0.00000e+00
3.10313e+03	7.12948e+02	8.36018e+02	3.42311e+03	8.03217e+00	4.58181e+00	1.47519e+06	1.25060e+02	7.18787e+01	0.00000e+00
3.16434e+03	7.18828e+02	8.23588e+02	3.42395e+03	8.03670e+00	4.58224e+00	1.37616e+06	1.25318e+02	7.19080e+01	0.00000e+00
3.22557e+03	7.24558e+02	8.11158e+02	3.42469e+03	8.04068e+00	4.58232e+00	1.28874e+06	1.25578e+02	7.19355e+01	0.00000e+00
3.28680e+03	7.30135e+02	7.98728e+02	3.42588e+03	8.04296e+00	4.58036e+00	1.21143e+06	1.25872e+02	7.19233e+01	0.00000e+00
3.34806e+03	7.35558e+02	7.86298e+02	3.42824e+03	8.04776e+00	4.58119e+00	1.14296e+06	1.26130e+02	7.19654e+01	0.00000e+00
3.40936e+03	7.40825e+02	7.73868e+02	3.42899e+03	8.05122e+00	4.58032e+00	1.08229e+06	1.26422e+02	7.19748e+01	0.00000e+00
3.47068e+03	7.45932e+02	7.61438e+02	3.43074e+03	8.05633e+00	4.58177e+00	1.02847e+06	1.26669e+02	7.20347e+01	0.00000e+00
3.53202e+03	7.50878e+02	7.49009e+02	3.43143e+03	8.06108e+00	4.58252e+00	9.80747e+05	1.26939e+02	7.20803e+01	0.00000e+00
3.59338e+03	7.55661e+02	7.36579e+02	3.43248e+03	8.07136e+00	4.58288e+00	9.38461e+05	1.27721e+02	7.22203e+01	0.00000e+00
3.65476e+03	7.60276e+02	7.24149e+02	3.43861e+03	8.07940e+00	4.57950e+00	9.01055e+05	1.28755e+02	7.23642e+01	0.00000e+00
3.71624e+03	7.64721e+02	7.11719e+02	3.45055e+03	8.09496e+00	4.58424e+00	8.68118e+05	1.29605e+02	7.26165e+01	0.00000e+00
3.77794e+03	7.68993e+02	6.99289e+02	3.45541e+03	8.11745e+00	4.59565e+00	8.39307e+05	1.30461e+02	7.30218e+01	0.00000e+00
3.83973e+03	7.73089e+02	6.86859e+02	3.45747e+03	8.13480e+00	4.59984e+00	8.14196e+05	1.31538e+02	7.33111e+01	0.00000e+00
3.90155e+03	7.77003e+02	6.74429e+02	3.46485e+03	8.14698e+00	4.60314e+00	7.92474e+05	1.32285e+02	7.35278e+01	0.00000e+00
3.96351e+03	7.80733e+02	6.61999e+02	3.47010e+03	8.16250e+00	4.60717e+00	7.73962e+05	1.33223e+02	7.37850e+01	0.00000e+00
4.02556e+03	7.84275e+02	6.49569e+02	3.47615e+03	8.17180e+00	4.60921e+00	7.58449e+05	1.33788e+02	7.39184e+01	0.00000e+00
4.08771e+03	7.87622e+02	6.37139e+02	3.47936e+03	8.17680e+00	4.60989e+00	7.45795e+05	1.34103e+02	7.39731e+01	0.00000e+00
4.14993e+03	7.90771e+02	6.24710e+02	3.48090e+03	8.18153e+00	4.61081e+00	7.35865e+05	1.34398e+02	7.40380e+01	0.00000e+00
4.21217e+03	7.93715e+02	6.12280e+02	3.48258e+03	8.18705e+00	4.61184e+00	7.28574e+05	1.34729e+02	7.41047e+01	0.00000e+00
4.27444e+03	7.96450e+02	5.99850e+02	3.48416e+03	8.19255e+00	4.61316e+00	7.23889e+05	1.35038e+02	7.41756e+01	0.00000e+00
4.33674e+03	7.98967e+02	5.87420e+02	3.48548e+03	8.19927e+00	4.61460e+00	7.21813e+05	1.35405e+02	7.42464e+01	0.00000e+00
4.39907e+03	8.01261e+02	5.74990e+02	3.48665e+03	8.20534e+00	4.61626e+00	7.22382e+05	1.35737e+02	7.43308e+01	0.00000e+00
4.46141e+03	8.03324e+02	5.62560e+02	3.48809e+03	8.20995e+00	4.61753e+00	7.25677e+05	1.36018e+02	7.44102e+01	0.00000e+00
4.52378e+03	8.05147e+02	5.50130e+02	3.48990e+03	8.21694e+00	4.61955e+00	7.31826e+05	1.36382e+02	7.45031e+01	0.00000e+00
4.58619e+03	8.06721e+02	5.37700e+02	3.49119e+03	8.22276e+00	4.62078e+00	7.41007e+05	1.36733e+02	7.45811e+01	0.00000e+00
4.64861e+03	8.08037e+02	5.25270e+02	3.49300e+03	8.22892e+00	4.62228e+00	7.53450e+05	1.37091e+02	7.46673e+01	0.00000e+00
4.71107e+03	8.09082e+02	5.12840e+02	3.49475e+03	8.23528e+00	4.62416e+00	7.69463e+05	1.37443e+02	7.47640e+01	0.00000e+00
4.77356e+03	8.09847e+02	5.00410e+02	3.49644e+03	8.24161e+00	4.62607e+00	7.89432e+05	1.37792e+02	7.48621e+01	0.00000e+00
4.83608e+03	8.10316e+02	4.87981e+02	3.49814e+03	8.24826e+00	4.62779e+00	8.13844e+05	1.38167e+02	7.49534e+01	0.00000e+00
4.89863e+03	8.10476e+02	4.75551e+02	3.49980e+03	8.25587e+00	4.63047e+00	8.43313e+05	1.38552e+02	7.50732e+01	0.00000e+00
4.89863e+03	8.10476e+02	4.75551e+02	8.00000e+03	6.07820e+00	3.28438e+00	1.00000e+04	1.80493e+02	8.62973e+01	0.00000e+00
5.37130e+03	8.11377e+02	4.22712e+02	8.00000e+03	6.07820e+00	3.28438e+00	1.00000e+04	1.80493e+02	8.62973e+01	0.00000e+00
5.84397e+03	8.12277e+02	3.69873e+02	8.00000e+03	6.11535e+00	3.30232e+00	1.00000e+04	1.82857e+02	8.72426e+01	0.00000e+00
6.31664e+03	8.13178e+02	3.17034e+02	8.00000e+03	6.15227e+00	3.32016e+00	1.00000e+04	1.85220e+02	8.81879e+01	0.00000e+00
6.78931e+03	8.14078e+02	2.64195e+02	8.00000e+03	6.18898e+00	3.33791e+00	1.00000e+04	1.87583e+02	8.91333e+01	0.00000e+00
7.26197e+03	8.14979e+02	2.11356e+02	8.00000e+03	6.22547e+00	3.35557e+00	1.00000e+04	1.89947e+02	9.00786e+01	0.00000e+00
7.73464e+03	8.15879e+02	1.58517e+02	8.00000e+03	6.26174e+00	3.37313e+00	1.00000e+04	1.92310e+02	9.10239e+01	0.00000e+00
8.20731e+03	8.16780e+02	1.05678e+02	8.00000e+03	6.29781e+00	3.39060e+00	1.00000e+04	1.94673e+02	9.19693e+01	0.00000e+00
8.67998e+03	8.17680e+02	5.28390e+01	8.00000e+03	6.33367e+00	3.40798e+00	1.00000e+04	1.97037e+02	9.29146e+01	0.00000e+00
9.15265e+03	8.18581e+02	0.00000e+00	8.00000e+03	6.36933e+00	3.42527e+00	1.00000e+04	1.99400e+02	9.38600e+01	0.00000e+00
