1818.3	273.56
1893.9	277.11
1969.1	280.65
2044.2	284.18
2119.3	287.72
2194.4	291.25
2269.5	294.78
2344.7	298.3
2419.8	301.82
2495	305.34
2570.2	308.85
2645.4	312.36
2720.7	315.87
2796	319.37
2871.3	322.87
2946.6	326.37
3021.9	329.86
3097.3	333.35
3172.7	336.84
3248.1	340.32
3323.6	343.8
3399	347.27
3474.5	350.75
3550	354.22
3625.5	357.68
3701	361.14
3776.6	364.6
3852.1	368.06
3927.7	371.51
4003.3	374.96
4079	378.4
4154.6	381.84
4230.3	385.28
4306	388.72
4381.7	392.15
4457.4	395.57
4533.2	399
4609.5	402.42
4686.2	405.84
4763	409.25
4839.8	412.66
4916.6	416.07
4993.4	419.48
5070.2	422.88
5147.1	426.27
5224.1	429.67
5301	433.06
5378	436.45
5454.9	439.83
5531.9	443.21
5608.9	446.59
5685.9	449.96
5763	453.33
5840.1	456.7
5917.2	460.06
5994.4	463.42
6071.6	466.78
6148.9	470.13
6226.2	473.48
6303.6	476.83
6380.9	480.18
6458.3	483.52
6535.8	486.85
6613.3	490.19
6690.9	493.52
6768.6	496.85
6846.2	500.17
6923.9	503.49
7001.6	506.81
7079.4	510.12
7157.2	513.43
7235	516.74
7312.9	520.04
7390.8	523.34
7468.7	526.64
7546.7	529.94
7624.7	533.23
7702.7	536.52
7780.8	539.8
7858.9	543.08
7937	546.36
8015.1	549.63
8093.2	552.9
8171.3	556.17
8249.5	559.44
8327.7	562.7
8406	565.96
8484.3	569.21
8562.6	572.47
8640.9	575.71
8719.3	578.96
8797.7	582.2
8876.1	585.44
8954.5	588.68
9032.9	591.91
9111.4	595.14
9189.9	598.36
9268.4	601.59
9347	604.81
9425.7	608.02
9504.4	611.24
9583.2	614.45
9662.1	617.65
9741	620.86
9819.8	624.06
9898.7	627.26
9977.7	630.45
10057	633.64
10136	636.83
10214	640.01
10293	643.2
10372	646.37
10451	649.55
10530	652.72
10609	655.89
10688	659.06
10768	662.22
10847	665.38
10926	668.53
11005	671.69
11084	674.84
11163	677.98
11242	681.13
11321	684.27
11400	687.41
11480	690.54
11559	693.67
11638	696.8
11717	699.93
11796	703.05
11876	706.17
11955	709.29
12034	712.4
12113	715.51
12193	718.62
12272	721.72
12351	724.82
12431	727.92
12510	731.01
12589	734.1
12669	737.19
12748	740.28
12828	743.36
12907	746.44
12986	749.52
13066	752.59
13145	755.66
13225	758.73
13304	761.79
13384	764.86
13463	767.91
13543	770.97
13622	774.02
13702	777.07
13781	780.12
13861	783.16
13940	786.2
14020	789.24
14100	792.28
14179	795.31
14259	798.34
14339	801.36
14418	804.39
14498	807.41
14578	810.42
14658	813.44
14737	816.45
14817	819.46
14897	822.47
14977	825.47
15057	828.47
15137	831.47
15217	834.46
15297	837.45
15377	840.44
15457	843.43
15537	846.41
15617	849.39
15697	852.37
15777	855.34
15857	858.31
15937	861.28
16018	864.25
16098	867.21
16178	870.17
16258	873.13
16339	876.08
16419	879.03
16499	881.98
16580	884.93
16660	887.87
16741	890.81
16821	893.75
16901	896.69
16982	899.62
17062	902.55
17143	905.48
17224	908.4
17304	911.32
17385	914.24
17465	917.16
17546	920.07
17627	922.98
17707	925.89
17788	928.8
17869	931.7
17950	934.6
18031	937.5
18111	940.39
18192	943.28
18274	946.17
18355	949.06
18437	951.95
18518	954.83
18600	957.71
18682	960.58
18763	963.46
18845	966.33
18927	969.2
19008	972.06
19090	974.93
19172	977.79
19254	980.65
19335	983.5
19417	986.36
19499	989.21
19581	992.06
19663	994.9
19745	997.75
19827	1000.6
19909	1003.4
19991	1006.3
20073	1009.1
20155	1011.9
20237	1014.8
20319	1017.6
20401	1020.4
20483	1023.2
20565	1026
20648	1028.9
20730	1031.7
20812	1034.5
20894	1037.3
20978	1040.1
21063	1042.9
21148	1045.7
21233	1048.5
21318	1051.3
21403	1054.1
21488	1056.9
21573	1059.7
21659	1062.5
21744	1065.3
21829	1068.1
21914	1070.8
21999	1073.6
22085	1076.4
22170	1079.2
22256	1081.9
22341	1084.7
22427	1087.5
22513	1090.2
22599	1093
22685	1095.8
22771	1098.5
22857	1101.3
22944	1104
23030	1106.8
23117	1109.6
23203	1112.3
23290	1115
23377	1117.8
23465	1120.5
23552	1123.3
23639	1126
23726	1128.8
23814	1131.5
23902	1134.2
23989	1136.9
24077	1139.7
24165	1142.4
24253	1145.1
24342	1147.9
24430	1150.6
24518	1153.3
24607	1156
24696	1158.7
24785	1161.4
24873	1164.1
24962	1166.9
25051	1169.6
25140	1172.3
25229	1175
25318	1177.7
25407	1180.4
25496	1183.1
25585	1185.8
25674	1188.5
25763	1191.2
25853	1193.9
25942	1196.5
26031	1199.2
26120	1201.9
26210	1204.6
26299	1207.3
26389	1210
26478	1212.6
26568	1215.3
26658	1218
26748	1220.7
26838	1223.3
26928	1226
27018	1228.7
27108	1231.4
27199	1234
27289	1236.7
27380	1239.3
27470	1242
27561	1244.7
27651	1247.3
27742	1250
27834	1252.6
27926	1255.3
28019	1258
28113	1260.6
28206	1263.3
28299	1265.9
28393	1268.6
28486	1271.2
28579	1273.8
28672	1276.5
28766	1279.1
28859	1281.8
28952	1284.4
29046	1287.1
29139	1289.7
29232	1292.3
29325	1295
29419	1297.6
29512	1300.2
29605	1302.9
29699	1305.5
29792	1308.1
29885	1310.8
29979	1313.4
30072	1316
30165	1318.6
30259	1321.3
30352	1323.9
30446	1326.5
30539	1329.1
30632	1331.8
30726	1334.4
30819	1337
30912	1339.6
31006	1342.2
31099	1344.9
31193	1347.5
31286	1350.1
31379	1352.7
31473	1355.3
31566	1357.9
31660	1360.6
31753	1363.2
31846	1365.8
31940	1368.4
32033	1371
32127	1373.6
32220	1376.2
32314	1378.8
32407	1381.4
32500	1384.1
32594	1386.7
32687	1389.3
32781	1391.9
32874	1394.5
32968	1397.1
33061	1399.7
33155	1402.3
33248	1404.9
33342	1407.5
33435	1410.1
33529	1412.7
33622	1415.3
33716	1417.9
33809	1420.5
33903	1423.2
33996	1425.8
34090	1428.4
34183	1431
34277	1433.6
34370	1436.2
34464	1438.8
34557	1441.4
34651	1444
34744	1446.6
34838	1449.2
34932	1451.8
35025	1454.4
35119	1457
35212	1459.6
35306	1462.3
35399	1464.9
35493	1467.5
35587	1470.1
35680	1472.7
35774	1475.3
35867	1477.9
35961	1480.5
36055	1483.1
36148	1485.8
36242	1488.4
36336	1491
36429	1493.6
36523	1496.2
36616	1498.8
36710	1501.5
36804	1504.1
36897	1506.7
36991	1509.3
37085	1512
37178	1514.6
37272	1517.2
37366	1519.8
37459	1522.5
37553	1525.1
37647	1527.7
37741	1530.4
37834	1533
37928	1535.6
38022	1538.3
38115	1540.9
38209	1543.5
38303	1546.2
38397	1548.8
38490	1551.5
38584	1554.1
38678	1556.8
38772	1559.4
38865	1562.1
38959	1564.7
39053	1567.4
39147	1570
39240	1572.7
39334	1575.4
39428	1578
39522	1580.7
39616	1583.4
39709	1586.1
39803	1588.7
39897	1591.4
39991	1594.1
40085	1596.8
40178	1599.5
40272	1602.1
40366	1604.8
40460	1607.5
40554	1610.2
40648	1612.9
40742	1615.6
40835	1618.3
40929	1621
41023	1623.8
41117	1626.5
41211	1629.2
41305	1631.9
41399	1634.6
41493	1637.4
41586	1640.1
41680	1642.8
41774	1645.6
41868	1648.3
41962	1651.1
42056	1653.8
42150	1656.6
