P (MPa)		T (K)		r (km)		rho (kg m-3)	VP (km s-1)	VS (km s-1)	QS/gamma	k for 0.01 mol/kg MgSO4 (S m-1)	
0.00000e+00	1.10000e+02	1.56100e+03	9.31840e+02	3.87940e+00	1.96225e+00	3.05824e+04	0.00000e+00
1.92696e+00	1.46732e+02	1.55955e+03	9.31840e+02	3.88440e+00	1.96508e+00	1.99334e+03	0.00000e+00
3.85392e+00	1.95729e+02	1.55798e+03	9.31810e+02	3.89367e+00	1.97007e+00	2.57368e+02	0.00000e+00
5.78089e+00	2.61087e+02	1.55641e+03	9.31749e+02	3.91100e+00	1.97914e+00	5.54729e+01	0.00000e+00
7.70785e+00	2.61095e+02	1.55484e+03	9.31653e+02	3.91219e+00	1.98005e+00	5.54645e+01	0.00000e+00
9.63481e+00	2.61104e+02	1.55327e+03	9.31518e+02	3.91338e+00	1.98095e+00	5.54556e+01	0.00000e+00
1.15618e+01	2.61114e+02	1.55171e+03	9.31338e+02	3.91456e+00	1.98185e+00	5.54464e+01	0.00000e+00
1.34887e+01	2.61124e+02	1.55014e+03	9.31106e+02	3.91574e+00	1.98275e+00	5.54367e+01	0.00000e+00
1.54157e+01	2.61134e+02	1.54858e+03	9.30815e+02	3.91691e+00	1.98364e+00	5.54266e+01	0.00000e+00
1.73427e+01	2.61145e+02	1.54702e+03	9.30457e+02	3.91808e+00	1.98453e+00	5.54160e+01	0.00000e+00
1.92696e+01	2.61157e+02	1.54546e+03	9.30023e+02	3.91925e+00	1.98542e+00	5.54048e+01	0.00000e+00
2.11966e+01	2.61169e+02	1.54390e+03	9.29504e+02	3.92041e+00	1.98631e+00	5.53932e+01	0.00000e+00
2.31235e+01	2.61181e+02	1.54234e+03	9.28890e+02	3.92156e+00	1.98719e+00	5.53809e+01	0.00000e+00
2.50505e+01	2.61194e+02	1.54078e+03	9.28172e+02	3.92271e+00	1.98807e+00	5.53681e+01	0.00000e+00
2.69775e+01	2.61208e+02	1.53923e+03	9.27340e+02	3.92386e+00	1.98895e+00	5.53547e+01	0.00000e+00
2.89044e+01	2.61222e+02	1.53767e+03	9.26389e+02	3.92500e+00	1.98982e+00	5.53406e+01	0.00000e+00
3.08314e+01	2.61238e+02	1.53611e+03	9.25313e+02	3.92614e+00	1.99070e+00	5.53259e+01	0.00000e+00
3.27584e+01	2.61254e+02	1.53455e+03	9.24114e+02	3.92727e+00	1.99157e+00	5.53105e+01	0.00000e+00
3.46853e+01	2.61270e+02	1.53300e+03	9.22798e+02	3.92840e+00	1.99244e+00	5.52943e+01	0.00000e+00
3.66123e+01	2.69800e+02	1.53144e+03	9.21378e+02	3.93191e+00	1.99451e+00	4.78215e+01	0.00000e+00
3.73648e+01	2.69807e+02	1.53094e+03	1.12362e+03	1.59706e+00	0.00000e+00	0.00000e+00	7.50176e-02
3.81174e+01	2.69814e+02	1.53044e+03	1.12391e+03	1.59854e+00	0.00000e+00	0.00000e+00	7.50975e-02
3.88699e+01	2.69821e+02	1.52994e+03	1.12421e+03	1.60002e+00	0.00000e+00	0.00000e+00	7.51772e-02
3.96224e+01	2.69829e+02	1.52944e+03	1.12450e+03	1.60150e+00	0.00000e+00	0.00000e+00	7.52568e-02
4.03750e+01	2.69836e+02	1.52895e+03	1.12479e+03	1.60298e+00	0.00000e+00	0.00000e+00	7.53362e-02
4.11275e+01	2.69843e+02	1.52845e+03	1.12509e+03	1.60445e+00	0.00000e+00	0.00000e+00	7.54154e-02
4.18800e+01	2.69851e+02	1.52795e+03	1.12538e+03	1.60593e+00	0.00000e+00	0.00000e+00	7.54945e-02
4.26326e+01	2.69858e+02	1.52745e+03	1.12567e+03	1.60741e+00	0.00000e+00	0.00000e+00	7.55735e-02
4.33851e+01	2.69866e+02	1.52696e+03	1.12596e+03	1.60888e+00	0.00000e+00	0.00000e+00	7.56522e-02
4.41376e+01	2.69873e+02	1.52646e+03	1.12625e+03	1.61036e+00	0.00000e+00	0.00000e+00	7.57308e-02
4.48902e+01	2.69881e+02	1.52596e+03	1.12654e+03	1.61183e+00	0.00000e+00	0.00000e+00	7.58093e-02
4.56427e+01	2.69888e+02	1.52547e+03	1.12683e+03	1.61330e+00	0.00000e+00	0.00000e+00	7.58875e-02
4.63953e+01	2.69896e+02	1.52497e+03	1.12712e+03	1.61477e+00	0.00000e+00	0.00000e+00	7.59657e-02
4.71478e+01	2.69904e+02	1.52448e+03	1.12741e+03	1.61624e+00	0.00000e+00	0.00000e+00	7.60436e-02
4.79003e+01	2.69912e+02	1.52398e+03	1.12770e+03	1.61771e+00	0.00000e+00	0.00000e+00	7.61214e-02
4.86529e+01	2.69920e+02	1.52349e+03	1.12798e+03	1.61918e+00	0.00000e+00	0.00000e+00	7.61991e-02
4.94054e+01	2.69928e+02	1.52299e+03	1.12827e+03	1.62065e+00	0.00000e+00	0.00000e+00	7.62765e-02
5.01579e+01	2.69936e+02	1.52250e+03	1.12856e+03	1.62212e+00	0.00000e+00	0.00000e+00	7.63539e-02
5.09105e+01	2.69944e+02	1.52200e+03	1.12884e+03	1.62358e+00	0.00000e+00	0.00000e+00	7.64310e-02
5.16630e+01	2.69952e+02	1.52151e+03	1.12913e+03	1.62504e+00	0.00000e+00	0.00000e+00	7.65080e-02
5.24155e+01	2.69960e+02	1.52102e+03	1.12941e+03	1.62651e+00	0.00000e+00	0.00000e+00	7.65848e-02
5.31681e+01	2.69968e+02	1.52052e+03	1.12970e+03	1.62797e+00	0.00000e+00	0.00000e+00	7.66615e-02
5.39206e+01	2.69977e+02	1.52003e+03	1.12998e+03	1.62943e+00	0.00000e+00	0.00000e+00	7.67380e-02
5.46732e+01	2.69985e+02	1.51954e+03	1.13026e+03	1.63089e+00	0.00000e+00	0.00000e+00	7.68144e-02
5.54257e+01	2.69993e+02	1.51905e+03	1.13055e+03	1.63234e+00	0.00000e+00	0.00000e+00	7.68906e-02
5.61782e+01	2.70002e+02	1.51855e+03	1.13083e+03	1.63380e+00	0.00000e+00	0.00000e+00	7.69666e-02
5.69308e+01	2.70010e+02	1.51806e+03	1.13111e+03	1.63526e+00	0.00000e+00	0.00000e+00	7.70425e-02
5.76833e+01	2.70019e+02	1.51757e+03	1.13139e+03	1.63671e+00	0.00000e+00	0.00000e+00	7.71182e-02
5.84358e+01	2.70028e+02	1.51708e+03	1.13167e+03	1.63816e+00	0.00000e+00	0.00000e+00	7.71938e-02
5.91884e+01	2.70036e+02	1.51659e+03	1.13195e+03	1.63961e+00	0.00000e+00	0.00000e+00	7.72692e-02
5.99409e+01	2.70045e+02	1.51610e+03	1.13223e+03	1.64106e+00	0.00000e+00	0.00000e+00	7.73444e-02
6.06934e+01	2.70054e+02	1.51561e+03	1.13251e+03	1.64251e+00	0.00000e+00	0.00000e+00	7.74195e-02
6.14460e+01	2.70062e+02	1.51512e+03	1.13279e+03	1.64396e+00	0.00000e+00	0.00000e+00	7.74944e-02
6.21985e+01	2.70071e+02	1.51463e+03	1.13307e+03	1.64541e+00	0.00000e+00	0.00000e+00	7.75691e-02
6.29511e+01	2.70080e+02	1.51414e+03	1.13335e+03	1.64685e+00	0.00000e+00	0.00000e+00	7.76437e-02
6.37036e+01	2.70089e+02	1.51365e+03	1.13362e+03	1.64830e+00	0.00000e+00	0.00000e+00	7.77182e-02
6.44561e+01	2.70098e+02	1.51316e+03	1.13390e+03	1.64974e+00	0.00000e+00	0.00000e+00	7.77925e-02
6.52087e+01	2.70107e+02	1.51267e+03	1.13418e+03	1.65118e+00	0.00000e+00	0.00000e+00	7.78666e-02
6.59612e+01	2.70116e+02	1.51218e+03	1.13445e+03	1.65262e+00	0.00000e+00	0.00000e+00	7.79405e-02
6.67137e+01	2.70125e+02	1.51169e+03	1.13473e+03	1.65406e+00	0.00000e+00	0.00000e+00	7.80143e-02
6.74663e+01	2.70135e+02	1.51120e+03	1.13500e+03	1.65550e+00	0.00000e+00	0.00000e+00	7.80880e-02
6.82188e+01	2.70144e+02	1.51072e+03	1.13528e+03	1.65693e+00	0.00000e+00	0.00000e+00	7.81615e-02
6.89713e+01	2.70153e+02	1.51023e+03	1.13555e+03	1.65837e+00	0.00000e+00	0.00000e+00	7.82348e-02
6.97239e+01	2.70162e+02	1.50974e+03	1.13582e+03	1.65981e+00	0.00000e+00	0.00000e+00	7.83080e-02
7.04764e+01	2.70172e+02	1.50925e+03	1.13610e+03	1.66124e+00	0.00000e+00	0.00000e+00	7.83810e-02
7.12290e+01	2.70181e+02	1.50877e+03	1.13637e+03	1.66267e+00	0.00000e+00	0.00000e+00	7.84538e-02
7.19815e+01	2.70191e+02	1.50828e+03	1.13664e+03	1.66410e+00	0.00000e+00	0.00000e+00	7.85265e-02
7.27340e+01	2.70200e+02	1.50779e+03	1.13691e+03	1.66553e+00	0.00000e+00	0.00000e+00	7.85991e-02
7.34866e+01	2.70210e+02	1.50731e+03	1.13718e+03	1.66696e+00	0.00000e+00	0.00000e+00	7.86714e-02
7.42391e+01	2.70219e+02	1.50682e+03	1.13745e+03	1.66839e+00	0.00000e+00	0.00000e+00	7.87437e-02
7.49916e+01	2.70229e+02	1.50634e+03	1.13772e+03	1.66981e+00	0.00000e+00	0.00000e+00	7.88157e-02
7.57442e+01	2.70239e+02	1.50585e+03	1.13799e+03	1.67124e+00	0.00000e+00	0.00000e+00	7.88876e-02
7.64967e+01	2.70248e+02	1.50537e+03	1.13826e+03	1.67266e+00	0.00000e+00	0.00000e+00	7.89594e-02
7.72492e+01	2.70258e+02	1.50488e+03	1.13853e+03	1.67409e+00	0.00000e+00	0.00000e+00	7.90310e-02
7.80018e+01	2.70268e+02	1.50440e+03	1.13880e+03	1.67551e+00	0.00000e+00	0.00000e+00	7.91024e-02
7.87543e+01	2.70278e+02	1.50391e+03	1.13907e+03	1.67693e+00	0.00000e+00	0.00000e+00	7.91737e-02
7.95068e+01	2.70288e+02	1.50343e+03	1.13933e+03	1.67835e+00	0.00000e+00	0.00000e+00	7.92448e-02
8.02594e+01	2.70298e+02	1.50295e+03	1.13960e+03	1.67977e+00	0.00000e+00	0.00000e+00	7.93158e-02
8.10119e+01	2.70308e+02	1.50246e+03	1.13987e+03	1.68118e+00	0.00000e+00	0.00000e+00	7.93866e-02
8.17645e+01	2.70318e+02	1.50198e+03	1.14013e+03	1.68260e+00	0.00000e+00	0.00000e+00	7.94572e-02
8.25170e+01	2.70328e+02	1.50150e+03	1.14040e+03	1.68401e+00	0.00000e+00	0.00000e+00	7.95277e-02
8.32695e+01	2.70338e+02	1.50101e+03	1.14066e+03	1.68542e+00	0.00000e+00	0.00000e+00	7.95981e-02
8.40221e+01	2.70348e+02	1.50053e+03	1.14093e+03	1.68684e+00	0.00000e+00	0.00000e+00	7.96683e-02
8.47746e+01	2.70358e+02	1.50005e+03	1.14119e+03	1.68825e+00	0.00000e+00	0.00000e+00	7.97383e-02
8.55271e+01	2.70368e+02	1.49957e+03	1.14146e+03	1.68965e+00	0.00000e+00	0.00000e+00	7.98082e-02
8.62797e+01	2.70379e+02	1.49909e+03	1.14172e+03	1.69106e+00	0.00000e+00	0.00000e+00	7.98779e-02
8.70322e+01	2.70389e+02	1.49861e+03	1.14198e+03	1.69247e+00	0.00000e+00	0.00000e+00	7.99475e-02
8.77847e+01	2.70399e+02	1.49812e+03	1.14225e+03	1.69387e+00	0.00000e+00	0.00000e+00	8.00169e-02
8.85373e+01	2.70410e+02	1.49764e+03	1.14251e+03	1.69528e+00	0.00000e+00	0.00000e+00	8.00862e-02
8.92898e+01	2.70420e+02	1.49716e+03	1.14277e+03	1.69668e+00	0.00000e+00	0.00000e+00	8.01553e-02
9.00424e+01	2.70431e+02	1.49668e+03	1.14303e+03	1.69808e+00	0.00000e+00	0.00000e+00	8.02242e-02
9.07949e+01	2.70441e+02	1.49620e+03	1.14329e+03	1.69948e+00	0.00000e+00	0.00000e+00	8.02930e-02
9.15474e+01	2.70452e+02	1.49572e+03	1.14355e+03	1.70088e+00	0.00000e+00	0.00000e+00	8.03617e-02
9.23000e+01	2.70462e+02	1.49524e+03	1.14381e+03	1.70227e+00	0.00000e+00	0.00000e+00	8.04302e-02
9.30525e+01	2.70473e+02	1.49476e+03	1.14407e+03	1.70367e+00	0.00000e+00	0.00000e+00	8.04985e-02
9.38050e+01	2.70483e+02	1.49429e+03	1.14433e+03	1.70506e+00	0.00000e+00	0.00000e+00	8.05667e-02
9.45576e+01	2.70494e+02	1.49381e+03	1.14459e+03	1.70645e+00	0.00000e+00	0.00000e+00	8.06347e-02
9.53101e+01	2.70505e+02	1.49333e+03	1.14485e+03	1.70784e+00	0.00000e+00	0.00000e+00	8.07026e-02
9.60626e+01	2.70516e+02	1.49285e+03	1.14510e+03	1.70923e+00	0.00000e+00	0.00000e+00	8.07704e-02
9.68152e+01	2.70526e+02	1.49237e+03	1.14536e+03	1.71062e+00	0.00000e+00	0.00000e+00	8.08379e-02
9.75677e+01	2.70537e+02	1.49189e+03	1.14562e+03	1.71200e+00	0.00000e+00	0.00000e+00	8.09054e-02
9.83203e+01	2.70548e+02	1.49142e+03	1.14588e+03	1.71339e+00	0.00000e+00	0.00000e+00	8.09727e-02
9.90728e+01	2.70559e+02	1.49094e+03	1.14613e+03	1.71477e+00	0.00000e+00	0.00000e+00	8.10398e-02
9.98253e+01	2.70570e+02	1.49046e+03	1.14639e+03	1.71615e+00	0.00000e+00	0.00000e+00	8.11068e-02
1.00578e+02	2.70581e+02	1.48999e+03	1.14664e+03	1.71753e+00	0.00000e+00	0.00000e+00	8.11736e-02
1.01330e+02	2.70592e+02	1.48951e+03	1.14690e+03	1.71891e+00	0.00000e+00	0.00000e+00	8.12403e-02
1.02083e+02	2.70603e+02	1.48903e+03	1.14715e+03	1.72028e+00	0.00000e+00	0.00000e+00	8.13068e-02
1.02835e+02	2.70614e+02	1.48856e+03	1.14741e+03	1.72166e+00	0.00000e+00	0.00000e+00	8.13732e-02
1.03588e+02	2.70625e+02	1.48808e+03	1.14766e+03	1.72303e+00	0.00000e+00	0.00000e+00	8.14394e-02
1.04341e+02	2.70636e+02	1.48761e+03	1.14791e+03	1.72440e+00	0.00000e+00	0.00000e+00	8.15055e-02
1.05093e+02	2.70647e+02	1.48713e+03	1.14817e+03	1.72577e+00	0.00000e+00	0.00000e+00	8.15715e-02
1.05846e+02	2.70659e+02	1.48666e+03	1.14842e+03	1.72714e+00	0.00000e+00	0.00000e+00	8.16373e-02
1.06598e+02	2.70670e+02	1.48618e+03	1.14867e+03	1.72850e+00	0.00000e+00	0.00000e+00	8.17029e-02
1.07351e+02	2.70681e+02	1.48571e+03	1.14892e+03	1.72987e+00	0.00000e+00	0.00000e+00	8.17684e-02
1.08103e+02	2.70692e+02	1.48523e+03	1.14917e+03	1.73123e+00	0.00000e+00	0.00000e+00	8.18338e-02
1.08856e+02	2.70704e+02	1.48476e+03	1.14942e+03	1.73259e+00	0.00000e+00	0.00000e+00	8.18990e-02
1.09608e+02	2.70715e+02	1.48428e+03	1.14967e+03	1.73395e+00	0.00000e+00	0.00000e+00	8.19640e-02
1.10361e+02	2.70726e+02	1.48381e+03	1.14992e+03	1.73530e+00	0.00000e+00	0.00000e+00	8.20289e-02
1.11113e+02	2.70738e+02	1.48334e+03	1.15017e+03	1.73666e+00	0.00000e+00	0.00000e+00	8.20937e-02
1.11866e+02	2.70749e+02	1.48287e+03	1.15042e+03	1.73801e+00	0.00000e+00	0.00000e+00	8.21583e-02
1.12618e+02	2.70761e+02	1.48239e+03	1.15067e+03	1.73936e+00	0.00000e+00	0.00000e+00	8.22228e-02
1.13371e+02	2.70772e+02	1.48192e+03	1.15092e+03	1.74072e+00	0.00000e+00	0.00000e+00	8.22871e-02
1.14124e+02	2.70784e+02	1.48145e+03	1.15117e+03	1.74206e+00	0.00000e+00	0.00000e+00	8.23513e-02
1.14876e+02	2.70796e+02	1.48098e+03	1.15142e+03	1.74341e+00	0.00000e+00	0.00000e+00	8.24154e-02
1.15629e+02	2.70807e+02	1.48050e+03	1.15166e+03	1.74476e+00	0.00000e+00	0.00000e+00	8.24793e-02
1.16381e+02	2.70819e+02	1.48003e+03	1.15191e+03	1.74610e+00	0.00000e+00	0.00000e+00	8.25430e-02
1.17134e+02	2.70831e+02	1.47956e+03	1.15216e+03	1.74744e+00	0.00000e+00	0.00000e+00	8.26067e-02
1.17886e+02	2.70842e+02	1.47909e+03	1.15240e+03	1.74878e+00	0.00000e+00	0.00000e+00	8.26701e-02
1.18639e+02	2.70854e+02	1.47862e+03	1.15265e+03	1.75012e+00	0.00000e+00	0.00000e+00	8.27335e-02
1.19391e+02	2.70866e+02	1.47815e+03	1.15290e+03	1.75146e+00	0.00000e+00	0.00000e+00	8.27967e-02
1.20144e+02	2.70878e+02	1.47768e+03	1.15314e+03	1.75279e+00	0.00000e+00	0.00000e+00	8.28597e-02
1.20896e+02	2.70889e+02	1.47721e+03	1.15339e+03	1.75413e+00	0.00000e+00	0.00000e+00	8.29226e-02
1.21649e+02	2.70901e+02	1.47674e+03	1.15363e+03	1.75546e+00	0.00000e+00	0.00000e+00	8.29854e-02
1.22401e+02	2.70913e+02	1.47627e+03	1.15387e+03	1.75679e+00	0.00000e+00	0.00000e+00	8.30480e-02
1.23154e+02	2.70925e+02	1.47580e+03	1.15412e+03	1.75812e+00	0.00000e+00	0.00000e+00	8.31105e-02
1.23906e+02	2.70937e+02	1.47533e+03	1.15436e+03	1.75945e+00	0.00000e+00	0.00000e+00	8.31729e-02
1.24659e+02	2.70949e+02	1.47486e+03	1.15460e+03	1.76077e+00	0.00000e+00	0.00000e+00	8.32351e-02
1.25412e+02	2.70961e+02	1.47439e+03	1.15485e+03	1.76210e+00	0.00000e+00	0.00000e+00	8.32972e-02
1.26164e+02	2.70973e+02	1.47393e+03	1.15509e+03	1.76342e+00	0.00000e+00	0.00000e+00	8.33591e-02
1.26917e+02	2.70985e+02	1.47346e+03	1.15533e+03	1.76474e+00	0.00000e+00	0.00000e+00	8.34209e-02
1.27669e+02	2.70997e+02	1.47299e+03	1.15557e+03	1.76606e+00	0.00000e+00	0.00000e+00	8.34826e-02
1.28422e+02	2.71009e+02	1.47252e+03	1.15581e+03	1.76738e+00	0.00000e+00	0.00000e+00	8.35442e-02
1.29174e+02	2.71021e+02	1.47205e+03	1.15605e+03	1.76870e+00	0.00000e+00	0.00000e+00	8.36056e-02
1.29927e+02	2.71034e+02	1.47159e+03	1.15629e+03	1.77001e+00	0.00000e+00	0.00000e+00	8.36668e-02
1.30679e+02	2.71046e+02	1.47112e+03	1.15653e+03	1.77132e+00	0.00000e+00	0.00000e+00	8.37279e-02
1.31432e+02	2.71058e+02	1.47065e+03	1.15677e+03	1.77263e+00	0.00000e+00	0.00000e+00	8.37889e-02
1.32184e+02	2.71070e+02	1.47019e+03	1.15701e+03	1.77394e+00	0.00000e+00	0.00000e+00	8.38498e-02
1.32937e+02	2.71082e+02	1.46972e+03	1.15725e+03	1.77525e+00	0.00000e+00	0.00000e+00	8.39105e-02
1.33689e+02	2.71095e+02	1.46926e+03	1.15749e+03	1.77656e+00	0.00000e+00	0.00000e+00	8.39711e-02
1.34442e+02	2.71107e+02	1.46879e+03	1.15773e+03	1.77786e+00	0.00000e+00	0.00000e+00	8.40316e-02
1.35195e+02	2.71119e+02	1.46833e+03	1.15797e+03	1.77916e+00	0.00000e+00	0.00000e+00	8.40919e-02
1.35947e+02	2.71132e+02	1.46786e+03	1.15820e+03	1.78047e+00	0.00000e+00	0.00000e+00	8.41521e-02
1.36700e+02	2.71144e+02	1.46739e+03	1.15844e+03	1.78176e+00	0.00000e+00	0.00000e+00	8.42122e-02
1.37452e+02	2.71157e+02	1.46693e+03	1.15868e+03	1.78306e+00	0.00000e+00	0.00000e+00	8.42721e-02
1.38205e+02	2.71169e+02	1.46647e+03	1.15892e+03	1.78436e+00	0.00000e+00	0.00000e+00	8.43320e-02
1.38957e+02	2.71182e+02	1.46600e+03	1.15915e+03	1.78565e+00	0.00000e+00	0.00000e+00	8.43916e-02
1.39710e+02	2.71194e+02	1.46554e+03	1.15939e+03	1.78694e+00	0.00000e+00	0.00000e+00	8.44512e-02
1.40462e+02	2.71207e+02	1.46507e+03	1.15962e+03	1.78823e+00	0.00000e+00	0.00000e+00	8.45106e-02
1.41215e+02	2.71219e+02	1.46461e+03	1.15986e+03	1.78952e+00	0.00000e+00	0.00000e+00	8.45699e-02
1.41967e+02	2.71232e+02	1.46415e+03	1.16009e+03	1.79081e+00	0.00000e+00	0.00000e+00	8.46291e-02
1.42720e+02	2.71244e+02	1.46368e+03	1.16033e+03	1.79209e+00	0.00000e+00	0.00000e+00	8.46881e-02
1.43472e+02	2.71257e+02	1.46322e+03	1.16056e+03	1.79338e+00	0.00000e+00	0.00000e+00	8.47471e-02
1.44225e+02	2.71270e+02	1.46276e+03	1.16080e+03	1.79466e+00	0.00000e+00	0.00000e+00	8.48059e-02
1.44978e+02	2.71282e+02	1.46230e+03	1.16103e+03	1.79593e+00	0.00000e+00	0.00000e+00	8.48645e-02
1.45730e+02	2.71295e+02	1.46183e+03	1.16126e+03	1.79721e+00	0.00000e+00	0.00000e+00	8.49231e-02
1.46483e+02	2.71308e+02	1.46137e+03	1.16149e+03	1.79849e+00	0.00000e+00	0.00000e+00	8.49815e-02
1.47235e+02	2.71321e+02	1.46091e+03	1.16173e+03	1.79976e+00	0.00000e+00	0.00000e+00	8.50398e-02
1.47988e+02	2.71333e+02	1.46045e+03	1.16196e+03	1.80103e+00	0.00000e+00	0.00000e+00	8.50980e-02
1.48740e+02	2.71346e+02	1.45999e+03	1.16219e+03	1.80230e+00	0.00000e+00	0.00000e+00	8.51560e-02
1.49493e+02	2.71359e+02	1.45953e+03	1.16242e+03	1.80357e+00	0.00000e+00	0.00000e+00	8.52140e-02
1.50245e+02	2.71372e+02	1.45907e+03	1.16265e+03	1.80483e+00	0.00000e+00	0.00000e+00	8.52718e-02
1.50998e+02	2.71385e+02	1.45861e+03	1.16288e+03	1.80609e+00	0.00000e+00	0.00000e+00	8.53295e-02
1.51750e+02	2.71398e+02	1.45815e+03	1.16312e+03	1.80735e+00	0.00000e+00	0.00000e+00	8.53871e-02
1.52503e+02	2.71410e+02	1.45769e+03	1.16335e+03	1.80861e+00	0.00000e+00	0.00000e+00	8.54445e-02
1.53255e+02	2.71423e+02	1.45723e+03	1.16358e+03	1.80987e+00	0.00000e+00	0.00000e+00	8.55019e-02
1.54008e+02	2.71436e+02	1.45677e+03	1.16381e+03	1.81112e+00	0.00000e+00	0.00000e+00	8.55591e-02
1.54760e+02	2.71449e+02	1.45631e+03	1.16403e+03	1.81238e+00	0.00000e+00	0.00000e+00	8.56162e-02
1.55513e+02	2.71462e+02	1.45585e+03	1.16426e+03	1.81363e+00	0.00000e+00	0.00000e+00	8.56732e-02
1.56266e+02	2.71475e+02	1.45539e+03	1.16449e+03	1.81487e+00	0.00000e+00	0.00000e+00	8.57300e-02
1.57018e+02	2.71488e+02	1.45493e+03	1.16472e+03	1.81612e+00	0.00000e+00	0.00000e+00	8.57868e-02
1.57771e+02	2.71501e+02	1.45447e+03	1.16495e+03	1.81737e+00	0.00000e+00	0.00000e+00	8.58434e-02
1.58523e+02	2.71515e+02	1.45402e+03	1.16518e+03	1.81861e+00	0.00000e+00	0.00000e+00	8.59000e-02
1.59276e+02	2.71528e+02	1.45356e+03	1.16540e+03	1.81985e+00	0.00000e+00	0.00000e+00	8.59564e-02
1.60028e+02	2.71541e+02	1.45310e+03	1.16563e+03	1.82109e+00	0.00000e+00	0.00000e+00	8.60127e-02
1.60781e+02	2.71554e+02	1.45264e+03	1.16586e+03	1.82232e+00	0.00000e+00	0.00000e+00	8.60689e-02
1.61533e+02	2.71567e+02	1.45219e+03	1.16608e+03	1.82356e+00	0.00000e+00	0.00000e+00	8.61250e-02
1.62286e+02	2.71580e+02	1.45173e+03	1.16631e+03	1.82479e+00	0.00000e+00	0.00000e+00	8.61809e-02
1.63038e+02	2.71593e+02	1.45127e+03	1.16654e+03	1.82602e+00	0.00000e+00	0.00000e+00	8.62368e-02
1.63791e+02	2.71607e+02	1.45082e+03	1.16676e+03	1.82725e+00	0.00000e+00	0.00000e+00	8.62926e-02
1.64543e+02	2.71620e+02	1.45036e+03	1.16699e+03	1.82848e+00	0.00000e+00	0.00000e+00	8.63482e-02
1.65296e+02	2.71633e+02	1.44990e+03	1.16721e+03	1.82971e+00	0.00000e+00	0.00000e+00	8.64038e-02
1.66049e+02	2.71647e+02	1.44945e+03	1.16744e+03	1.83093e+00	0.00000e+00	0.00000e+00	8.64592e-02
1.66801e+02	2.71660e+02	1.44899e+03	1.16766e+03	1.83215e+00	0.00000e+00	0.00000e+00	8.65145e-02
1.67554e+02	2.71673e+02	1.44854e+03	3.41675e+03	4.38580e+00	2.50031e+00	2.13399e+13	0.00000e+00
2.83831e+02	3.28429e+02	1.42450e+03	3.41675e+03	4.38172e+00	2.49526e+00	1.26681e+11	0.00000e+00
3.98314e+02	3.84418e+02	1.40046e+03	3.41826e+03	7.85027e+00	4.47257e+00	3.54325e+09	0.00000e+00
5.11055e+02	4.39644e+02	1.37642e+03	3.48310e+03	7.82178e+00	4.45183e+00	2.53449e+08	0.00000e+00
6.24112e+02	4.94116e+02	1.35238e+03	3.47707e+03	7.77447e+00	4.41965e+00	3.35302e+07	0.00000e+00
7.35048e+02	5.47840e+02	1.32834e+03	3.46462e+03	7.71797e+00	4.38188e+00	6.74831e+06	0.00000e+00
8.43679e+02	6.00825e+02	1.30430e+03	3.44894e+03	7.67648e+00	4.35319e+00	1.83457e+06	0.00000e+00
9.49944e+02	6.53079e+02	1.28026e+03	3.43835e+03	7.83253e+00	4.44504e+00	6.23264e+05	0.00000e+00
1.05404e+03	7.04610e+02	1.25622e+03	3.49698e+03	7.74635e+00	4.38929e+00	2.50992e+05	0.00000e+00
1.15807e+03	7.55430e+02	1.23219e+03	3.47085e+03	7.66148e+00	4.33411e+00	1.15632e+05	0.00000e+00
1.25939e+03	8.05548e+02	1.20815e+03	3.44483e+03	7.67281e+00	4.33803e+00	5.91412e+04	0.00000e+00
1.35808e+03	8.54977e+02	1.18411e+03	3.45300e+03	7.70758e+00	4.35658e+00	3.29144e+04	0.00000e+00
1.45518e+03	9.03728e+02	1.16007e+03	3.46977e+03	7.59627e+00	4.28501e+00	1.96461e+04	0.00000e+00
1.55092e+03	9.51814e+02	1.13603e+03	3.43370e+03	7.52580e+00	4.23848e+00	1.24289e+04	0.00000e+00
1.64381e+03	9.99252e+02	1.11199e+03	3.41202e+03	7.59508e+00	4.27878e+00	8.24743e+03	0.00000e+00
1.73435e+03	1.04606e+03	1.08795e+03	3.44161e+03	7.46176e+00	4.19311e+00	5.70006e+03	0.00000e+00
1.82394e+03	1.09224e+03	1.06391e+03	3.39640e+03	7.55917e+00	4.25144e+00	4.08225e+03	0.00000e+00
1.91059e+03	1.13784e+03	1.03987e+03	3.43694e+03	7.42345e+00	4.16392e+00	3.01087e+03	0.00000e+00
1.99660e+03	1.18285e+03	1.01583e+03	3.39005e+03	7.40729e+00	4.15127e+00	2.28085e+03	0.00000e+00
2.07971e+03	1.22731e+03	9.91796e+02	3.38796e+03	7.39097e+00	4.13863e+00	1.76634e+03	0.00000e+00
2.16115e+03	1.27125e+03	9.67757e+02	3.38581e+03	7.37462e+00	4.12604e+00	1.39540e+03	0.00000e+00
2.24093e+03	1.31468e+03	9.43718e+02	3.38364e+03	7.35823e+00	4.11349e+00	1.12182e+03	0.00000e+00
2.31908e+03	1.35764e+03	9.19679e+02	3.38144e+03	7.34179e+00	4.10098e+00	9.15920e+02	0.00000e+00
2.39562e+03	1.40017e+03	8.95640e+02	3.37922e+03	7.32529e+00	4.08849e+00	7.58102e+02	0.00000e+00
2.47059e+03	1.44230e+03	8.71601e+02	3.37697e+03	7.30870e+00	4.07602e+00	6.35139e+02	0.00000e+00
2.54401e+03	1.48407e+03	8.47562e+02	3.37468e+03	7.29199e+00	4.06355e+00	5.37896e+02	0.00000e+00
2.61593e+03	1.52554e+03	8.23523e+02	3.37236e+03	7.27517e+00	4.05107e+00	4.59943e+02	0.00000e+00
2.68637e+03	1.56674e+03	7.99484e+02	3.37000e+03	7.25818e+00	4.03856e+00	3.96671e+02	0.00000e+00
2.75539e+03	1.60775e+03	7.75445e+02	3.36760e+03	7.24100e+00	4.02600e+00	3.44724e+02	0.00000e+00
2.82303e+03	1.64862e+03	7.51406e+02	3.36514e+03	7.22359e+00	4.01336e+00	3.01620e+02	0.00000e+00
2.88934e+03	1.68944e+03	7.27367e+02	3.36263e+03	7.20590e+00	4.00063e+00	2.65499e+02	0.00000e+00
2.95439e+03	1.73028e+03	7.03328e+02	3.36005e+03	7.18787e+00	3.98776e+00	2.34948e+02	0.00000e+00
3.01825e+03	1.77125e+03	6.79289e+02	3.35739e+03	7.16946e+00	3.97473e+00	2.08884e+02	0.00000e+00
3.08099e+03	1.81246e+03	6.55250e+02	3.35465e+03	7.15057e+00	3.96148e+00	1.86464e+02	0.00000e+00
3.14270e+03	1.85404e+03	6.31211e+02	3.35181e+03	7.13114e+00	3.94798e+00	1.67026e+02	0.00000e+00
3.20348e+03	1.89613e+03	6.07172e+02	3.34886e+03	7.11105e+00	3.93416e+00	1.50048e+02	0.00000e+00
3.26346e+03	1.93891e+03	5.83133e+02	3.34577e+03	7.09017e+00	3.91994e+00	1.35112e+02	0.00000e+00
3.26346e+03	1.93891e+03	5.83133e+02	8.00000e+03	5.94790e+00	3.22155e+00	1.00000e+04	0.00000e+00
3.64570e+03	1.94106e+03	5.18340e+02	8.01273e+03	5.94317e+00	3.21899e+00	1.00000e+04	0.00000e+00
3.87519e+03	1.94321e+03	4.53548e+02	8.02460e+03	5.96944e+00	3.23138e+00	1.00000e+04	0.00000e+00
3.91515e+03	1.94537e+03	3.88755e+02	8.03629e+03	5.98342e+00	3.23786e+00	1.00000e+04	0.00000e+00
3.70267e+03	1.94752e+03	3.23963e+02	8.04865e+03	5.98201e+00	3.23691e+00	1.00000e+04	0.00000e+00
3.11995e+03	1.94968e+03	2.59170e+02	8.06343e+03	5.95959e+00	3.22578e+00	1.00000e+04	0.00000e+00
1.91743e+03	1.95183e+03	1.94378e+02	8.08794e+03	5.90396e+00	3.19844e+00	1.00000e+04	0.00000e+00
-5.41496e+02	1.95399e+03	1.29585e+02	7.99774e+03	5.83928e+00	3.16934e+00	1.00000e+04	0.00000e+00
-6.37291e+03	1.95614e+03	6.47925e+01	7.98955e+03	5.63672e+00	3.07237e+00	1.00000e+04	0.00000e+00
-3.01996e+04	1.95829e+03	0.00000e+00	7.98742e+03	5.11701e+00	2.82521e+00	1.00000e+04	0.00000e+00
