P (MPa)		T (K)		r (km)		rho (kg m-3)	VP (km s-1)	VS (km s-1)	QS/gamma	KS (GPa)	GS (GPa)	k for 0.01 mol/kg MgSO4 (S m-1)	
0.00000e+00	1.10000e+02	1.56100e+03	9.31657e+02	3.87940e+00	1.96225e+00	3.05824e+04	9.24000e+00	3.58800e+00	0.00000e+00
3.00758e-01	1.15384e+02	1.56075e+03	9.31657e+02	3.88004e+00	1.96262e+00	1.83836e+04	9.24099e+00	3.58865e+00	0.00000e+00
6.01516e-01	1.21031e+02	1.56051e+03	9.31443e+02	3.88074e+00	1.96303e+00	1.13162e+04	9.24198e+00	3.58929e+00	0.00000e+00
9.02274e-01	1.26955e+02	1.56026e+03	9.31198e+02	3.88151e+00	1.96346e+00	7.12535e+03	9.24298e+00	3.58994e+00	0.00000e+00
1.20303e+00	1.33169e+02	1.56002e+03	9.30918e+02	3.88235e+00	1.96393e+00	4.58442e+03	9.24397e+00	3.59058e+00	0.00000e+00
1.50379e+00	1.39686e+02	1.55977e+03	9.30597e+02	3.88328e+00	1.96445e+00	3.01092e+03	9.24496e+00	3.59123e+00	0.00000e+00
1.80455e+00	1.46523e+02	1.55953e+03	9.30229e+02	3.88430e+00	1.96501e+00	2.01666e+03	9.24595e+00	3.59187e+00	0.00000e+00
2.10531e+00	1.53694e+02	1.55928e+03	9.29808e+02	3.88544e+00	1.96563e+00	1.37622e+03	9.24694e+00	3.59252e+00	0.00000e+00
2.40606e+00	1.61217e+02	1.55903e+03	9.29327e+02	3.88670e+00	1.96632e+00	9.56065e+02	9.24792e+00	3.59316e+00	0.00000e+00
2.70682e+00	1.69107e+02	1.55879e+03	9.28776e+02	3.88811e+00	1.96708e+00	6.75566e+02	9.24891e+00	3.59381e+00	0.00000e+00
3.00758e+00	1.77384e+02	1.55854e+03	9.28147e+02	3.88968e+00	1.96792e+00	4.85161e+02	9.24990e+00	3.59445e+00	0.00000e+00
3.30834e+00	1.86066e+02	1.55830e+03	9.27431e+02	3.89144e+00	1.96886e+00	3.53844e+02	9.25089e+00	3.59510e+00	0.00000e+00
3.60910e+00	1.95173e+02	1.55805e+03	9.26617e+02	3.89340e+00	1.96990e+00	2.61900e+02	9.25188e+00	3.59574e+00	0.00000e+00
3.90985e+00	2.04725e+02	1.55780e+03	9.25695e+02	3.89560e+00	1.97106e+00	1.96587e+02	9.25286e+00	3.59638e+00	0.00000e+00
4.21061e+00	2.14745e+02	1.55756e+03	9.24657e+02	3.89804e+00	1.97234e+00	1.49550e+02	9.25385e+00	3.59703e+00	0.00000e+00
4.51137e+00	2.25256e+02	1.55731e+03	9.23497e+02	3.90074e+00	1.97375e+00	1.15229e+02	9.25483e+00	3.59767e+00	0.00000e+00
4.81213e+00	2.36281e+02	1.55706e+03	9.22210e+02	3.90372e+00	1.97531e+00	8.98711e+01	9.25582e+00	3.59831e+00	0.00000e+00
5.11288e+00	2.47845e+02	1.55682e+03	9.20799e+02	3.90696e+00	1.97700e+00	7.09111e+01	9.25680e+00	3.59896e+00	0.00000e+00
5.41364e+00	2.59976e+02	1.55657e+03	9.19271e+02	3.91047e+00	1.97882e+00	5.65731e+01	9.25779e+00	3.59960e+00	0.00000e+00
5.71440e+00	2.72700e+02	1.55632e+03	9.17642e+02	3.91419e+00	1.98075e+00	4.56125e+01	9.25877e+00	3.60024e+00	0.00000e+00
6.69807e+00	2.72708e+02	1.55565e+03	1.11076e+03	1.54982e+00	0.00000e+00	0.00000e+00	2.66797e+00	0.00000e+00	8.09673e-02
7.68175e+00	2.72716e+02	1.55498e+03	1.11117e+03	1.55173e+00	0.00000e+00	0.00000e+00	2.67556e+00	0.00000e+00	8.11010e-02
8.66542e+00	2.72725e+02	1.55431e+03	1.11158e+03	1.55365e+00	0.00000e+00	0.00000e+00	2.68315e+00	0.00000e+00	8.12344e-02
9.64909e+00	2.72733e+02	1.55364e+03	1.11198e+03	1.55557e+00	0.00000e+00	0.00000e+00	2.69076e+00	0.00000e+00	8.13674e-02
1.06328e+01	2.72742e+02	1.55297e+03	1.11239e+03	1.55748e+00	0.00000e+00	0.00000e+00	2.69838e+00	0.00000e+00	8.15000e-02
1.16164e+01	2.72751e+02	1.55230e+03	1.11280e+03	1.55940e+00	0.00000e+00	0.00000e+00	2.70601e+00	0.00000e+00	8.16321e-02
1.26001e+01	2.72760e+02	1.55163e+03	1.11320e+03	1.56131e+00	0.00000e+00	0.00000e+00	2.71364e+00	0.00000e+00	8.17639e-02
1.35838e+01	2.72769e+02	1.55096e+03	1.11360e+03	1.56323e+00	0.00000e+00	0.00000e+00	2.72129e+00	0.00000e+00	8.18953e-02
1.45675e+01	2.72778e+02	1.55029e+03	1.11401e+03	1.56514e+00	0.00000e+00	0.00000e+00	2.72895e+00	0.00000e+00	8.20263e-02
1.55511e+01	2.72787e+02	1.54963e+03	1.11441e+03	1.56706e+00	0.00000e+00	0.00000e+00	2.73662e+00	0.00000e+00	8.21569e-02
1.65348e+01	2.72796e+02	1.54896e+03	1.11481e+03	1.56897e+00	0.00000e+00	0.00000e+00	2.74430e+00	0.00000e+00	8.22871e-02
1.75185e+01	2.72806e+02	1.54829e+03	1.11521e+03	1.57089e+00	0.00000e+00	0.00000e+00	2.75199e+00	0.00000e+00	8.24169e-02
1.85022e+01	2.72816e+02	1.54763e+03	1.11561e+03	1.57280e+00	0.00000e+00	0.00000e+00	2.75968e+00	0.00000e+00	8.25463e-02
1.94858e+01	2.72825e+02	1.54696e+03	1.11600e+03	1.57472e+00	0.00000e+00	0.00000e+00	2.76739e+00	0.00000e+00	8.26753e-02
2.04695e+01	2.72835e+02	1.54630e+03	1.11640e+03	1.57663e+00	0.00000e+00	0.00000e+00	2.77511e+00	0.00000e+00	8.28039e-02
2.14532e+01	2.72845e+02	1.54563e+03	1.11679e+03	1.57855e+00	0.00000e+00	0.00000e+00	2.78284e+00	0.00000e+00	8.29321e-02
2.24368e+01	2.72855e+02	1.54497e+03	1.11719e+03	1.58046e+00	0.00000e+00	0.00000e+00	2.79058e+00	0.00000e+00	8.30600e-02
2.34205e+01	2.72865e+02	1.54431e+03	1.11758e+03	1.58238e+00	0.00000e+00	0.00000e+00	2.79833e+00	0.00000e+00	8.31874e-02
2.44042e+01	2.72875e+02	1.54364e+03	1.11798e+03	1.58429e+00	0.00000e+00	0.00000e+00	2.80609e+00	0.00000e+00	8.33145e-02
2.53879e+01	2.72886e+02	1.54298e+03	1.11837e+03	1.58620e+00	0.00000e+00	0.00000e+00	2.81385e+00	0.00000e+00	8.34411e-02
2.63715e+01	2.72896e+02	1.54232e+03	1.11876e+03	1.58811e+00	0.00000e+00	0.00000e+00	2.82163e+00	0.00000e+00	8.35674e-02
2.73552e+01	2.72907e+02	1.54166e+03	1.11915e+03	1.59003e+00	0.00000e+00	0.00000e+00	2.82941e+00	0.00000e+00	8.36933e-02
2.83389e+01	2.72917e+02	1.54100e+03	1.11954e+03	1.59194e+00	0.00000e+00	0.00000e+00	2.83720e+00	0.00000e+00	8.38188e-02
2.93226e+01	2.72928e+02	1.54034e+03	1.11992e+03	1.59385e+00	0.00000e+00	0.00000e+00	2.84500e+00	0.00000e+00	8.39439e-02
3.03062e+01	2.72939e+02	1.53968e+03	1.12031e+03	1.59576e+00	0.00000e+00	0.00000e+00	2.85281e+00	0.00000e+00	8.40686e-02
3.12899e+01	2.72950e+02	1.53902e+03	1.12070e+03	1.59767e+00	0.00000e+00	0.00000e+00	2.86062e+00	0.00000e+00	8.41929e-02
3.22736e+01	2.72961e+02	1.53836e+03	1.12108e+03	1.59957e+00	0.00000e+00	0.00000e+00	2.86844e+00	0.00000e+00	8.43169e-02
3.32572e+01	2.72972e+02	1.53770e+03	1.12147e+03	1.60148e+00	0.00000e+00	0.00000e+00	2.87627e+00	0.00000e+00	8.44404e-02
3.42409e+01	2.72983e+02	1.53704e+03	1.12185e+03	1.60338e+00	0.00000e+00	0.00000e+00	2.88410e+00	0.00000e+00	8.45636e-02
3.52246e+01	2.72994e+02	1.53639e+03	1.12223e+03	1.60529e+00	0.00000e+00	0.00000e+00	2.89194e+00	0.00000e+00	8.46864e-02
3.62083e+01	2.73006e+02	1.53573e+03	1.12261e+03	1.60719e+00	0.00000e+00	0.00000e+00	2.89978e+00	0.00000e+00	8.48088e-02
3.71919e+01	2.73017e+02	1.53507e+03	1.12300e+03	1.60909e+00	0.00000e+00	0.00000e+00	2.90763e+00	0.00000e+00	8.49308e-02
3.81756e+01	2.73029e+02	1.53442e+03	1.12338e+03	1.61099e+00	0.00000e+00	0.00000e+00	2.91549e+00	0.00000e+00	8.50525e-02
3.91593e+01	2.73041e+02	1.53376e+03	1.12375e+03	1.61289e+00	0.00000e+00	0.00000e+00	2.92335e+00	0.00000e+00	8.51737e-02
4.01430e+01	2.73053e+02	1.53311e+03	1.12413e+03	1.61479e+00	0.00000e+00	0.00000e+00	2.93121e+00	0.00000e+00	8.52946e-02
4.11266e+01	2.73064e+02	1.53245e+03	1.12451e+03	1.61668e+00	0.00000e+00	0.00000e+00	2.93908e+00	0.00000e+00	8.54151e-02
4.21103e+01	2.73076e+02	1.53180e+03	1.12489e+03	1.61857e+00	0.00000e+00	0.00000e+00	2.94695e+00	0.00000e+00	8.55352e-02
4.30940e+01	2.73088e+02	1.53115e+03	1.12526e+03	1.62046e+00	0.00000e+00	0.00000e+00	2.95482e+00	0.00000e+00	8.56549e-02
4.40777e+01	2.73101e+02	1.53049e+03	1.12564e+03	1.62235e+00	0.00000e+00	0.00000e+00	2.96270e+00	0.00000e+00	8.57743e-02
4.50613e+01	2.73113e+02	1.52984e+03	1.12601e+03	1.62424e+00	0.00000e+00	0.00000e+00	2.97058e+00	0.00000e+00	8.58933e-02
4.60450e+01	2.73125e+02	1.52919e+03	1.12638e+03	1.62612e+00	0.00000e+00	0.00000e+00	2.97846e+00	0.00000e+00	8.60118e-02
4.70287e+01	2.73138e+02	1.52854e+03	1.12675e+03	1.62800e+00	0.00000e+00	0.00000e+00	2.98634e+00	0.00000e+00	8.61300e-02
4.80123e+01	2.73150e+02	1.52789e+03	1.12712e+03	1.62988e+00	0.00000e+00	0.00000e+00	2.99423e+00	0.00000e+00	8.62479e-02
4.89960e+01	2.73163e+02	1.52723e+03	1.12749e+03	1.63176e+00	0.00000e+00	0.00000e+00	3.00212e+00	0.00000e+00	8.63653e-02
4.99797e+01	2.73175e+02	1.52658e+03	1.12786e+03	1.63364e+00	0.00000e+00	0.00000e+00	3.01000e+00	0.00000e+00	8.64824e-02
5.09634e+01	2.73188e+02	1.52593e+03	1.12823e+03	1.63551e+00	0.00000e+00	0.00000e+00	3.01789e+00	0.00000e+00	8.65991e-02
5.19470e+01	2.73201e+02	1.52529e+03	1.12860e+03	1.63738e+00	0.00000e+00	0.00000e+00	3.02578e+00	0.00000e+00	8.67154e-02
5.29307e+01	2.73214e+02	1.52464e+03	1.12897e+03	1.63924e+00	0.00000e+00	0.00000e+00	3.03367e+00	0.00000e+00	8.68314e-02
5.39144e+01	2.73227e+02	1.52399e+03	1.12933e+03	1.64111e+00	0.00000e+00	0.00000e+00	3.04156e+00	0.00000e+00	8.69469e-02
5.48981e+01	2.73240e+02	1.52334e+03	1.12970e+03	1.64297e+00	0.00000e+00	0.00000e+00	3.04946e+00	0.00000e+00	8.70621e-02
5.58817e+01	2.73253e+02	1.52269e+03	1.13006e+03	1.64483e+00	0.00000e+00	0.00000e+00	3.05735e+00	0.00000e+00	8.71769e-02
5.68654e+01	2.73266e+02	1.52205e+03	1.13043e+03	1.64669e+00	0.00000e+00	0.00000e+00	3.06525e+00	0.00000e+00	8.72914e-02
5.78491e+01	2.73280e+02	1.52140e+03	1.13079e+03	1.64854e+00	0.00000e+00	0.00000e+00	3.07314e+00	0.00000e+00	8.74054e-02
5.88328e+01	2.73293e+02	1.52075e+03	1.13115e+03	1.65040e+00	0.00000e+00	0.00000e+00	3.08104e+00	0.00000e+00	8.75191e-02
5.98164e+01	2.73306e+02	1.52011e+03	1.13151e+03	1.65225e+00	0.00000e+00	0.00000e+00	3.08894e+00	0.00000e+00	8.76325e-02
6.08001e+01	2.73320e+02	1.51946e+03	1.13187e+03	1.65410e+00	0.00000e+00	0.00000e+00	3.09684e+00	0.00000e+00	8.77454e-02
6.17838e+01	2.73334e+02	1.51882e+03	1.13223e+03	1.65594e+00	0.00000e+00	0.00000e+00	3.10474e+00	0.00000e+00	8.78580e-02
6.27674e+01	2.73347e+02	1.51817e+03	1.13259e+03	1.65779e+00	0.00000e+00	0.00000e+00	3.11265e+00	0.00000e+00	8.79702e-02
6.37511e+01	2.73361e+02	1.51753e+03	1.13295e+03	1.65963e+00	0.00000e+00	0.00000e+00	3.12056e+00	0.00000e+00	8.80820e-02
6.47348e+01	2.73375e+02	1.51689e+03	1.13330e+03	1.66147e+00	0.00000e+00	0.00000e+00	3.12846e+00	0.00000e+00	8.81935e-02
6.57185e+01	2.73389e+02	1.51624e+03	1.13366e+03	1.66331e+00	0.00000e+00	0.00000e+00	3.13638e+00	0.00000e+00	8.83046e-02
6.67021e+01	2.73403e+02	1.51560e+03	1.13402e+03	1.66514e+00	0.00000e+00	0.00000e+00	3.14429e+00	0.00000e+00	8.84153e-02
6.76858e+01	2.73417e+02	1.51496e+03	1.13437e+03	1.66698e+00	0.00000e+00	0.00000e+00	3.15221e+00	0.00000e+00	8.85257e-02
6.86695e+01	2.73431e+02	1.51432e+03	1.13472e+03	1.66881e+00	0.00000e+00	0.00000e+00	3.16013e+00	0.00000e+00	8.86357e-02
6.96532e+01	2.73445e+02	1.51368e+03	1.13508e+03	1.67064e+00	0.00000e+00	0.00000e+00	3.16805e+00	0.00000e+00	8.87453e-02
7.06368e+01	2.73459e+02	1.51304e+03	1.13543e+03	1.67247e+00	0.00000e+00	0.00000e+00	3.17598e+00	0.00000e+00	8.88546e-02
7.16205e+01	2.73474e+02	1.51240e+03	1.13578e+03	1.67430e+00	0.00000e+00	0.00000e+00	3.18391e+00	0.00000e+00	8.89635e-02
7.26042e+01	2.73488e+02	1.51176e+03	1.13613e+03	1.67612e+00	0.00000e+00	0.00000e+00	3.19184e+00	0.00000e+00	8.90720e-02
7.35878e+01	2.73503e+02	1.51112e+03	1.13648e+03	1.67795e+00	0.00000e+00	0.00000e+00	3.19977e+00	0.00000e+00	8.91802e-02
7.45715e+01	2.73517e+02	1.51048e+03	1.13683e+03	1.67977e+00	0.00000e+00	0.00000e+00	3.20771e+00	0.00000e+00	8.92880e-02
7.55552e+01	2.73532e+02	1.50984e+03	1.13718e+03	1.68159e+00	0.00000e+00	0.00000e+00	3.21565e+00	0.00000e+00	8.93954e-02
7.65389e+01	2.73546e+02	1.50920e+03	1.13753e+03	1.68341e+00	0.00000e+00	0.00000e+00	3.22360e+00	0.00000e+00	8.95025e-02
7.75225e+01	2.73561e+02	1.50857e+03	1.13787e+03	1.68523e+00	0.00000e+00	0.00000e+00	3.23154e+00	0.00000e+00	8.96092e-02
7.85062e+01	2.73576e+02	1.50793e+03	1.13822e+03	1.68704e+00	0.00000e+00	0.00000e+00	3.23949e+00	0.00000e+00	8.97156e-02
7.94899e+01	2.73591e+02	1.50729e+03	1.13856e+03	1.68885e+00	0.00000e+00	0.00000e+00	3.24744e+00	0.00000e+00	8.98216e-02
8.04736e+01	2.73606e+02	1.50666e+03	1.13891e+03	1.69067e+00	0.00000e+00	0.00000e+00	3.25540e+00	0.00000e+00	8.99272e-02
8.14572e+01	2.73621e+02	1.50602e+03	1.13925e+03	1.69247e+00	0.00000e+00	0.00000e+00	3.26336e+00	0.00000e+00	9.00325e-02
8.24409e+01	2.73636e+02	1.50539e+03	1.13960e+03	1.69428e+00	0.00000e+00	0.00000e+00	3.27131e+00	0.00000e+00	9.01375e-02
8.34246e+01	2.73651e+02	1.50475e+03	1.13994e+03	1.69609e+00	0.00000e+00	0.00000e+00	3.27928e+00	0.00000e+00	9.02420e-02
8.44083e+01	2.73666e+02	1.50412e+03	1.14028e+03	1.69789e+00	0.00000e+00	0.00000e+00	3.28724e+00	0.00000e+00	9.03463e-02
8.53919e+01	2.73681e+02	1.50348e+03	1.14062e+03	1.69969e+00	0.00000e+00	0.00000e+00	3.29520e+00	0.00000e+00	9.04501e-02
8.63756e+01	2.73697e+02	1.50285e+03	1.14096e+03	1.70149e+00	0.00000e+00	0.00000e+00	3.30317e+00	0.00000e+00	9.05536e-02
8.73593e+01	2.73712e+02	1.50222e+03	1.14130e+03	1.70329e+00	0.00000e+00	0.00000e+00	3.31114e+00	0.00000e+00	9.06568e-02
8.83429e+01	2.73727e+02	1.50158e+03	1.14164e+03	1.70509e+00	0.00000e+00	0.00000e+00	3.31911e+00	0.00000e+00	9.07596e-02
8.93266e+01	2.73743e+02	1.50095e+03	1.14198e+03	1.70688e+00	0.00000e+00	0.00000e+00	3.32708e+00	0.00000e+00	9.08621e-02
9.03103e+01	2.73758e+02	1.50032e+03	1.14231e+03	1.70867e+00	0.00000e+00	0.00000e+00	3.33505e+00	0.00000e+00	9.09642e-02
9.12940e+01	2.73774e+02	1.49969e+03	1.14265e+03	1.71046e+00	0.00000e+00	0.00000e+00	3.34302e+00	0.00000e+00	9.10660e-02
9.22776e+01	2.73790e+02	1.49906e+03	1.14299e+03	1.71224e+00	0.00000e+00	0.00000e+00	3.35099e+00	0.00000e+00	9.11674e-02
9.32613e+01	2.73805e+02	1.49843e+03	1.14332e+03	1.71403e+00	0.00000e+00	0.00000e+00	3.35896e+00	0.00000e+00	9.12685e-02
9.42450e+01	2.73821e+02	1.49780e+03	1.14366e+03	1.71581e+00	0.00000e+00	0.00000e+00	3.36693e+00	0.00000e+00	9.13692e-02
9.52287e+01	2.73837e+02	1.49717e+03	1.14399e+03	1.71759e+00	0.00000e+00	0.00000e+00	3.37490e+00	0.00000e+00	9.14696e-02
9.62123e+01	2.73853e+02	1.49654e+03	1.14432e+03	1.71936e+00	0.00000e+00	0.00000e+00	3.38287e+00	0.00000e+00	9.15697e-02
9.71960e+01	2.73869e+02	1.49591e+03	1.14466e+03	1.72114e+00	0.00000e+00	0.00000e+00	3.39084e+00	0.00000e+00	9.16694e-02
9.81797e+01	2.73885e+02	1.49528e+03	1.14499e+03	1.72291e+00	0.00000e+00	0.00000e+00	3.39881e+00	0.00000e+00	9.17688e-02
9.91633e+01	2.73901e+02	1.49466e+03	1.14532e+03	1.72468e+00	0.00000e+00	0.00000e+00	3.40677e+00	0.00000e+00	9.18678e-02
1.00147e+02	2.73917e+02	1.49403e+03	1.14565e+03	1.72644e+00	0.00000e+00	0.00000e+00	3.41474e+00	0.00000e+00	9.19665e-02
1.01131e+02	2.73933e+02	1.49340e+03	1.14598e+03	1.72821e+00	0.00000e+00	0.00000e+00	3.42270e+00	0.00000e+00	9.20648e-02
1.02114e+02	2.73949e+02	1.49278e+03	1.14631e+03	1.72997e+00	0.00000e+00	0.00000e+00	3.43066e+00	0.00000e+00	9.21629e-02
1.03098e+02	2.73965e+02	1.49215e+03	1.14664e+03	1.73173e+00	0.00000e+00	0.00000e+00	3.43862e+00	0.00000e+00	9.22606e-02
1.04082e+02	2.73982e+02	1.49152e+03	1.14697e+03	1.73348e+00	0.00000e+00	0.00000e+00	3.44658e+00	0.00000e+00	9.23579e-02
1.05065e+02	2.73998e+02	1.49090e+03	1.14729e+03	1.73523e+00	0.00000e+00	0.00000e+00	3.45454e+00	0.00000e+00	9.24549e-02
1.06049e+02	2.74014e+02	1.49027e+03	1.14762e+03	1.73698e+00	0.00000e+00	0.00000e+00	3.46250e+00	0.00000e+00	9.25516e-02
1.07033e+02	2.74031e+02	1.48965e+03	1.14795e+03	1.73873e+00	0.00000e+00	0.00000e+00	3.47045e+00	0.00000e+00	9.26480e-02
1.08016e+02	2.74047e+02	1.48903e+03	1.14827e+03	1.74048e+00	0.00000e+00	0.00000e+00	3.47840e+00	0.00000e+00	9.27440e-02
1.09000e+02	2.74064e+02	1.48840e+03	1.14859e+03	1.74222e+00	0.00000e+00	0.00000e+00	3.48635e+00	0.00000e+00	9.28397e-02
1.09984e+02	2.74080e+02	1.48778e+03	1.14892e+03	1.74396e+00	0.00000e+00	0.00000e+00	3.49430e+00	0.00000e+00	9.29351e-02
1.10967e+02	2.74097e+02	1.48716e+03	1.14924e+03	1.74569e+00	0.00000e+00	0.00000e+00	3.50225e+00	0.00000e+00	9.30302e-02
1.11951e+02	2.74114e+02	1.48653e+03	1.14956e+03	1.74743e+00	0.00000e+00	0.00000e+00	3.51020e+00	0.00000e+00	9.31249e-02
1.12935e+02	2.74130e+02	1.48591e+03	1.14989e+03	1.74916e+00	0.00000e+00	0.00000e+00	3.51814e+00	0.00000e+00	9.32193e-02
1.13918e+02	2.74147e+02	1.48529e+03	1.15021e+03	1.75089e+00	0.00000e+00	0.00000e+00	3.52608e+00	0.00000e+00	9.33134e-02
1.14902e+02	2.74164e+02	1.48467e+03	1.15053e+03	1.75261e+00	0.00000e+00	0.00000e+00	3.53403e+00	0.00000e+00	9.34072e-02
1.15886e+02	2.74181e+02	1.48405e+03	1.15085e+03	1.75434e+00	0.00000e+00	0.00000e+00	3.54197e+00	0.00000e+00	9.35006e-02
1.16869e+02	2.74198e+02	1.48343e+03	1.15117e+03	1.75606e+00	0.00000e+00	0.00000e+00	3.54990e+00	0.00000e+00	9.35937e-02
1.17853e+02	2.74215e+02	1.48281e+03	1.15149e+03	1.75778e+00	0.00000e+00	0.00000e+00	3.55784e+00	0.00000e+00	9.36865e-02
1.18837e+02	2.74232e+02	1.48219e+03	1.15180e+03	1.75949e+00	0.00000e+00	0.00000e+00	3.56578e+00	0.00000e+00	9.37790e-02
1.19820e+02	2.74249e+02	1.48157e+03	1.15212e+03	1.76121e+00	0.00000e+00	0.00000e+00	3.57371e+00	0.00000e+00	9.38712e-02
1.20804e+02	2.74266e+02	1.48095e+03	1.15244e+03	1.76292e+00	0.00000e+00	0.00000e+00	3.58164e+00	0.00000e+00	9.39631e-02
1.21788e+02	2.74283e+02	1.48034e+03	1.15276e+03	1.76463e+00	0.00000e+00	0.00000e+00	3.58958e+00	0.00000e+00	9.40547e-02
1.22772e+02	2.74300e+02	1.47972e+03	1.15307e+03	1.76633e+00	0.00000e+00	0.00000e+00	3.59751e+00	0.00000e+00	9.41459e-02
1.23755e+02	2.74318e+02	1.47910e+03	1.15339e+03	1.76804e+00	0.00000e+00	0.00000e+00	3.60543e+00	0.00000e+00	9.42368e-02
1.24739e+02	2.74335e+02	1.47848e+03	1.15370e+03	1.76974e+00	0.00000e+00	0.00000e+00	3.61336e+00	0.00000e+00	9.43275e-02
1.25723e+02	2.74352e+02	1.47787e+03	1.15401e+03	1.77144e+00	0.00000e+00	0.00000e+00	3.62129e+00	0.00000e+00	9.44178e-02
1.26706e+02	2.74370e+02	1.47725e+03	1.15433e+03	1.77313e+00	0.00000e+00	0.00000e+00	3.62921e+00	0.00000e+00	9.45078e-02
1.27690e+02	2.74387e+02	1.47664e+03	1.15464e+03	1.77483e+00	0.00000e+00	0.00000e+00	3.63713e+00	0.00000e+00	9.45976e-02
1.28674e+02	2.74404e+02	1.47602e+03	1.15495e+03	1.77652e+00	0.00000e+00	0.00000e+00	3.64505e+00	0.00000e+00	9.46870e-02
1.29657e+02	2.74422e+02	1.47541e+03	1.15526e+03	1.77821e+00	0.00000e+00	0.00000e+00	3.65297e+00	0.00000e+00	9.47761e-02
1.30641e+02	2.74440e+02	1.47479e+03	1.15557e+03	1.77989e+00	0.00000e+00	0.00000e+00	3.66088e+00	0.00000e+00	9.48649e-02
1.31625e+02	2.74457e+02	1.47418e+03	1.15588e+03	1.78158e+00	0.00000e+00	0.00000e+00	3.66880e+00	0.00000e+00	9.49534e-02
1.32608e+02	2.74475e+02	1.47357e+03	1.15619e+03	1.78326e+00	0.00000e+00	0.00000e+00	3.67671e+00	0.00000e+00	9.50417e-02
1.33592e+02	2.74492e+02	1.47295e+03	1.15650e+03	1.78494e+00	0.00000e+00	0.00000e+00	3.68462e+00	0.00000e+00	9.51296e-02
1.34576e+02	2.74510e+02	1.47234e+03	1.15681e+03	1.78661e+00	0.00000e+00	0.00000e+00	3.69252e+00	0.00000e+00	9.52172e-02
1.35559e+02	2.74528e+02	1.47173e+03	1.15712e+03	1.78828e+00	0.00000e+00	0.00000e+00	3.70042e+00	0.00000e+00	9.53046e-02
1.36543e+02	2.74546e+02	1.47112e+03	1.15743e+03	1.78995e+00	0.00000e+00	0.00000e+00	3.70832e+00	0.00000e+00	9.53916e-02
1.37527e+02	2.74563e+02	1.47051e+03	1.15773e+03	1.79162e+00	0.00000e+00	0.00000e+00	3.71622e+00	0.00000e+00	9.54784e-02
1.38510e+02	2.74581e+02	1.46989e+03	1.15804e+03	1.79329e+00	0.00000e+00	0.00000e+00	3.72411e+00	0.00000e+00	9.55649e-02
1.39494e+02	2.74599e+02	1.46928e+03	1.15835e+03	1.79495e+00	0.00000e+00	0.00000e+00	3.73200e+00	0.00000e+00	9.56511e-02
1.40478e+02	2.74617e+02	1.46867e+03	1.15865e+03	1.79661e+00	0.00000e+00	0.00000e+00	3.73988e+00	0.00000e+00	9.57370e-02
1.41461e+02	2.74635e+02	1.46806e+03	1.15896e+03	1.79826e+00	0.00000e+00	0.00000e+00	3.74776e+00	0.00000e+00	9.58226e-02
1.42445e+02	2.74653e+02	1.46745e+03	1.15926e+03	1.79991e+00	0.00000e+00	0.00000e+00	3.75564e+00	0.00000e+00	9.59080e-02
1.43429e+02	2.74671e+02	1.46685e+03	1.15956e+03	1.80156e+00	0.00000e+00	0.00000e+00	3.76351e+00	0.00000e+00	9.59931e-02
1.44412e+02	2.74689e+02	1.46624e+03	1.15987e+03	1.80321e+00	0.00000e+00	0.00000e+00	3.77137e+00	0.00000e+00	9.60779e-02
1.45396e+02	2.74707e+02	1.46563e+03	1.16017e+03	1.80485e+00	0.00000e+00	0.00000e+00	3.77924e+00	0.00000e+00	9.61624e-02
1.46380e+02	2.74725e+02	1.46502e+03	1.16047e+03	1.80649e+00	0.00000e+00	0.00000e+00	3.78709e+00	0.00000e+00	9.62466e-02
1.47363e+02	2.74744e+02	1.46441e+03	1.16077e+03	1.80813e+00	0.00000e+00	0.00000e+00	3.79495e+00	0.00000e+00	9.63306e-02
1.48347e+02	2.74762e+02	1.46381e+03	1.16107e+03	1.80976e+00	0.00000e+00	0.00000e+00	3.80279e+00	0.00000e+00	9.64143e-02
1.49331e+02	2.74780e+02	1.46320e+03	1.16137e+03	1.81139e+00	0.00000e+00	0.00000e+00	3.81063e+00	0.00000e+00	9.64978e-02
1.50314e+02	2.74798e+02	1.46259e+03	1.16167e+03	1.81302e+00	0.00000e+00	0.00000e+00	3.81847e+00	0.00000e+00	9.65809e-02
1.51298e+02	2.74817e+02	1.46199e+03	1.16197e+03	1.81465e+00	0.00000e+00	0.00000e+00	3.82630e+00	0.00000e+00	9.66638e-02
1.52282e+02	2.74835e+02	1.46138e+03	1.16227e+03	1.81627e+00	0.00000e+00	0.00000e+00	3.83412e+00	0.00000e+00	9.67465e-02
1.53265e+02	2.74854e+02	1.46078e+03	1.16257e+03	1.81789e+00	0.00000e+00	0.00000e+00	3.84194e+00	0.00000e+00	9.68289e-02
1.54249e+02	2.74872e+02	1.46017e+03	1.16286e+03	1.81950e+00	0.00000e+00	0.00000e+00	3.84976e+00	0.00000e+00	9.69110e-02
1.55233e+02	2.74890e+02	1.45957e+03	1.16316e+03	1.82111e+00	0.00000e+00	0.00000e+00	3.85757e+00	0.00000e+00	9.69928e-02
1.56216e+02	2.74909e+02	1.45897e+03	1.16346e+03	1.82272e+00	0.00000e+00	0.00000e+00	3.86537e+00	0.00000e+00	9.70744e-02
1.57200e+02	2.74927e+02	1.45836e+03	1.16375e+03	1.82433e+00	0.00000e+00	0.00000e+00	3.87317e+00	0.00000e+00	9.71558e-02
1.58184e+02	2.74946e+02	1.45776e+03	1.16405e+03	1.82593e+00	0.00000e+00	0.00000e+00	3.88096e+00	0.00000e+00	9.72369e-02
1.59167e+02	2.74965e+02	1.45716e+03	1.16434e+03	1.82753e+00	0.00000e+00	0.00000e+00	3.88875e+00	0.00000e+00	9.73178e-02
1.60151e+02	2.74983e+02	1.45656e+03	1.16464e+03	1.82913e+00	0.00000e+00	0.00000e+00	3.89653e+00	0.00000e+00	9.73984e-02
1.61135e+02	2.75002e+02	1.45595e+03	1.16493e+03	1.83072e+00	0.00000e+00	0.00000e+00	3.90431e+00	0.00000e+00	9.74787e-02
1.62118e+02	2.75021e+02	1.45535e+03	1.16522e+03	1.83231e+00	0.00000e+00	0.00000e+00	3.91208e+00	0.00000e+00	9.75588e-02
1.63102e+02	2.75039e+02	1.45475e+03	1.16552e+03	1.83390e+00	0.00000e+00	0.00000e+00	3.91985e+00	0.00000e+00	9.76387e-02
1.64086e+02	2.75058e+02	1.45415e+03	1.16581e+03	1.83548e+00	0.00000e+00	0.00000e+00	3.92761e+00	0.00000e+00	9.77183e-02
1.65069e+02	2.75077e+02	1.45355e+03	1.16610e+03	1.83706e+00	0.00000e+00	0.00000e+00	3.93537e+00	0.00000e+00	9.77977e-02
1.66053e+02	2.75096e+02	1.45295e+03	1.16639e+03	1.83864e+00	0.00000e+00	0.00000e+00	3.94312e+00	0.00000e+00	9.78769e-02
1.67037e+02	2.75115e+02	1.45235e+03	1.16668e+03	1.84022e+00	0.00000e+00	0.00000e+00	3.95087e+00	0.00000e+00	9.79558e-02
1.68020e+02	2.75133e+02	1.45175e+03	1.16697e+03	1.84179e+00	0.00000e+00	0.00000e+00	3.95861e+00	0.00000e+00	9.80345e-02
1.69004e+02	2.75152e+02	1.45116e+03	1.16726e+03	1.84336e+00	0.00000e+00	0.00000e+00	3.96635e+00	0.00000e+00	9.81129e-02
1.69988e+02	2.75171e+02	1.45056e+03	1.16755e+03	1.84493e+00	0.00000e+00	0.00000e+00	3.97409e+00	0.00000e+00	9.81912e-02
1.70971e+02	2.75190e+02	1.44996e+03	1.16784e+03	1.84650e+00	0.00000e+00	0.00000e+00	3.98182e+00	0.00000e+00	9.82692e-02
1.71955e+02	2.75209e+02	1.44936e+03	1.16813e+03	1.84806e+00	0.00000e+00	0.00000e+00	3.98954e+00	0.00000e+00	9.83470e-02
1.72939e+02	2.75228e+02	1.44877e+03	1.16842e+03	1.84962e+00	0.00000e+00	0.00000e+00	3.99726e+00	0.00000e+00	9.84245e-02
1.73923e+02	2.75247e+02	1.44817e+03	1.16870e+03	1.85118e+00	0.00000e+00	0.00000e+00	4.00498e+00	0.00000e+00	9.85019e-02
1.74906e+02	2.75267e+02	1.44757e+03	1.16899e+03	1.85273e+00	0.00000e+00	0.00000e+00	4.01269e+00	0.00000e+00	9.85790e-02
1.75890e+02	2.75286e+02	1.44698e+03	1.16928e+03	1.85428e+00	0.00000e+00	0.00000e+00	4.02040e+00	0.00000e+00	9.86559e-02
1.76874e+02	2.75305e+02	1.44638e+03	1.16956e+03	1.85583e+00	0.00000e+00	0.00000e+00	4.02810e+00	0.00000e+00	9.87326e-02
1.77857e+02	2.75324e+02	1.44579e+03	1.16985e+03	1.85737e+00	0.00000e+00	0.00000e+00	4.03580e+00	0.00000e+00	9.88091e-02
1.78841e+02	2.75343e+02	1.44519e+03	1.17013e+03	1.85892e+00	0.00000e+00	0.00000e+00	4.04349e+00	0.00000e+00	9.88853e-02
1.79825e+02	2.75362e+02	1.44460e+03	1.17042e+03	1.86046e+00	0.00000e+00	0.00000e+00	4.05118e+00	0.00000e+00	9.89614e-02
1.80808e+02	2.75382e+02	1.44400e+03	1.17070e+03	1.86200e+00	0.00000e+00	0.00000e+00	4.05886e+00	0.00000e+00	9.90373e-02
1.81792e+02	2.75401e+02	1.44341e+03	1.17099e+03	1.86353e+00	0.00000e+00	0.00000e+00	4.06654e+00	0.00000e+00	9.91130e-02
1.82776e+02	2.75420e+02	1.44282e+03	1.17127e+03	1.86506e+00	0.00000e+00	0.00000e+00	4.07421e+00	0.00000e+00	9.91884e-02
1.83759e+02	2.75440e+02	1.44222e+03	1.17155e+03	1.86659e+00	0.00000e+00	0.00000e+00	4.08188e+00	0.00000e+00	9.92637e-02
1.84743e+02	2.75459e+02	1.44163e+03	1.17183e+03	1.86812e+00	0.00000e+00	0.00000e+00	4.08954e+00	0.00000e+00	9.93388e-02
1.85727e+02	2.75479e+02	1.44104e+03	1.17212e+03	1.86964e+00	0.00000e+00	0.00000e+00	4.09720e+00	0.00000e+00	9.94137e-02
1.86710e+02	2.75498e+02	1.44045e+03	1.17240e+03	1.87116e+00	0.00000e+00	0.00000e+00	4.10486e+00	0.00000e+00	9.94883e-02
1.87694e+02	2.75517e+02	1.43986e+03	1.17268e+03	1.87268e+00	0.00000e+00	0.00000e+00	4.11251e+00	0.00000e+00	9.95629e-02
1.88678e+02	2.75537e+02	1.43927e+03	1.17296e+03	1.87420e+00	0.00000e+00	0.00000e+00	4.12015e+00	0.00000e+00	9.96372e-02
1.89661e+02	2.75556e+02	1.43868e+03	1.17324e+03	1.87571e+00	0.00000e+00	0.00000e+00	4.12779e+00	0.00000e+00	9.97113e-02
1.90645e+02	2.75576e+02	1.43809e+03	1.17352e+03	1.87722e+00	0.00000e+00	0.00000e+00	4.13543e+00	0.00000e+00	9.97853e-02
1.91629e+02	2.75596e+02	1.43750e+03	1.17380e+03	1.87873e+00	0.00000e+00	0.00000e+00	4.14306e+00	0.00000e+00	9.98590e-02
1.92612e+02	2.75615e+02	1.43691e+03	1.17407e+03	1.88023e+00	0.00000e+00	0.00000e+00	4.15069e+00	0.00000e+00	9.99327e-02
1.93596e+02	2.75635e+02	1.43632e+03	1.17435e+03	1.88174e+00	0.00000e+00	0.00000e+00	4.15831e+00	0.00000e+00	1.00006e-01
1.94580e+02	2.75654e+02	1.43573e+03	1.17463e+03	1.88324e+00	0.00000e+00	0.00000e+00	4.16593e+00	0.00000e+00	1.00079e-01
1.95563e+02	2.75674e+02	1.43514e+03	1.17491e+03	1.88474e+00	0.00000e+00	0.00000e+00	4.17354e+00	0.00000e+00	1.00152e-01
1.96547e+02	2.75694e+02	1.43455e+03	1.17518e+03	1.88623e+00	0.00000e+00	0.00000e+00	4.18115e+00	0.00000e+00	1.00225e-01
1.97531e+02	2.75714e+02	1.43397e+03	1.17546e+03	1.88772e+00	0.00000e+00	0.00000e+00	4.18876e+00	0.00000e+00	1.00298e-01
1.98514e+02	2.75733e+02	1.43338e+03	1.17574e+03	1.88922e+00	0.00000e+00	0.00000e+00	4.19636e+00	0.00000e+00	1.00371e-01
1.99498e+02	2.75753e+02	1.43279e+03	1.17601e+03	1.89070e+00	0.00000e+00	0.00000e+00	4.20396e+00	0.00000e+00	1.00443e-01
2.00482e+02	2.75773e+02	1.43221e+03	1.17629e+03	1.89219e+00	0.00000e+00	0.00000e+00	4.21156e+00	0.00000e+00	1.00515e-01
2.01465e+02	2.75793e+02	1.43162e+03	1.17656e+03	1.89367e+00	0.00000e+00	0.00000e+00	4.21915e+00	0.00000e+00	1.00588e-01
2.02449e+02	2.75813e+02	1.43104e+03	1.17684e+03	1.89515e+00	0.00000e+00	0.00000e+00	4.22674e+00	0.00000e+00	1.00660e-01
2.03433e+02	2.75832e+02	1.43045e+03	1.17711e+03	1.89663e+00	0.00000e+00	0.00000e+00	4.23432e+00	0.00000e+00	1.00731e-01
2.04416e+02	2.75852e+02	1.42987e+03	1.17738e+03	1.89811e+00	0.00000e+00	0.00000e+00	4.24190e+00	0.00000e+00	1.00803e-01
2.05400e+02	2.75872e+02	1.42928e+03	1.17765e+03	1.89959e+00	0.00000e+00	0.00000e+00	4.24948e+00	0.00000e+00	1.00875e-01
2.06384e+02	2.75892e+02	1.42870e+03	1.17793e+03	1.90106e+00	0.00000e+00	0.00000e+00	4.25706e+00	0.00000e+00	1.00946e-01
2.07367e+02	2.75912e+02	1.42812e+03	1.17820e+03	1.90253e+00	0.00000e+00	0.00000e+00	4.26463e+00	0.00000e+00	1.01017e-01
2.08351e+02	2.75932e+02	1.42753e+03	1.17847e+03	1.90400e+00	0.00000e+00	0.00000e+00	4.27220e+00	0.00000e+00	1.01088e-01
2.09335e+02	2.75952e+02	1.42695e+03	1.17874e+03	1.90546e+00	0.00000e+00	0.00000e+00	4.27977e+00	0.00000e+00	1.01159e-01
2.10318e+02	2.75972e+02	1.42637e+03	1.17901e+03	1.90693e+00	0.00000e+00	0.00000e+00	4.28733e+00	0.00000e+00	1.01230e-01
2.11302e+02	2.75992e+02	1.42578e+03	3.40604e+03	6.12685e+00	2.59561e+00	1.48164e+13	9.72607e+01	2.29473e+01	0.00000e+00
2.73836e+02	2.88461e+02	1.41298e+03	3.40604e+03	6.15945e+00	2.61645e+00	4.61545e+12	9.82180e+01	2.33378e+01	0.00000e+00
3.36370e+02	3.00804e+02	1.40017e+03	3.40903e+03	6.16860e+00	2.62487e+00	1.60151e+12	9.84302e+01	2.34949e+01	0.00000e+00
3.98958e+02	3.13020e+02	1.38737e+03	3.41002e+03	6.17046e+00	2.62353e+00	6.10468e+11	9.85615e+01	2.34758e+01	0.00000e+00
4.61565e+02	3.25110e+02	1.37456e+03	3.41074e+03	6.19888e+00	2.64854e+00	2.52634e+11	9.91350e+01	2.39216e+01	0.00000e+00
5.24185e+02	3.37073e+02	1.36176e+03	3.40989e+03	6.30228e+00	2.74768e+00	1.12396e+11	1.01015e+02	2.57247e+01	0.00000e+00
5.86790e+02	3.48909e+02	1.34895e+03	3.40670e+03	6.61054e+00	3.02980e+00	5.33092e+10	1.06729e+02	3.11466e+01	0.00000e+00
6.49336e+02	3.60618e+02	1.33615e+03	3.39251e+03	6.77208e+00	3.13376e+00	2.67632e+10	1.10670e+02	3.31692e+01	0.00000e+00
7.11621e+02	3.72199e+02	1.32334e+03	3.37747e+03	6.80837e+00	3.16283e+00	1.41303e+10	1.11352e+02	3.37387e+01	0.00000e+00
7.73631e+02	3.83652e+02	1.31054e+03	3.37269e+03	6.80703e+00	3.16226e+00	7.80522e+09	1.11371e+02	3.37459e+01	0.00000e+00
8.35552e+02	3.94977e+02	1.29773e+03	3.37462e+03	6.92597e+00	3.24127e+00	4.49207e+09	1.15060e+02	3.55937e+01	0.00000e+00
8.97509e+02	4.06173e+02	1.28493e+03	3.38799e+03	6.92868e+00	3.24051e+00	2.68364e+09	1.15217e+02	3.55794e+01	0.00000e+00
9.59711e+02	4.17239e+02	1.27212e+03	3.38822e+03	6.92911e+00	3.23736e+00	1.65911e+09	1.15406e+02	3.55338e+01	0.00000e+00
1.02192e+03	4.28177e+02	1.25932e+03	3.39046e+03	6.93052e+00	3.23518e+00	1.05775e+09	1.15587e+02	3.55015e+01	0.00000e+00
1.08417e+03	4.38985e+02	1.24651e+03	3.39194e+03	6.93337e+00	3.23426e+00	6.93600e+08	1.15764e+02	3.54861e+01	0.00000e+00
1.14644e+03	4.49662e+02	1.23371e+03	3.39242e+03	7.95174e+00	4.61382e+00	4.66674e+08	1.18213e+02	7.22135e+01	0.00000e+00
1.20872e+03	4.60209e+02	1.22090e+03	3.39233e+03	7.95452e+00	4.61342e+00	3.21489e+08	1.18375e+02	7.21984e+01	0.00000e+00
1.27101e+03	4.70625e+02	1.20810e+03	3.39221e+03	7.95432e+00	4.60996e+00	2.26331e+08	1.18574e+02	7.21301e+01	0.00000e+00
1.33329e+03	4.80910e+02	1.19529e+03	3.39409e+03	7.95474e+00	4.60725e+00	1.62562e+08	1.18765e+02	7.20784e+01	0.00000e+00
1.39560e+03	4.91062e+02	1.18249e+03	3.39565e+03	7.95816e+00	4.60729e+00	1.18949e+08	1.18936e+02	7.20724e+01	0.00000e+00
1.45794e+03	5.01083e+02	1.16968e+03	3.39530e+03	7.95514e+00	4.60085e+00	8.85466e+07	1.19179e+02	7.19544e+01	0.00000e+00
1.52028e+03	5.10970e+02	1.15687e+03	3.39924e+03	7.96092e+00	4.60371e+00	6.69737e+07	1.19308e+02	7.20056e+01	0.00000e+00
1.58269e+03	5.20724e+02	1.14407e+03	3.39742e+03	7.96310e+00	4.60256e+00	5.14190e+07	1.19496e+02	7.19831e+01	0.00000e+00
1.64506e+03	5.30343e+02	1.13126e+03	3.39806e+03	7.96341e+00	4.59945e+00	4.00252e+07	1.19711e+02	7.19264e+01	0.00000e+00
1.70745e+03	5.39828e+02	1.11846e+03	3.39998e+03	7.96675e+00	4.59950e+00	3.15620e+07	1.19889e+02	7.19278e+01	0.00000e+00
1.76987e+03	5.49178e+02	1.10565e+03	3.39997e+03	7.96647e+00	4.59542e+00	2.51926e+07	1.20130e+02	7.18514e+01	0.00000e+00
1.83230e+03	5.58392e+02	1.09285e+03	3.40239e+03	7.97053e+00	4.59619e+00	2.03381e+07	1.20306e+02	7.18684e+01	0.00000e+00
1.89476e+03	5.67469e+02	1.08004e+03	3.40205e+03	7.97245e+00	4.59461e+00	1.65960e+07	1.20516e+02	7.18428e+01	0.00000e+00
1.95722e+03	5.76409e+02	1.06724e+03	3.40318e+03	7.97410e+00	4.59298e+00	1.36789e+07	1.20723e+02	7.18214e+01	0.00000e+00
2.01971e+03	5.85211e+02	1.05443e+03	3.40459e+03	7.97362e+00	4.58842e+00	1.13820e+07	1.20987e+02	7.17379e+01	0.00000e+00
2.08221e+03	5.93875e+02	1.04163e+03	3.40740e+03	7.97720e+00	4.58842e+00	9.55607e+06	1.21190e+02	7.17426e+01	0.00000e+00
2.14477e+03	6.02398e+02	1.02882e+03	3.40762e+03	7.98182e+00	4.58982e+00	8.09156e+06	1.21368e+02	7.17783e+01	0.00000e+00
2.20733e+03	6.10781e+02	1.01602e+03	3.40723e+03	7.98172e+00	4.58588e+00	6.90657e+06	1.21626e+02	7.17134e+01	0.00000e+00
2.26989e+03	6.19023e+02	1.00321e+03	3.41000e+03	7.98722e+00	4.58803e+00	5.93999e+06	1.21807e+02	7.17637e+01	0.00000e+00
2.33250e+03	6.27123e+02	9.90406e+02	3.40920e+03	7.99048e+00	4.58765e+00	5.14595e+06	1.22025e+02	7.17664e+01	0.00000e+00
2.39509e+03	6.35079e+02	9.77601e+02	3.40989e+03	7.99189e+00	4.58510e+00	4.48869e+06	1.22280e+02	7.17282e+01	0.00000e+00
2.45769e+03	6.42891e+02	9.64796e+02	3.41187e+03	7.99493e+00	4.58441e+00	3.94114e+06	1.22509e+02	7.17270e+01	0.00000e+00
2.52033e+03	6.50557e+02	9.51990e+02	3.41284e+03	7.99782e+00	4.58348e+00	3.48220e+06	1.22747e+02	7.17221e+01	0.00000e+00
2.58299e+03	6.58077e+02	9.39185e+02	3.41398e+03	8.00042e+00	4.58212e+00	3.09519e+06	1.22996e+02	7.17090e+01	0.00000e+00
2.64567e+03	6.65449e+02	9.26380e+02	3.41538e+03	8.00314e+00	4.58101e+00	2.76704e+06	1.23242e+02	7.17037e+01	0.00000e+00
2.70838e+03	6.72672e+02	9.13575e+02	3.41680e+03	8.00706e+00	4.58133e+00	2.48735e+06	1.23468e+02	7.17282e+01	0.00000e+00
2.77111e+03	6.79745e+02	9.00769e+02	3.41749e+03	8.01084e+00	4.58127e+00	2.24781e+06	1.23707e+02	7.17442e+01	0.00000e+00
2.83385e+03	6.86665e+02	8.87964e+02	3.41833e+03	8.01458e+00	4.58111e+00	2.04170e+06	1.23953e+02	7.17587e+01	0.00000e+00
2.89661e+03	6.93432e+02	8.75159e+02	3.41927e+03	8.01771e+00	4.58037e+00	1.86361e+06	1.24208e+02	7.17656e+01	0.00000e+00
2.95939e+03	7.00043e+02	8.62354e+02	3.42070e+03	8.02167e+00	4.58049e+00	1.70913e+06	1.24454e+02	7.17891e+01	0.00000e+00
3.02219e+03	7.06498e+02	8.49548e+02	3.42164e+03	8.02521e+00	4.57988e+00	1.57468e+06	1.24721e+02	7.17971e+01	0.00000e+00
3.08501e+03	7.12795e+02	8.36743e+02	3.42293e+03	8.03051e+00	4.58160e+00	1.45726e+06	1.24948e+02	7.18556e+01	0.00000e+00
3.14786e+03	7.18930e+02	8.23938e+02	3.42315e+03	8.03423e+00	4.58123e+00	1.35445e+06	1.25218e+02	7.18720e+01	0.00000e+00
3.21070e+03	7.24903e+02	8.11133e+02	3.42449e+03	8.03874e+00	4.58175e+00	1.26417e+06	1.25476e+02	7.19069e+01	0.00000e+00
3.27358e+03	7.30711e+02	7.98327e+02	3.42537e+03	8.04172e+00	4.58051e+00	1.18476e+06	1.25765e+02	7.19096e+01	0.00000e+00
3.33647e+03	7.36352e+02	7.85522e+02	3.42736e+03	8.04582e+00	4.58033e+00	1.11478e+06	1.26045e+02	7.19307e+01	0.00000e+00
3.39939e+03	7.41822e+02	7.72717e+02	3.42862e+03	8.04952e+00	4.57971e+00	1.05307e+06	1.26337e+02	7.19461e+01	0.00000e+00
3.46234e+03	7.47121e+02	7.59912e+02	3.43029e+03	8.05483e+00	4.58129e+00	9.98607e+05	1.26588e+02	7.20096e+01	0.00000e+00
3.52532e+03	7.52244e+02	7.47106e+02	3.43095e+03	8.05943e+00	4.58169e+00	9.50556e+05	1.26871e+02	7.20477e+01	0.00000e+00
3.58831e+03	7.57189e+02	7.34301e+02	3.43217e+03	8.06967e+00	4.58231e+00	9.08189e+05	1.27619e+02	7.21844e+01	0.00000e+00
3.65132e+03	7.61952e+02	7.21496e+02	3.43775e+03	8.07738e+00	4.57842e+00	8.70913e+05	1.28675e+02	7.23233e+01	0.00000e+00
3.71444e+03	7.66531e+02	7.08691e+02	3.45021e+03	8.09304e+00	4.58341e+00	8.38272e+05	1.29517e+02	7.25813e+01	0.00000e+00
3.77778e+03	7.70920e+02	6.95885e+02	3.45499e+03	8.11553e+00	4.59427e+00	8.09906e+05	1.30415e+02	7.29796e+01	0.00000e+00
3.84122e+03	7.75117e+02	6.83080e+02	3.45755e+03	8.13510e+00	4.59947e+00	7.85366e+05	1.31581e+02	7.33053e+01	0.00000e+00
3.90470e+03	7.79116e+02	6.70275e+02	3.46513e+03	8.14694e+00	4.60285e+00	7.64333e+05	1.32295e+02	7.35179e+01	0.00000e+00
3.96831e+03	7.82913e+02	6.57470e+02	3.47008e+03	8.16254e+00	4.60667e+00	7.46616e+05	1.33252e+02	7.37713e+01	0.00000e+00
4.03202e+03	7.86504e+02	6.44664e+02	3.47627e+03	8.17126e+00	4.60862e+00	7.31998e+05	1.33780e+02	7.38983e+01	0.00000e+00
4.09585e+03	7.89881e+02	6.31859e+02	3.47931e+03	8.17637e+00	4.60928e+00	7.20343e+05	1.34106e+02	7.39543e+01	0.00000e+00
4.15973e+03	7.93041e+02	6.19054e+02	3.48094e+03	8.18138e+00	4.61028e+00	7.11522e+05	1.34414e+02	7.40227e+01	0.00000e+00
4.22364e+03	7.95975e+02	6.06249e+02	3.48265e+03	8.18720e+00	4.61142e+00	7.05462e+05	1.34756e+02	7.40915e+01	0.00000e+00
4.28758e+03	7.98678e+02	5.93443e+02	3.48416e+03	8.19302e+00	4.61275e+00	7.02147e+05	1.35085e+02	7.41642e+01	0.00000e+00
4.35154e+03	8.01142e+02	5.80638e+02	3.48557e+03	8.19994e+00	4.61453e+00	7.01599e+05	1.35451e+02	7.42468e+01	0.00000e+00
4.41554e+03	8.03357e+02	5.67833e+02	3.48677e+03	8.20617e+00	4.61618e+00	7.03887e+05	1.35795e+02	7.43321e+01	0.00000e+00
4.47955e+03	8.05316e+02	5.55027e+02	3.48827e+03	8.21126e+00	4.61769e+00	7.09127e+05	1.36095e+02	7.44207e+01	0.00000e+00
4.54360e+03	8.07008e+02	5.42222e+02	3.49015e+03	8.21799e+00	4.61932e+00	7.17495e+05	1.36468e+02	7.45046e+01	0.00000e+00
4.60768e+03	8.08423e+02	5.29417e+02	3.49162e+03	8.22435e+00	4.62095e+00	7.29229e+05	1.36834e+02	7.45958e+01	0.00000e+00
4.67178e+03	8.09549e+02	5.16612e+02	3.49343e+03	8.23055e+00	4.62258e+00	7.44638e+05	1.37197e+02	7.46900e+01	0.00000e+00
4.73592e+03	8.10371e+02	5.03806e+02	3.49538e+03	8.23730e+00	4.62433e+00	7.64124e+05	1.37572e+02	7.47801e+01	0.00000e+00
4.80009e+03	8.10877e+02	4.91001e+02	3.49695e+03	8.24403e+00	4.62662e+00	7.88202e+05	1.37934e+02	7.48935e+01	0.00000e+00
4.86430e+03	8.11049e+02	4.78196e+02	3.49879e+03	8.25160e+00	4.62864e+00	8.17519e+05	1.38346e+02	7.49932e+01	0.00000e+00
4.86430e+03	8.11049e+02	4.78196e+02	8.00000e+03	6.07549e+00	3.28307e+00	1.00000e+04	1.80321e+02	8.62286e+01	0.00000e+00
5.34107e+03	8.11950e+02	4.25063e+02	8.00000e+03	6.07549e+00	3.28307e+00	1.00000e+04	1.80321e+02	8.62286e+01	0.00000e+00
5.81785e+03	8.12852e+02	3.71930e+02	8.00000e+03	6.11298e+00	3.30118e+00	1.00000e+04	1.82705e+02	8.71821e+01	0.00000e+00
6.29463e+03	8.13753e+02	3.18797e+02	8.00000e+03	6.15024e+00	3.31918e+00	1.00000e+04	1.85089e+02	8.81357e+01	0.00000e+00
6.77141e+03	8.14654e+02	2.65664e+02	8.00000e+03	6.18727e+00	3.33709e+00	1.00000e+04	1.87473e+02	8.90893e+01	0.00000e+00
7.24819e+03	8.15555e+02	2.12532e+02	8.00000e+03	6.22409e+00	3.35490e+00	1.00000e+04	1.89857e+02	9.00428e+01	0.00000e+00
7.72497e+03	8.16456e+02	1.59399e+02	8.00000e+03	6.26069e+00	3.37262e+00	1.00000e+04	1.92241e+02	9.09964e+01	0.00000e+00
8.20175e+03	8.17357e+02	1.06266e+02	8.00000e+03	6.29707e+00	3.39024e+00	1.00000e+04	1.94625e+02	9.19499e+01	0.00000e+00
8.67853e+03	8.18259e+02	5.31329e+01	8.00000e+03	6.33325e+00	3.40778e+00	1.00000e+04	1.97009e+02	9.29035e+01	0.00000e+00
9.15531e+03	8.19160e+02	0.00000e+00	8.00000e+03	6.36922e+00	3.42522e+00	1.00000e+04	1.99393e+02	9.38571e+01	0.00000e+00
