72.96	272.73
73.545	273.85
74.129	274.97
74.712	276.09
75.296	277.21
75.879	278.33
76.461	279.44
77.044	280.56
77.626	281.67
78.207	282.79
78.789	283.9
79.37	285.01
79.95	286.12
80.531	287.23
81.112	288.34
81.692	289.45
82.272	290.56
82.852	291.67
83.432	292.78
84.012	293.88
84.591	294.99
85.17	296.09
85.748	297.2
86.326	298.3
86.904	299.4
87.481	300.5
88.058	301.61
88.635	302.71
89.211	303.81
89.788	304.9
90.366	306
90.945	307.1
91.525	308.2
92.105	309.29
92.686	310.39
93.268	311.48
93.85	312.58
94.433	313.67
95.016	314.76
95.599	315.85
96.181	316.94
96.764	318.03
97.347	319.12
97.93	320.21
98.513	321.3
99.096	322.38
99.678	323.47
100.26	324.56
100.84	325.64
101.43	326.72
102.01	327.81
102.59	328.89
103.17	329.97
103.75	331.05
104.34	332.13
104.92	333.21
105.5	334.29
106.08	335.37
106.66	336.45
107.24	337.52
107.82	338.6
108.4	339.67
108.98	340.75
109.56	341.82
110.14	342.89
110.72	343.97
111.3	345.04
111.88	346.11
112.46	347.18
113.04	348.25
113.62	349.31
114.21	350.38
114.79	351.45
115.37	352.51
115.95	353.58
116.53	354.64
117.11	355.71
117.69	356.77
118.27	357.83
118.85	358.89
119.42	359.95
120	361.01
120.58	362.07
121.15	363.13
121.72	364.19
122.29	365.25
122.86	366.3
123.43	367.36
124	368.41
124.57	369.47
125.14	370.52
125.71	371.57
126.28	372.63
126.85	373.68
127.42	374.73
127.98	375.78
128.55	376.82
129.12	377.87
129.69	378.92
130.26	379.97
130.83	381.01
131.4	382.06
131.97	383.1
132.54	384.15
133.11	385.19
133.67	386.23
134.24	387.27
134.81	388.31
135.38	389.35
135.94	390.39
136.5	391.43
137.07	392.47
137.63	393.5
138.19	394.54
138.76	395.57
139.32	396.61
139.88	397.64
140.44	398.68
141	399.71
141.57	400.74
142.13	401.77
142.69	402.8
143.25	403.83
143.82	404.86
144.38	405.89
144.94	406.91
145.5	407.94
146.06	408.97
146.62	409.99
147.18	411.02
147.74	412.04
148.29	413.06
148.85	414.08
149.41	415.1
149.97	416.12
150.53	417.14
151.08	418.16
151.64	419.18
152.2	420.2
152.76	421.22
153.32	422.23
153.87	423.25
154.43	424.26
154.99	425.27
155.55	426.29
156.11	427.3
156.67	428.31
157.22	429.32
157.78	430.33
158.34	431.34
158.9	432.35
159.46	433.36
160.02	434.36
160.57	435.37
161.13	436.37
161.69	437.38
162.25	438.38
162.81	439.39
163.37	440.39
163.93	441.39
164.48	442.39
165.04	443.39
165.6	444.39
166.16	445.39
166.72	446.39
167.28	447.39
167.83	448.38
168.39	449.38
168.95	450.37
169.51	451.37
170.07	452.36
170.63	453.35
171.19	454.35
171.75	455.34
172.3	456.33
172.86	457.32
173.42	458.31
173.98	459.29
174.54	460.28
175.1	461.27
175.66	462.25
176.22	463.24
176.78	464.22
177.33	465.21
177.89	466.19
178.45	467.17
179.01	468.15
179.57	469.14
180.13	470.12
180.69	471.09
181.25	472.07
181.81	473.05
182.36	474.03
182.92	475
183.48	475.98
184.04	476.95
184.6	477.93
185.16	478.9
185.72	479.87
186.28	480.85
186.84	481.82
187.4	482.79
187.96	483.76
188.52	484.73
189.07	485.69
189.63	486.66
190.19	487.63
190.75	488.59
191.31	489.56
191.87	490.52
192.43	491.49
192.99	492.45
193.55	493.41
194.11	494.37
194.67	495.33
195.23	496.29
195.79	497.25
196.35	498.21
196.91	499.17
197.46	500.13
198.02	501.08
198.58	502.04
199.14	502.99
199.7	503.95
200.26	504.9
200.82	505.85
201.38	506.8
201.94	507.75
202.5	508.7
203.06	509.65
203.62	510.6
204.18	511.55
204.74	512.5
205.3	513.44
205.86	514.39
206.42	515.33
206.98	516.28
207.54	517.22
208.1	518.16
208.66	519.11
209.22	520.05
209.78	520.99
210.34	521.93
210.9	522.87
211.46	523.8
212.02	524.74
212.58	525.68
213.14	526.61
213.7	527.55
214.26	528.48
214.82	529.42
215.38	530.35
215.94	531.28
216.5	532.21
217.06	533.14
217.62	534.07
218.18	535
218.74	535.93
219.3	536.86
219.86	537.79
220.42	538.71
220.98	539.64
221.54	540.56
222.1	541.49
222.66	542.41
223.22	543.33
223.78	544.25
224.34	545.18
224.9	546.1
225.46	547.02
226.02	547.93
226.58	548.85
227.14	549.77
227.7	550.69
228.26	551.6
228.82	552.52
229.38	553.43
229.94	554.34
230.5	555.26
231.06	556.17
231.62	557.08
232.18	557.99
232.74	558.9
233.3	559.81
233.86	560.72
234.42	561.63
234.99	562.53
235.55	563.44
236.11	564.34
236.67	565.25
237.23	566.15
237.79	567.06
238.35	567.96
238.91	568.86
239.47	569.76
240.03	570.66
240.59	571.56
241.15	572.46
241.71	573.36
242.27	574.25
242.83	575.15
243.39	576.04
243.96	576.94
244.52	577.83
245.08	578.73
245.64	579.62
246.2	580.51
246.76	581.4
247.32	582.29
247.88	583.18
248.44	584.07
249	584.96
249.56	585.85
250.13	586.73
250.69	587.62
251.25	588.5
251.81	589.39
252.37	590.27
252.93	591.16
253.49	592.04
254.05	592.92
254.61	593.8
255.17	594.68
255.74	595.56
256.3	596.44
256.86	597.31
257.42	598.19
257.98	599.07
258.54	599.94
259.1	600.82
259.66	601.69
260.23	602.57
260.79	603.44
261.35	604.31
261.91	605.18
262.47	606.05
263.03	606.92
263.59	607.79
264.15	608.66
264.72	609.52
265.28	610.39
265.84	611.26
266.4	612.12
266.96	612.98
267.52	613.85
268.08	614.71
268.65	615.57
269.21	616.43
269.77	617.29
270.33	618.15
270.89	619.01
271.45	619.87
272.01	620.73
272.58	621.59
273.14	622.44
273.7	623.3
274.26	624.15
274.82	625.01
275.38	625.86
275.95	626.71
276.51	627.56
277.07	628.41
277.63	629.26
278.19	630.11
278.75	630.96
279.32	631.81
279.88	632.66
280.44	633.5
281	634.35
281.56	635.19
282.13	636.04
282.69	636.88
283.25	637.72
283.81	638.56
284.37	639.4
284.94	640.24
285.5	641.08
286.06	641.92
286.62	642.76
287.18	643.6
287.75	644.43
288.31	645.27
288.87	646.11
289.43	646.94
289.99	647.77
290.56	648.61
291.12	649.44
291.68	650.27
292.24	651.1
292.81	651.93
293.37	652.76
293.93	653.59
294.49	654.42
295.05	655.24
295.62	656.07
296.18	656.89
296.74	657.72
297.3	658.54
297.87	659.37
298.43	660.19
298.99	661.01
299.55	661.83
300.12	662.65
300.68	663.47
301.24	664.29
301.8	665.11
302.37	665.92
302.93	666.74
303.49	667.55
304.05	668.37
304.62	669.18
305.18	670
305.74	670.81
306.3	671.62
306.87	672.43
307.43	673.24
307.99	674.05
308.55	674.86
309.12	675.67
309.68	676.48
310.24	677.28
310.8	678.09
311.37	678.9
311.93	679.7
312.49	680.5
313.05	681.31
313.62	682.11
314.18	682.91
314.74	683.71
315.31	684.51
315.87	685.31
316.43	686.11
316.99	686.91
317.56	687.7
318.12	688.5
318.68	689.29
319.25	690.09
319.81	690.88
320.37	691.68
320.93	692.47
321.5	693.26
322.06	694.05
322.62	694.84
323.19	695.63
323.75	696.42
324.31	697.21
324.88	698
325.44	698.78
326	699.57
326.56	700.35
327.13	701.14
327.69	701.92
328.25	702.7
328.82	703.48
329.38	704.27
329.94	705.05
330.51	705.83
331.07	706.61
331.63	707.38
332.2	708.16
332.76	708.94
333.32	709.71
333.89	710.49
334.45	711.26
335.01	712.04
335.58	712.81
336.14	713.58
336.7	714.35
337.27	715.13
337.83	715.9
338.39	716.66
338.96	717.43
339.52	718.2
340.08	718.97
340.65	719.73
341.21	720.5
341.78	721.26
342.34	722.03
342.9	722.79
343.47	723.55
344.03	724.32
344.59	725.08
345.16	725.84
345.72	726.6
346.28	727.36
346.85	728.11
347.41	728.87
347.98	729.63
348.54	730.38
349.1	731.14
349.67	731.89
350.23	732.65
350.79	733.4
351.36	734.15
351.92	734.9
352.49	735.65
353.05	736.4
353.61	737.15
354.18	737.9
354.74	738.65
355.3	739.4
355.87	740.14
356.43	740.89
357	741.63
357.56	742.38
358.12	743.12
358.69	743.86
359.25	744.6
359.81	745.34
360.38	746.08
360.94	746.82
361.51	747.56
362.07	748.3
362.63	749.04
363.2	749.77
363.76	750.51
364.32	751.24
364.89	751.98
365.45	752.71
366.01	753.44
366.58	754.18
367.14	754.91
367.71	755.64
368.27	756.37
368.83	757.1
369.4	757.83
369.96	758.55
370.52	759.28
371.09	760.01
371.65	760.73
372.21	761.46
372.78	762.18
373.34	762.9
373.9	763.62
374.47	764.35
375.03	765.07
375.59	765.79
376.16	766.51
376.72	767.22
377.28	767.94
377.85	768.66
378.41	769.37
378.97	770.09
379.54	770.81
380.1	771.52
380.66	772.23
381.23	772.94
381.79	773.66
382.35	774.37
382.92	775.08
383.48	775.79
384.04	776.5
384.61	777.2
385.17	777.91
385.73	778.62
386.29	779.32
386.86	780.03
387.42	780.73
387.98	781.44
388.55	782.14
389.11	782.84
389.67	783.54
390.24	784.24
390.8	784.94
391.36	785.64
391.93	786.34
392.49	787.04
393.05	787.74
393.61	788.43
394.18	789.13
394.74	789.82
395.3	790.51
395.87	791.21
396.43	791.9
396.99	792.59
397.56	793.28
398.12	793.97
398.68	794.66
399.24	795.35
399.81	796.04
400.37	796.73
400.93	797.41
401.5	798.1
402.06	798.78
402.62	799.47
403.18	800.15
403.75	800.83
404.31	801.51
404.87	802.2
405.44	802.88
406	803.56
406.56	804.23
407.12	804.91
407.69	805.59
408.25	806.27
408.81	806.94
409.37	807.62
409.94	808.29
410.5	808.97
411.06	809.64
411.62	810.31
412.19	810.98
412.75	811.65
413.31	812.32
413.88	812.99
414.44	813.66
415	814.33
415.56	814.99
416.13	815.66
416.69	816.33
417.25	816.99
417.81	817.66
418.38	818.32
418.94	818.98
419.5	819.64
420.06	820.3
420.63	820.96
421.19	821.62
421.75	822.28
422.31	822.94
422.88	823.6
423.44	824.25
424	824.91
424.56	825.56
425.13	826.22
425.69	826.87
426.25	827.52
426.81	828.18
427.37	828.83
427.94	829.48
428.5	830.13
429.06	830.78
429.62	831.43
430.19	832.07
430.75	832.72
431.31	833.37
431.87	834.01
432.44	834.66
433	835.3
433.56	835.94
434.12	836.58
434.68	837.23
435.25	837.87
435.81	838.51
436.37	839.15
436.93	839.78
437.5	840.42
438.06	841.06
438.62	841.7
439.18	842.33
439.74	842.97
440.31	843.6
440.87	844.23
441.43	844.87
441.99	845.5
442.55	846.13
443.12	846.76
443.68	847.39
444.24	848.02
444.8	848.65
445.36	849.27
445.93	849.9
446.49	850.53
447.05	851.15
447.61	851.77
448.17	852.4
448.74	853.02
449.3	853.64
449.86	854.26
450.42	854.88
450.98	855.5
451.55	856.12
452.11	856.74
452.67	857.36
453.23	857.98
453.79	858.59
454.36	859.21
454.92	859.82
455.48	860.44
456.04	861.05
456.6	861.66
457.17	862.27
457.73	862.88
458.29	863.49
458.85	864.1
459.41	864.71
459.97	865.32
460.54	865.93
461.1	866.53
461.66	867.14
462.22	867.74
462.78	868.35
463.34	868.95
463.91	869.56
464.47	870.16
465.03	870.76
465.59	871.36
466.15	871.96
466.71	872.56
467.28	873.16
467.84	873.75
468.4	874.35
468.96	874.95
469.52	875.54
470.08	876.13
470.65	876.73
471.21	877.32
471.77	877.91
472.33	878.51
472.89	879.1
473.45	879.69
474.01	880.28
474.58	880.86
475.14	881.45
475.7	882.04
476.26	882.62
476.82	883.21
477.38	883.79
477.95	884.38
478.51	884.96
479.07	885.54
479.63	886.13
480.19	886.71
480.75	887.29
481.31	887.87
481.88	888.45
482.44	889.02
483	889.6
483.56	890.18
484.12	890.75
484.68	891.33
485.24	891.9
485.81	892.48
486.37	893.05
486.93	893.62
487.49	894.19
488.05	894.76
488.61	895.33
489.17	895.9
489.73	896.47
490.3	897.04
490.86	897.6
491.42	898.17
491.98	898.74
492.54	899.3
493.1	899.86
493.66	900.43
494.22	900.99
494.79	901.55
495.35	902.11
495.91	902.67
496.47	903.23
497.03	903.79
497.59	904.35
498.15	904.9
498.71	905.46
499.27	906.02
499.84	906.57
500.4	907.13
500.96	907.68
501.52	908.23
502.08	908.78
502.64	909.33
503.2	909.88
503.76	910.43
504.32	910.98
504.88	911.53
505.45	912.08
506.01	912.62
506.57	913.17
507.13	913.72
507.69	914.26
508.25	914.8
508.81	915.35
509.37	915.89
509.93	916.43
510.49	916.97
511.06	917.51
511.62	918.05
512.18	918.59
512.74	919.13
513.3	919.66
513.86	920.2
514.42	920.73
514.98	921.27
515.54	921.8
516.1	922.34
516.66	922.87
517.22	923.4
517.79	923.93
518.35	924.46
518.91	924.99
519.47	925.52
520.03	926.05
520.59	926.57
521.15	927.1
521.71	927.63
522.27	928.15
522.83	928.68
523.39	929.2
523.95	929.72
524.51	930.24
525.08	930.77
525.64	931.29
526.2	931.81
526.76	932.32
527.32	932.84
527.88	933.36
528.44	933.88
529	934.39
529.56	934.91
530.12	935.42
530.68	935.94
531.24	936.45
531.8	936.96
532.36	937.47
532.92	937.98
533.48	938.49
534.05	939
534.61	939.51
535.17	940.02
535.73	940.53
536.29	941.03
536.85	941.54
537.41	942.04
537.97	942.55
538.53	943.05
539.09	943.55
539.65	944.05
540.21	944.56
540.77	945.06
541.33	945.56
541.89	946.05
542.45	946.55
543.01	947.05
543.57	947.55
544.13	948.04
544.69	948.54
545.25	949.03
545.82	949.52
546.38	950.02
546.94	950.51
547.5	951
548.06	951.49
548.62	951.98
549.18	952.47
549.74	952.96
550.3	953.45
550.86	953.93
551.42	954.42
551.98	954.9
552.54	955.39
553.1	955.87
553.66	956.36
554.22	956.84
554.78	957.32
555.34	957.8
555.9	958.28
556.46	958.76
557.02	959.24
557.58	959.72
558.14	960.19
558.7	960.67
559.26	961.15
559.82	961.62
560.38	962.1
560.94	962.57
561.5	963.04
562.06	963.51
562.62	963.98
563.18	964.45
563.74	964.92
564.3	965.39
564.87	965.86
565.43	966.33
565.99	966.8
566.55	967.26
567.11	967.73
567.67	968.19
568.23	968.65
568.79	969.12
569.35	969.58
569.91	970.04
570.47	970.5
571.03	970.96
571.59	971.42
572.15	971.88
572.71	972.34
573.27	972.79
573.83	973.25
574.39	973.71
574.95	974.16
575.51	974.61
576.07	975.07
576.63	975.52
577.19	975.97
577.75	976.42
578.31	976.87
578.87	977.32
579.43	977.77
579.99	978.22
580.55	978.67
581.11	979.11
581.67	979.56
582.23	980
582.78	980.45
583.34	980.89
583.9	981.33
584.46	981.78
585.02	982.22
585.58	982.66
586.14	983.1
586.7	983.54
587.26	983.97
587.82	984.41
588.38	984.85
588.94	985.29
589.5	985.72
590.06	986.15
590.62	986.59
591.18	987.02
591.74	987.45
592.3	987.89
592.86	988.32
593.42	988.75
593.98	989.18
594.54	989.6
595.1	990.03
595.66	990.46
596.22	990.89
596.78	991.31
597.34	991.74
597.9	992.16
598.46	992.58
599.02	993.01
599.58	993.43
600.14	993.85
600.7	994.27
601.26	994.69
601.82	995.11
602.38	995.53
602.94	995.94
603.5	996.36
604.05	996.78
604.61	997.19
605.17	997.6
605.73	998.02
606.29	998.43
606.85	998.84
607.41	999.25
607.97	999.67
608.53	1000.1
609.09	1000.5
609.65	1000.9
610.21	1001.3
610.77	1001.7
611.33	1002.1
611.89	1002.5
612.45	1002.9
613.01	1003.3
613.57	1003.7
614.13	1004.1
614.69	1004.5
615.25	1004.9
615.8	1005.3
616.36	1005.7
616.92	1006.1
617.48	1006.5
618.04	1006.9
618.6	1007.3
619.16	1007.7
619.72	1008.1
620.28	1008.5
620.84	1008.9
621.4	1009.3
621.96	1009.7
622.52	1010.1
623.08	1010.5
623.64	1010.9
624.2	1011.2
624.76	1011.6
625.32	1012
625.87	1012.4
626.43	1012.8
626.99	1013.2
627.55	1013.6
628.11	1013.9
628.67	1014.3
629.23	1014.7
629.79	1015.1
630.35	1015.5
630.91	1015.9
631.47	1016.2
632.03	1016.6
632.59	1017
633.15	1017.4
633.7	1017.7
634.26	1018.1
634.82	1018.5
635.38	1018.9
635.94	1019.2
636.5	1019.6
637.06	1020
637.62	1020.4
638.18	1020.7
638.74	1021.1
639.3	1021.5
639.86	1021.8
640.42	1022.2
640.97	1022.6
641.53	1022.9
642.09	1023.3
642.65	1023.7
643.21	1024
643.77	1024.4
644.33	1024.8
644.89	1025.1
645.45	1025.5
646.01	1025.8
646.57	1026.2
647.12	1026.6
647.68	1026.9
648.24	1027.3
648.8	1027.6
649.36	1028
649.92	1028.3
650.48	1028.7
651.04	1029
651.6	1029.4
652.16	1029.7
652.71	1030.1
653.27	1030.4
653.83	1030.8
654.39	1031.1
654.95	1031.5
655.51	1031.8
656.07	1032.2
656.63	1032.5
657.19	1032.9
657.75	1033.2
658.3	1033.6
658.86	1033.9
659.42	1034.2
659.98	1034.6
660.54	1034.9
661.1	1035.3
661.66	1035.6
662.22	1035.9
662.78	1036.3
663.34	1036.6
663.89	1037
664.45	1037.3
665.01	1037.6
665.57	1038
666.13	1038.3
666.69	1038.6
667.25	1039
667.81	1039.3
668.37	1039.6
668.92	1039.9
669.48	1040.3
670.04	1040.6
670.6	1040.9
671.16	1041.3
671.72	1041.6
672.28	1041.9
672.84	1042.2
673.39	1042.5
673.95	1042.9
674.51	1043.2
675.07	1043.5
675.63	1043.8
676.19	1044.2
676.75	1044.5
677.31	1044.8
677.87	1045.1
678.42	1045.4
678.98	1045.7
679.54	1046.1
680.1	1046.4
680.66	1046.7
681.22	1047
681.78	1047.3
682.34	1047.6
682.89	1047.9
683.45	1048.2
684.01	1048.5
684.57	1048.9
685.13	1049.2
685.69	1049.5
686.25	1049.8
686.81	1050.1
687.36	1050.4
687.92	1050.7
688.48	1051
689.04	1051.3
689.6	1051.6
690.16	1051.9
690.72	1052.2
691.27	1052.5
691.83	1052.8
692.39	1053.1
692.95	1053.4
693.51	1053.7
694.07	1054
694.63	1054.3
695.19	1054.6
695.74	1054.9
696.3	1055.2
696.86	1055.4
697.42	1055.7
697.98	1056
698.54	1056.3
699.1	1056.6
699.65	1056.9
700.21	1057.2
700.77	1057.5
701.33	1057.8
701.89	1058
702.45	1058.3
703.01	1058.6
703.56	1058.9
704.12	1059.2
704.68	1059.5
705.24	1059.7
705.8	1060
706.36	1060.3
706.92	1060.6
707.47	1060.9
708.03	1061.1
708.59	1061.4
709.15	1061.7
709.71	1062
710.27	1062.2
710.83	1062.5
711.38	1062.8
711.94	1063
712.5	1063.3
713.06	1063.6
713.62	1063.9
714.18	1064.1
714.74	1064.4
715.29	1064.7
715.85	1064.9
716.41	1065.2
716.97	1065.5
717.53	1065.7
718.09	1066
718.64	1066.2
719.2	1066.5
719.76	1066.8
720.32	1067
720.88	1067.3
721.44	1067.5
721.99	1067.8
722.55	1068.1
723.11	1068.3
723.67	1068.6
724.23	1068.8
724.79	1069.1
725.35	1069.3
725.9	1069.6
726.46	1069.8
727.02	1070.1
727.58	1070.3
728.14	1070.6
728.7	1070.8
729.25	1071.1
729.81	1071.3
730.37	1071.6
730.93	1071.8
731.49	1072.1
732.05	1072.3
732.6	1072.6
733.16	1072.8
733.72	1073.1
734.28	1073.3
734.84	1073.5
735.39	1073.8
735.95	1074
736.51	1074.3
737.07	1074.5
737.63	1074.7
738.19	1075
738.74	1075.2
739.3	1075.4
739.86	1075.7
740.42	1075.9
740.98	1076.1
741.54	1076.4
742.09	1076.6
742.65	1076.8
743.21	1077.1
743.77	1077.3
744.33	1077.5
744.89	1077.7
745.44	1078
746	1078.2
746.56	1078.4
747.12	1078.7
747.68	1078.9
748.23	1079.1
748.79	1079.3
749.35	1079.5
749.91	1079.8
750.47	1080
751.03	1080.2
751.58	1080.4
752.14	1080.6
752.7	1080.9
753.26	1081.1
753.82	1081.3
754.37	1081.5
754.93	1081.7
755.49	1081.9
756.05	1082.1
756.61	1082.4
757.17	1082.6
757.72	1082.8
758.28	1083
758.84	1083.2
759.4	1083.4
759.96	1083.6
760.51	1083.8
761.07	1084
761.63	1084.2
762.19	1084.4
762.75	1084.6
763.31	1084.8
763.86	1085
764.42	1085.2
764.98	1085.4
765.54	1085.6
766.1	1085.8
766.65	1086
767.21	1086.2
767.77	1086.4
768.33	1086.6
768.89	1086.8
769.44	1087
770	1087.2
770.56	1087.4
771.12	1087.6
771.68	1087.8
772.24	1088
772.79	1088.2
773.35	1088.4
773.91	1088.6
774.47	1088.7
775.03	1088.9
775.58	1089.1
776.14	1089.3
776.7	1089.5
777.26	1089.7
777.82	1089.9
778.37	1090
778.93	1090.2
779.49	1090.4
780.05	1090.6
780.61	1090.8
781.16	1090.9
781.72	1091.1
782.28	1091.3
782.84	1091.5
783.4	1091.6
783.95	1091.8
784.51	1092
785.07	1092.2
785.63	1092.3
786.19	1092.5
786.74	1092.7
787.3	1092.9
787.86	1093
788.42	1093.2
788.98	1093.4
789.53	1093.5
790.09	1093.7
790.65	1093.9
791.21	1094
791.77	1094.2
792.32	1094.4
792.88	1094.5
793.44	1094.7
794	1094.8
794.56	1095
795.11	1095.2
795.67	1095.3
796.23	1095.5
796.79	1095.6
797.35	1095.8
797.9	1096
798.46	1096.1
799.02	1096.3
799.58	1096.4
800.14	1096.6
800.69	1096.7
801.25	1096.9
801.81	1097
802.37	1097.2
802.93	1097.3
803.48	1097.5
804.04	1097.6
804.6	1097.8
805.16	1097.9
805.71	1098.1
806.27	1098.2
806.83	1098.4
807.39	1098.5
807.95	1098.6
808.5	1098.8
809.06	1098.9
809.62	1099.1
810.18	1099.2
810.74	1099.4
811.29	1099.5
811.85	1099.6
812.41	1099.8
812.97	1099.9
813.52	1100
814.08	1100.2
814.64	1100.3
815.2	1100.4
815.76	1100.6
816.31	1100.7
816.87	1100.8
817.43	1101
817.99	1101.1
818.55	1101.2
819.1	1101.4
819.66	1101.5
820.22	1101.6
820.78	1101.7
821.33	1101.9
821.89	1102
822.45	1102.1
823.01	1102.2
823.57	1102.4
824.12	1102.5
824.68	1102.6
825.24	1102.7
825.8	1102.8
826.35	1102.9
826.91	1103.1
827.47	1103.2
828.03	1103.3
828.59	1103.4
829.14	1103.5
829.7	1103.6
830.26	1103.8
830.82	1103.9
831.38	1104
831.93	1104.1
832.49	1104.2
833.05	1104.3
833.61	1104.4
834.16	1104.5
834.72	1104.6
835.28	1104.7
835.84	1104.8
836.4	1105
836.95	1105.1
837.51	1105.2
838.07	1105.3
838.63	1105.4
839.18	1105.5
839.74	1105.6
840.3	1105.7
840.86	1105.8
841.41	1105.9
841.97	1106
842.53	1106.1
843.09	1106.2
843.65	1106.3
844.2	1106.3
844.76	1106.4
845.32	1106.5
845.88	1106.6
846.43	1106.7
846.99	1106.8
847.55	1106.9
848.11	1107
848.67	1107.1
849.22	1107.2
849.78	1107.2
850.34	1107.3
850.9	1107.4
851.45	1107.5
852.01	1107.6
852.57	1107.7
853.13	1107.8
853.69	1107.8
854.24	1107.9
854.8	1108
855.36	1108.1
855.92	1108.2
856.47	1108.2
857.03	1108.3
857.59	1108.4
858.15	1108.5
858.7	1108.5
859.26	1108.6
859.82	1108.7
860.38	1108.8
860.94	1108.8
861.49	1108.9
862.05	1109
862.61	1109
863.17	1109.1
863.72	1109.2
864.28	1109.3
864.84	1109.3
865.4	1109.4
865.96	1109.4
866.51	1109.5
867.07	1109.6
867.63	1109.6
868.19	1109.7
868.74	1109.8
869.3	1109.8
869.86	1109.9
870.42	1109.9
870.97	1110
871.53	1110.1
872.09	1110.1
872.65	1110.2
873.21	1110.2
873.76	1110.3
874.32	1110.3
874.88	1110.4
875.44	1110.4
875.99	1110.5
876.55	1110.5
877.11	1110.6
877.67	1110.6
878.22	1110.7
878.78	1110.7
879.34	1110.8
879.9	1110.8
880.46	1110.9
881.01	1110.9
881.57	1111
882.13	1111
882.69	1111.1
883.24	1111.1
883.8	1111.1
884.36	1111.2
884.92	1111.2
885.47	1111.3
886.03	1111.3
886.59	1111.3
887.15	1111.4
887.71	1111.4
888.26	1111.5
888.82	1111.5
889.38	1111.5
889.94	1111.6
890.49	1111.6
891.05	1111.6
891.61	1111.6
892.17	1111.7
892.72	1111.7
893.28	1111.7
893.84	1111.8
894.4	1111.8
894.96	1111.8
895.51	1111.8
896.07	1111.9
896.63	1111.9
897.19	1111.9
897.74	1111.9
898.3	1112
898.86	1112
899.42	1112
899.97	1112
900.53	1112
901.09	1112.1
901.65	1112.1
902.21	1112.1
902.76	1112.1
903.32	1112.1
903.88	1112.1
904.44	1112.2
904.99	1112.2
905.55	1112.2
906.11	1112.2
906.67	1112.2
907.22	1112.2
907.78	1112.2
908.34	1112.2
908.9	1112.2
909.46	1112.2
910.01	1112.3
910.57	1112.3
911.13	1112.3
911.69	1112.3
912.24	1112.3
912.8	1112.3
913.36	1112.3
913.92	1112.3
914.47	NaN
