P (MPa)		T (K)		r (km)		rho (kg m-3)	VP (km s-1)	VS (km s-1)	QS/gamma	k for 0.01 mol/kg MgSO4 (S m-1)	
0.00000e+00	9.40000e+01	2.57470e+03	9.32528e+02	3.87821e+00	1.96165e+00	1.36549e+05	0.00000e+00
1.28459e+00	1.08243e+02	2.57368e+03	9.32528e+02	3.88005e+00	1.96278e+00	2.66962e+04	0.00000e+00
2.56918e+00	1.24643e+02	2.57267e+03	9.32638e+02	3.88231e+00	1.96413e+00	6.46964e+03	0.00000e+00
3.85377e+00	1.43529e+02	2.57165e+03	9.32748e+02	3.88520e+00	1.96579e+00	1.88933e+03	0.00000e+00
5.13836e+00	1.65276e+02	2.57063e+03	9.32856e+02	3.88900e+00	1.96791e+00	6.48748e+02	0.00000e+00
6.42295e+00	1.90318e+02	2.56962e+03	9.32964e+02	3.89417e+00	1.97073e+00	2.56406e+02	0.00000e+00
7.70754e+00	2.19155e+02	2.56860e+03	9.33071e+02	3.90123e+00	1.97450e+00	1.14505e+02	0.00000e+00
8.99213e+00	2.52361e+02	2.56759e+03	9.33177e+02	3.91058e+00	1.97943e+00	5.68578e+01	0.00000e+00
1.02767e+01	2.52391e+02	2.56657e+03	9.33282e+02	3.91138e+00	1.98004e+00	5.68266e+01	0.00000e+00
1.15613e+01	2.52421e+02	2.56556e+03	9.33387e+02	3.91217e+00	1.98064e+00	5.67951e+01	0.00000e+00
1.28459e+01	2.52451e+02	2.56454e+03	9.33490e+02	3.91296e+00	1.98124e+00	5.67633e+01	0.00000e+00
1.41305e+01	2.52482e+02	2.56353e+03	9.33592e+02	3.91375e+00	1.98184e+00	5.67313e+01	0.00000e+00
1.54151e+01	2.52514e+02	2.56251e+03	9.33694e+02	3.91454e+00	1.98244e+00	5.66989e+01	0.00000e+00
1.66997e+01	2.52545e+02	2.56150e+03	9.33794e+02	3.91532e+00	1.98303e+00	5.66662e+01	0.00000e+00
1.79843e+01	2.52577e+02	2.56049e+03	9.33893e+02	3.91611e+00	1.98363e+00	5.66332e+01	0.00000e+00
1.92688e+01	2.52609e+02	2.55947e+03	9.33991e+02	3.91689e+00	1.98423e+00	5.65999e+01	0.00000e+00
2.05534e+01	2.52642e+02	2.55846e+03	9.34088e+02	3.91767e+00	1.98482e+00	5.65663e+01	0.00000e+00
2.18380e+01	2.52675e+02	2.55745e+03	9.34184e+02	3.91845e+00	1.98541e+00	5.65324e+01	0.00000e+00
2.31226e+01	2.52708e+02	2.55644e+03	9.34279e+02	3.91922e+00	1.98600e+00	5.64981e+01	0.00000e+00
2.44072e+01	2.52741e+02	2.55543e+03	9.34372e+02	3.92000e+00	1.98659e+00	5.64636e+01	0.00000e+00
2.56918e+01	2.52775e+02	2.55441e+03	9.34464e+02	3.92077e+00	1.98718e+00	5.64287e+01	0.00000e+00
2.69764e+01	2.52809e+02	2.55340e+03	9.34554e+02	3.92154e+00	1.98777e+00	5.63935e+01	0.00000e+00
2.82610e+01	2.52844e+02	2.55239e+03	9.34643e+02	3.92231e+00	1.98836e+00	5.63580e+01	0.00000e+00
2.95456e+01	2.52879e+02	2.55138e+03	9.34731e+02	3.92307e+00	1.98895e+00	5.63221e+01	0.00000e+00
3.08302e+01	2.52914e+02	2.55037e+03	9.34817e+02	3.92384e+00	1.98953e+00	5.62859e+01	0.00000e+00
3.21147e+01	2.52950e+02	2.54936e+03	9.34901e+02	3.92460e+00	1.99011e+00	5.62494e+01	0.00000e+00
3.33993e+01	2.52986e+02	2.54835e+03	9.34984e+02	3.92536e+00	1.99070e+00	5.62125e+01	0.00000e+00
3.46839e+01	2.53022e+02	2.54734e+03	9.35066e+02	3.92612e+00	1.99128e+00	5.61753e+01	0.00000e+00
3.59685e+01	2.53059e+02	2.54634e+03	9.35145e+02	3.92688e+00	1.99186e+00	5.61378e+01	0.00000e+00
3.72531e+01	2.53096e+02	2.54533e+03	9.35223e+02	3.92764e+00	1.99244e+00	5.60999e+01	0.00000e+00
3.85377e+01	2.53133e+02	2.54432e+03	9.35299e+02	3.92839e+00	1.99302e+00	5.60616e+01	0.00000e+00
3.98223e+01	2.53171e+02	2.54331e+03	9.35373e+02	3.92914e+00	1.99360e+00	5.60231e+01	0.00000e+00
4.11069e+01	2.53209e+02	2.54230e+03	9.35445e+02	3.92989e+00	1.99417e+00	5.59841e+01	0.00000e+00
4.23915e+01	2.53248e+02	2.54130e+03	9.35516e+02	3.93064e+00	1.99475e+00	5.59448e+01	0.00000e+00
4.36761e+01	2.53287e+02	2.54029e+03	9.35584e+02	3.93139e+00	1.99533e+00	5.59051e+01	0.00000e+00
4.49606e+01	2.53326e+02	2.53928e+03	9.35650e+02	3.93214e+00	1.99590e+00	5.58651e+01	0.00000e+00
4.62452e+01	2.53366e+02	2.53828e+03	9.35714e+02	3.93288e+00	1.99647e+00	5.58247e+01	0.00000e+00
4.75298e+01	2.53406e+02	2.53727e+03	9.35775e+02	3.93362e+00	1.99705e+00	5.57840e+01	0.00000e+00
4.88144e+01	2.53447e+02	2.53626e+03	9.35835e+02	3.93437e+00	1.99762e+00	5.57428e+01	0.00000e+00
5.00990e+01	2.53488e+02	2.53526e+03	9.35892e+02	3.93511e+00	1.99819e+00	5.57013e+01	0.00000e+00
5.13836e+01	2.53530e+02	2.53425e+03	9.35946e+02	3.93584e+00	1.99876e+00	5.56594e+01	0.00000e+00
5.26682e+01	2.53571e+02	2.53325e+03	9.35998e+02	3.93658e+00	1.99932e+00	5.56172e+01	0.00000e+00
5.39528e+01	2.53614e+02	2.53224e+03	9.36047e+02	3.93732e+00	1.99989e+00	5.55745e+01	0.00000e+00
5.52374e+01	2.53656e+02	2.53124e+03	9.36094e+02	3.93805e+00	2.00046e+00	5.55315e+01	0.00000e+00
5.65220e+01	2.53700e+02	2.53023e+03	9.36138e+02	3.93878e+00	2.00103e+00	5.54881e+01	0.00000e+00
5.78065e+01	2.53743e+02	2.52923e+03	9.36179e+02	3.93951e+00	2.00159e+00	5.54442e+01	0.00000e+00
5.90911e+01	2.53787e+02	2.52823e+03	9.36218e+02	3.94024e+00	2.00215e+00	5.54000e+01	0.00000e+00
6.03757e+01	2.53832e+02	2.52722e+03	9.36253e+02	3.94097e+00	2.00272e+00	5.53554e+01	0.00000e+00
6.16603e+01	2.53877e+02	2.52622e+03	9.36285e+02	3.94170e+00	2.00328e+00	5.53104e+01	0.00000e+00
6.29449e+01	2.53922e+02	2.52522e+03	9.36314e+02	3.94242e+00	2.00384e+00	5.52650e+01	0.00000e+00
6.42295e+01	2.53968e+02	2.52421e+03	9.36340e+02	3.94315e+00	2.00440e+00	5.52191e+01	0.00000e+00
6.55141e+01	2.54014e+02	2.52321e+03	9.36362e+02	3.94387e+00	2.00496e+00	5.51729e+01	0.00000e+00
6.67987e+01	2.54061e+02	2.52221e+03	9.36381e+02	3.94459e+00	2.00552e+00	5.51262e+01	0.00000e+00
6.80833e+01	2.54109e+02	2.52121e+03	9.36397e+02	3.94531e+00	2.00608e+00	5.50792e+01	0.00000e+00
6.93679e+01	2.54156e+02	2.52021e+03	9.36409e+02	3.94603e+00	2.00664e+00	5.50317e+01	0.00000e+00
7.06524e+01	2.54205e+02	2.51920e+03	9.36417e+02	3.94675e+00	2.00720e+00	5.49837e+01	0.00000e+00
7.19370e+01	2.54253e+02	2.51820e+03	9.36421e+02	3.94746e+00	2.00775e+00	5.49354e+01	0.00000e+00
7.32216e+01	2.54303e+02	2.51720e+03	9.36422e+02	3.94818e+00	2.00831e+00	5.48866e+01	0.00000e+00
7.45062e+01	2.54352e+02	2.51620e+03	9.36418e+02	3.94889e+00	2.00886e+00	5.48374e+01	0.00000e+00
7.57908e+01	2.54403e+02	2.51520e+03	9.36411e+02	3.94960e+00	2.00942e+00	5.47878e+01	0.00000e+00
7.70754e+01	2.54453e+02	2.51420e+03	9.36399e+02	3.95032e+00	2.00997e+00	5.47377e+01	0.00000e+00
7.83600e+01	2.54505e+02	2.51320e+03	9.36383e+02	3.95103e+00	2.01052e+00	5.46871e+01	0.00000e+00
7.96446e+01	2.54557e+02	2.51220e+03	9.36362e+02	3.95173e+00	2.01107e+00	5.46361e+01	0.00000e+00
8.09292e+01	2.54609e+02	2.51120e+03	9.36337e+02	3.95244e+00	2.01162e+00	5.45847e+01	0.00000e+00
8.22138e+01	2.54662e+02	2.51020e+03	9.36308e+02	3.95315e+00	2.01217e+00	5.45328e+01	0.00000e+00
8.34983e+01	2.54715e+02	2.50920e+03	9.36273e+02	3.95385e+00	2.01272e+00	5.44805e+01	0.00000e+00
8.47829e+01	2.54769e+02	2.50820e+03	9.36234e+02	3.95456e+00	2.01327e+00	5.44277e+01	0.00000e+00
8.60675e+01	2.54824e+02	2.50720e+03	9.36190e+02	3.95526e+00	2.01382e+00	5.43744e+01	0.00000e+00
8.73521e+01	2.54879e+02	2.50620e+03	9.36140e+02	3.95596e+00	2.01437e+00	5.43207e+01	0.00000e+00
8.86367e+01	2.54934e+02	2.50521e+03	9.36086e+02	3.95667e+00	2.01492e+00	5.42665e+01	0.00000e+00
8.99213e+01	2.54991e+02	2.50421e+03	9.36026e+02	3.95737e+00	2.01546e+00	5.42118e+01	0.00000e+00
9.12059e+01	2.55047e+02	2.50321e+03	9.35961e+02	3.95806e+00	2.01601e+00	5.41566e+01	0.00000e+00
9.24905e+01	2.55105e+02	2.50221e+03	9.35890e+02	3.95876e+00	2.01655e+00	5.41010e+01	0.00000e+00
9.37751e+01	2.55163e+02	2.50121e+03	9.35814e+02	3.95946e+00	2.01710e+00	5.40449e+01	0.00000e+00
9.50597e+01	2.55221e+02	2.50021e+03	9.35732e+02	3.96016e+00	2.01764e+00	5.39883e+01	0.00000e+00
9.63442e+01	2.55280e+02	2.49922e+03	9.35645e+02	3.96085e+00	2.01818e+00	5.39312e+01	0.00000e+00
9.76288e+01	2.55340e+02	2.49822e+03	9.35551e+02	3.96154e+00	2.01873e+00	5.38736e+01	0.00000e+00
9.89134e+01	2.55400e+02	2.49722e+03	9.35452e+02	3.96224e+00	2.01927e+00	5.38155e+01	0.00000e+00
1.00198e+02	2.55461e+02	2.49622e+03	9.35347e+02	3.96293e+00	2.01981e+00	5.37569e+01	0.00000e+00
1.01483e+02	2.55523e+02	2.49523e+03	9.35235e+02	3.96362e+00	2.02035e+00	5.36978e+01	0.00000e+00
1.02767e+02	2.55585e+02	2.49423e+03	9.35117e+02	3.96431e+00	2.02089e+00	5.36382e+01	0.00000e+00
1.04052e+02	2.55648e+02	2.49323e+03	9.34993e+02	3.96500e+00	2.02143e+00	5.35780e+01	0.00000e+00
1.05336e+02	2.55712e+02	2.49224e+03	9.34863e+02	3.96569e+00	2.02197e+00	5.35174e+01	0.00000e+00
1.06621e+02	2.55776e+02	2.49124e+03	9.34727e+02	3.96638e+00	2.02251e+00	5.34563e+01	0.00000e+00
1.07906e+02	2.55840e+02	2.49024e+03	9.34584e+02	3.96706e+00	2.02304e+00	5.33946e+01	0.00000e+00
1.09190e+02	2.55906e+02	2.48925e+03	9.34434e+02	3.96775e+00	2.02358e+00	5.33324e+01	0.00000e+00
1.10475e+02	2.55972e+02	2.48825e+03	9.34278e+02	3.96843e+00	2.02412e+00	5.32696e+01	0.00000e+00
1.11759e+02	2.56039e+02	2.48725e+03	9.34116e+02	3.96912e+00	2.02465e+00	5.32064e+01	0.00000e+00
1.13044e+02	2.56106e+02	2.48626e+03	9.33947e+02	3.96980e+00	2.02519e+00	5.31426e+01	0.00000e+00
1.14329e+02	2.56174e+02	2.48526e+03	9.33772e+02	3.97048e+00	2.02573e+00	5.30782e+01	0.00000e+00
1.15613e+02	2.56243e+02	2.48426e+03	9.33590e+02	3.97116e+00	2.02626e+00	5.30134e+01	0.00000e+00
1.16898e+02	2.56313e+02	2.48327e+03	9.33402e+02	3.97185e+00	2.02679e+00	5.29479e+01	0.00000e+00
1.18182e+02	2.56383e+02	2.48227e+03	9.33207e+02	3.97253e+00	2.02733e+00	5.28819e+01	0.00000e+00
1.19467e+02	2.56454e+02	2.48127e+03	9.33007e+02	3.97320e+00	2.02786e+00	5.28154e+01	0.00000e+00
1.20751e+02	2.56526e+02	2.48028e+03	9.32800e+02	3.97388e+00	2.02839e+00	5.27483e+01	0.00000e+00
1.22036e+02	2.56598e+02	2.47928e+03	9.32586e+02	3.97456e+00	2.02893e+00	5.26807e+01	0.00000e+00
1.23321e+02	2.56672e+02	2.47829e+03	9.32367e+02	3.97524e+00	2.02946e+00	5.26125e+01	0.00000e+00
1.24605e+02	2.56745e+02	2.47729e+03	9.32143e+02	3.97591e+00	2.02999e+00	5.25437e+01	0.00000e+00
1.25890e+02	2.59967e+02	2.47629e+03	9.31912e+02	3.97747e+00	2.03097e+00	4.96683e+01	0.00000e+00
1.27174e+02	2.60000e+02	2.47530e+03	9.31676e+02	3.97813e+00	2.03149e+00	4.96400e+01	0.00000e+00
1.30892e+02	2.60028e+02	2.47298e+03	1.15876e+03	1.74184e+00	0.00000e+00	0.00000e+00	4.75451e-02
1.34609e+02	2.60057e+02	2.47066e+03	1.15998e+03	1.74859e+00	0.00000e+00	0.00000e+00	4.76968e-02
1.38327e+02	2.60087e+02	2.46835e+03	1.16119e+03	1.75529e+00	0.00000e+00	0.00000e+00	4.78484e-02
1.42044e+02	2.60117e+02	2.46604e+03	1.16240e+03	1.76194e+00	0.00000e+00	0.00000e+00	4.79999e-02
1.45761e+02	2.60149e+02	2.46374e+03	1.16359e+03	1.76854e+00	0.00000e+00	0.00000e+00	4.81513e-02
1.49479e+02	2.60181e+02	2.46144e+03	1.16477e+03	1.77508e+00	0.00000e+00	0.00000e+00	4.83027e-02
1.53196e+02	2.60214e+02	2.45913e+03	1.16595e+03	1.78158e+00	0.00000e+00	0.00000e+00	4.84540e-02
1.56914e+02	2.60248e+02	2.45684e+03	1.16712e+03	1.78802e+00	0.00000e+00	0.00000e+00	4.86053e-02
1.60631e+02	2.60283e+02	2.45454e+03	1.16828e+03	1.79442e+00	0.00000e+00	0.00000e+00	4.87566e-02
1.64348e+02	2.60318e+02	2.45225e+03	1.16943e+03	1.80077e+00	0.00000e+00	0.00000e+00	4.89079e-02
1.68066e+02	2.60354e+02	2.44996e+03	1.17057e+03	1.80707e+00	0.00000e+00	0.00000e+00	4.90591e-02
1.71783e+02	2.60391e+02	2.44768e+03	1.17170e+03	1.81332e+00	0.00000e+00	0.00000e+00	4.92104e-02
1.75500e+02	2.60429e+02	2.44539e+03	1.17283e+03	1.81953e+00	0.00000e+00	0.00000e+00	4.93618e-02
1.79218e+02	2.60467e+02	2.44311e+03	1.17395e+03	1.82569e+00	0.00000e+00	0.00000e+00	4.95132e-02
1.82935e+02	2.60506e+02	2.44084e+03	1.17506e+03	1.83182e+00	0.00000e+00	0.00000e+00	4.96646e-02
1.86653e+02	2.60546e+02	2.43856e+03	1.17616e+03	1.83790e+00	0.00000e+00	0.00000e+00	4.98162e-02
1.90370e+02	2.60586e+02	2.43629e+03	1.17726e+03	1.84394e+00	0.00000e+00	0.00000e+00	4.99679e-02
1.94087e+02	2.60627e+02	2.43402e+03	1.17835e+03	1.84994e+00	0.00000e+00	0.00000e+00	5.01198e-02
1.97805e+02	2.60669e+02	2.43175e+03	1.17943e+03	1.85591e+00	0.00000e+00	0.00000e+00	5.02718e-02
2.01522e+02	2.60711e+02	2.42949e+03	1.18051e+03	1.86185e+00	0.00000e+00	0.00000e+00	5.04241e-02
2.05240e+02	2.60753e+02	2.42722e+03	1.18158e+03	1.86775e+00	0.00000e+00	0.00000e+00	5.05765e-02
2.08957e+02	2.60796e+02	2.42497e+03	1.18264e+03	1.87362e+00	0.00000e+00	0.00000e+00	5.07291e-02
2.12674e+02	2.60840e+02	2.42271e+03	1.18370e+03	1.87946e+00	0.00000e+00	0.00000e+00	5.08819e-02
2.16392e+02	2.60884e+02	2.42045e+03	1.18475e+03	1.88527e+00	0.00000e+00	0.00000e+00	5.10347e-02
2.20109e+02	2.60929e+02	2.41820e+03	1.18579e+03	1.89105e+00	0.00000e+00	0.00000e+00	5.11877e-02
2.23827e+02	2.60975e+02	2.41595e+03	1.18682e+03	1.89680e+00	0.00000e+00	0.00000e+00	5.13406e-02
2.27544e+02	2.61020e+02	2.41371e+03	1.18785e+03	1.90252e+00	0.00000e+00	0.00000e+00	5.14936e-02
2.31261e+02	2.61067e+02	2.41146e+03	1.18888e+03	1.90822e+00	0.00000e+00	0.00000e+00	5.16465e-02
2.34979e+02	2.61113e+02	2.40922e+03	1.18990e+03	1.91388e+00	0.00000e+00	0.00000e+00	5.17994e-02
2.38696e+02	2.61160e+02	2.40698e+03	1.19091e+03	1.91952e+00	0.00000e+00	0.00000e+00	5.19522e-02
2.42413e+02	2.61208e+02	2.40475e+03	1.19191e+03	1.92512e+00	0.00000e+00	0.00000e+00	5.21049e-02
2.46131e+02	2.61256e+02	2.40251e+03	1.19291e+03	1.93069e+00	0.00000e+00	0.00000e+00	5.22575e-02
2.49848e+02	2.61304e+02	2.40028e+03	1.19391e+03	1.93622e+00	0.00000e+00	0.00000e+00	5.24099e-02
2.53566e+02	2.61353e+02	2.39805e+03	1.19490e+03	1.94171e+00	0.00000e+00	0.00000e+00	5.25622e-02
2.57283e+02	2.61402e+02	2.39582e+03	1.19588e+03	1.94716e+00	0.00000e+00	0.00000e+00	5.27143e-02
2.61000e+02	2.61452e+02	2.39360e+03	1.19686e+03	1.95255e+00	0.00000e+00	0.00000e+00	5.28662e-02
2.64718e+02	2.61502e+02	2.39138e+03	1.19783e+03	1.95790e+00	0.00000e+00	0.00000e+00	5.30179e-02
2.68435e+02	2.61552e+02	2.38916e+03	1.19880e+03	1.96319e+00	0.00000e+00	0.00000e+00	5.31693e-02
2.72153e+02	2.61603e+02	2.38694e+03	1.19976e+03	1.96843e+00	0.00000e+00	0.00000e+00	5.33206e-02
2.75870e+02	2.61654e+02	2.38473e+03	1.20072e+03	1.97362e+00	0.00000e+00	0.00000e+00	5.34716e-02
2.79587e+02	2.61706e+02	2.38251e+03	1.20167e+03	1.97876e+00	0.00000e+00	0.00000e+00	5.36224e-02
2.83305e+02	2.61758e+02	2.38030e+03	1.20261e+03	1.98387e+00	0.00000e+00	0.00000e+00	5.37730e-02
2.87022e+02	2.61810e+02	2.37810e+03	1.20356e+03	1.98893e+00	0.00000e+00	0.00000e+00	5.39233e-02
2.90740e+02	2.61862e+02	2.37589e+03	1.20449e+03	1.99397e+00	0.00000e+00	0.00000e+00	5.40733e-02
2.94457e+02	2.61915e+02	2.37369e+03	1.20542e+03	1.99897e+00	0.00000e+00	0.00000e+00	5.42232e-02
2.98174e+02	2.61968e+02	2.37148e+03	1.20635e+03	2.00395e+00	0.00000e+00	0.00000e+00	5.43727e-02
3.01892e+02	2.62022e+02	2.36929e+03	1.20728e+03	2.00890e+00	0.00000e+00	0.00000e+00	5.45221e-02
3.05609e+02	2.62076e+02	2.36709e+03	1.20819e+03	2.01382e+00	0.00000e+00	0.00000e+00	5.46712e-02
3.09327e+02	2.62130e+02	2.36490e+03	1.20911e+03	2.01873e+00	0.00000e+00	0.00000e+00	5.48200e-02
3.13044e+02	2.62185e+02	2.36270e+03	1.21002e+03	2.02361e+00	0.00000e+00	0.00000e+00	5.49686e-02
3.16761e+02	2.62239e+02	2.36051e+03	1.21092e+03	2.02848e+00	0.00000e+00	0.00000e+00	5.51168e-02
3.20479e+02	2.62295e+02	2.35833e+03	1.21183e+03	2.03333e+00	0.00000e+00	0.00000e+00	5.52647e-02
3.24196e+02	2.62350e+02	2.35614e+03	1.21272e+03	2.03817e+00	0.00000e+00	0.00000e+00	5.54122e-02
3.27913e+02	2.62406e+02	2.35396e+03	1.21361e+03	2.04299e+00	0.00000e+00	0.00000e+00	5.55593e-02
3.31631e+02	2.62462e+02	2.35178e+03	1.21450e+03	2.04780e+00	0.00000e+00	0.00000e+00	5.57060e-02
3.35348e+02	2.62518e+02	2.34960e+03	1.21539e+03	2.05260e+00	0.00000e+00	0.00000e+00	5.58523e-02
3.39066e+02	2.62575e+02	2.34742e+03	1.21627e+03	2.05738e+00	0.00000e+00	0.00000e+00	5.59980e-02
3.42783e+02	2.62632e+02	2.34524e+03	1.21714e+03	2.06215e+00	0.00000e+00	0.00000e+00	5.61433e-02
3.46500e+02	2.62689e+02	2.34307e+03	1.21801e+03	2.06692e+00	0.00000e+00	0.00000e+00	5.62880e-02
3.50218e+02	2.62747e+02	2.34090e+03	1.21888e+03	2.07167e+00	0.00000e+00	0.00000e+00	5.64322e-02
3.53935e+02	2.62805e+02	2.33873e+03	1.21975e+03	2.07640e+00	0.00000e+00	0.00000e+00	5.65758e-02
3.57653e+02	2.62863e+02	2.33657e+03	1.22061e+03	2.08113e+00	0.00000e+00	0.00000e+00	5.67187e-02
3.61370e+02	2.62922e+02	2.33440e+03	1.22146e+03	2.08584e+00	0.00000e+00	0.00000e+00	5.68611e-02
3.65087e+02	2.62980e+02	2.33224e+03	1.22232e+03	2.09055e+00	0.00000e+00	0.00000e+00	5.70027e-02
3.68805e+02	2.63039e+02	2.33008e+03	1.22316e+03	2.09524e+00	0.00000e+00	0.00000e+00	5.71436e-02
3.72522e+02	2.63099e+02	2.32792e+03	1.22401e+03	2.09991e+00	0.00000e+00	0.00000e+00	5.72838e-02
3.76240e+02	2.63158e+02	2.32577e+03	1.22485e+03	2.10458e+00	0.00000e+00	0.00000e+00	5.74232e-02
3.79957e+02	2.63218e+02	2.32362e+03	1.22569e+03	2.10923e+00	0.00000e+00	0.00000e+00	5.75618e-02
3.83674e+02	2.63278e+02	2.32146e+03	1.22652e+03	2.11386e+00	0.00000e+00	0.00000e+00	5.76996e-02
3.87392e+02	2.63339e+02	2.31931e+03	1.22735e+03	2.11849e+00	0.00000e+00	0.00000e+00	5.78365e-02
3.91109e+02	2.63399e+02	2.31717e+03	1.22818e+03	2.12310e+00	0.00000e+00	0.00000e+00	5.79724e-02
3.94826e+02	2.63460e+02	2.31502e+03	1.22900e+03	2.12770e+00	0.00000e+00	0.00000e+00	5.81074e-02
3.98544e+02	2.63522e+02	2.31288e+03	1.22982e+03	2.13229e+00	0.00000e+00	0.00000e+00	5.82414e-02
4.02261e+02	2.63583e+02	2.31074e+03	1.23063e+03	2.13686e+00	0.00000e+00	0.00000e+00	5.83744e-02
4.05979e+02	2.63645e+02	2.30860e+03	1.23145e+03	2.14143e+00	0.00000e+00	0.00000e+00	5.85063e-02
4.09696e+02	2.63706e+02	2.30646e+03	1.23225e+03	2.14598e+00	0.00000e+00	0.00000e+00	5.86372e-02
4.13413e+02	2.63769e+02	2.30433e+03	1.23306e+03	2.15052e+00	0.00000e+00	0.00000e+00	5.87672e-02
4.17131e+02	2.63831e+02	2.30219e+03	1.23386e+03	2.15505e+00	0.00000e+00	0.00000e+00	5.88961e-02
4.20848e+02	2.63893e+02	2.30006e+03	1.23466e+03	2.15957e+00	0.00000e+00	0.00000e+00	5.90240e-02
4.24566e+02	2.63956e+02	2.29793e+03	1.23545e+03	2.16408e+00	0.00000e+00	0.00000e+00	5.91510e-02
4.28283e+02	2.64019e+02	2.29581e+03	1.23625e+03	2.16858e+00	0.00000e+00	0.00000e+00	5.92769e-02
4.32000e+02	2.64082e+02	2.29368e+03	1.23703e+03	2.17307e+00	0.00000e+00	0.00000e+00	5.94020e-02
4.35718e+02	2.64146e+02	2.29156e+03	1.23782e+03	2.17755e+00	0.00000e+00	0.00000e+00	5.95261e-02
4.39435e+02	2.64209e+02	2.28944e+03	1.23860e+03	2.18202e+00	0.00000e+00	0.00000e+00	5.96494e-02
4.43153e+02	2.64273e+02	2.28732e+03	1.23938e+03	2.18648e+00	0.00000e+00	0.00000e+00	5.97717e-02
4.46870e+02	2.64337e+02	2.28520e+03	1.24016e+03	2.19094e+00	0.00000e+00	0.00000e+00	5.98931e-02
4.50587e+02	2.64401e+02	2.28308e+03	1.24093e+03	2.19538e+00	0.00000e+00	0.00000e+00	6.00137e-02
4.54305e+02	2.64466e+02	2.28097e+03	1.24170e+03	2.19981e+00	0.00000e+00	0.00000e+00	6.01335e-02
4.58022e+02	2.64530e+02	2.27886e+03	1.24246e+03	2.20423e+00	0.00000e+00	0.00000e+00	6.02525e-02
4.61740e+02	2.64595e+02	2.27675e+03	1.24323e+03	2.20864e+00	0.00000e+00	0.00000e+00	6.03706e-02
4.65457e+02	2.64660e+02	2.27464e+03	1.24399e+03	2.21303e+00	0.00000e+00	0.00000e+00	6.04880e-02
4.69174e+02	2.64725e+02	2.27254e+03	1.24475e+03	2.21740e+00	0.00000e+00	0.00000e+00	6.06047e-02
4.72892e+02	2.64790e+02	2.27043e+03	1.24550e+03	2.22175e+00	0.00000e+00	0.00000e+00	6.07206e-02
4.76609e+02	2.64855e+02	2.26833e+03	1.24625e+03	2.22608e+00	0.00000e+00	0.00000e+00	6.08358e-02
4.80326e+02	2.64920e+02	2.26623e+03	1.24700e+03	2.23039e+00	0.00000e+00	0.00000e+00	6.09504e-02
4.84044e+02	2.64986e+02	2.26413e+03	1.24774e+03	2.23468e+00	0.00000e+00	0.00000e+00	6.10643e-02
4.87761e+02	2.65052e+02	2.26204e+03	1.24849e+03	2.23895e+00	0.00000e+00	0.00000e+00	6.11776e-02
4.91479e+02	2.65118e+02	2.25994e+03	1.24923e+03	2.24320e+00	0.00000e+00	0.00000e+00	6.12903e-02
4.95196e+02	2.65184e+02	2.25785e+03	1.24996e+03	2.24744e+00	0.00000e+00	0.00000e+00	6.14025e-02
4.98913e+02	2.65250e+02	2.25576e+03	1.25070e+03	2.25167e+00	0.00000e+00	0.00000e+00	6.15141e-02
5.02631e+02	2.65316e+02	2.25367e+03	1.25143e+03	2.25590e+00	0.00000e+00	0.00000e+00	6.16253e-02
5.06348e+02	2.65382e+02	2.25158e+03	1.25216e+03	2.26012e+00	0.00000e+00	0.00000e+00	6.17359e-02
5.10066e+02	2.65449e+02	2.24950e+03	1.25288e+03	2.26433e+00	0.00000e+00	0.00000e+00	6.18460e-02
5.13783e+02	2.65516e+02	2.24742e+03	1.25361e+03	2.26854e+00	0.00000e+00	0.00000e+00	6.19554e-02
5.17500e+02	2.65582e+02	2.24533e+03	1.25433e+03	2.27274e+00	0.00000e+00	0.00000e+00	6.20643e-02
5.21218e+02	2.65649e+02	2.24325e+03	1.25505e+03	2.27694e+00	0.00000e+00	0.00000e+00	6.21725e-02
5.24935e+02	2.65716e+02	2.24118e+03	1.25576e+03	2.28113e+00	0.00000e+00	0.00000e+00	6.22800e-02
5.28653e+02	2.65783e+02	2.23910e+03	1.25647e+03	2.28532e+00	0.00000e+00	0.00000e+00	6.23868e-02
5.32370e+02	2.65850e+02	2.23703e+03	1.25718e+03	2.28949e+00	0.00000e+00	0.00000e+00	6.24927e-02
5.36087e+02	2.65918e+02	2.23496e+03	1.25789e+03	2.29365e+00	0.00000e+00	0.00000e+00	6.25979e-02
5.39805e+02	2.65985e+02	2.23289e+03	1.25860e+03	2.29780e+00	0.00000e+00	0.00000e+00	6.27022e-02
5.43522e+02	2.66053e+02	2.23082e+03	1.25930e+03	2.30193e+00	0.00000e+00	0.00000e+00	6.28056e-02
5.47239e+02	2.66120e+02	2.22875e+03	1.26000e+03	2.30603e+00	0.00000e+00	0.00000e+00	6.29081e-02
5.50957e+02	2.66188e+02	2.22669e+03	1.26070e+03	2.31011e+00	0.00000e+00	0.00000e+00	6.30096e-02
5.54674e+02	2.66256e+02	2.22462e+03	1.26139e+03	2.31416e+00	0.00000e+00	0.00000e+00	6.31101e-02
5.58392e+02	2.66323e+02	2.22256e+03	1.26208e+03	2.31818e+00	0.00000e+00	0.00000e+00	6.32095e-02
5.62109e+02	2.66391e+02	2.22050e+03	1.26277e+03	2.32218e+00	0.00000e+00	0.00000e+00	6.33078e-02
5.65826e+02	2.66459e+02	2.21844e+03	1.26346e+03	2.32615e+00	0.00000e+00	0.00000e+00	6.34051e-02
5.69544e+02	2.66528e+02	2.21639e+03	1.26415e+03	2.33011e+00	0.00000e+00	0.00000e+00	6.35011e-02
5.73261e+02	2.66596e+02	2.21433e+03	1.26483e+03	2.33406e+00	0.00000e+00	0.00000e+00	6.35960e-02
5.76979e+02	2.66664e+02	2.21228e+03	1.26551e+03	2.33799e+00	0.00000e+00	0.00000e+00	6.36896e-02
5.80696e+02	2.66732e+02	2.21023e+03	1.26619e+03	2.34192e+00	0.00000e+00	0.00000e+00	6.37819e-02
5.84413e+02	2.66801e+02	2.20818e+03	1.26686e+03	2.34585e+00	0.00000e+00	0.00000e+00	6.38729e-02
5.88131e+02	2.66869e+02	2.20614e+03	1.26754e+03	2.34977e+00	0.00000e+00	0.00000e+00	6.39626e-02
5.91848e+02	2.66938e+02	2.20409e+03	1.26821e+03	2.35370e+00	0.00000e+00	0.00000e+00	6.40509e-02
5.95566e+02	2.67007e+02	2.20205e+03	1.26888e+03	2.35763e+00	0.00000e+00	0.00000e+00	6.41377e-02
5.99283e+02	2.67075e+02	2.20001e+03	1.26955e+03	2.36156e+00	0.00000e+00	0.00000e+00	6.42232e-02
6.03000e+02	2.67144e+02	2.19797e+03	1.27021e+03	2.36549e+00	0.00000e+00	0.00000e+00	6.43071e-02
6.06718e+02	2.67213e+02	2.19593e+03	1.27087e+03	2.36943e+00	0.00000e+00	0.00000e+00	6.43895e-02
6.10435e+02	2.67282e+02	2.19389e+03	1.27153e+03	2.37338e+00	0.00000e+00	0.00000e+00	6.44704e-02
6.14153e+02	2.67351e+02	2.19186e+03	1.27219e+03	2.37733e+00	0.00000e+00	0.00000e+00	6.45497e-02
6.17870e+02	2.67420e+02	2.18982e+03	1.27285e+03	2.38129e+00	0.00000e+00	0.00000e+00	6.46276e-02
6.21587e+02	2.67489e+02	2.18779e+03	1.27350e+03	2.38526e+00	0.00000e+00	0.00000e+00	6.47039e-02
6.25305e+02	2.67559e+02	2.18576e+03	1.27415e+03	2.38922e+00	0.00000e+00	0.00000e+00	6.47787e-02
6.29022e+02	2.67628e+02	2.18374e+03	1.27480e+03	2.39320e+00	0.00000e+00	0.00000e+00	6.48520e-02
6.32739e+02	2.67697e+02	2.18171e+03	1.27545e+03	2.39717e+00	0.00000e+00	0.00000e+00	6.49238e-02
6.36457e+02	2.67767e+02	2.17969e+03	1.27610e+03	2.40114e+00	0.00000e+00	0.00000e+00	6.49940e-02
6.40174e+02	2.67836e+02	2.17766e+03	1.27674e+03	2.40511e+00	0.00000e+00	0.00000e+00	6.50627e-02
6.43892e+02	2.67906e+02	2.17564e+03	1.27738e+03	2.40908e+00	0.00000e+00	0.00000e+00	6.51298e-02
6.47609e+02	2.67785e+02	2.17379e+03	1.39481e+03	4.35980e+00	2.23106e+00	1.42872e+02	0.00000e+00
6.51326e+02	2.68020e+02	2.17194e+03	1.39479e+03	4.36230e+00	2.23286e+00	1.42178e+02	0.00000e+00
6.55044e+02	2.68256e+02	2.17010e+03	1.39478e+03	4.36480e+00	2.23466e+00	1.41488e+02	0.00000e+00
6.58761e+02	2.68494e+02	2.16825e+03	1.39476e+03	4.36729e+00	2.23647e+00	1.40795e+02	0.00000e+00
6.62479e+02	2.68750e+02	2.16640e+03	1.39474e+03	4.36979e+00	2.23827e+00	1.40055e+02	0.00000e+00
6.66196e+02	2.69006e+02	2.16455e+03	1.39473e+03	4.37229e+00	2.24006e+00	1.39321e+02	0.00000e+00
6.69913e+02	2.69262e+02	2.16270e+03	1.39471e+03	4.37478e+00	2.24186e+00	1.38592e+02	0.00000e+00
6.73631e+02	2.69518e+02	2.16085e+03	1.39469e+03	4.37727e+00	2.24366e+00	1.37869e+02	0.00000e+00
6.77348e+02	2.69774e+02	2.15901e+03	1.39468e+03	4.37976e+00	2.24545e+00	1.37150e+02	0.00000e+00
6.81066e+02	2.70030e+02	2.15716e+03	1.39466e+03	4.38226e+00	2.24725e+00	1.36437e+02	0.00000e+00
6.84783e+02	2.70283e+02	2.15531e+03	1.39464e+03	4.38474e+00	2.24904e+00	1.35739e+02	0.00000e+00
6.88500e+02	2.70527e+02	2.15347e+03	1.39463e+03	4.38723e+00	2.25083e+00	1.35066e+02	0.00000e+00
6.92218e+02	2.70772e+02	2.15162e+03	1.39461e+03	4.38972e+00	2.25262e+00	1.34398e+02	0.00000e+00
6.95935e+02	2.71017e+02	2.14978e+03	1.39460e+03	4.39220e+00	2.25440e+00	1.33734e+02	0.00000e+00
6.99652e+02	2.71262e+02	2.14793e+03	1.39458e+03	4.39468e+00	2.25619e+00	1.33074e+02	0.00000e+00
7.03370e+02	2.71507e+02	2.14609e+03	1.39456e+03	4.39716e+00	2.25797e+00	1.32420e+02	0.00000e+00
7.07087e+02	2.71752e+02	2.14425e+03	1.39455e+03	4.39964e+00	2.25976e+00	1.31769e+02	0.00000e+00
7.10805e+02	2.71991e+02	2.14240e+03	1.39453e+03	4.40212e+00	2.26154e+00	1.31138e+02	0.00000e+00
7.14522e+02	2.72225e+02	2.14056e+03	1.39452e+03	4.40460e+00	2.26332e+00	1.30523e+02	0.00000e+00
7.18239e+02	2.72460e+02	2.13872e+03	1.39450e+03	4.40707e+00	2.26510e+00	1.29913e+02	0.00000e+00
7.21957e+02	2.72694e+02	2.13687e+03	1.39449e+03	4.40954e+00	2.26687e+00	1.29306e+02	0.00000e+00
7.25674e+02	2.72928e+02	2.13503e+03	1.39447e+03	4.41202e+00	2.26865e+00	1.28703e+02	0.00000e+00
7.29392e+02	2.73162e+02	2.13319e+03	1.39446e+03	4.41449e+00	2.27042e+00	1.28105e+02	0.00000e+00
7.33109e+02	2.73397e+02	2.13135e+03	1.39444e+03	4.41696e+00	2.27220e+00	1.27509e+02	0.00000e+00
7.36826e+02	2.73624e+02	2.12951e+03	1.39443e+03	4.41942e+00	2.27397e+00	1.26936e+02	0.00000e+00
7.40544e+02	2.73849e+02	2.12767e+03	1.39441e+03	4.42189e+00	2.27574e+00	1.26373e+02	0.00000e+00
7.44261e+02	2.74073e+02	2.12583e+03	1.39440e+03	4.42435e+00	2.27751e+00	1.25813e+02	0.00000e+00
7.47979e+02	2.74297e+02	2.12399e+03	1.39438e+03	4.42682e+00	2.27927e+00	1.25257e+02	0.00000e+00
7.51696e+02	2.74522e+02	2.12215e+03	1.39437e+03	4.42928e+00	2.28104e+00	1.24704e+02	0.00000e+00
7.55413e+02	2.74746e+02	2.12031e+03	1.39435e+03	4.43174e+00	2.28280e+00	1.24155e+02	0.00000e+00
7.59131e+02	2.74971e+02	2.11847e+03	1.39434e+03	4.43420e+00	2.28457e+00	1.23608e+02	0.00000e+00
7.62848e+02	2.75187e+02	2.11664e+03	1.39432e+03	4.43665e+00	2.28633e+00	1.23085e+02	0.00000e+00
7.66566e+02	2.75402e+02	2.11480e+03	1.39431e+03	4.43911e+00	2.28809e+00	1.22568e+02	0.00000e+00
7.70283e+02	2.75618e+02	2.11296e+03	1.39430e+03	4.44156e+00	2.28985e+00	1.22053e+02	0.00000e+00
7.74000e+02	2.75833e+02	2.11113e+03	1.39428e+03	4.44402e+00	2.29160e+00	1.21541e+02	0.00000e+00
7.77718e+02	2.76048e+02	2.10929e+03	1.39427e+03	4.44647e+00	2.29336e+00	1.21032e+02	0.00000e+00
7.81435e+02	2.76263e+02	2.10746e+03	1.39425e+03	4.44892e+00	2.29511e+00	1.20526e+02	0.00000e+00
7.85152e+02	2.76478e+02	2.10562e+03	1.39424e+03	4.45137e+00	2.29687e+00	1.20025e+02	0.00000e+00
7.88870e+02	2.76684e+02	2.10379e+03	1.39423e+03	4.45381e+00	2.29862e+00	1.19545e+02	0.00000e+00
7.92587e+02	2.76891e+02	2.10195e+03	1.39421e+03	4.45626e+00	2.30037e+00	1.19067e+02	0.00000e+00
7.96305e+02	2.77098e+02	2.10012e+03	1.39420e+03	4.45870e+00	2.30212e+00	1.18592e+02	0.00000e+00
8.00022e+02	2.77305e+02	2.09829e+03	1.39419e+03	4.46115e+00	2.30387e+00	1.18120e+02	0.00000e+00
8.03739e+02	2.77511e+02	2.09645e+03	1.39417e+03	4.46359e+00	2.30561e+00	1.17650e+02	0.00000e+00
8.07457e+02	2.77718e+02	2.09462e+03	1.39416e+03	4.46603e+00	2.30736e+00	1.17182e+02	0.00000e+00
8.11174e+02	2.77922e+02	2.09279e+03	1.39415e+03	4.46847e+00	2.30910e+00	1.16723e+02	0.00000e+00
8.14892e+02	2.78121e+02	2.09096e+03	1.39413e+03	4.47090e+00	2.31085e+00	1.16278e+02	0.00000e+00
8.18609e+02	2.78320e+02	2.08913e+03	1.39412e+03	4.47334e+00	2.31259e+00	1.15836e+02	0.00000e+00
8.22326e+02	2.78519e+02	2.08730e+03	1.39411e+03	4.47577e+00	2.31433e+00	1.15396e+02	0.00000e+00
8.26044e+02	2.78717e+02	2.08547e+03	1.39409e+03	4.47821e+00	2.31606e+00	1.14959e+02	0.00000e+00
8.29761e+02	2.78916e+02	2.08364e+03	1.39408e+03	4.48064e+00	2.31780e+00	1.14523e+02	0.00000e+00
8.33479e+02	2.79115e+02	2.08181e+03	1.39407e+03	4.48307e+00	2.31954e+00	1.14090e+02	0.00000e+00
8.37196e+02	2.79310e+02	2.07998e+03	1.39405e+03	4.48550e+00	2.32127e+00	1.13667e+02	0.00000e+00
8.40913e+02	2.79501e+02	2.07816e+03	1.39404e+03	4.48793e+00	2.32301e+00	1.13254e+02	0.00000e+00
8.44631e+02	2.79693e+02	2.07633e+03	1.39403e+03	4.49035e+00	2.32474e+00	1.12844e+02	0.00000e+00
8.48348e+02	2.79884e+02	2.07450e+03	1.39402e+03	4.49278e+00	2.32647e+00	1.12435e+02	0.00000e+00
8.52065e+02	2.80075e+02	2.07268e+03	1.39400e+03	4.49520e+00	2.32820e+00	1.12029e+02	0.00000e+00
8.55783e+02	2.80267e+02	2.07085e+03	1.39399e+03	4.49762e+00	2.32992e+00	1.11624e+02	0.00000e+00
8.59500e+02	2.80458e+02	2.06903e+03	1.39398e+03	4.50004e+00	2.33165e+00	1.11222e+02	0.00000e+00
8.63218e+02	2.80645e+02	2.06720e+03	1.39397e+03	4.50246e+00	2.33338e+00	1.10831e+02	0.00000e+00
8.66935e+02	2.80829e+02	2.06538e+03	1.39395e+03	4.50488e+00	2.33510e+00	1.10447e+02	0.00000e+00
8.70652e+02	2.81014e+02	2.06356e+03	1.39394e+03	4.50730e+00	2.33682e+00	1.10064e+02	0.00000e+00
8.74370e+02	2.81198e+02	2.06173e+03	1.39393e+03	4.50971e+00	2.33854e+00	1.09684e+02	0.00000e+00
8.78087e+02	2.81383e+02	2.05991e+03	1.39392e+03	4.51213e+00	2.34026e+00	1.09305e+02	0.00000e+00
8.81805e+02	2.81567e+02	2.05809e+03	1.39391e+03	4.51454e+00	2.34198e+00	1.08928e+02	0.00000e+00
8.85522e+02	2.81751e+02	2.05627e+03	1.39389e+03	4.51695e+00	2.34370e+00	1.08553e+02	0.00000e+00
8.89239e+02	2.81930e+02	2.05445e+03	1.39388e+03	4.51936e+00	2.34542e+00	1.08190e+02	0.00000e+00
8.92957e+02	2.82109e+02	2.05263e+03	1.39387e+03	4.52177e+00	2.34713e+00	1.07831e+02	0.00000e+00
8.96674e+02	2.82287e+02	2.05081e+03	1.39386e+03	4.52418e+00	2.34885e+00	1.07474e+02	0.00000e+00
9.00392e+02	2.82465e+02	2.04899e+03	3.53083e+03	4.58293e+00	2.60548e+00	4.69556e+13	0.00000e+00
1.04987e+03	3.36780e+02	2.02013e+03	3.53083e+03	4.57804e+00	2.59987e+00	3.70028e+11	0.00000e+00
1.19481e+03	3.90325e+02	1.99127e+03	3.53092e+03	8.00108e+00	4.53890e+00	1.15928e+10	0.00000e+00
1.33515e+03	4.43100e+02	1.96241e+03	3.53061e+03	7.98922e+00	4.52734e+00	8.59955e+08	0.00000e+00
1.47081e+03	4.95104e+02	1.93355e+03	3.53002e+03	7.97638e+00	4.51530e+00	1.13283e+08	0.00000e+00
1.60169e+03	5.46337e+02	1.90470e+03	3.52921e+03	7.96277e+00	4.50295e+00	2.23029e+07	0.00000e+00
1.72770e+03	5.96800e+02	1.87584e+03	3.52822e+03	7.94857e+00	4.49037e+00	5.88061e+06	0.00000e+00
1.84875e+03	6.46493e+02	1.84698e+03	3.52706e+03	7.93386e+00	4.47763e+00	1.93022e+06	0.00000e+00
1.96474e+03	6.95416e+02	1.81812e+03	3.52577e+03	7.91873e+00	4.46479e+00	7.49798e+05	0.00000e+00
2.07558e+03	7.43567e+02	1.78926e+03	3.52436e+03	7.90322e+00	4.45187e+00	3.32463e+05	0.00000e+00
2.18116e+03	7.90949e+02	1.76040e+03	3.52282e+03	7.88735e+00	4.43890e+00	1.63868e+05	0.00000e+00
2.28136e+03	8.37560e+02	1.73154e+03	3.52116e+03	7.87117e+00	4.42590e+00	8.80179e+04	0.00000e+00
2.37608e+03	8.83401e+02	1.70268e+03	3.51939e+03	7.85466e+00	4.41289e+00	5.07419e+04	0.00000e+00
2.46518e+03	9.28471e+02	1.67382e+03	3.51751e+03	7.83784e+00	4.39986e+00	3.10274e+04	0.00000e+00
2.54854e+03	9.72771e+02	1.64496e+03	3.51551e+03	7.82071e+00	4.38684e+00	1.99363e+04	0.00000e+00
2.62601e+03	1.01630e+03	1.61611e+03	3.51340e+03	7.80324e+00	4.37381e+00	1.33603e+04	0.00000e+00
2.69744e+03	1.05906e+03	1.58725e+03	3.51116e+03	7.78545e+00	4.36078e+00	9.28155e+03	0.00000e+00
2.76268e+03	1.10105e+03	1.55839e+03	3.50881e+03	7.76730e+00	4.34776e+00	6.65115e+03	0.00000e+00
2.82154e+03	1.14227e+03	1.52953e+03	3.50632e+03	7.74879e+00	4.33473e+00	4.89615e+03	0.00000e+00
2.87385e+03	1.18271e+03	1.50067e+03	3.50370e+03	7.72990e+00	4.32171e+00	3.68974e+03	0.00000e+00
2.91940e+03	1.22239e+03	1.47181e+03	3.50094e+03	7.71057e+00	4.30867e+00	2.83828e+03	0.00000e+00
2.95798e+03	1.26130e+03	1.44295e+03	3.49803e+03	7.69080e+00	4.29562e+00	2.22309e+03	0.00000e+00
2.98936e+03	1.29943e+03	1.41409e+03	3.49497e+03	7.67057e+00	4.28256e+00	1.76921e+03	0.00000e+00
3.01330e+03	1.33680e+03	1.38523e+03	3.49174e+03	7.64981e+00	4.26946e+00	1.42797e+03	0.00000e+00
3.02951e+03	1.37339e+03	1.35637e+03	3.48834e+03	7.62849e+00	4.25633e+00	1.16703e+03	0.00000e+00
3.03772e+03	1.40922e+03	1.32751e+03	3.48476e+03	7.60656e+00	4.24314e+00	9.64395e+02	0.00000e+00
3.03761e+03	1.44427e+03	1.29866e+03	3.48098e+03	7.58397e+00	4.22990e+00	8.04804e+02	0.00000e+00
3.02883e+03	1.47856e+03	1.26980e+03	3.47699e+03	7.56066e+00	4.21657e+00	6.77487e+02	0.00000e+00
3.01101e+03	1.51207e+03	1.24094e+03	3.47277e+03	7.53657e+00	4.20316e+00	5.74709e+02	0.00000e+00
2.98374e+03	1.54482e+03	1.21208e+03	3.46831e+03	7.51161e+00	4.18963e+00	4.90826e+02	0.00000e+00
2.94659e+03	1.57679e+03	1.18322e+03	3.46359e+03	7.48569e+00	4.17596e+00	4.21665e+02	0.00000e+00
2.89905e+03	1.60799e+03	1.15436e+03	3.45859e+03	7.33938e+00	4.08420e+00	3.64101e+02	0.00000e+00
2.84061e+03	1.63842e+03	1.12550e+03	3.40373e+03	7.23206e+00	4.01780e+00	3.15764e+02	0.00000e+00
2.77167e+03	1.66808e+03	1.09664e+03	3.36447e+03	7.20517e+00	4.00419e+00	2.74938e+02	0.00000e+00
2.69168e+03	1.69698e+03	1.06778e+03	3.35847e+03	7.17704e+00	3.99034e+00	2.40185e+02	0.00000e+00
2.59935e+03	1.72510e+03	1.03892e+03	3.35210e+03	7.14747e+00	3.97618e+00	2.10327e+02	0.00000e+00
2.49393e+03	1.75245e+03	1.01007e+03	3.34530e+03	7.11630e+00	3.96166e+00	1.84494e+02	0.00000e+00
2.37456e+03	1.77903e+03	9.81207e+02	3.33803e+03	7.08331e+00	3.94673e+00	1.61996e+02	0.00000e+00
2.24031e+03	1.80484e+03	9.52348e+02	3.33023e+03	7.04831e+00	3.93132e+00	1.42281e+02	0.00000e+00
2.09014e+03	1.82987e+03	9.23489e+02	3.32185e+03	7.01100e+00	3.91537e+00	1.24904e+02	0.00000e+00
1.92286e+03	1.85414e+03	8.94630e+02	3.31283e+03	6.94095e+00	3.88619e+00	1.09508e+02	0.00000e+00
1.73717e+03	1.87764e+03	8.65771e+02	3.29713e+03	6.89126e+00	3.86645e+00	9.58012e+01	0.00000e+00
1.53195e+03	1.90037e+03	8.36912e+02	3.28532e+03	6.84371e+00	3.84828e+00	8.35591e+01	0.00000e+00
1.30528e+03	1.92233e+03	8.08053e+02	3.27372e+03	6.74855e+00	3.81101e+00	7.25791e+01	0.00000e+00
1.05521e+03	1.94351e+03	7.79194e+02	3.25304e+03	6.68934e+00	3.77684e+00	6.27033e+01	0.00000e+00
7.80262e+02	1.96393e+03	7.50335e+02	3.23018e+03	6.62470e+00	3.75492e+00	5.38205e+01	0.00000e+00
4.78213e+02	1.98358e+03	7.21475e+02	3.21476e+03	6.55225e+00	3.73128e+00	4.58293e+01	0.00000e+00
1.45530e+02	2.00245e+03	6.92616e+02	3.19760e+03	6.46963e+00	3.70548e+00	3.86336e+01	0.00000e+00
-2.21011e+02	2.02056e+03	6.63757e+02	3.17827e+03	6.37706e+00	3.67754e+00	3.21724e+01	0.00000e+00
-6.25115e+02	2.03789e+03	6.34898e+02	3.15674e+03	6.27765e+00	3.64791e+00	2.63998e+01	0.00000e+00
-1.07113e+03	2.05446e+03	6.06039e+02	3.13348e+03	6.17052e+00	3.61636e+00	2.12812e+01	0.00000e+00
-1.56427e+03	2.07025e+03	5.77180e+02	3.10826e+03	6.05462e+00	3.58263e+00	1.67898e+01	0.00000e+00
-2.11073e+03	2.08527e+03	5.48321e+02	3.08084e+03	5.92869e+00	3.54636e+00	1.29049e+01	0.00000e+00
-2.71792e+03	2.09953e+03	5.19462e+02	3.05090e+03	5.79123e+00	3.50716e+00	9.60833e+00	0.00000e+00
-3.39482e+03	2.11301e+03	4.90603e+02	3.01807e+03	5.64043e+00	3.46455e+00	6.88027e+00	0.00000e+00
-4.15235e+03	2.12572e+03	4.61744e+02	2.98192e+03	5.47407e+00	3.41794e+00	4.69525e+00	0.00000e+00
-5.00396e+03	2.13766e+03	4.32885e+02	2.94188e+03	5.28942e+00	3.36660e+00	3.01773e+00	0.00000e+00
-5.96645e+03	2.14883e+03	4.04026e+02	2.89730e+03	5.08308e+00	3.30962e+00	1.79867e+00	0.00000e+00
-7.06099e+03	2.15923e+03	3.75167e+02	2.84733e+03	4.85076e+00	3.24587e+00	9.73905e-01	0.00000e+00
-8.31472e+03	2.16886e+03	3.46308e+02	2.79092e+03	4.58696e+00	3.17388e+00	4.65825e-01	0.00000e+00
-9.76298e+03	2.17772e+03	3.17449e+02	2.72672e+03	4.28452e+00	3.09173e+00	1.89330e-01	0.00000e+00
-1.14527e+04	2.18581e+03	2.88590e+02	2.65298e+03	3.93392e+00	2.99691e+00	6.18860e-02	0.00000e+00
-1.34475e+04	2.19313e+03	2.59731e+02	2.56734e+03	3.52228e+00	2.88597e+00	1.50121e-02	0.00000e+00
-1.58361e+04	2.19968e+03	2.30872e+02	2.46664e+03	3.03162e+00	2.75413e+00	2.39433e-03	0.00000e+00
-1.87456e+04	2.20546e+03	2.02013e+02	2.34647e+03	2.43618e+00	2.59454e+00	2.07738e-04	0.00000e+00
-2.23652e+04	2.21047e+03	1.73154e+02	2.20049e+03	1.69762e+00	2.39697e+00	7.18748e-06	0.00000e+00
-2.69897e+04	2.21470e+03	1.44295e+02	2.01927e+03	7.56204e-01	2.14554e+00	5.78806e-08	0.00000e+00
-3.31042e+04	2.21817e+03	1.15436e+02	1.78813e+03	-4.86395e-01	1.81405e+00	3.98233e-11	0.00000e+00
-4.15678e+04	2.22087e+03	8.65771e+01	1.48291e+03	-2.20424e+00	1.35616e+00	3.02882e-16	0.00000e+00
-5.40484e+04	2.22279e+03	5.77180e+01	1.06080e+03	-4.73533e+00	6.81868e-01	2.28799e-25	0.00000e+00
-7.41382e+04	2.22395e+03	2.88590e+01	4.38727e+02	-8.80763e+00	-4.02644e-01	5.42694e-44	0.00000e+00
-1.07374e+05	NaN	0.00000e+00	-5.62263e+02	NaN	NaN	NaN	NaN
-1.07374e+05	NaN	0.00000e+00	NaN	NaN	NaN	1.00000e+04	0.00000e+00
NaN	NaN	0.00000e+00	NaN	NaN	NaN	1.00000e+04	0.00000e+00
NaN	NaN	0.00000e+00	NaN	NaN	NaN	1.00000e+04	0.00000e+00
NaN	NaN	0.00000e+00	NaN	NaN	NaN	1.00000e+04	0.00000e+00
NaN	NaN	0.00000e+00	NaN	NaN	NaN	1.00000e+04	0.00000e+00
NaN	NaN	0.00000e+00	NaN	NaN	NaN	1.00000e+04	0.00000e+00
NaN	NaN	0.00000e+00	NaN	NaN	NaN	1.00000e+04	0.00000e+00
NaN	NaN	0.00000e+00	NaN	NaN	NaN	1.00000e+04	0.00000e+00
NaN	NaN	0.00000e+00	NaN	NaN	NaN	1.00000e+04	0.00000e+00
NaN	NaN	0.00000e+00	NaN	NaN	NaN	1.00000e+04	0.00000e+00
