P (MPa)		T (K)		r (km)		rho (kg m-3)	VP (km s-1)	VS (km s-1)	QS/gamma	KS (GPa)	GS (GPa)	
0.00000e+00	9.40000e+01	2.57470e+03	9.32606e+02	3.87821e+00	1.96165e+00	1.30304e+05	9.24000e+00	3.58800e+00
1.97353e+00	1.10050e+02	2.57314e+03	9.32606e+02	3.88063e+00	1.96318e+00	2.14918e+04	9.24650e+00	3.59224e+00
3.94705e+00	1.28839e+02	2.57158e+03	9.32794e+02	3.88359e+00	1.96499e+00	4.61036e+03	9.25298e+00	3.59646e+00
5.92058e+00	1.50837e+02	2.57001e+03	9.32981e+02	3.88741e+00	1.96723e+00	1.23793e+03	9.25945e+00	3.60068e+00
7.89410e+00	1.76591e+02	2.56845e+03	9.33167e+02	3.89255e+00	1.97014e+00	4.02656e+02	9.26589e+00	3.60489e+00
9.86763e+00	2.06742e+02	2.56689e+03	9.33353e+02	3.89970e+00	1.97406e+00	1.54280e+02	9.27231e+00	3.60910e+00
1.18412e+01	2.42042e+02	2.56533e+03	9.33538e+02	3.90955e+00	1.97935e+00	6.79898e+01	9.27871e+00	3.61329e+00
1.38147e+01	2.42071e+02	2.56378e+03	9.33722e+02	3.91076e+00	1.98027e+00	6.79496e+01	9.28509e+00	3.61748e+00
1.57882e+01	2.42101e+02	2.56222e+03	9.33906e+02	3.91196e+00	1.98119e+00	6.79091e+01	9.29145e+00	3.62166e+00
1.77617e+01	2.42132e+02	2.56066e+03	9.34088e+02	3.91316e+00	1.98210e+00	6.78682e+01	9.29779e+00	3.62584e+00
1.97353e+01	2.42163e+02	2.55911e+03	9.34269e+02	3.91435e+00	1.98301e+00	6.78269e+01	9.30411e+00	3.63000e+00
2.17088e+01	2.42194e+02	2.55755e+03	9.34449e+02	3.91554e+00	1.98392e+00	6.77853e+01	9.31041e+00	3.63416e+00
2.36823e+01	2.42225e+02	2.55600e+03	9.34629e+02	3.91673e+00	1.98483e+00	6.77433e+01	9.31669e+00	3.63831e+00
2.56558e+01	2.42256e+02	2.55444e+03	9.34807e+02	3.91791e+00	1.98573e+00	6.77010e+01	9.32295e+00	3.64245e+00
2.76294e+01	2.42288e+02	2.55289e+03	9.34984e+02	3.91908e+00	1.98663e+00	6.76582e+01	9.32919e+00	3.64658e+00
2.96029e+01	2.42321e+02	2.55134e+03	9.35159e+02	3.92026e+00	1.98752e+00	6.76151e+01	9.33541e+00	3.65071e+00
3.15764e+01	2.42353e+02	2.54979e+03	9.35334e+02	3.92142e+00	1.98842e+00	6.75717e+01	9.34161e+00	3.65483e+00
3.35499e+01	2.42386e+02	2.54824e+03	9.35507e+02	3.92258e+00	1.98931e+00	6.75278e+01	9.34779e+00	3.65894e+00
3.55235e+01	2.42419e+02	2.54669e+03	9.35678e+02	3.92374e+00	1.99020e+00	6.74836e+01	9.35395e+00	3.66304e+00
3.74970e+01	2.42453e+02	2.54514e+03	9.35849e+02	3.92490e+00	1.99109e+00	6.74389e+01	9.36008e+00	3.66714e+00
3.94705e+01	2.42486e+02	2.54359e+03	9.36017e+02	3.92605e+00	1.99197e+00	6.73939e+01	9.36620e+00	3.67122e+00
4.14440e+01	2.42520e+02	2.54205e+03	9.36184e+02	3.92719e+00	1.99286e+00	6.73485e+01	9.37230e+00	3.67530e+00
4.34176e+01	2.42555e+02	2.54050e+03	9.36350e+02	3.92833e+00	1.99373e+00	6.73027e+01	9.37838e+00	3.67938e+00
4.53911e+01	2.42590e+02	2.53895e+03	9.36514e+02	3.92947e+00	1.99461e+00	6.72565e+01	9.38443e+00	3.68344e+00
4.73646e+01	2.42625e+02	2.53741e+03	9.36676e+02	3.93061e+00	1.99549e+00	6.72099e+01	9.39047e+00	3.68750e+00
4.93381e+01	2.42660e+02	2.53587e+03	9.36836e+02	3.93174e+00	1.99636e+00	6.71629e+01	9.39649e+00	3.69154e+00
5.13117e+01	2.42696e+02	2.53432e+03	9.36994e+02	3.93286e+00	1.99723e+00	6.71155e+01	9.40248e+00	3.69558e+00
5.32852e+01	2.42732e+02	2.53278e+03	9.37151e+02	3.93399e+00	1.99810e+00	6.70677e+01	9.40846e+00	3.69962e+00
5.52587e+01	2.42769e+02	2.53124e+03	9.37305e+02	3.93510e+00	1.99897e+00	6.70195e+01	9.41441e+00	3.70364e+00
5.72322e+01	2.42806e+02	2.52970e+03	9.37458e+02	3.93622e+00	1.99983e+00	6.69708e+01	9.42035e+00	3.70766e+00
5.92058e+01	2.42843e+02	2.52816e+03	9.37608e+02	3.93733e+00	2.00069e+00	6.69217e+01	9.42627e+00	3.71167e+00
6.11793e+01	2.42880e+02	2.52662e+03	9.37756e+02	3.93844e+00	2.00155e+00	6.68722e+01	9.43216e+00	3.71567e+00
6.31528e+01	2.42918e+02	2.52508e+03	9.37902e+02	3.93954e+00	2.00241e+00	6.68223e+01	9.43803e+00	3.71966e+00
6.51263e+01	2.42957e+02	2.52354e+03	9.38046e+02	3.94064e+00	2.00327e+00	6.67720e+01	9.44389e+00	3.72365e+00
6.70999e+01	2.42995e+02	2.52200e+03	9.38187e+02	3.94174e+00	2.00412e+00	6.67212e+01	9.44972e+00	3.72763e+00
6.90734e+01	2.43034e+02	2.52047e+03	9.38326e+02	3.94284e+00	2.00497e+00	6.66700e+01	9.45554e+00	3.73160e+00
7.10469e+01	2.43074e+02	2.51893e+03	9.38462e+02	3.94393e+00	2.00582e+00	6.66183e+01	9.46133e+00	3.73556e+00
7.30204e+01	2.43113e+02	2.51740e+03	9.38596e+02	3.94502e+00	2.00667e+00	6.65662e+01	9.46710e+00	3.73952e+00
7.49940e+01	2.43154e+02	2.51586e+03	9.38727e+02	3.94610e+00	2.00751e+00	6.65137e+01	9.47286e+00	3.74346e+00
7.69675e+01	2.43194e+02	2.51433e+03	9.38855e+02	3.94718e+00	2.00836e+00	6.64607e+01	9.47859e+00	3.74740e+00
7.89410e+01	2.43235e+02	2.51280e+03	9.38981e+02	3.94826e+00	2.00920e+00	6.64073e+01	9.48430e+00	3.75133e+00
8.09145e+01	2.43277e+02	2.51127e+03	9.39103e+02	3.94934e+00	2.01004e+00	6.63534e+01	9.49000e+00	3.75526e+00
8.28881e+01	2.43318e+02	2.50973e+03	9.39223e+02	3.95041e+00	2.01088e+00	6.62990e+01	9.49567e+00	3.75917e+00
8.48616e+01	2.43360e+02	2.50820e+03	9.39340e+02	3.95148e+00	2.01172e+00	6.62442e+01	9.50132e+00	3.76308e+00
8.68351e+01	2.43403e+02	2.50667e+03	9.39454e+02	3.95255e+00	2.01255e+00	6.61889e+01	9.50695e+00	3.76698e+00
8.88086e+01	2.43446e+02	2.50514e+03	9.39564e+02	3.95361e+00	2.01339e+00	6.61332e+01	9.51256e+00	3.77087e+00
9.07822e+01	2.43489e+02	2.50362e+03	9.39671e+02	3.95467e+00	2.01422e+00	6.60770e+01	9.51815e+00	3.77476e+00
9.27557e+01	2.43533e+02	2.50209e+03	9.39775e+02	3.95573e+00	2.01505e+00	6.60203e+01	9.52372e+00	3.77864e+00
9.47292e+01	2.43577e+02	2.50056e+03	9.39875e+02	3.95679e+00	2.01588e+00	6.59631e+01	9.52927e+00	3.78250e+00
9.67027e+01	2.43622e+02	2.49904e+03	9.39972e+02	3.95784e+00	2.01670e+00	6.59054e+01	9.53481e+00	3.78637e+00
9.86763e+01	2.43667e+02	2.49751e+03	9.40066e+02	3.95889e+00	2.01753e+00	6.58473e+01	9.54032e+00	3.79022e+00
1.00650e+02	2.43713e+02	2.49599e+03	9.40155e+02	3.95994e+00	2.01835e+00	6.57886e+01	9.54581e+00	3.79407e+00
1.02623e+02	2.43759e+02	2.49446e+03	9.40241e+02	3.96099e+00	2.01918e+00	6.57295e+01	9.55127e+00	3.79790e+00
1.04597e+02	2.43805e+02	2.49294e+03	9.40323e+02	3.96203e+00	2.02000e+00	6.56699e+01	9.55672e+00	3.80173e+00
1.06570e+02	2.43852e+02	2.49141e+03	9.40401e+02	3.96307e+00	2.02082e+00	6.56098e+01	9.56215e+00	3.80556e+00
1.08544e+02	2.43899e+02	2.48989e+03	9.40475e+02	3.96411e+00	2.02163e+00	6.55491e+01	9.56756e+00	3.80937e+00
1.10517e+02	2.43947e+02	2.48837e+03	9.40545e+02	3.96515e+00	2.02245e+00	6.54880e+01	9.57295e+00	3.81318e+00
1.12491e+02	2.43996e+02	2.48685e+03	9.40611e+02	3.96618e+00	2.02326e+00	6.54263e+01	9.57832e+00	3.81698e+00
1.14464e+02	2.44044e+02	2.48533e+03	9.40673e+02	3.96721e+00	2.02408e+00	6.53642e+01	9.58367e+00	3.82077e+00
1.16438e+02	2.44093e+02	2.48381e+03	9.40730e+02	3.96824e+00	2.02489e+00	6.53015e+01	9.58900e+00	3.82455e+00
1.18412e+02	2.44143e+02	2.48229e+03	9.40782e+02	3.96927e+00	2.02570e+00	6.52383e+01	9.59430e+00	3.82833e+00
1.20385e+02	2.44193e+02	2.48077e+03	9.40830e+02	3.97030e+00	2.02651e+00	6.51746e+01	9.59959e+00	3.83209e+00
1.22359e+02	2.44244e+02	2.47925e+03	9.40873e+02	3.97132e+00	2.02732e+00	6.51103e+01	9.60486e+00	3.83585e+00
1.24332e+02	2.44295e+02	2.47774e+03	9.40912e+02	3.97234e+00	2.02812e+00	6.50455e+01	9.61010e+00	3.83961e+00
1.26306e+02	2.44347e+02	2.47622e+03	9.40945e+02	3.97336e+00	2.02893e+00	6.49802e+01	9.61533e+00	3.84335e+00
1.28279e+02	2.44399e+02	2.47470e+03	9.40974e+02	3.97438e+00	2.02973e+00	6.49144e+01	9.62054e+00	3.84709e+00
1.30253e+02	2.44451e+02	2.47319e+03	9.40998e+02	3.97539e+00	2.03054e+00	6.48479e+01	9.62572e+00	3.85082e+00
1.32226e+02	2.44505e+02	2.47167e+03	9.41016e+02	3.97640e+00	2.03134e+00	6.47810e+01	9.63089e+00	3.85454e+00
1.34200e+02	2.44558e+02	2.47016e+03	9.41029e+02	3.97741e+00	2.03214e+00	6.47135e+01	9.63603e+00	3.85825e+00
1.36173e+02	2.44612e+02	2.46865e+03	9.41037e+02	3.97842e+00	2.03294e+00	6.46454e+01	9.64116e+00	3.86196e+00
1.38147e+02	2.44667e+02	2.46713e+03	9.41039e+02	3.97943e+00	2.03374e+00	6.45768e+01	9.64626e+00	3.86565e+00
1.40120e+02	2.44722e+02	2.46562e+03	9.41036e+02	3.98043e+00	2.03453e+00	6.45076e+01	9.65135e+00	3.86934e+00
1.42094e+02	2.44778e+02	2.46411e+03	9.41027e+02	3.98143e+00	2.03533e+00	6.44379e+01	9.65641e+00	3.87303e+00
1.44067e+02	2.44835e+02	2.46260e+03	9.41012e+02	3.98244e+00	2.03612e+00	6.43676e+01	9.66146e+00	3.87670e+00
1.46041e+02	2.44891e+02	2.46109e+03	9.40992e+02	3.98343e+00	2.03691e+00	6.42967e+01	9.66648e+00	3.88037e+00
1.48014e+02	2.44949e+02	2.45958e+03	9.40965e+02	3.98443e+00	2.03771e+00	6.42252e+01	9.67149e+00	3.88403e+00
1.49988e+02	2.45007e+02	2.45807e+03	9.40932e+02	3.98543e+00	2.03850e+00	6.41532e+01	9.67647e+00	3.88768e+00
1.51961e+02	2.45065e+02	2.45656e+03	9.40894e+02	3.98642e+00	2.03929e+00	6.40806e+01	9.68143e+00	3.89132e+00
1.53935e+02	2.45124e+02	2.45505e+03	9.40849e+02	3.98741e+00	2.04007e+00	6.40074e+01	9.68638e+00	3.89496e+00
1.55908e+02	2.45184e+02	2.45354e+03	9.40798e+02	3.98840e+00	2.04086e+00	6.39336e+01	9.69130e+00	3.89858e+00
1.57882e+02	2.45244e+02	2.45203e+03	9.40740e+02	3.98939e+00	2.04165e+00	6.38592e+01	9.69620e+00	3.90220e+00
1.59856e+02	2.45305e+02	2.45052e+03	9.40676e+02	3.99038e+00	2.04243e+00	6.37842e+01	9.70108e+00	3.90582e+00
1.61829e+02	2.45367e+02	2.44902e+03	9.40606e+02	3.99136e+00	2.04322e+00	6.37086e+01	9.70595e+00	3.90942e+00
1.63803e+02	2.45429e+02	2.44751e+03	9.40529e+02	3.99234e+00	2.04400e+00	6.36323e+01	9.71079e+00	3.91302e+00
1.65776e+02	2.45491e+02	2.44601e+03	9.40445e+02	3.99333e+00	2.04478e+00	6.35555e+01	9.71561e+00	3.91661e+00
1.67750e+02	2.45555e+02	2.44450e+03	9.40355e+02	3.99430e+00	2.04556e+00	6.34781e+01	9.72041e+00	3.92019e+00
1.69723e+02	2.45619e+02	2.44299e+03	9.40258e+02	3.99528e+00	2.04634e+00	6.34000e+01	9.72519e+00	3.92376e+00
1.71697e+02	2.45683e+02	2.44149e+03	9.40154e+02	3.99626e+00	2.04712e+00	6.33214e+01	9.72995e+00	3.92732e+00
1.73670e+02	2.45748e+02	2.43999e+03	9.40044e+02	3.99723e+00	2.04790e+00	6.32421e+01	9.73469e+00	3.93088e+00
1.75644e+02	2.45814e+02	2.43848e+03	9.39926e+02	3.99821e+00	2.04868e+00	6.31621e+01	9.73941e+00	3.93443e+00
1.77617e+02	2.45880e+02	2.43698e+03	9.39802e+02	3.99918e+00	2.04945e+00	6.30816e+01	9.74411e+00	3.93797e+00
1.79591e+02	2.45947e+02	2.43547e+03	9.39671e+02	4.00015e+00	2.05023e+00	6.30004e+01	9.74879e+00	3.94151e+00
1.81564e+02	2.46015e+02	2.43397e+03	9.39533e+02	4.00111e+00	2.05100e+00	6.29186e+01	9.75345e+00	3.94503e+00
1.83538e+02	2.46084e+02	2.43247e+03	9.39388e+02	4.00208e+00	2.05177e+00	6.28361e+01	9.75809e+00	3.94855e+00
1.85511e+02	2.46153e+02	2.43097e+03	9.39236e+02	4.00305e+00	2.05254e+00	6.27529e+01	9.76271e+00	3.95206e+00
1.87485e+02	2.46222e+02	2.42947e+03	9.39078e+02	4.00401e+00	2.05331e+00	6.26692e+01	9.76731e+00	3.95557e+00
1.89458e+02	2.46293e+02	2.42796e+03	9.38913e+02	4.00497e+00	2.05408e+00	6.25847e+01	9.77189e+00	3.95906e+00
1.91432e+02	2.46364e+02	2.42646e+03	9.38741e+02	4.00593e+00	2.05485e+00	6.24996e+01	9.77645e+00	3.96255e+00
1.93405e+02	2.46436e+02	2.42496e+03	9.38563e+02	4.00689e+00	2.05562e+00	6.24139e+01	9.78098e+00	3.96603e+00
1.95379e+02	2.49000e+02	2.42346e+03	9.38378e+02	4.00853e+00	2.05674e+00	5.94563e+01	9.78550e+00	3.96950e+00
1.98945e+02	2.49009e+02	2.42109e+03	1.07069e+03	1.79645e+00	0.00000e+00	0.00000e+00	3.45535e+00	0.00000e+00
2.02511e+02	2.49019e+02	2.41871e+03	1.07179e+03	1.80331e+00	0.00000e+00	0.00000e+00	3.48538e+00	0.00000e+00
2.06076e+02	2.49029e+02	2.41635e+03	1.07289e+03	1.81013e+00	0.00000e+00	0.00000e+00	3.51537e+00	0.00000e+00
2.09642e+02	2.49040e+02	2.41398e+03	1.07397e+03	1.81690e+00	0.00000e+00	0.00000e+00	3.54531e+00	0.00000e+00
2.13208e+02	2.49051e+02	2.41162e+03	1.07505e+03	1.82363e+00	0.00000e+00	0.00000e+00	3.57521e+00	0.00000e+00
2.16774e+02	2.49062e+02	2.40926e+03	1.07611e+03	1.83032e+00	0.00000e+00	0.00000e+00	3.60507e+00	0.00000e+00
2.20340e+02	2.49074e+02	2.40690e+03	1.07717e+03	1.83697e+00	0.00000e+00	0.00000e+00	3.63488e+00	0.00000e+00
2.23906e+02	2.49086e+02	2.40455e+03	1.07823e+03	1.84358e+00	0.00000e+00	0.00000e+00	3.66465e+00	0.00000e+00
2.27471e+02	2.49098e+02	2.40220e+03	1.07927e+03	1.85014e+00	0.00000e+00	0.00000e+00	3.69437e+00	0.00000e+00
2.31037e+02	2.49111e+02	2.39986e+03	1.08031e+03	1.85666e+00	0.00000e+00	0.00000e+00	3.72404e+00	0.00000e+00
2.34603e+02	2.49124e+02	2.39752e+03	1.08134e+03	1.86314e+00	0.00000e+00	0.00000e+00	3.75367e+00	0.00000e+00
2.38169e+02	2.49138e+02	2.39518e+03	1.08237e+03	1.86959e+00	0.00000e+00	0.00000e+00	3.78325e+00	0.00000e+00
2.41735e+02	2.49152e+02	2.39284e+03	1.08338e+03	1.87599e+00	0.00000e+00	0.00000e+00	3.81278e+00	0.00000e+00
2.45301e+02	2.49166e+02	2.39051e+03	1.08439e+03	1.88235e+00	0.00000e+00	0.00000e+00	3.84226e+00	0.00000e+00
2.48866e+02	2.49180e+02	2.38818e+03	1.08539e+03	1.88867e+00	0.00000e+00	0.00000e+00	3.87170e+00	0.00000e+00
2.52432e+02	2.49195e+02	2.38586e+03	1.08639e+03	1.89496e+00	0.00000e+00	0.00000e+00	3.90109e+00	0.00000e+00
2.55998e+02	2.49210e+02	2.38353e+03	1.08738e+03	1.90121e+00	0.00000e+00	0.00000e+00	3.93043e+00	0.00000e+00
2.59564e+02	2.49226e+02	2.38122e+03	1.08836e+03	1.90741e+00	0.00000e+00	0.00000e+00	3.95972e+00	0.00000e+00
2.63130e+02	2.49241e+02	2.37890e+03	1.08934e+03	1.91359e+00	0.00000e+00	0.00000e+00	3.98896e+00	0.00000e+00
2.66695e+02	2.49257e+02	2.37659e+03	1.09031e+03	1.91972e+00	0.00000e+00	0.00000e+00	4.01815e+00	0.00000e+00
2.70261e+02	2.49274e+02	2.37428e+03	1.09128e+03	1.92582e+00	0.00000e+00	0.00000e+00	4.04730e+00	0.00000e+00
2.73827e+02	2.49290e+02	2.37197e+03	1.09223e+03	1.93188e+00	0.00000e+00	0.00000e+00	4.07640e+00	0.00000e+00
2.77393e+02	2.49307e+02	2.36966e+03	1.09319e+03	1.93791e+00	0.00000e+00	0.00000e+00	4.10545e+00	0.00000e+00
2.80959e+02	2.49325e+02	2.36736e+03	1.09413e+03	1.94390e+00	0.00000e+00	0.00000e+00	4.13445e+00	0.00000e+00
2.84525e+02	2.49342e+02	2.36507e+03	1.09507e+03	1.94986e+00	0.00000e+00	0.00000e+00	4.16340e+00	0.00000e+00
2.88090e+02	2.49360e+02	2.36277e+03	1.09601e+03	1.95578e+00	0.00000e+00	0.00000e+00	4.19231e+00	0.00000e+00
2.91656e+02	2.49378e+02	2.36048e+03	1.09694e+03	1.96167e+00	0.00000e+00	0.00000e+00	4.22117e+00	0.00000e+00
2.95222e+02	2.49396e+02	2.35819e+03	1.09786e+03	1.96752e+00	0.00000e+00	0.00000e+00	4.24999e+00	0.00000e+00
2.98788e+02	2.49415e+02	2.35590e+03	1.09878e+03	1.97335e+00	0.00000e+00	0.00000e+00	4.27875e+00	0.00000e+00
3.02354e+02	2.49434e+02	2.35362e+03	1.09969e+03	1.97914e+00	0.00000e+00	0.00000e+00	4.30748e+00	0.00000e+00
3.05920e+02	2.49453e+02	2.35134e+03	1.10060e+03	1.98489e+00	0.00000e+00	0.00000e+00	4.33615e+00	0.00000e+00
3.09485e+02	2.49473e+02	2.34906e+03	1.10150e+03	1.99062e+00	0.00000e+00	0.00000e+00	4.36478e+00	0.00000e+00
3.13051e+02	2.49492e+02	2.34679e+03	1.10240e+03	1.99631e+00	0.00000e+00	0.00000e+00	4.39337e+00	0.00000e+00
3.16617e+02	2.49512e+02	2.34452e+03	1.10329e+03	2.00198e+00	0.00000e+00	0.00000e+00	4.42191e+00	0.00000e+00
3.20183e+02	2.49677e+02	2.34240e+03	1.18367e+03	3.72962e+00	2.01316e+00	1.10722e+02	1.00687e+01	4.79720e+00
3.23749e+02	2.49855e+02	2.34029e+03	1.18407e+03	3.73399e+00	2.01772e+00	1.10304e+02	1.00817e+01	4.82055e+00
3.27314e+02	2.50034e+02	2.33817e+03	1.18446e+03	3.73836e+00	2.02226e+00	1.09887e+02	1.00947e+01	4.84391e+00
3.30880e+02	2.50247e+02	2.33606e+03	1.18483e+03	3.74277e+00	2.02682e+00	1.09396e+02	1.01077e+01	4.86727e+00
3.34446e+02	2.50493e+02	2.33395e+03	1.18515e+03	3.74722e+00	2.03140e+00	1.08831e+02	1.01207e+01	4.89062e+00
3.38012e+02	2.50739e+02	2.33192e+03	1.23203e+03	4.17043e+00	2.20759e+00	1.23988e+02	1.34225e+01	6.00421e+00
3.41578e+02	2.50985e+02	2.32989e+03	1.23263e+03	4.17150e+00	2.20764e+00	1.23988e+02	1.34396e+01	6.00742e+00
3.45144e+02	2.51231e+02	2.32786e+03	1.23322e+03	4.17257e+00	2.20770e+00	1.23988e+02	1.34567e+01	6.01063e+00
3.48709e+02	2.51477e+02	2.32584e+03	1.23382e+03	4.17365e+00	2.20775e+00	1.23988e+02	1.34738e+01	6.01384e+00
3.52275e+02	2.51723e+02	2.32382e+03	1.23441e+03	4.17473e+00	2.20782e+00	1.23988e+02	1.34909e+01	6.01705e+00
3.55841e+02	2.51979e+02	2.32179e+03	1.23499e+03	4.17581e+00	2.20788e+00	1.23988e+02	1.35080e+01	6.02026e+00
3.59407e+02	2.52250e+02	2.31977e+03	1.23558e+03	4.17690e+00	2.20795e+00	1.23988e+02	1.35252e+01	6.02347e+00
3.62973e+02	2.52521e+02	2.31775e+03	1.23616e+03	4.17799e+00	2.20802e+00	1.23988e+02	1.35423e+01	6.02668e+00
3.66539e+02	2.52792e+02	2.31574e+03	1.23673e+03	4.17909e+00	2.20809e+00	1.23988e+02	1.35594e+01	6.02988e+00
3.70104e+02	2.53063e+02	2.31372e+03	1.23731e+03	4.18019e+00	2.20817e+00	1.23988e+02	1.35765e+01	6.03309e+00
3.73670e+02	2.53334e+02	2.31170e+03	1.23788e+03	4.18129e+00	2.20824e+00	1.23988e+02	1.35936e+01	6.03630e+00
3.77236e+02	2.53604e+02	2.30969e+03	1.23844e+03	4.18240e+00	2.20832e+00	1.23988e+02	1.36107e+01	6.03951e+00
3.80802e+02	2.53872e+02	2.30768e+03	1.23901e+03	4.18351e+00	2.20841e+00	1.23988e+02	1.36278e+01	6.04272e+00
3.84368e+02	2.54131e+02	2.30567e+03	1.23957e+03	4.18462e+00	2.20849e+00	1.23988e+02	1.36450e+01	6.04593e+00
3.87934e+02	2.54390e+02	2.30366e+03	1.24013e+03	4.18574e+00	2.20858e+00	1.23988e+02	1.36621e+01	6.04914e+00
3.91499e+02	2.54649e+02	2.30165e+03	1.24069e+03	4.18686e+00	2.20867e+00	1.23988e+02	1.36792e+01	6.05235e+00
3.95065e+02	2.54909e+02	2.29965e+03	1.24124e+03	4.18799e+00	2.20876e+00	1.23988e+02	1.36963e+01	6.05556e+00
3.98631e+02	2.55168e+02	2.29764e+03	1.24179e+03	4.18912e+00	2.20886e+00	1.23988e+02	1.37134e+01	6.05877e+00
4.02197e+02	2.55427e+02	2.29564e+03	1.24234e+03	4.19025e+00	2.20896e+00	1.23988e+02	1.37305e+01	6.06198e+00
4.05763e+02	2.55684e+02	2.29364e+03	1.24288e+03	4.19139e+00	2.20906e+00	1.23988e+02	1.37477e+01	6.06519e+00
4.09328e+02	2.55932e+02	2.29164e+03	1.24342e+03	4.19253e+00	2.20916e+00	1.23988e+02	1.37648e+01	6.06840e+00
4.12894e+02	2.56180e+02	2.28964e+03	1.24396e+03	4.19368e+00	2.20927e+00	1.23988e+02	1.37819e+01	6.07160e+00
4.16460e+02	2.56428e+02	2.28764e+03	1.24449e+03	4.19482e+00	2.20938e+00	1.23988e+02	1.37990e+01	6.07481e+00
4.20026e+02	2.56676e+02	2.28565e+03	1.24502e+03	4.19598e+00	2.20949e+00	1.23988e+02	1.38161e+01	6.07802e+00
4.23592e+02	2.56925e+02	2.28365e+03	1.24555e+03	4.19713e+00	2.20961e+00	1.23988e+02	1.38332e+01	6.08123e+00
4.27158e+02	2.57173e+02	2.28166e+03	1.24608e+03	4.19829e+00	2.20972e+00	1.23988e+02	1.38504e+01	6.08444e+00
4.30723e+02	2.57420e+02	2.27967e+03	1.24660e+03	4.19946e+00	2.20984e+00	1.23988e+02	1.38675e+01	6.08765e+00
4.34289e+02	2.57657e+02	2.27768e+03	1.24712e+03	4.20063e+00	2.20997e+00	1.23988e+02	1.38846e+01	6.09086e+00
4.37855e+02	2.57895e+02	2.27569e+03	1.24763e+03	4.20180e+00	2.21009e+00	1.23988e+02	1.39017e+01	6.09407e+00
4.41421e+02	2.58133e+02	2.27370e+03	1.24815e+03	4.20298e+00	2.21022e+00	1.23988e+02	1.39188e+01	6.09728e+00
4.44987e+02	2.58370e+02	2.27172e+03	1.24866e+03	4.20416e+00	2.21035e+00	1.23988e+02	1.39359e+01	6.10049e+00
4.48553e+02	2.58608e+02	2.26973e+03	1.24916e+03	4.20534e+00	2.21048e+00	1.23988e+02	1.39531e+01	6.10370e+00
4.52118e+02	2.58846e+02	2.26775e+03	1.24967e+03	4.20653e+00	2.21062e+00	1.23988e+02	1.39702e+01	6.10691e+00
4.55684e+02	2.59083e+02	2.26577e+03	1.25017e+03	4.20772e+00	2.21076e+00	1.23988e+02	1.39873e+01	6.11012e+00
4.59250e+02	2.59311e+02	2.26379e+03	1.25066e+03	4.20892e+00	2.21090e+00	1.23988e+02	1.40044e+01	6.11332e+00
4.62816e+02	2.59539e+02	2.26181e+03	1.25116e+03	4.21012e+00	2.21104e+00	1.23988e+02	1.40215e+01	6.11653e+00
4.66382e+02	2.59766e+02	2.25983e+03	1.25165e+03	4.21133e+00	2.21119e+00	1.23988e+02	1.40386e+01	6.11974e+00
4.69947e+02	2.59994e+02	2.25786e+03	1.25213e+03	4.21253e+00	2.21134e+00	1.23988e+02	1.40557e+01	6.12295e+00
4.73513e+02	2.60222e+02	2.25588e+03	1.25262e+03	4.21375e+00	2.21149e+00	1.23988e+02	1.40729e+01	6.12616e+00
4.77079e+02	2.60449e+02	2.25391e+03	1.25310e+03	4.21496e+00	2.21164e+00	1.23988e+02	1.40900e+01	6.12937e+00
4.80645e+02	2.60677e+02	2.25194e+03	1.25358e+03	4.21619e+00	2.21180e+00	1.23988e+02	1.41071e+01	6.13258e+00
4.84211e+02	2.60896e+02	2.24997e+03	1.25405e+03	4.21741e+00	2.21196e+00	1.23988e+02	1.41242e+01	6.13579e+00
4.87777e+02	2.61114e+02	2.24800e+03	1.25452e+03	4.21864e+00	2.21212e+00	1.23988e+02	1.41413e+01	6.13900e+00
4.91342e+02	2.61332e+02	2.24603e+03	1.25499e+03	4.21987e+00	2.21229e+00	1.23988e+02	1.41584e+01	6.14221e+00
4.94908e+02	2.61551e+02	2.24406e+03	1.25546e+03	4.22111e+00	2.21246e+00	1.23988e+02	1.41756e+01	6.14542e+00
4.98474e+02	2.61769e+02	2.24210e+03	1.25592e+03	4.22235e+00	2.21263e+00	1.23988e+02	1.41927e+01	6.14863e+00
5.02040e+02	2.61987e+02	2.24013e+03	1.25638e+03	4.22359e+00	2.21280e+00	1.23988e+02	1.42098e+01	6.15184e+00
5.05606e+02	2.62205e+02	2.23817e+03	1.25683e+03	4.22484e+00	2.21298e+00	1.23988e+02	1.42269e+01	6.15505e+00
5.09172e+02	2.62416e+02	2.23621e+03	1.25729e+03	4.22610e+00	2.21315e+00	1.23988e+02	1.42440e+01	6.15825e+00
5.12737e+02	2.62625e+02	2.23425e+03	1.25774e+03	4.22735e+00	2.21333e+00	1.23988e+02	1.42611e+01	6.16146e+00
5.16303e+02	2.62834e+02	2.23229e+03	1.25818e+03	4.22862e+00	2.21352e+00	1.23988e+02	1.42783e+01	6.16467e+00
5.19869e+02	2.63043e+02	2.23033e+03	1.25863e+03	4.22988e+00	2.21370e+00	1.23988e+02	1.42954e+01	6.16788e+00
5.23435e+02	2.63253e+02	2.22838e+03	1.25907e+03	4.23115e+00	2.21389e+00	1.23988e+02	1.43125e+01	6.17109e+00
5.27001e+02	2.63462e+02	2.22642e+03	1.25950e+03	4.23242e+00	2.21408e+00	1.23988e+02	1.43296e+01	6.17430e+00
5.30566e+02	2.63671e+02	2.22447e+03	1.25994e+03	4.23370e+00	2.21428e+00	1.23988e+02	1.43467e+01	6.17751e+00
5.34132e+02	2.63874e+02	2.22252e+03	1.26037e+03	4.23498e+00	2.21448e+00	1.23988e+02	1.43638e+01	6.18072e+00
5.37698e+02	2.64074e+02	2.22057e+03	1.26080e+03	4.23627e+00	2.21467e+00	1.23988e+02	1.43810e+01	6.18393e+00
5.41264e+02	2.64275e+02	2.21862e+03	1.26122e+03	4.23756e+00	2.21488e+00	1.23988e+02	1.43981e+01	6.18714e+00
5.44830e+02	2.64475e+02	2.21667e+03	1.26164e+03	4.23885e+00	2.21508e+00	1.23988e+02	1.44152e+01	6.19035e+00
5.48396e+02	2.64676e+02	2.21472e+03	1.26206e+03	4.24015e+00	2.21529e+00	1.23988e+02	1.44323e+01	6.19356e+00
5.51961e+02	2.64876e+02	2.21278e+03	1.26247e+03	4.24145e+00	2.21550e+00	1.23988e+02	1.44494e+01	6.19677e+00
5.55527e+02	2.65077e+02	2.21084e+03	1.26289e+03	4.24275e+00	2.21571e+00	1.23988e+02	1.44665e+01	6.19997e+00
5.59093e+02	2.65272e+02	2.20889e+03	1.26330e+03	4.24406e+00	2.21592e+00	1.23988e+02	1.44836e+01	6.20318e+00
5.62659e+02	2.65464e+02	2.20695e+03	1.26370e+03	4.24537e+00	2.21614e+00	1.23988e+02	1.45008e+01	6.20639e+00
5.66225e+02	2.65657e+02	2.20501e+03	1.26410e+03	4.24669e+00	2.21636e+00	1.23988e+02	1.45179e+01	6.20960e+00
5.69791e+02	2.65849e+02	2.20307e+03	1.26450e+03	4.24801e+00	2.21658e+00	1.23988e+02	1.45350e+01	6.21281e+00
5.73356e+02	2.66041e+02	2.20113e+03	1.26490e+03	4.24934e+00	2.21681e+00	1.23988e+02	1.45521e+01	6.21602e+00
5.76922e+02	2.66233e+02	2.19920e+03	1.26529e+03	4.25067e+00	2.21703e+00	1.23988e+02	1.45692e+01	6.21923e+00
5.80488e+02	2.66425e+02	2.19726e+03	1.26568e+03	4.25200e+00	2.21726e+00	1.23988e+02	1.45863e+01	6.22244e+00
5.84054e+02	2.66614e+02	2.19533e+03	1.26607e+03	4.25333e+00	2.21750e+00	1.23988e+02	1.46035e+01	6.22565e+00
5.87620e+02	2.66798e+02	2.19340e+03	1.26646e+03	4.25467e+00	2.21773e+00	1.23988e+02	1.46206e+01	6.22886e+00
5.91185e+02	2.66982e+02	2.19147e+03	1.26684e+03	4.25602e+00	2.21797e+00	1.23988e+02	1.46377e+01	6.23207e+00
5.94751e+02	2.67167e+02	2.18954e+03	1.26722e+03	4.25736e+00	2.21821e+00	1.23988e+02	1.46548e+01	6.23528e+00
5.98317e+02	2.67351e+02	2.18761e+03	1.26759e+03	4.25872e+00	2.21845e+00	1.23988e+02	1.46719e+01	6.23849e+00
6.01883e+02	2.67536e+02	2.18568e+03	1.26797e+03	4.26007e+00	2.21870e+00	1.23988e+02	1.46890e+01	6.24169e+00
6.05449e+02	2.67720e+02	2.18375e+03	1.26833e+03	4.26143e+00	2.21894e+00	1.23988e+02	1.47062e+01	6.24490e+00
6.09015e+02	2.67901e+02	2.18183e+03	1.26870e+03	4.26279e+00	2.21919e+00	1.23988e+02	1.47233e+01	6.24811e+00
6.12580e+02	2.68078e+02	2.17991e+03	1.26907e+03	4.26416e+00	2.21944e+00	1.23988e+02	1.47404e+01	6.25132e+00
6.16146e+02	2.68255e+02	2.17798e+03	1.26943e+03	4.26553e+00	2.21970e+00	1.23988e+02	1.47575e+01	6.25453e+00
6.19712e+02	2.68432e+02	2.17606e+03	1.26978e+03	4.26690e+00	2.21995e+00	1.23988e+02	1.47746e+01	6.25774e+00
6.23278e+02	2.68609e+02	2.17414e+03	1.27014e+03	4.26828e+00	2.22021e+00	1.23988e+02	1.47917e+01	6.26095e+00
6.26844e+02	2.68786e+02	2.17222e+03	1.27049e+03	4.26966e+00	2.22047e+00	1.23988e+02	1.48088e+01	6.26416e+00
6.30410e+02	2.68962e+02	2.17031e+03	1.27084e+03	4.27105e+00	2.22074e+00	1.23988e+02	1.48260e+01	6.26737e+00
6.33975e+02	2.69194e+02	2.16839e+03	1.27118e+03	4.27244e+00	2.22101e+00	1.23988e+02	1.48431e+01	6.27058e+00
6.37541e+02	2.69554e+02	2.16647e+03	1.27151e+03	4.27385e+00	2.22129e+00	1.23988e+02	1.48602e+01	6.27379e+00
6.41107e+02	2.69915e+02	2.16469e+03	1.36469e+03	4.40326e+00	2.25237e+00	1.33950e+02	1.72285e+01	6.92332e+00
6.44673e+02	2.70275e+02	2.16291e+03	1.36484e+03	4.40543e+00	2.25399e+00	1.32975e+02	1.72432e+01	6.93402e+00
6.48239e+02	2.70636e+02	2.16112e+03	1.36498e+03	4.40760e+00	2.25561e+00	1.32010e+02	1.72578e+01	6.94472e+00
6.51805e+02	2.70996e+02	2.15934e+03	1.36512e+03	4.40977e+00	2.25723e+00	1.31054e+02	1.72724e+01	6.95541e+00
6.55370e+02	2.71357e+02	2.15756e+03	1.36527e+03	4.41194e+00	2.25884e+00	1.30108e+02	1.72870e+01	6.96611e+00
6.58936e+02	2.71722e+02	2.15578e+03	1.36541e+03	4.41410e+00	2.26046e+00	1.29157e+02	1.73016e+01	6.97681e+00
6.62502e+02	2.72109e+02	2.15400e+03	1.36555e+03	4.41627e+00	2.26208e+00	1.28161e+02	1.73163e+01	6.98751e+00
6.66068e+02	2.72496e+02	2.15222e+03	1.36569e+03	4.41844e+00	2.26369e+00	1.27176e+02	1.73309e+01	6.99820e+00
6.69634e+02	2.72883e+02	2.15044e+03	1.36583e+03	4.42061e+00	2.26531e+00	1.26201e+02	1.73455e+01	7.00890e+00
6.73199e+02	2.73271e+02	2.14867e+03	1.36596e+03	4.42278e+00	2.26692e+00	1.25237e+02	1.73601e+01	7.01960e+00
6.76765e+02	2.73658e+02	2.14689e+03	1.36610e+03	4.42495e+00	2.26854e+00	1.24282e+02	1.73747e+01	7.03030e+00
6.80331e+02	2.74045e+02	2.14511e+03	1.36624e+03	4.42712e+00	2.27015e+00	1.23337e+02	1.73894e+01	7.04099e+00
6.83897e+02	2.74430e+02	2.14334e+03	1.36637e+03	4.42928e+00	2.27176e+00	1.22406e+02	1.74040e+01	7.05169e+00
6.87463e+02	2.74804e+02	2.14156e+03	1.36651e+03	4.43145e+00	2.27337e+00	1.21512e+02	1.74186e+01	7.06239e+00
6.91029e+02	2.75178e+02	2.13979e+03	1.36664e+03	4.43361e+00	2.27498e+00	1.20627e+02	1.74332e+01	7.07309e+00
6.94594e+02	2.75552e+02	2.13801e+03	1.36678e+03	4.43578e+00	2.27659e+00	1.19751e+02	1.74478e+01	7.08378e+00
6.98160e+02	2.75926e+02	2.13624e+03	1.36691e+03	4.43794e+00	2.27819e+00	1.18884e+02	1.74625e+01	7.09448e+00
7.01726e+02	2.76299e+02	2.13447e+03	1.36704e+03	4.44011e+00	2.27980e+00	1.18025e+02	1.74771e+01	7.10518e+00
7.05292e+02	2.76673e+02	2.13270e+03	1.36718e+03	4.44227e+00	2.28140e+00	1.17175e+02	1.74917e+01	7.11588e+00
7.08858e+02	2.77047e+02	2.13092e+03	1.36731e+03	4.44443e+00	2.28301e+00	1.16333e+02	1.75063e+01	7.12657e+00
7.12424e+02	2.77409e+02	2.12915e+03	1.36744e+03	4.44660e+00	2.28461e+00	1.15527e+02	1.75209e+01	7.13727e+00
7.15989e+02	2.77770e+02	2.12738e+03	1.36757e+03	4.44876e+00	2.28621e+00	1.14728e+02	1.75356e+01	7.14797e+00
7.19555e+02	2.78132e+02	2.12561e+03	1.36770e+03	4.45092e+00	2.28781e+00	1.13936e+02	1.75502e+01	7.15867e+00
7.23121e+02	2.78494e+02	2.12385e+03	1.36783e+03	4.45308e+00	2.28941e+00	1.13153e+02	1.75648e+01	7.16936e+00
7.26687e+02	2.78856e+02	2.12208e+03	1.36796e+03	4.45524e+00	2.29101e+00	1.12376e+02	1.75794e+01	7.18006e+00
7.30253e+02	2.79217e+02	2.12031e+03	1.36809e+03	4.45740e+00	2.29261e+00	1.11607e+02	1.75940e+01	7.19076e+00
7.33818e+02	2.79579e+02	2.11854e+03	1.36821e+03	4.45956e+00	2.29421e+00	1.10845e+02	1.76087e+01	7.20146e+00
7.37384e+02	2.79931e+02	2.11678e+03	1.36834e+03	4.46172e+00	2.29581e+00	1.10111e+02	1.76233e+01	7.21215e+00
7.40950e+02	2.80281e+02	2.11501e+03	1.36847e+03	4.46387e+00	2.29740e+00	1.09386e+02	1.76379e+01	7.22285e+00
7.44516e+02	2.80632e+02	2.11325e+03	1.36860e+03	4.46603e+00	2.29900e+00	1.08667e+02	1.76525e+01	7.23355e+00
7.48082e+02	2.80983e+02	2.11149e+03	1.36872e+03	4.46819e+00	2.30059e+00	1.07955e+02	1.76671e+01	7.24425e+00
7.51648e+02	2.81333e+02	2.10972e+03	1.36885e+03	4.47035e+00	2.30218e+00	1.07249e+02	1.76818e+01	7.25494e+00
7.55213e+02	2.81684e+02	2.10796e+03	1.36897e+03	4.47250e+00	2.30377e+00	1.06550e+02	1.76964e+01	7.26564e+00
7.58779e+02	2.82035e+02	2.10620e+03	1.36909e+03	4.47466e+00	2.30536e+00	1.05857e+02	1.77110e+01	7.27634e+00
7.62345e+02	2.82377e+02	2.10444e+03	1.36922e+03	4.47681e+00	2.30695e+00	1.05186e+02	1.77256e+01	7.28704e+00
7.65911e+02	2.82718e+02	2.10268e+03	1.36934e+03	4.47897e+00	2.30854e+00	1.04525e+02	1.77402e+01	7.29773e+00
7.69477e+02	2.83058e+02	2.10092e+03	1.36946e+03	4.48112e+00	2.31013e+00	1.03869e+02	1.77549e+01	7.30843e+00
7.73043e+02	2.83399e+02	2.09916e+03	1.36959e+03	4.48327e+00	2.31172e+00	1.03219e+02	1.77695e+01	7.31913e+00
7.76608e+02	2.83739e+02	2.09740e+03	2.75094e+03	7.30750e+00	4.01190e+00	2.93667e+13	8.78634e+01	4.42774e+01
9.51019e+02	2.86039e+02	2.05460e+03	2.75094e+03	7.33105e+00	4.02260e+00	3.58611e+13	8.87732e+01	4.46534e+01
1.12543e+03	2.88290e+02	2.01179e+03	2.75956e+03	7.32604e+00	4.01354e+00	4.35979e+13	8.90897e+01	4.45779e+01
1.30039e+03	2.90495e+02	1.96899e+03	2.76735e+03	7.32847e+00	4.00760e+00	5.28510e+13	8.96130e+01	4.45701e+01
1.47584e+03	2.92652e+02	1.92618e+03	2.77506e+03	7.32558e+00	3.99967e+00	6.38816e+13	8.99796e+01	4.45170e+01
1.65178e+03	2.94761e+02	1.88338e+03	2.78277e+03	7.33996e+00	3.99872e+00	7.69965e+13	9.08403e+01	4.46165e+01
1.82821e+03	2.96824e+02	1.84058e+03	2.79032e+03	7.32709e+00	3.98712e+00	9.25508e+13	9.09075e+01	4.44801e+01
2.00512e+03	2.98838e+02	1.79777e+03	2.79799e+03	7.33081e+00	3.98221e+00	1.10952e+14	9.14513e+01	4.44900e+01
2.18251e+03	3.00806e+02	1.75497e+03	2.80552e+03	7.33496e+00	3.97758e+00	1.32671e+14	9.20049e+01	4.45052e+01
2.36038e+03	3.02726e+02	1.71216e+03	2.81301e+03	7.33975e+00	3.97332e+00	1.58246e+14	9.25741e+01	4.45275e+01
2.53873e+03	3.04598e+02	1.66936e+03	2.82046e+03	7.34584e+00	3.96967e+00	1.88295e+14	9.31789e+01	4.45623e+01
2.71755e+03	3.06423e+02	1.62656e+03	2.82786e+03	7.35717e+00	3.96815e+00	2.23523e+14	9.39387e+01	4.46436e+01
2.89683e+03	3.08201e+02	1.58375e+03	2.83519e+03	7.36142e+00	3.96402e+00	2.64734e+14	9.44838e+01	4.46659e+01
3.07659e+03	3.09932e+02	1.54095e+03	2.84253e+03	7.36205e+00	3.95876e+00	3.12844e+14	9.49116e+01	4.46619e+01
3.25680e+03	3.11614e+02	1.49814e+03	2.84982e+03	7.33000e+00	3.94292e+00	3.68897e+14	9.42984e+01	4.44188e+01
3.43748e+03	3.13250e+02	1.45534e+03	2.85700e+03	7.34080e+00	3.94710e+00	4.34074e+14	9.48815e+01	4.46382e+01
3.61862e+03	3.14838e+02	1.41254e+03	2.86517e+03	7.31146e+00	3.97136e+00	5.09711e+14	9.33940e+01	4.54220e+01
3.80027e+03	3.16379e+02	1.36973e+03	2.87996e+03	7.29816e+00	3.96341e+00	5.97390e+14	9.33489e+01	4.53463e+01
3.98286e+03	3.17872e+02	1.32693e+03	2.88590e+03	7.31569e+00	3.96517e+00	6.99361e+14	9.42133e+01	4.54871e+01
4.16583e+03	3.19318e+02	1.28412e+03	2.89275e+03	7.33361e+00	3.96727e+00	8.17027e+14	9.51211e+01	4.56426e+01
4.34923e+03	3.20717e+02	1.24132e+03	2.89972e+03	7.36065e+00	3.97270e+00	9.52640e+14	9.63352e+01	4.58800e+01
4.53307e+03	3.22068e+02	1.19851e+03	2.90694e+03	7.34927e+00	3.96473e+00	1.10868e+15	9.63127e+01	4.58029e+01
4.71738e+03	3.23371e+02	1.15571e+03	2.91382e+03	7.34811e+00	3.96075e+00	1.28793e+15	9.66153e+01	4.58205e+01
4.90211e+03	3.24628e+02	1.11291e+03	2.92082e+03	7.35702e+00	3.96039e+00	1.49348e+15	9.72313e+01	4.59172e+01
5.08730e+03	3.25836e+02	1.07010e+03	2.92752e+03	7.37366e+00	3.96269e+00	1.72879e+15	9.81029e+01	4.60763e+01
5.27290e+03	3.26998e+02	1.02730e+03	2.93425e+03	7.38614e+00	3.96380e+00	1.99769e+15	9.88241e+01	4.62028e+01
5.45893e+03	3.28112e+02	9.84494e+02	2.94066e+03	7.40358e+00	3.96666e+00	2.30448e+15	9.97086e+01	4.63693e+01
5.64537e+03	3.29179e+02	9.41690e+02	2.94701e+03	7.42507e+00	3.97097e+00	2.65387e+15	1.00726e+02	4.65687e+01
5.83222e+03	3.30198e+02	8.98886e+02	2.95325e+03	7.44764e+00	3.97548e+00	3.05114e+15	1.01804e+02	4.67793e+01
6.01945e+03	3.31170e+02	8.56082e+02	2.95988e+03	7.46998e+00	3.98006e+00	3.50212e+15	1.02864e+02	4.69865e+01
6.20711e+03	3.32094e+02	8.13278e+02	2.96615e+03	7.49921e+00	3.98769e+00	4.01340e+15	1.04060e+02	4.72293e+01
6.39517e+03	3.32971e+02	7.70474e+02	2.97009e+03	7.52265e+00	3.99257e+00	4.59205e+15	1.05182e+02	4.74493e+01
6.58347e+03	3.33801e+02	7.27670e+02	2.97662e+03	7.54847e+00	3.99941e+00	5.24507e+15	1.06336e+02	4.77075e+01
6.77219e+03	3.34583e+02	6.84866e+02	2.98259e+03	7.57768e+00	4.00628e+00	5.98199e+15	1.07806e+02	4.80361e+01
6.96129e+03	3.35318e+02	6.42061e+02	2.99283e+03	7.62574e+00	4.02180e+00	6.81213e+15	1.10032e+02	4.86466e+01
7.15103e+03	3.36005e+02	5.99257e+02	3.00754e+03	7.65234e+00	4.02745e+00	7.74817e+15	1.11418e+02	4.89351e+01
7.34171e+03	3.36645e+02	5.56453e+02	3.01690e+03	7.66674e+00	4.03074e+00	8.80476e+15	1.12003e+02	4.90257e+01
7.53299e+03	3.37238e+02	5.13649e+02	3.01754e+03	7.70421e+00	4.03880e+00	9.99256e+15	1.14113e+02	4.94980e+01
7.72430e+03	3.37783e+02	4.70845e+02	3.03446e+03	7.73047e+00	4.04630e+00	1.13200e+16	1.15430e+02	4.98254e+01
7.91669e+03	3.38281e+02	4.28041e+02	3.04322e+03	7.77225e+00	4.08807e+00	1.28133e+16	1.16520e+02	5.10781e+01
8.10963e+03	3.38731e+02	3.85237e+02	3.05628e+03	7.84083e+00	4.13756e+00	1.44844e+16	1.19096e+02	5.27482e+01
8.30340e+03	3.39134e+02	3.42433e+02	3.08119e+03	7.90033e+00	4.17829e+00	1.63554e+16	1.21377e+02	5.41423e+01
8.49875e+03	3.39489e+02	2.99629e+02	3.10126e+03	7.94965e+00	4.20920e+00	1.84584e+16	1.23364e+02	5.52305e+01
8.69537e+03	3.39798e+02	2.56825e+02	3.11731e+03	7.98819e+00	4.22978e+00	2.08135e+16	1.25029e+02	5.59837e+01
8.89301e+03	3.40058e+02	2.14020e+02	3.12913e+03	8.01531e+00	4.23938e+00	2.34421e+16	1.26353e+02	5.63737e+01
9.09140e+03	3.40272e+02	1.71216e+02	3.13669e+03	8.05235e+00	4.25867e+00	2.63659e+16	1.27986e+02	5.70897e+01
9.29026e+03	3.40438e+02	1.28412e+02	3.14782e+03	8.08576e+00	4.27456e+00	2.96069e+16	1.29512e+02	5.76938e+01
9.48984e+03	3.40556e+02	8.56082e+01	3.15752e+03	8.11690e+00	4.28833e+00	3.31979e+16	1.30974e+02	5.82286e+01
9.69002e+03	3.40627e+02	4.28041e+01	3.16635e+03	8.14657e+00	4.30076e+00	3.71672e+16	1.32395e+02	5.87191e+01
9.89077e+03	NaN	0.00000e+00	3.17460e+03	NaN	NaN	NaN	NaN	NaN
