   0.0000000e+00   9.4000000e+01   2.5750000e+03   9.3279012e+02   3.9786710e+00   1.9649255e+00   1.7255639e+05
   4.9526480e+00   1.5944363e+02   2.5712819e+03   9.3279012e+02   3.9844104e+00   1.9677600e+00   9.6399931e+02
   9.9052960e+00   1.5947485e+02   2.5673628e+03   9.3313970e+02   3.9832432e+00   1.9671836e+00   9.6259425e+02
   1.4857944e+01   1.5950780e+02   2.5634484e+03   9.3346179e+02   3.9820777e+00   1.9666080e+00   9.6111411e+02
   1.9810592e+01   1.5954258e+02   2.5595384e+03   9.3375152e+02   3.9809148e+00   1.9660337e+00   9.5955502e+02
   2.4763240e+01   1.5957928e+02   2.5556327e+03   9.3400320e+02   3.9797554e+00   1.9654611e+00   9.5791297e+02
   2.9715888e+01   1.5961802e+02   2.5517312e+03   9.3421023e+02   3.9786004e+00   1.9648907e+00   9.5618372e+02
   3.4668536e+01   1.5965891e+02   2.5478337e+03   9.3436495e+02   3.9774507e+00   1.9643229e+00   9.5436288e+02
   3.9621184e+01   1.5970207e+02   2.5439400e+03   9.3445848e+02   3.9763071e+00   1.9637581e+00   9.5244582e+02
   4.4573832e+01   1.5974762e+02   2.5400499e+03   9.3448063e+02   3.9751705e+00   1.9631968e+00   9.5042774e+02
   4.9526480e+01   1.5979569e+02   2.5361631e+03   9.3441977e+02   3.9740418e+00   1.9626393e+00   9.4830361e+02
   5.4479128e+01   1.5984644e+02   2.5322793e+03   9.3426288e+02   3.9729216e+00   1.9620861e+00   9.4606819e+02
   5.9431776e+01   1.5989999e+02   2.5283981e+03   9.3399566e+02   3.9718109e+00   1.9615376e+00   9.4371601e+02
   6.4384424e+01   1.5995652e+02   2.5245190e+03   9.3360293e+02   3.9707104e+00   1.9609941e+00   9.4124138e+02
   6.9337072e+01   1.6001619e+02   2.5206416e+03   9.3306936e+02   3.9696208e+00   1.9604560e+00   9.3863837e+02
   7.4289720e+01   1.6007917e+02   2.5167653e+03   9.3238066e+02   3.9685428e+00   1.9599236e+00   9.3590083e+02
   7.9242368e+01   1.6014564e+02   2.5128895e+03   9.3152546e+02   3.9674771e+00   1.9593973e+00   9.3302234e+02
   8.4195016e+01   1.6021580e+02   2.5090135e+03   9.3049771e+02   3.9664243e+00   1.9588774e+00   9.2999627e+02
   8.9147664e+01   1.6028985e+02   2.5051367e+03   9.2929972e+02   3.9653852e+00   1.9583641e+00   9.2681573e+02
   9.4100312e+01   2.6500000e+02   2.5012583e+03   9.2794537e+02   3.9882463e+00   1.9696545e+00   4.9560809e+01
   9.7891200e+01   2.6500000e+02   2.4986232e+03   1.0459754e+03   1.5337957e+00   0.0000000e+00   0.0000000e+00
   1.0168209e+02   2.6500000e+02   2.4959933e+03   1.0475837e+03   1.5410707e+00   0.0000000e+00   0.0000000e+00
   1.0547298e+02   2.6500000e+02   2.4933685e+03   1.0491776e+03   1.5483549e+00   0.0000000e+00   0.0000000e+00
   1.0926386e+02   2.6500000e+02   2.4907488e+03   1.0507571e+03   1.5556497e+00   0.0000000e+00   0.0000000e+00
   1.1305475e+02   2.6500000e+02   2.4881341e+03   1.0523225e+03   1.5629568e+00   0.0000000e+00   0.0000000e+00
   1.1684564e+02   2.6500000e+02   2.4855244e+03   1.0538740e+03   1.5702777e+00   0.0000000e+00   0.0000000e+00
   1.2063653e+02   2.6500000e+02   2.4829195e+03   1.0554119e+03   1.5776144e+00   0.0000000e+00   0.0000000e+00
   1.2442742e+02   2.6500000e+02   2.4803195e+03   1.0569362e+03   1.5849672e+00   0.0000000e+00   0.0000000e+00
   1.2821831e+02   2.6500000e+02   2.4777244e+03   1.0584473e+03   1.5923327e+00   0.0000000e+00   0.0000000e+00
   1.3200919e+02   2.6500000e+02   2.4751340e+03   1.0599454e+03   1.5997071e+00   0.0000000e+00   0.0000000e+00
   1.3580008e+02   2.6500000e+02   2.4725483e+03   1.0614305e+03   1.6070853e+00   0.0000000e+00   0.0000000e+00
   1.3959097e+02   2.6500000e+02   2.4699673e+03   1.0629029e+03   1.6144618e+00   0.0000000e+00   0.0000000e+00
   1.4338186e+02   2.6500000e+02   2.4673910e+03   1.0643628e+03   1.6218312e+00   0.0000000e+00   0.0000000e+00
   1.4717275e+02   2.6500000e+02   2.4648192e+03   1.0658103e+03   1.6291903e+00   0.0000000e+00   0.0000000e+00
   1.5096363e+02   2.6500000e+02   2.4622520e+03   1.0672457e+03   1.6365368e+00   0.0000000e+00   0.0000000e+00
   1.5475452e+02   2.6500000e+02   2.4596893e+03   1.0686691e+03   1.6438686e+00   0.0000000e+00   0.0000000e+00
   1.5854541e+02   2.6500000e+02   2.4571311e+03   1.0700806e+03   1.6511840e+00   0.0000000e+00   0.0000000e+00
   1.6233630e+02   2.6500000e+02   2.4545772e+03   1.0714806e+03   1.6584815e+00   0.0000000e+00   0.0000000e+00
   1.6612719e+02   2.6500000e+02   2.4520278e+03   1.0728690e+03   1.6657598e+00   0.0000000e+00   0.0000000e+00
   1.6991808e+02   2.6500000e+02   2.4494827e+03   1.0742463e+03   1.6730181e+00   0.0000000e+00   0.0000000e+00
   1.7370896e+02   2.6500000e+02   2.4469419e+03   1.0756124e+03   1.6802552e+00   0.0000000e+00   0.0000000e+00
   1.7749985e+02   2.6500000e+02   2.4444054e+03   1.0769676e+03   1.6874698e+00   0.0000000e+00   0.0000000e+00
   1.8129074e+02   2.6500000e+02   2.4418732e+03   1.0783120e+03   1.6946602e+00   0.0000000e+00   0.0000000e+00
   1.8508163e+02   2.6500000e+02   2.4393451e+03   1.0796459e+03   1.7018255e+00   0.0000000e+00   0.0000000e+00
   1.8887252e+02   2.6500000e+02   2.4368212e+03   1.0809693e+03   1.7089654e+00   0.0000000e+00   0.0000000e+00
   1.9266341e+02   2.6500000e+02   2.4343014e+03   1.0822825e+03   1.7160798e+00   0.0000000e+00   0.0000000e+00
   1.9645429e+02   2.6500000e+02   2.4317858e+03   1.0835855e+03   1.7231693e+00   0.0000000e+00   0.0000000e+00
   2.0024518e+02   2.6500000e+02   2.4292742e+03   1.0848787e+03   1.7302344e+00   0.0000000e+00   0.0000000e+00
   2.0403607e+02   2.6500000e+02   2.4267666e+03   1.0861621e+03   1.7372755e+00   0.0000000e+00   0.0000000e+00
   2.0782696e+02   2.6500000e+02   2.4242630e+03   1.0874359e+03   1.7442912e+00   0.0000000e+00   0.0000000e+00
   2.1161785e+02   2.6500000e+02   2.4217634e+03   1.0887002e+03   1.7512798e+00   0.0000000e+00   0.0000000e+00
   2.1540873e+02   2.6500000e+02   2.4192678e+03   1.0899553e+03   1.7582385e+00   0.0000000e+00   0.0000000e+00
   2.1919962e+02   2.6500000e+02   2.4167760e+03   1.0912013e+03   1.7651628e+00   0.0000000e+00   0.0000000e+00
   2.2299051e+02   2.6500000e+02   2.4142881e+03   1.0924383e+03   1.7720484e+00   0.0000000e+00   0.0000000e+00
   2.2678140e+02   2.6500000e+02   2.4118041e+03   1.0936665e+03   1.7788902e+00   0.0000000e+00   0.0000000e+00
   2.3057229e+02   2.6500000e+02   2.4093239e+03   1.0948860e+03   1.7856828e+00   0.0000000e+00   0.0000000e+00
   2.3436318e+02   2.6500000e+02   2.4068475e+03   1.0960969e+03   1.7924224e+00   0.0000000e+00   0.0000000e+00
   2.3815406e+02   2.6500000e+02   2.4043749e+03   1.0972995e+03   1.7991094e+00   0.0000000e+00   0.0000000e+00
   2.4194495e+02   2.6500000e+02   2.4019060e+03   1.0984938e+03   1.8057445e+00   0.0000000e+00   0.0000000e+00
   2.4573584e+02   2.6500000e+02   2.3994409e+03   1.0996801e+03   1.8123305e+00   0.0000000e+00   0.0000000e+00
   2.4952673e+02   2.6500000e+02   2.3969794e+03   1.1008584e+03   1.8188713e+00   0.0000000e+00   0.0000000e+00
   2.5331762e+02   2.6500000e+02   2.3945216e+03   1.1020289e+03   1.8253710e+00   0.0000000e+00   0.0000000e+00
   2.5710850e+02   2.6500000e+02   2.3920675e+03   1.1031917e+03   1.8318311e+00   0.0000000e+00   0.0000000e+00
   2.6089939e+02   2.6500000e+02   2.3896169e+03   1.1043470e+03   1.8382526e+00   0.0000000e+00   0.0000000e+00
   2.6469028e+02   2.6500000e+02   2.3871700e+03   1.1054948e+03   1.8446364e+00   0.0000000e+00   0.0000000e+00
   2.6848117e+02   2.6500000e+02   2.3847267e+03   1.1066353e+03   1.8509833e+00   0.0000000e+00   0.0000000e+00
   2.7227206e+02   2.6500000e+02   2.3822868e+03   1.1077685e+03   1.8572938e+00   0.0000000e+00   0.0000000e+00
   2.7606295e+02   2.6500000e+02   2.3798506e+03   1.1088946e+03   1.8635679e+00   0.0000000e+00   0.0000000e+00
   2.7985383e+02   2.6500000e+02   2.3774178e+03   1.1100137e+03   1.8698050e+00   0.0000000e+00   0.0000000e+00
   2.8364472e+02   2.6500000e+02   2.3749885e+03   1.1111258e+03   1.8760054e+00   0.0000000e+00   0.0000000e+00
   2.8743561e+02   2.6500000e+02   2.3725627e+03   1.1122311e+03   1.8821731e+00   0.0000000e+00   0.0000000e+00
   2.9122650e+02   2.6500000e+02   2.3701403e+03   1.1133297e+03   1.8883130e+00   0.0000000e+00   0.0000000e+00
   2.9501739e+02   2.6500000e+02   2.3677214e+03   1.1144217e+03   1.8944310e+00   0.0000000e+00   0.0000000e+00
   2.9880827e+02   2.6500000e+02   2.3653058e+03   1.1155071e+03   1.9005342e+00   0.0000000e+00   0.0000000e+00
   3.0259916e+02   2.6500000e+02   2.3628937e+03   1.1165862e+03   1.9066291e+00   0.0000000e+00   0.0000000e+00
   3.0639005e+02   2.6500000e+02   2.3604849e+03   1.1176588e+03   1.9127142e+00   0.0000000e+00   0.0000000e+00
   3.1018094e+02   2.6500000e+02   2.3580794e+03   1.1187252e+03   1.9187831e+00   0.0000000e+00   0.0000000e+00
   3.1397183e+02   2.6500000e+02   2.3556773e+03   1.1197854e+03   1.9248295e+00   0.0000000e+00   0.0000000e+00
   3.1776272e+02   2.6500000e+02   2.3532785e+03   1.1208395e+03   1.9308469e+00   0.0000000e+00   0.0000000e+00
   3.2155360e+02   2.6500000e+02   2.3508830e+03   1.1218875e+03   1.9368292e+00   0.0000000e+00   0.0000000e+00
   3.2534449e+02   2.6500000e+02   2.3484908e+03   1.1229296e+03   1.9427728e+00   0.0000000e+00   0.0000000e+00
   3.2913538e+02   2.6500000e+02   2.3461018e+03   1.1239658e+03   1.9486774e+00   0.0000000e+00   0.0000000e+00
   3.3292627e+02   2.6500000e+02   2.3437161e+03   1.1249962e+03   1.9545427e+00   0.0000000e+00   0.0000000e+00
   3.3671716e+02   2.6500000e+02   2.3413335e+03   1.1260209e+03   1.9603680e+00   0.0000000e+00   0.0000000e+00
   3.4050804e+02   2.6500000e+02   2.3389542e+03   1.1270399e+03   1.9661522e+00   0.0000000e+00   0.0000000e+00
   3.4429893e+02   2.6500000e+02   2.3365781e+03   1.1280534e+03   1.9718946e+00   0.0000000e+00   0.0000000e+00
   3.4808982e+02   2.6500000e+02   2.3342052e+03   1.1290615e+03   1.9775950e+00   0.0000000e+00   0.0000000e+00
   3.5188071e+02   2.6500000e+02   2.3318354e+03   1.1300641e+03   1.9832538e+00   0.0000000e+00   0.0000000e+00
   3.5567160e+02   2.6500000e+02   2.3294688e+03   1.1310614e+03   1.9888711e+00   0.0000000e+00   0.0000000e+00
   3.5946249e+02   2.6500000e+02   2.3271053e+03   1.1320535e+03   1.9944475e+00   0.0000000e+00   0.0000000e+00
   3.6325337e+02   2.6500000e+02   2.3247449e+03   1.1330404e+03   1.9999834e+00   0.0000000e+00   0.0000000e+00
   3.6704426e+02   2.6500000e+02   2.3223876e+03   1.1340222e+03   2.0054794e+00   0.0000000e+00   0.0000000e+00
   3.7083515e+02   2.6500000e+02   2.3200334e+03   1.1349990e+03   2.0109361e+00   0.0000000e+00   0.0000000e+00
   3.7462604e+02   2.6500000e+02   2.3176822e+03   1.1359710e+03   2.0163543e+00   0.0000000e+00   0.0000000e+00
   3.7841693e+02   2.6500000e+02   2.3153341e+03   1.1369380e+03   2.0217353e+00   0.0000000e+00   0.0000000e+00
   3.8220781e+02   2.6500000e+02   2.3129891e+03   1.1379004e+03   2.0270805e+00   0.0000000e+00   0.0000000e+00
   3.8599870e+02   2.6500000e+02   2.3106471e+03   1.1388580e+03   2.0323909e+00   0.0000000e+00   0.0000000e+00
   3.8978959e+02   2.6500000e+02   2.3083081e+03   1.1398110e+03   2.0376676e+00   0.0000000e+00   0.0000000e+00
   3.9358048e+02   2.6500000e+02   2.3059721e+03   1.1407593e+03   2.0429119e+00   0.0000000e+00   0.0000000e+00
   3.9737137e+02   2.6500000e+02   2.3036391e+03   1.1417031e+03   2.0481247e+00   0.0000000e+00   0.0000000e+00
   4.0116226e+02   2.6500000e+02   2.3013091e+03   1.1426425e+03   2.0533074e+00   0.0000000e+00   0.0000000e+00
   4.0495314e+02   2.6500000e+02   2.2989821e+03   1.1435774e+03   2.0584622e+00   0.0000000e+00   0.0000000e+00
   4.0874403e+02   2.6500000e+02   2.2966580e+03   1.1445078e+03   2.0635929e+00   0.0000000e+00   0.0000000e+00
   4.1253492e+02   2.6500000e+02   2.2943368e+03   1.1454340e+03   2.0687034e+00   0.0000000e+00   0.0000000e+00
   4.1632581e+02   2.6500000e+02   2.2920186e+03   1.1463558e+03   2.0737959e+00   0.0000000e+00   0.0000000e+00
   4.2011670e+02   2.6500000e+02   2.2897033e+03   1.1472734e+03   2.0788714e+00   0.0000000e+00   0.0000000e+00
   4.2390759e+02   2.6500000e+02   2.2873909e+03   1.1481869e+03   2.0839308e+00   0.0000000e+00   0.0000000e+00
   4.2769847e+02   2.6500000e+02   2.2850814e+03   1.1490961e+03   2.0889731e+00   0.0000000e+00   0.0000000e+00
   4.3148936e+02   2.6500000e+02   2.2827748e+03   1.1500013e+03   2.0939973e+00   0.0000000e+00   0.0000000e+00
   4.3528025e+02   2.6500000e+02   2.2804711e+03   1.1509024e+03   2.0990029e+00   0.0000000e+00   0.0000000e+00
   4.3907114e+02   2.6500000e+02   2.2781702e+03   1.1517995e+03   2.1039896e+00   0.0000000e+00   0.0000000e+00
   4.4286203e+02   2.6500000e+02   2.2758722e+03   1.1526926e+03   2.1089576e+00   0.0000000e+00   0.0000000e+00
   4.4665291e+02   2.6500000e+02   2.2735770e+03   1.1535818e+03   2.1139062e+00   0.0000000e+00   0.0000000e+00
   4.5044380e+02   2.6500000e+02   2.2712847e+03   1.1544671e+03   2.1188346e+00   0.0000000e+00   0.0000000e+00
   4.5423469e+02   2.6500000e+02   2.2689952e+03   1.1553485e+03   2.1237419e+00   0.0000000e+00   0.0000000e+00
   4.5802558e+02   2.6500000e+02   2.2667085e+03   1.1562261e+03   2.1286278e+00   0.0000000e+00   0.0000000e+00
   4.6181647e+02   2.6500000e+02   2.2644246e+03   1.1570999e+03   2.1334921e+00   0.0000000e+00   0.0000000e+00
   4.6560736e+02   2.6500000e+02   2.2621434e+03   1.1579701e+03   2.1383349e+00   0.0000000e+00   0.0000000e+00
   4.6939824e+02   2.6500000e+02   2.2598651e+03   1.1588365e+03   2.1431568e+00   0.0000000e+00   0.0000000e+00
   4.7318913e+02   2.6500000e+02   2.2575896e+03   1.1596992e+03   2.1479586e+00   0.0000000e+00   0.0000000e+00
   4.7698002e+02   2.6511204e+02   2.2554841e+03   1.2527971e+03   4.2212313e+00   2.2066047e+00   1.2398759e+02
   4.8077091e+02   2.6535618e+02   2.2533802e+03   1.2533046e+03   4.2203766e+00   2.2061579e+00   1.2398759e+02
   4.8456180e+02   2.6559114e+02   2.2512778e+03   1.2538090e+03   4.2195276e+00   2.2057142e+00   1.2398759e+02
   4.8835268e+02   2.6582546e+02   2.2491770e+03   1.2543097e+03   4.2186853e+00   2.2052738e+00   1.2398759e+02
   4.9214357e+02   2.6605979e+02   2.2470776e+03   1.2548068e+03   4.2178496e+00   2.2048370e+00   1.2398759e+02
   4.9593446e+02   2.6629412e+02   2.2449799e+03   1.2553002e+03   4.2170206e+00   2.2044036e+00   1.2398759e+02
   4.9972535e+02   2.6652844e+02   2.2428836e+03   1.2557900e+03   4.2161982e+00   2.2039737e+00   1.2398759e+02
   5.0351624e+02   2.6676277e+02   2.2407888e+03   1.2562761e+03   4.2153824e+00   2.2035473e+00   1.2398759e+02
   5.0730713e+02   2.6699468e+02   2.2386956e+03   1.2567586e+03   4.2145730e+00   2.2031242e+00   1.2398759e+02
   5.1109801e+02   2.6721963e+02   2.2366038e+03   1.2572380e+03   4.2137694e+00   2.2027041e+00   1.2398759e+02
   5.1488890e+02   2.6744458e+02   2.2345136e+03   1.2577137e+03   4.2129725e+00   2.2022875e+00   1.2398759e+02
   5.1867979e+02   2.6766954e+02   2.2324249e+03   1.2581858e+03   4.2121820e+00   2.2018743e+00   1.2398759e+02
   5.2247068e+02   2.6789449e+02   2.2303376e+03   1.2586542e+03   4.2113981e+00   2.2014645e+00   1.2398759e+02
   5.2626157e+02   2.6811944e+02   2.2282518e+03   1.2591190e+03   4.2106207e+00   2.2010582e+00   1.2398759e+02
   5.3005245e+02   2.6834440e+02   2.2261676e+03   1.2595802e+03   4.2098498e+00   2.2006552e+00   1.2398759e+02
   5.3384334e+02   2.6856416e+02   2.2240848e+03   1.2600381e+03   4.2090849e+00   2.2002553e+00   1.2398759e+02
   5.3763423e+02   2.6878016e+02   2.2220035e+03   1.2604926e+03   4.2083260e+00   2.1998586e+00   1.2398759e+02
   5.4142512e+02   2.6899616e+02   2.2199236e+03   1.2609435e+03   4.2075735e+00   2.1994652e+00   1.2398759e+02
   5.4521601e+02   2.6921216e+02   2.2178452e+03   1.2613908e+03   4.2068274e+00   2.1990752e+00   1.2398759e+02
   5.4900690e+02   2.6942816e+02   2.2157683e+03   1.2618345e+03   4.2060877e+00   2.1986886e+00   1.2398759e+02
   5.5279778e+02   2.6964416e+02   2.2136929e+03   1.2622746e+03   4.2053543e+00   2.1983052e+00   1.2398759e+02
   5.5658867e+02   2.6986016e+02   2.2116189e+03   1.2627112e+03   4.2046273e+00   2.1979252e+00   1.2398759e+02
   5.6037956e+02   2.7006845e+02   2.2095464e+03   1.2631447e+03   4.2039058e+00   2.1975480e+00   1.2398759e+02
   5.6417045e+02   2.7027590e+02   2.2074753e+03   1.2635746e+03   4.2031905e+00   2.1971741e+00   1.2398759e+02
   5.6796134e+02   2.7048335e+02   2.2054056e+03   1.2640011e+03   4.2024814e+00   2.1968034e+00   1.2398759e+02
   5.7175222e+02   2.7069080e+02   2.2033374e+03   1.2644240e+03   4.2017786e+00   2.1964360e+00   1.2398759e+02
   5.7554311e+02   2.7089825e+02   2.2012707e+03   1.2648433e+03   4.2010819e+00   2.1960719e+00   1.2398759e+02
   5.7933400e+02   2.7110570e+02   2.1992053e+03   1.2652592e+03   4.2003915e+00   2.1957109e+00   1.2398759e+02
   5.8312489e+02   2.7131133e+02   2.1971414e+03   1.2656717e+03   4.1997070e+00   2.1953531e+00   1.2398759e+02
   5.8691578e+02   2.7151061e+02   2.1950790e+03   1.2660811e+03   4.1990279e+00   2.1949982e+00   1.2398759e+02
   5.9070667e+02   2.7170989e+02   2.1930179e+03   1.2664870e+03   4.1983550e+00   2.1946464e+00   1.2398759e+02
   5.9449755e+02   2.7190918e+02   2.1909583e+03   1.2668894e+03   4.1976881e+00   2.1942978e+00   1.2398759e+02
   5.9828844e+02   2.7210846e+02   2.1889001e+03   1.2672884e+03   4.1970272e+00   2.1939523e+00   1.2398759e+02
   6.0207933e+02   2.7230774e+02   2.1868433e+03   1.2676840e+03   4.1963724e+00   2.1936100e+00   1.2398759e+02
   6.0587022e+02   2.7250703e+02   2.1847879e+03   1.2680761e+03   4.1957235e+00   2.1932708e+00   1.2398759e+02
   6.0966111e+02   2.7270206e+02   2.1827339e+03   1.2684651e+03   4.1950801e+00   2.1929345e+00   1.2398759e+02
   6.1345199e+02   2.7289355e+02   2.1806813e+03   1.2688509e+03   4.1944422e+00   2.1926010e+00   1.2398759e+02
   6.1724288e+02   2.7308504e+02   2.1786302e+03   1.2692334e+03   4.1938103e+00   2.1922707e+00   1.2398759e+02
   6.2103377e+02   2.7327653e+02   2.1765804e+03   1.2696125e+03   4.1931841e+00   2.1919434e+00   1.2398759e+02
   6.2482466e+02   2.7346802e+02   2.1745320e+03   1.2699882e+03   4.1925638e+00   2.1916191e+00   1.2398759e+02
   6.2861555e+02   2.7365951e+02   2.1724850e+03   1.2703605e+03   4.1919493e+00   2.1912979e+00   1.2398759e+02
   6.3240644e+02   2.7385100e+02   2.1704394e+03   1.2707296e+03   4.1913405e+00   2.1909797e+00   1.2398759e+02
   6.3619732e+02   2.7407631e+02   2.1683952e+03   1.2710932e+03   4.1907410e+00   2.1906663e+00   1.2398759e+02
   6.3998821e+02   2.7430683e+02   2.1663524e+03   1.2714532e+03   4.1901478e+00   2.1903561e+00   1.2398759e+02
   6.4377910e+02   2.7453735e+02   2.1643109e+03   1.2718098e+03   4.1895602e+00   2.1900490e+00   1.2398759e+02
   6.4756999e+02   2.7476787e+02   2.1622708e+03   1.2721633e+03   4.1889782e+00   2.1897447e+00   1.2398759e+02
   6.5136088e+02   2.7499839e+02   2.1603267e+03   1.3344015e+03   4.5921787e+00   2.3707588e+00   1.3678298e+02
   6.5515176e+02   2.7522890e+02   2.1583831e+03   1.3344362e+03   4.5921190e+00   2.3707279e+00   1.3615454e+02
   6.5894265e+02   2.7547186e+02   2.1564403e+03   1.3344701e+03   4.5920607e+00   2.3706978e+00   1.3549646e+02
   6.6273354e+02   2.7576832e+02   2.1544981e+03   1.3345006e+03   4.5920082e+00   2.3706707e+00   1.3469929e+02
   6.6652443e+02   2.7606478e+02   2.1525565e+03   1.3345312e+03   4.5919557e+00   2.3706436e+00   1.3390851e+02
   6.7031532e+02   2.7636125e+02   2.1506157e+03   1.3345617e+03   4.5919032e+00   2.3706165e+00   1.3312406e+02
   6.7410621e+02   2.7665771e+02   2.1486755e+03   1.3345922e+03   4.5918507e+00   2.3705894e+00   1.3234586e+02
   6.7789709e+02   2.7695417e+02   2.1467359e+03   1.3346227e+03   4.5917983e+00   2.3705624e+00   1.3157387e+02
   6.8168798e+02   2.7725064e+02   2.1447970e+03   1.3346531e+03   4.5917459e+00   2.3705353e+00   1.3080802e+02
   6.8547887e+02   2.7754120e+02   2.1428588e+03   1.3346840e+03   4.5916928e+00   2.3705079e+00   1.3006331e+02
   6.8926976e+02   2.7782610e+02   2.1409213e+03   1.3347151e+03   4.5916392e+00   2.3704802e+00   1.2933874e+02
   6.9306065e+02   2.7811099e+02   2.1389845e+03   1.3347463e+03   4.5915856e+00   2.3704526e+00   1.2861968e+02
   6.9685154e+02   2.7839589e+02   2.1370484e+03   1.3347775e+03   4.5915320e+00   2.3704249e+00   1.2790607e+02
   7.0064242e+02   2.7868079e+02   2.1351129e+03   1.3348086e+03   4.5914784e+00   2.3703972e+00   1.2719787e+02
   7.0443331e+02   2.7896568e+02   2.1331782e+03   1.3348397e+03   4.5914249e+00   2.3703696e+00   1.2649503e+02
   7.0822420e+02   2.7925058e+02   2.1312441e+03   1.3348709e+03   4.5913713e+00   2.3703420e+00   1.2579749e+02
   7.1201509e+02   2.7952657e+02   2.1293108e+03   1.3349025e+03   4.5913169e+00   2.3703138e+00   1.2512677e+02
   7.1580598e+02   2.7980076e+02   2.1273781e+03   1.3349343e+03   4.5912622e+00   2.3702856e+00   1.2446526e+02
   7.1959686e+02   2.8007496e+02   2.1254462e+03   1.3349661e+03   4.5912076e+00   2.3702574e+00   1.2380853e+02
   7.2338775e+02   2.8034915e+02   2.1235150e+03   1.3349978e+03   4.5911530e+00   2.3702292e+00   1.2315654e+02
   7.2717864e+02   2.8062335e+02   2.1215845e+03   1.3350296e+03   4.5910984e+00   2.3702010e+00   1.2250925e+02
   7.3096953e+02   2.8089754e+02   2.1196547e+03   1.3350613e+03   4.5910438e+00   2.3701729e+00   1.2186661e+02
   7.3476042e+02   2.8117021e+02   2.1177256e+03   1.3350931e+03   4.5909891e+00   2.3701446e+00   1.2123212e+02
   7.3855131e+02   2.8143451e+02   2.1157973e+03   1.3351255e+03   4.5909335e+00   2.3701159e+00   1.2062144e+02
   7.4234219e+02   2.8169880e+02   2.1138697e+03   1.3351578e+03   4.5908780e+00   2.3700872e+00   1.2001498e+02
   7.4613308e+02   2.8196309e+02   2.1119429e+03   1.3351901e+03   4.5908224e+00   2.3700586e+00   1.1941269e+02
   7.4992397e+02   2.8222738e+02   2.1100167e+03   1.3352224e+03   4.5907669e+00   2.3700299e+00   1.1881455e+02
   7.5371486e+02   2.8249168e+02   2.1080914e+03   1.3352547e+03   4.5907114e+00   2.3700012e+00   1.1822051e+02
   7.5750575e+02   2.8275597e+02   2.1061667e+03   1.3352870e+03   4.5906559e+00   2.3699726e+00   1.1763055e+02
   7.6129663e+02   2.8301590e+02   2.1042429e+03   1.3353195e+03   4.5905999e+00   2.3699437e+00   1.1705424e+02
   7.6508752e+02   2.8327104e+02   2.1023198e+03   1.3353524e+03   4.5905435e+00   2.3699146e+00   1.1649235e+02
   7.6887841e+02   2.8352617e+02   2.1003974e+03   1.3353852e+03   4.5904871e+00   2.3698854e+00   1.1593417e+02
   7.7266930e+02   2.8378131e+02   2.0984758e+03   1.3354180e+03   4.5904307e+00   2.3698563e+00   1.1537965e+02
   7.7646019e+02   2.8403644e+02   2.0965550e+03   1.3354508e+03   4.5903743e+00   2.3698272e+00   1.1482877e+02
   7.8025108e+02   2.8429158e+02   2.0946349e+03   1.3354836e+03   4.5903179e+00   2.3697981e+00   1.1428151e+02
   7.8404196e+02   2.8454671e+02   2.0927156e+03   1.3355164e+03   4.5902616e+00   2.3697690e+00   1.1373783e+02
   7.8783285e+02   2.8479510e+02   2.0907971e+03   1.3355496e+03   4.5902045e+00   2.3697396e+00   1.1321195e+02
   7.9162374e+02   2.8504176e+02   2.0888794e+03   1.3355829e+03   4.5901473e+00   2.3697101e+00   1.1269300e+02
   7.9541463e+02   2.8528843e+02   2.0869624e+03   1.3356162e+03   4.5900901e+00   2.3696805e+00   1.1217733e+02
   7.9920552e+02   2.8553510e+02   2.0850463e+03   1.3356494e+03   4.5900330e+00   2.3696510e+00   1.1166490e+02
   8.0299640e+02   2.8578177e+02   2.0831309e+03   3.5278977e+03   4.5768107e+00   2.6034716e+00   2.5109149e+13
   9.3116159e+02   3.3045964e+02   2.0586235e+03   3.5278977e+03   4.5730920e+00   2.5989499e+00   4.7801676e+11
   1.0560532e+03   3.7460877e+02   2.0341161e+03   3.5281191e+03   7.9950022e+00   4.5394943e+00   2.3981623e+10
   1.1776357e+03   4.1822918e+02   2.0096087e+03   3.5280589e+03   7.9860714e+00   4.5303022e+00   2.3067059e+09
   1.2958537e+03   4.6132085e+02   1.9851012e+03   3.5277833e+03   7.9763502e+00   4.5207255e+00   3.5086008e+08
   1.4106530e+03   5.0388378e+02   1.9605938e+03   3.5273336e+03   7.9660123e+00   4.5108734e+00   7.4592879e+07
   1.5219794e+03   5.4591799e+02   1.9360864e+03   3.5267402e+03   7.9551542e+00   4.5008075e+00   2.0405268e+07
   1.6297778e+03   5.8742346e+02   1.9115790e+03   3.5260190e+03   7.9438936e+00   4.4905965e+00   6.7806401e+06
   1.7339916e+03   6.2840020e+02   1.8870715e+03   3.5251900e+03   7.9322550e+00   4.4802633e+00   2.6263719e+06
   1.8345629e+03   6.6884821e+02   1.8625641e+03   3.5242582e+03   7.9202925e+00   4.4698441e+00   1.1502924e+06
   1.9314310e+03   7.0876749e+02   1.8380567e+03   3.5232303e+03   7.9080506e+00   4.4593638e+00   5.5680639e+05
   2.0245331e+03   7.4815804e+02   1.8135493e+03   3.5221152e+03   7.8955316e+00   4.4488323e+00   2.9270889e+05
   2.1138035e+03   7.8701985e+02   1.7890419e+03   3.5209131e+03   7.8827587e+00   4.4382645e+00   1.6484333e+05
   2.1991733e+03   8.2535293e+02   1.7645344e+03   3.5196246e+03   7.8697464e+00   4.4276721e+00   9.8382232e+04
   2.2805705e+03   8.6315728e+02   1.7400270e+03   3.5182539e+03   7.8564974e+00   4.4170622e+00   6.1689076e+04
   2.3579192e+03   9.0043289e+02   1.7155196e+03   3.5167990e+03   7.8430110e+00   4.4064378e+00   4.0354584e+04
   2.4311397e+03   9.3717978e+02   1.6910122e+03   3.5152605e+03   7.8292909e+00   4.3958047e+00   2.7382100e+04
   2.5001480e+03   9.7339793e+02   1.6665047e+03   3.5136361e+03   7.8153233e+00   4.3851617e+00   1.9180361e+04
   2.5648553e+03   1.0090874e+03   1.6419973e+03   3.5119241e+03   7.8011118e+00   4.3745132e+00   1.3814367e+04
   2.6251682e+03   1.0442480e+03   1.6174899e+03   3.5101218e+03   7.7866476e+00   4.3638596e+00   1.0196017e+04
   2.6809874e+03   1.0788800e+03   1.5929825e+03   3.5082295e+03   7.7719204e+00   4.3532009e+00   7.6898400e+03
   2.7322085e+03   1.1129832e+03   1.5684751e+03   3.5062419e+03   7.7569211e+00   4.3425360e+00   5.9119769e+03
   2.7787202e+03   1.1465577e+03   1.5439676e+03   3.5041559e+03   7.7416356e+00   4.3318623e+00   4.6234467e+03
   2.8204049e+03   1.1796035e+03   1.5194602e+03   3.5019692e+03   7.7260444e+00   4.3211762e+00   3.6713658e+03
   2.8571375e+03   1.2121205e+03   1.4949528e+03   3.4996758e+03   7.7101303e+00   4.3104751e+00   2.9554964e+03
   2.8887852e+03   1.2441088e+03   1.4704454e+03   3.4972710e+03   7.6938782e+00   4.2997564e+00   2.4086367e+03
   2.9152066e+03   1.2755684e+03   1.4459379e+03   3.4947514e+03   7.6772688e+00   4.2890148e+00   1.9848082e+03
   2.9362509e+03   1.3064992e+03   1.4214305e+03   3.4921108e+03   7.6602916e+00   4.2782495e+00   1.6519639e+03
   2.9517576e+03   1.3369013e+03   1.3969231e+03   3.4893455e+03   7.6428949e+00   4.2674487e+00   1.3873836e+03
   2.9615551e+03   1.3667746e+03   1.3724157e+03   3.4864456e+03   7.6250570e+00   4.2566046e+00   1.1747054e+03
   2.9654600e+03   1.3961193e+03   1.3479082e+03   3.4834026e+03   7.6067612e+00   4.2457161e+00   1.0019748e+03
   2.9632762e+03   1.4249352e+03   1.3234008e+03   3.4802142e+03   7.5879803e+00   4.2347757e+00   8.6034045e+02
   2.9547934e+03   1.4532224e+03   1.2988934e+03   3.4768712e+03   7.5686378e+00   4.2237624e+00   7.4316673e+02
   2.9397859e+03   1.4809808e+03   1.2743860e+03   3.4733572e+03   7.5487444e+00   4.2126814e+00   6.4542187e+02
   2.9180115e+03   1.5082105e+03   1.2498786e+03   3.4696722e+03   7.5282133e+00   4.2015108e+00   5.6324924e+02
   2.8892094e+03   1.5349115e+03   1.2253711e+03   3.4657971e+03   7.5070149e+00   4.1902410e+00   4.9366327e+02
   2.8530987e+03   1.5610837e+03   1.2008637e+03   3.4617239e+03   7.4117806e+00   4.1312639e+00   4.3433117e+02
   2.8093766e+03   1.5867272e+03   1.1763563e+03   3.4273721e+03   7.2603804e+00   4.0357281e+00   3.8341431e+02
   2.7581649e+03   1.6118420e+03   1.1518489e+03   3.3695141e+03   7.2387906e+00   4.0245867e+00   3.3951108e+02
   2.6997115e+03   1.6364280e+03   1.1273414e+03   3.3647534e+03   7.2164342e+00   4.0132970e+00   3.0150029e+02
   2.6329400e+03   1.6604854e+03   1.1028340e+03   3.3597542e+03   7.1931445e+00   4.0018100e+00   2.6832784e+02
   2.5574505e+03   1.6840139e+03   1.0783266e+03   3.3544724e+03   7.1688482e+00   3.9901045e+00   2.3922543e+02
   2.4728087e+03   1.7070138e+03   1.0538192e+03   3.3488880e+03   7.1434490e+00   3.9781517e+00   2.1356614e+02
   2.3785413e+03   1.7294849e+03   1.0293118e+03   3.3429753e+03   7.1168280e+00   3.9659209e+00   1.9083548e+02
   2.2741323e+03   1.7514273e+03   1.0048043e+03   3.3367071e+03   7.0888963e+00   3.9533852e+00   1.7060904e+02
   2.1590174e+03   1.7728409e+03   9.8029691e+02   3.3300580e+03   7.0594827e+00   3.9404979e+00   1.5253511e+02
   2.0325785e+03   1.7937259e+03   9.5578949e+02   3.3229881e+03   7.0284306e+00   3.9272146e+00   1.3632100e+02
   1.8941374e+03   1.8140820e+03   9.3128206e+02   3.3154581e+03   6.9842897e+00   3.9087305e+00   1.2172235e+02
   1.7429485e+03   1.8339095e+03   9.0677464e+02   3.3051782e+03   6.9245346e+00   3.8842268e+00   1.0853458e+02
   1.5783016e+03   1.8532082e+03   8.8226722e+02   3.2916822e+03   6.8864822e+00   3.8694457e+00   9.6590209e+01
   1.3994577e+03   1.8719782e+03   8.5775979e+02   3.2823909e+03   6.8457911e+00   3.8540296e+00   8.5749388e+01
   1.2051836e+03   1.8902195e+03   8.3325237e+02   3.2724170e+03   6.7683531e+00   3.8100615e+00   7.5881778e+01
   9.9436858e+02   1.9079320e+03   8.0874495e+02   3.2463532e+03   6.7090444e+00   3.7888434e+00   6.6886110e+01
   7.6685146e+02   1.9251158e+03   7.8423753e+02   3.2329593e+03   6.6562790e+00   3.7707844e+00   5.8702352e+01
   5.2043776e+02   1.9417709e+03   7.5973010e+02   3.2203200e+03   6.5983497e+00   3.7515667e+00   5.1235022e+01
   2.5348199e+02   1.9578972e+03   7.3522268e+02   3.2065075e+03   6.5341281e+00   3.7309783e+00   4.4422945e+01
  -3.5720755e+01   1.9734948e+03   7.1071526e+02   3.1913147e+03   6.5217892e+00   3.7209061e+00   3.8218537e+01
  -3.4907956e+02   1.9885637e+03   6.8620784e+02   3.1836424e+03   6.5427060e+00   3.7234397e+00   3.2583139e+01
  -6.8971468e+02   2.0031038e+03   6.6170041e+02   3.1847847e+03   6.2997274e+00   3.6601230e+00   2.7474280e+01
  -1.0614788e+03   2.0171152e+03   6.3719299e+02   3.1365533e+03   6.2102250e+00   3.6337390e+00   2.2857762e+01
  -1.4615456e+03   2.0305979e+03   6.1268557e+02   3.1154991e+03   6.1155216e+00   3.6060666e+00   1.8769461e+01
  -1.8964744e+03   2.0435518e+03   5.8817814e+02   3.0931306e+03   6.0142881e+00   3.5767518e+00   1.5153300e+01
  -2.3700725e+03   2.0559770e+03   5.6367072e+02   3.0691211e+03   5.9057530e+00   3.5455891e+00   1.1992673e+01
  -2.8867376e+03   2.0678735e+03   5.3916330e+02   3.0432809e+03   5.7890251e+00   3.5123413e+00   9.2713612e+00
  -3.4516066e+03   2.0792412e+03   5.1465588e+02   3.0153909e+03   5.6630634e+00   3.4767313e+00   6.9716484e+00
  -4.0707174e+03   2.0900802e+03   4.9014845e+02   2.9851953e+03   5.5266443e+00   3.4384331e+00   5.0726182e+00
  -4.7512159e+03   2.1003905e+03   4.6564103e+02   2.9523933e+03   5.3783198e+00   3.3970613e+00   3.5485825e+00
  -5.5016223e+03   2.1101720e+03   4.4113361e+02   2.9166289e+03   5.2163633e+00   3.3521562e+00   2.3678467e+00
  -6.3321772e+03   2.1194249e+03   4.1662619e+02   2.8774776e+03   5.0386995e+00   3.3031651e+00   1.4921057e+00
  -7.2552996e+03   2.1281489e+03   3.9211876e+02   2.8344293e+03   4.8428118e+00   3.2494180e+00   8.7679856e-01
  -8.2861976e+03   2.1363443e+03   3.6761134e+02   2.7868654e+03   4.6256183e+00   3.1900942e+00   4.7271174e-01
  -9.4436972e+03   2.1440109e+03   3.4310392e+02   2.7340283e+03   4.3833040e+00   3.1241781e+00   2.2892612e-01
  -1.0751385e+04   2.1511488e+03   3.1859650e+02   2.6749801e+03   4.1110891e+00   3.0503969e+00   9.6835982e-02
  -1.2239213e+04   2.1577579e+03   2.9408907e+02   2.6085458e+03   3.8029041e+00   2.9671345e+00   3.4455795e-02
  -1.3945793e+04   2.1638384e+03   2.6958165e+02   2.5332335e+03   3.4509242e+00   2.8723074e+00   9.7935623e-03
  -1.5921768e+04   2.1693900e+03   2.4507423e+02   2.4471196e+03   3.0448871e+00   2.7631832e+00   2.0684237e-03
  -1.8234865e+04   2.1744130e+03   2.2056680e+02   2.3476813e+03   2.5710677e+00   2.6361075e+00   2.9255504e-04
  -2.0977728e+04   2.1789072e+03   1.9605938e+02   2.2315448e+03   2.0106925e+00   2.4860815e+00   2.3763307e-05
  -2.4280419e+04   2.1828727e+03   1.7155196e+02   2.0940949e+03   1.3374046e+00   2.3060873e+00   8.7650152e-07
  -2.8331145e+04   2.1863095e+03   1.4704454e+02   1.9288527e+03   5.1306480e-01   2.0859699e+00   1.0108459e-08
  -3.3411963e+04   2.1892175e+03   1.2253711e+02   1.7264425e+03  -5.1948502e-01   1.8105102e+00   1.9588663e-11
  -3.9962608e+04   2.1915968e+03   9.8029691e+01   1.4728134e+03  -1.8493557e+00   1.4559813e+00   2.1420483e-15
  -4.8695954e+04   2.1934474e+03   7.3522268e+01   1.1460600e+03  -3.6210084e+00   9.8391841e-01   1.7227148e-21
  -6.0778533e+04   2.1947692e+03   4.9014845e+01   7.1067007e+02  -6.0708367e+00   3.3137879e-01   1.8624412e-31
  -7.7637058e+04   2.1955623e+03   2.4507423e+01   1.0853242e+02  -9.4879589e+00  -5.7861916e-01   2.4378868e-48
  -8.7935578e+04             NaN   0.0000000e+00  -7.3142524e+02             NaN             NaN             NaN
  -8.7935578e+04             NaN   0.0000000e+00   8.0000000e+03             NaN             NaN   1.0000000e+04
             NaN             NaN   0.0000000e+00             NaN             NaN             NaN   1.0000000e+04
             NaN             NaN   0.0000000e+00             NaN             NaN             NaN   1.0000000e+04
             NaN             NaN   0.0000000e+00             NaN             NaN             NaN   1.0000000e+04
             NaN             NaN   0.0000000e+00             NaN             NaN             NaN   1.0000000e+04
             NaN             NaN   0.0000000e+00             NaN             NaN             NaN   1.0000000e+04
             NaN             NaN   0.0000000e+00             NaN             NaN             NaN   1.0000000e+04
             NaN             NaN   0.0000000e+00             NaN             NaN             NaN   1.0000000e+04
             NaN             NaN   0.0000000e+00             NaN             NaN             NaN   1.0000000e+04
             NaN             NaN   0.0000000e+00             NaN             NaN             NaN   1.0000000e+04
