P (MPa)		T (K)		r (km)		rho (kg m-3)	VP (km s-1)	VS (km s-1)	QS/gamma	
0.00000e+00	9.40000e+01	2.57500e+03	9.32589e+02	3.87821e+00	1.96165e+00	1.72556e+05
1.83114e+00	1.10472e+02	2.57362e+03	9.32589e+02	3.88057e+00	1.96313e+00	2.62128e+04
3.66228e+00	1.29831e+02	2.57218e+03	9.32761e+02	3.88352e+00	1.96491e+00	5.27388e+03
5.49342e+00	1.52583e+02	2.57073e+03	9.32931e+02	3.88738e+00	1.96714e+00	1.34767e+03
7.32456e+00	1.79321e+02	2.56928e+03	9.33101e+02	3.89268e+00	1.97011e+00	4.22074e+02
9.15570e+00	2.10745e+02	2.56783e+03	9.33270e+02	3.90016e+00	1.97418e+00	1.57172e+02
1.09868e+01	2.47675e+02	2.56638e+03	9.33438e+02	3.91053e+00	1.97972e+00	6.78156e+01
1.28180e+01	2.47705e+02	2.56494e+03	9.33606e+02	3.91166e+00	1.98057e+00	6.77758e+01
1.46491e+01	2.47736e+02	2.56349e+03	9.33772e+02	3.91278e+00	1.98143e+00	6.77356e+01
1.64803e+01	2.47767e+02	2.56204e+03	9.33938e+02	3.91389e+00	1.98228e+00	6.76951e+01
1.83114e+01	2.47798e+02	2.56060e+03	9.34103e+02	3.91501e+00	1.98312e+00	6.76542e+01
2.01425e+01	2.47830e+02	2.55916e+03	9.34266e+02	3.91612e+00	1.98397e+00	6.76129e+01
2.19737e+01	2.47861e+02	2.55771e+03	9.34429e+02	3.91722e+00	1.98481e+00	6.75713e+01
2.38048e+01	2.47894e+02	2.55627e+03	9.34590e+02	3.91832e+00	1.98565e+00	6.75293e+01
2.56360e+01	2.47926e+02	2.55483e+03	9.34750e+02	3.91942e+00	1.98649e+00	6.74869e+01
2.74671e+01	2.47959e+02	2.55339e+03	9.34909e+02	3.92051e+00	1.98733e+00	6.74441e+01
2.92983e+01	2.47992e+02	2.55195e+03	9.35066e+02	3.92160e+00	1.98816e+00	6.74009e+01
3.11294e+01	2.48025e+02	2.55051e+03	9.35223e+02	3.92268e+00	1.98899e+00	6.73574e+01
3.29605e+01	2.48059e+02	2.54907e+03	9.35378e+02	3.92376e+00	1.98982e+00	6.73134e+01
3.47917e+01	2.48093e+02	2.54763e+03	9.35531e+02	3.92484e+00	1.99065e+00	6.72691e+01
3.66228e+01	2.48128e+02	2.54619e+03	9.35683e+02	3.92592e+00	1.99147e+00	6.72244e+01
3.84540e+01	2.48163e+02	2.54476e+03	9.35833e+02	3.92699e+00	1.99229e+00	6.71792e+01
4.02851e+01	2.48198e+02	2.54332e+03	9.35982e+02	3.92805e+00	1.99311e+00	6.71337e+01
4.21162e+01	2.48233e+02	2.54188e+03	9.36129e+02	3.92912e+00	1.99393e+00	6.70878e+01
4.39474e+01	2.48269e+02	2.54045e+03	9.36275e+02	3.93018e+00	1.99475e+00	6.70414e+01
4.57785e+01	2.48305e+02	2.53901e+03	9.36418e+02	3.93123e+00	1.99556e+00	6.69946e+01
4.76097e+01	2.48342e+02	2.53758e+03	9.36560e+02	3.93229e+00	1.99638e+00	6.69474e+01
4.94408e+01	2.48379e+02	2.53615e+03	9.36700e+02	3.93334e+00	1.99719e+00	6.68998e+01
5.12719e+01	2.48416e+02	2.53471e+03	9.36838e+02	3.93438e+00	1.99800e+00	6.68518e+01
5.31031e+01	2.48454e+02	2.53328e+03	9.36974e+02	3.93543e+00	1.99880e+00	6.68033e+01
5.49342e+01	2.48492e+02	2.53185e+03	9.37108e+02	3.93647e+00	1.99961e+00	6.67544e+01
5.67654e+01	2.48530e+02	2.53042e+03	9.37240e+02	3.93750e+00	2.00041e+00	6.67051e+01
5.85965e+01	2.48569e+02	2.52899e+03	9.37369e+02	3.93854e+00	2.00121e+00	6.66554e+01
6.04276e+01	2.48608e+02	2.52756e+03	9.37497e+02	3.93957e+00	2.00201e+00	6.66052e+01
6.22588e+01	2.48648e+02	2.52613e+03	9.37621e+02	3.94060e+00	2.00281e+00	6.65545e+01
6.40899e+01	2.48688e+02	2.52470e+03	9.37744e+02	3.94162e+00	2.00361e+00	6.65034e+01
6.59211e+01	2.48728e+02	2.52328e+03	9.37864e+02	3.94264e+00	2.00440e+00	6.64519e+01
6.77522e+01	2.48769e+02	2.52185e+03	9.37981e+02	3.94366e+00	2.00519e+00	6.63999e+01
6.95833e+01	2.48810e+02	2.52042e+03	9.38096e+02	3.94468e+00	2.00598e+00	6.63474e+01
7.14145e+01	2.48852e+02	2.51900e+03	9.38208e+02	3.94569e+00	2.00677e+00	6.62945e+01
7.32456e+01	2.48894e+02	2.51757e+03	9.38318e+02	3.94670e+00	2.00756e+00	6.62411e+01
7.50768e+01	2.48936e+02	2.51615e+03	9.38424e+02	3.94771e+00	2.00835e+00	6.61873e+01
7.69079e+01	2.48979e+02	2.51473e+03	9.38528e+02	3.94872e+00	2.00913e+00	6.61330e+01
7.87390e+01	2.49022e+02	2.51330e+03	9.38628e+02	3.94972e+00	2.00991e+00	6.60782e+01
8.05702e+01	2.49066e+02	2.51188e+03	9.38726e+02	3.95072e+00	2.01070e+00	6.60229e+01
8.24013e+01	2.49110e+02	2.51046e+03	9.38820e+02	3.95172e+00	2.01148e+00	6.59671e+01
8.42325e+01	2.49155e+02	2.50904e+03	9.38911e+02	3.95272e+00	2.01225e+00	6.59109e+01
8.60636e+01	2.49200e+02	2.50762e+03	9.38999e+02	3.95371e+00	2.01303e+00	6.58541e+01
8.78948e+01	2.49245e+02	2.50620e+03	9.39083e+02	3.95470e+00	2.01381e+00	6.57969e+01
8.97259e+01	2.49291e+02	2.50478e+03	9.39164e+02	3.95569e+00	2.01458e+00	6.57392e+01
9.15570e+01	2.49337e+02	2.50336e+03	9.39241e+02	3.95668e+00	2.01535e+00	6.56809e+01
9.33882e+01	2.49384e+02	2.50194e+03	9.39314e+02	3.95766e+00	2.01612e+00	6.56222e+01
9.52193e+01	2.49432e+02	2.50052e+03	9.39384e+02	3.95864e+00	2.01689e+00	6.55630e+01
9.70505e+01	2.49479e+02	2.49910e+03	9.39450e+02	3.95962e+00	2.01766e+00	6.55032e+01
9.88816e+01	2.49528e+02	2.49769e+03	9.39511e+02	3.96060e+00	2.01843e+00	6.54430e+01
1.00713e+02	2.49576e+02	2.49627e+03	9.39569e+02	3.96157e+00	2.01919e+00	6.53822e+01
1.02544e+02	2.49625e+02	2.49486e+03	9.39623e+02	3.96255e+00	2.01996e+00	6.53209e+01
1.04375e+02	2.49675e+02	2.49344e+03	9.39672e+02	3.96352e+00	2.02072e+00	6.52590e+01
1.06206e+02	2.49725e+02	2.49203e+03	9.39717e+02	3.96449e+00	2.02148e+00	6.51966e+01
1.08037e+02	2.49776e+02	2.49061e+03	9.39757e+02	3.96545e+00	2.02224e+00	6.51337e+01
1.09868e+02	2.49827e+02	2.48920e+03	9.39793e+02	3.96642e+00	2.02300e+00	6.50703e+01
1.11700e+02	2.49879e+02	2.48779e+03	9.39824e+02	3.96738e+00	2.02376e+00	6.50063e+01
1.13531e+02	2.49931e+02	2.48637e+03	9.39851e+02	3.96834e+00	2.02452e+00	6.49418e+01
1.15362e+02	2.49984e+02	2.48496e+03	9.39872e+02	3.96930e+00	2.02527e+00	6.48767e+01
1.17193e+02	2.50037e+02	2.48355e+03	9.39888e+02	3.97026e+00	2.02603e+00	6.48111e+01
1.19024e+02	2.50091e+02	2.48214e+03	9.39900e+02	3.97121e+00	2.02678e+00	6.47449e+01
1.20855e+02	2.50145e+02	2.48073e+03	9.39906e+02	3.97216e+00	2.02753e+00	6.46781e+01
1.22686e+02	2.50200e+02	2.47932e+03	9.39907e+02	3.97312e+00	2.02828e+00	6.46108e+01
1.24518e+02	2.50255e+02	2.47791e+03	9.39902e+02	3.97407e+00	2.02903e+00	6.45429e+01
1.26349e+02	2.50311e+02	2.47650e+03	9.39892e+02	3.97501e+00	2.02978e+00	6.44744e+01
1.28180e+02	2.50368e+02	2.47509e+03	9.39877e+02	3.97596e+00	2.03053e+00	6.44054e+01
1.30011e+02	2.50425e+02	2.47368e+03	9.39855e+02	3.97690e+00	2.03128e+00	6.43358e+01
1.31842e+02	2.50483e+02	2.47228e+03	9.39828e+02	3.97785e+00	2.03202e+00	6.42655e+01
1.33673e+02	2.50541e+02	2.47087e+03	9.39795e+02	3.97879e+00	2.03277e+00	6.41947e+01
1.35504e+02	2.50600e+02	2.46946e+03	9.39756e+02	3.97973e+00	2.03351e+00	6.41234e+01
1.37336e+02	2.50659e+02	2.46805e+03	9.39710e+02	3.98066e+00	2.03425e+00	6.40514e+01
1.39167e+02	2.50719e+02	2.46665e+03	9.39659e+02	3.98160e+00	2.03499e+00	6.39788e+01
1.40998e+02	2.50780e+02	2.46524e+03	9.39601e+02	3.98253e+00	2.03573e+00	6.39056e+01
1.42829e+02	2.50841e+02	2.46384e+03	9.39537e+02	3.98347e+00	2.03647e+00	6.38318e+01
1.44660e+02	2.50903e+02	2.46243e+03	9.39466e+02	3.98440e+00	2.03721e+00	6.37574e+01
1.46491e+02	2.50965e+02	2.46103e+03	9.39389e+02	3.98533e+00	2.03795e+00	6.36823e+01
1.48322e+02	2.51028e+02	2.45962e+03	9.39305e+02	3.98626e+00	2.03868e+00	6.36067e+01
1.50154e+02	2.51092e+02	2.45822e+03	9.39215e+02	3.98718e+00	2.03942e+00	6.35304e+01
1.51985e+02	2.51156e+02	2.45682e+03	9.39118e+02	3.98811e+00	2.04015e+00	6.34535e+01
1.53816e+02	2.51221e+02	2.45541e+03	9.39014e+02	3.98903e+00	2.04089e+00	6.33759e+01
1.55647e+02	2.51287e+02	2.45401e+03	9.38903e+02	3.98995e+00	2.04162e+00	6.32977e+01
1.57478e+02	2.51353e+02	2.45261e+03	9.38785e+02	3.99087e+00	2.04235e+00	6.32189e+01
1.59309e+02	2.51420e+02	2.45121e+03	9.38660e+02	3.99179e+00	2.04308e+00	6.31394e+01
1.61140e+02	2.51487e+02	2.44981e+03	9.38529e+02	3.99271e+00	2.04381e+00	6.30593e+01
1.62972e+02	2.51556e+02	2.44840e+03	9.38390e+02	3.99363e+00	2.04454e+00	6.29786e+01
1.64803e+02	2.51625e+02	2.44700e+03	9.38245e+02	3.99454e+00	2.04527e+00	6.28971e+01
1.66634e+02	2.51694e+02	2.44560e+03	9.38093e+02	3.99546e+00	2.04599e+00	6.28150e+01
1.68465e+02	2.51765e+02	2.44420e+03	9.37933e+02	3.99637e+00	2.04672e+00	6.27323e+01
1.70296e+02	2.51836e+02	2.44280e+03	9.37767e+02	3.99728e+00	2.04745e+00	6.26489e+01
1.72127e+02	2.51907e+02	2.44140e+03	9.37595e+02	3.99819e+00	2.04817e+00	6.25648e+01
1.73958e+02	2.51980e+02	2.44000e+03	9.37415e+02	3.99910e+00	2.04889e+00	6.24800e+01
1.75790e+02	2.52053e+02	2.43860e+03	9.37229e+02	4.00000e+00	2.04962e+00	6.23945e+01
1.77621e+02	2.52127e+02	2.43720e+03	9.37036e+02	4.00091e+00	2.05034e+00	6.23084e+01
1.79452e+02	2.52201e+02	2.43580e+03	9.36837e+02	4.00181e+00	2.05106e+00	6.22215e+01
1.81283e+02	2.55000e+02	2.43440e+03	9.36632e+02	4.00348e+00	2.05217e+00	5.90867e+01
1.84880e+02	2.55035e+02	2.43202e+03	1.08182e+03	1.66401e+00	0.00000e+00	0.00000e+00
1.88477e+02	2.55072e+02	2.42965e+03	1.08311e+03	1.67134e+00	0.00000e+00	0.00000e+00
1.92074e+02	2.55109e+02	2.42728e+03	1.08440e+03	1.67864e+00	0.00000e+00	0.00000e+00
1.95672e+02	2.55148e+02	2.42491e+03	1.08567e+03	1.68591e+00	0.00000e+00	0.00000e+00
1.99269e+02	2.55188e+02	2.42255e+03	1.08693e+03	1.69315e+00	0.00000e+00	0.00000e+00
2.02866e+02	2.55229e+02	2.42019e+03	1.08818e+03	1.70035e+00	0.00000e+00	0.00000e+00
2.06463e+02	2.55271e+02	2.41783e+03	1.08941e+03	1.70751e+00	0.00000e+00	0.00000e+00
2.10060e+02	2.55314e+02	2.41548e+03	1.09064e+03	1.71463e+00	0.00000e+00	0.00000e+00
2.13657e+02	2.55359e+02	2.41313e+03	1.09186e+03	1.72171e+00	0.00000e+00	0.00000e+00
2.17254e+02	2.55404e+02	2.41078e+03	1.09307e+03	1.72875e+00	0.00000e+00	0.00000e+00
2.20852e+02	2.55450e+02	2.40844e+03	1.09427e+03	1.73576e+00	0.00000e+00	0.00000e+00
2.24449e+02	2.55498e+02	2.40610e+03	1.09546e+03	1.74272e+00	0.00000e+00	0.00000e+00
2.28046e+02	2.55546e+02	2.40376e+03	1.09664e+03	1.74964e+00	0.00000e+00	0.00000e+00
2.31643e+02	2.55595e+02	2.40143e+03	1.09781e+03	1.75653e+00	0.00000e+00	0.00000e+00
2.35240e+02	2.55646e+02	2.39910e+03	1.09897e+03	1.76338e+00	0.00000e+00	0.00000e+00
2.38837e+02	2.55697e+02	2.39678e+03	1.10012e+03	1.77019e+00	0.00000e+00	0.00000e+00
2.42434e+02	2.55749e+02	2.39446e+03	1.10126e+03	1.77696e+00	0.00000e+00	0.00000e+00
2.46032e+02	2.55802e+02	2.39214e+03	1.10240e+03	1.78370e+00	0.00000e+00	0.00000e+00
2.49629e+02	2.55856e+02	2.38982e+03	1.10352e+03	1.79039e+00	0.00000e+00	0.00000e+00
2.53226e+02	2.55910e+02	2.38751e+03	1.10464e+03	1.79703e+00	0.00000e+00	0.00000e+00
2.56823e+02	2.55966e+02	2.38520e+03	1.10575e+03	1.80364e+00	0.00000e+00	0.00000e+00
2.60420e+02	2.56022e+02	2.38290e+03	1.10685e+03	1.81020e+00	0.00000e+00	0.00000e+00
2.64017e+02	2.56079e+02	2.38060e+03	1.10795e+03	1.81672e+00	0.00000e+00	0.00000e+00
2.67615e+02	2.56137e+02	2.37830e+03	1.10903e+03	1.82320e+00	0.00000e+00	0.00000e+00
2.71212e+02	2.56195e+02	2.37600e+03	1.11011e+03	1.82963e+00	0.00000e+00	0.00000e+00
2.74809e+02	2.56254e+02	2.37371e+03	1.11118e+03	1.83603e+00	0.00000e+00	0.00000e+00
2.78406e+02	2.56314e+02	2.37142e+03	1.11225e+03	1.84239e+00	0.00000e+00	0.00000e+00
2.82003e+02	2.56375e+02	2.36913e+03	1.11330e+03	1.84872e+00	0.00000e+00	0.00000e+00
2.85600e+02	2.56436e+02	2.36685e+03	1.11435e+03	1.85500e+00	0.00000e+00	0.00000e+00
2.89197e+02	2.56498e+02	2.36457e+03	1.11539e+03	1.86126e+00	0.00000e+00	0.00000e+00
2.92795e+02	2.56561e+02	2.36229e+03	1.11643e+03	1.86747e+00	0.00000e+00	0.00000e+00
2.96392e+02	2.56624e+02	2.36002e+03	1.11746e+03	1.87365e+00	0.00000e+00	0.00000e+00
2.99989e+02	2.56688e+02	2.35775e+03	1.11848e+03	1.87979e+00	0.00000e+00	0.00000e+00
3.03586e+02	2.56753e+02	2.35548e+03	1.11949e+03	1.88589e+00	0.00000e+00	0.00000e+00
3.07183e+02	2.56818e+02	2.35322e+03	1.12050e+03	1.89196e+00	0.00000e+00	0.00000e+00
3.10780e+02	2.56884e+02	2.35096e+03	1.12150e+03	1.89799e+00	0.00000e+00	0.00000e+00
3.14377e+02	2.56950e+02	2.34870e+03	1.12250e+03	1.90399e+00	0.00000e+00	0.00000e+00
3.17975e+02	2.57017e+02	2.34644e+03	1.12349e+03	1.90995e+00	0.00000e+00	0.00000e+00
3.21572e+02	2.57085e+02	2.34419e+03	1.12447e+03	1.91589e+00	0.00000e+00	0.00000e+00
3.25169e+02	2.57153e+02	2.34194e+03	1.12545e+03	1.92180e+00	0.00000e+00	0.00000e+00
3.28766e+02	2.57221e+02	2.33969e+03	1.12642e+03	1.92767e+00	0.00000e+00	0.00000e+00
3.32363e+02	2.57291e+02	2.33745e+03	1.12738e+03	1.93352e+00	0.00000e+00	0.00000e+00
3.35960e+02	2.57360e+02	2.33521e+03	1.12834e+03	1.93933e+00	0.00000e+00	0.00000e+00
3.39557e+02	2.57431e+02	2.33297e+03	1.12930e+03	1.94510e+00	0.00000e+00	0.00000e+00
3.43155e+02	2.57502e+02	2.33073e+03	1.13024e+03	1.95084e+00	0.00000e+00	0.00000e+00
3.46752e+02	2.57573e+02	2.32850e+03	1.13119e+03	1.95655e+00	0.00000e+00	0.00000e+00
3.50349e+02	2.57645e+02	2.32627e+03	1.13212e+03	1.96222e+00	0.00000e+00	0.00000e+00
3.53946e+02	2.57717e+02	2.32404e+03	1.13306e+03	1.96785e+00	0.00000e+00	0.00000e+00
3.57543e+02	2.57790e+02	2.32182e+03	1.13398e+03	1.97345e+00	0.00000e+00	0.00000e+00
3.61140e+02	2.57864e+02	2.31960e+03	1.13490e+03	1.97902e+00	0.00000e+00	0.00000e+00
3.64738e+02	2.57938e+02	2.31738e+03	1.13582e+03	1.98454e+00	0.00000e+00	0.00000e+00
3.68335e+02	2.58013e+02	2.31516e+03	1.13673e+03	1.99004e+00	0.00000e+00	0.00000e+00
3.71932e+02	2.58088e+02	2.31295e+03	1.13764e+03	1.99549e+00	0.00000e+00	0.00000e+00
3.75529e+02	2.58103e+02	2.31091e+03	1.23789e+03	4.18234e+00	2.20853e+00	1.23988e+02
3.79126e+02	2.58377e+02	2.30888e+03	1.23847e+03	4.18346e+00	2.20862e+00	1.23988e+02
3.82723e+02	2.58641e+02	2.30685e+03	1.23903e+03	4.18458e+00	2.20870e+00	1.23988e+02
3.86320e+02	2.58904e+02	2.30482e+03	1.23960e+03	4.18571e+00	2.20879e+00	1.23988e+02
3.89918e+02	2.59166e+02	2.30280e+03	1.24016e+03	4.18684e+00	2.20888e+00	1.23988e+02
3.93515e+02	2.59429e+02	2.30077e+03	1.24072e+03	4.18797e+00	2.20897e+00	1.23988e+02
3.97112e+02	2.59691e+02	2.29875e+03	1.24127e+03	4.18911e+00	2.20907e+00	1.23988e+02
4.00709e+02	2.59953e+02	2.29672e+03	1.24183e+03	4.19025e+00	2.20917e+00	1.23988e+02
4.04306e+02	2.60216e+02	2.29470e+03	1.24238e+03	4.19140e+00	2.20927e+00	1.23988e+02
4.07903e+02	2.60470e+02	2.29268e+03	1.24292e+03	4.19255e+00	2.20937e+00	1.23988e+02
4.11500e+02	2.60721e+02	2.29066e+03	1.24347e+03	4.19370e+00	2.20948e+00	1.23988e+02
4.15098e+02	2.60973e+02	2.28865e+03	1.24401e+03	4.19486e+00	2.20959e+00	1.23988e+02
4.18695e+02	2.61225e+02	2.28663e+03	1.24454e+03	4.19602e+00	2.20970e+00	1.23988e+02
4.22292e+02	2.61476e+02	2.28462e+03	1.24508e+03	4.19719e+00	2.20982e+00	1.23988e+02
4.25889e+02	2.61728e+02	2.28260e+03	1.24561e+03	4.19836e+00	2.20993e+00	1.23988e+02
4.29486e+02	2.61980e+02	2.28059e+03	1.24613e+03	4.19953e+00	2.21005e+00	1.23988e+02
4.33083e+02	2.62224e+02	2.27858e+03	1.24666e+03	4.20071e+00	2.21018e+00	1.23988e+02
4.36681e+02	2.62465e+02	2.27657e+03	1.24718e+03	4.20189e+00	2.21030e+00	1.23988e+02
4.40278e+02	2.62706e+02	2.27457e+03	1.24770e+03	4.20308e+00	2.21043e+00	1.23988e+02
4.43875e+02	2.62948e+02	2.27256e+03	1.24821e+03	4.20427e+00	2.21056e+00	1.23988e+02
4.47472e+02	2.63189e+02	2.27056e+03	1.24872e+03	4.20546e+00	2.21070e+00	1.23988e+02
4.51069e+02	2.63431e+02	2.26856e+03	1.24923e+03	4.20666e+00	2.21083e+00	1.23988e+02
4.54666e+02	2.63672e+02	2.26656e+03	1.24974e+03	4.20787e+00	2.21097e+00	1.23988e+02
4.58263e+02	2.63907e+02	2.26456e+03	1.25024e+03	4.20907e+00	2.21111e+00	1.23988e+02
4.61861e+02	2.64138e+02	2.26256e+03	1.25074e+03	4.21028e+00	2.21126e+00	1.23988e+02
4.65458e+02	2.64370e+02	2.26056e+03	1.25123e+03	4.21150e+00	2.21140e+00	1.23988e+02
4.69055e+02	2.64602e+02	2.25856e+03	1.25172e+03	4.21272e+00	2.21155e+00	1.23988e+02
4.72652e+02	2.64833e+02	2.25657e+03	1.25221e+03	4.21394e+00	2.21171e+00	1.23988e+02
4.76249e+02	2.65065e+02	2.25458e+03	1.25270e+03	4.21517e+00	2.21186e+00	1.23988e+02
4.79846e+02	2.65297e+02	2.25259e+03	1.25318e+03	4.21640e+00	2.21202e+00	1.23988e+02
4.83443e+02	2.65522e+02	2.25060e+03	1.25366e+03	4.21763e+00	2.21218e+00	1.23988e+02
4.87041e+02	2.65744e+02	2.24861e+03	1.25414e+03	4.21887e+00	2.21235e+00	1.23988e+02
4.90638e+02	2.65967e+02	2.24662e+03	1.25461e+03	4.22012e+00	2.21251e+00	1.23988e+02
4.94235e+02	2.66189e+02	2.24464e+03	1.25508e+03	4.22136e+00	2.21268e+00	1.23988e+02
4.97832e+02	2.66411e+02	2.24265e+03	1.25555e+03	4.22262e+00	2.21285e+00	1.23988e+02
5.01429e+02	2.66634e+02	2.24067e+03	1.25601e+03	4.22387e+00	2.21303e+00	1.23988e+02
5.05026e+02	2.66856e+02	2.23869e+03	1.25647e+03	4.22513e+00	2.21320e+00	1.23988e+02
5.08623e+02	2.67073e+02	2.23671e+03	1.25693e+03	4.22640e+00	2.21338e+00	1.23988e+02
5.12221e+02	2.67286e+02	2.23473e+03	1.25738e+03	4.22766e+00	2.21357e+00	1.23988e+02
5.15818e+02	2.67500e+02	2.23275e+03	1.25783e+03	4.22894e+00	2.21375e+00	1.23988e+02
5.19415e+02	2.67713e+02	2.23077e+03	1.25828e+03	4.23021e+00	2.21394e+00	1.23988e+02
5.23012e+02	2.67927e+02	2.22880e+03	1.25872e+03	4.23149e+00	2.21413e+00	1.23988e+02
5.26609e+02	2.68140e+02	2.22683e+03	1.25916e+03	4.23278e+00	2.21432e+00	1.23988e+02
5.30206e+02	2.68354e+02	2.22485e+03	1.25960e+03	4.23407e+00	2.21452e+00	1.23988e+02
5.33804e+02	2.68562e+02	2.22288e+03	1.26003e+03	4.23536e+00	2.21472e+00	1.23988e+02
5.37401e+02	2.68767e+02	2.22091e+03	1.26046e+03	4.23666e+00	2.21492e+00	1.23988e+02
5.40998e+02	2.68972e+02	2.21895e+03	1.26089e+03	4.23796e+00	2.21512e+00	1.23988e+02
5.44595e+02	2.69177e+02	2.21698e+03	1.26132e+03	4.23926e+00	2.21533e+00	1.23988e+02
5.48192e+02	2.69382e+02	2.21501e+03	1.26174e+03	4.24057e+00	2.21554e+00	1.23988e+02
5.51789e+02	2.69587e+02	2.21305e+03	1.26216e+03	4.24188e+00	2.21575e+00	1.23988e+02
5.55386e+02	2.69792e+02	2.21109e+03	1.26257e+03	4.24320e+00	2.21596e+00	1.23988e+02
5.58984e+02	2.69992e+02	2.20913e+03	1.26299e+03	4.24452e+00	2.21618e+00	1.23988e+02
5.62581e+02	2.70189e+02	2.20716e+03	1.26339e+03	4.24585e+00	2.21640e+00	1.23988e+02
5.66178e+02	2.70386e+02	2.20521e+03	1.26380e+03	4.24718e+00	2.21662e+00	1.23988e+02
5.69775e+02	2.70583e+02	2.20325e+03	1.26420e+03	4.24851e+00	2.21684e+00	1.23988e+02
5.73372e+02	2.70779e+02	2.20129e+03	1.26460e+03	4.24984e+00	2.21707e+00	1.23988e+02
5.76969e+02	2.70976e+02	2.19934e+03	1.26500e+03	4.25119e+00	2.21730e+00	1.23988e+02
5.80566e+02	2.71173e+02	2.19738e+03	1.26539e+03	4.25253e+00	2.21753e+00	1.23988e+02
5.84164e+02	2.71366e+02	2.19543e+03	1.26578e+03	4.25388e+00	2.21777e+00	1.23988e+02
5.87761e+02	2.71555e+02	2.19348e+03	1.26617e+03	4.25523e+00	2.21800e+00	1.23988e+02
5.91358e+02	2.71744e+02	2.19153e+03	1.26656e+03	4.25659e+00	2.21824e+00	1.23988e+02
5.94955e+02	2.71933e+02	2.18958e+03	1.26694e+03	4.25795e+00	2.21849e+00	1.23988e+02
5.98552e+02	2.72122e+02	2.18763e+03	1.26732e+03	4.25931e+00	2.21873e+00	1.23988e+02
6.02149e+02	2.72311e+02	2.18569e+03	1.26769e+03	4.26068e+00	2.21898e+00	1.23988e+02
6.05747e+02	2.72501e+02	2.18374e+03	1.26806e+03	4.26205e+00	2.21923e+00	1.23988e+02
6.09344e+02	2.72686e+02	2.18180e+03	1.26843e+03	4.26343e+00	2.21948e+00	1.23988e+02
6.12941e+02	2.72868e+02	2.17986e+03	1.26880e+03	4.26481e+00	2.21973e+00	1.23988e+02
6.16538e+02	2.73049e+02	2.17792e+03	1.26916e+03	4.26619e+00	2.21999e+00	1.23988e+02
6.20135e+02	2.73231e+02	2.17598e+03	1.26952e+03	4.26758e+00	2.22025e+00	1.23988e+02
6.23732e+02	2.73413e+02	2.17404e+03	1.26988e+03	4.26897e+00	2.22051e+00	1.23988e+02
6.27329e+02	2.73595e+02	2.17210e+03	1.27023e+03	4.27036e+00	2.22078e+00	1.23988e+02
6.30927e+02	2.73776e+02	2.17017e+03	1.27059e+03	4.27176e+00	2.22104e+00	1.23988e+02
6.34524e+02	2.73975e+02	2.16823e+03	1.27093e+03	4.27316e+00	2.22131e+00	1.23988e+02
6.38121e+02	2.74193e+02	2.16630e+03	1.27128e+03	4.27457e+00	2.22159e+00	1.23988e+02
6.41718e+02	2.74412e+02	2.16437e+03	1.27162e+03	4.27599e+00	2.22186e+00	1.23988e+02
6.45315e+02	2.74631e+02	2.16244e+03	1.27195e+03	4.27740e+00	2.22214e+00	1.23988e+02
6.48912e+02	2.74849e+02	2.16060e+03	1.33438e+03	4.45831e+00	2.28166e+00	1.37191e+02
6.52509e+02	2.75068e+02	2.15876e+03	1.33441e+03	4.46071e+00	2.28340e+00	1.36592e+02
6.56107e+02	2.75287e+02	2.15692e+03	1.33444e+03	4.46310e+00	2.28514e+00	1.35997e+02
6.59704e+02	2.75531e+02	2.15508e+03	1.33448e+03	4.46549e+00	2.28689e+00	1.35336e+02
6.63301e+02	2.75813e+02	2.15324e+03	1.33451e+03	4.46789e+00	2.28863e+00	1.34581e+02
6.66898e+02	2.76094e+02	2.15140e+03	1.33453e+03	4.47028e+00	2.29037e+00	1.33831e+02
6.70495e+02	2.76375e+02	2.14957e+03	1.33456e+03	4.47267e+00	2.29211e+00	1.33087e+02
6.74092e+02	2.76657e+02	2.14773e+03	1.33459e+03	4.47506e+00	2.29385e+00	1.32349e+02
6.77689e+02	2.76938e+02	2.14590e+03	1.33462e+03	4.47745e+00	2.29559e+00	1.31616e+02
6.81287e+02	2.77219e+02	2.14406e+03	1.33465e+03	4.47984e+00	2.29732e+00	1.30889e+02
6.84884e+02	2.77496e+02	2.14223e+03	1.33468e+03	4.48223e+00	2.29905e+00	1.30178e+02
6.88481e+02	2.77767e+02	2.14040e+03	1.33471e+03	4.48462e+00	2.30079e+00	1.29489e+02
6.92078e+02	2.78037e+02	2.13856e+03	1.33474e+03	4.48700e+00	2.30252e+00	1.28806e+02
6.95675e+02	2.78307e+02	2.13673e+03	1.33477e+03	4.48938e+00	2.30425e+00	1.28127e+02
6.99272e+02	2.78578e+02	2.13490e+03	1.33480e+03	4.49176e+00	2.30598e+00	1.27453e+02
7.02870e+02	2.78848e+02	2.13307e+03	1.33483e+03	4.49414e+00	2.30770e+00	1.26784e+02
7.06467e+02	2.79118e+02	2.13124e+03	1.33486e+03	4.49652e+00	2.30943e+00	1.26120e+02
7.10064e+02	2.79385e+02	2.12941e+03	1.33489e+03	4.49890e+00	2.31115e+00	1.25469e+02
7.13661e+02	2.79646e+02	2.12758e+03	1.33492e+03	4.50127e+00	2.31287e+00	1.24839e+02
7.17258e+02	2.79906e+02	2.12575e+03	1.33495e+03	4.50364e+00	2.31459e+00	1.24213e+02
7.20855e+02	2.80166e+02	2.12393e+03	1.33498e+03	4.50602e+00	2.31631e+00	1.23592e+02
7.24452e+02	2.80426e+02	2.12210e+03	1.33501e+03	4.50839e+00	2.31803e+00	1.22974e+02
7.28050e+02	2.80686e+02	2.12027e+03	1.33504e+03	4.51075e+00	2.31975e+00	1.22361e+02
7.31647e+02	2.80947e+02	2.11845e+03	1.33507e+03	4.51312e+00	2.32146e+00	1.21752e+02
7.35244e+02	2.81204e+02	2.11662e+03	1.33510e+03	4.51549e+00	2.32318e+00	1.21154e+02
7.38841e+02	2.81455e+02	2.11480e+03	1.33513e+03	4.51785e+00	2.32489e+00	1.20575e+02
7.42438e+02	2.81705e+02	2.11297e+03	1.33516e+03	4.52021e+00	2.32660e+00	1.20000e+02
7.46035e+02	2.81956e+02	2.11115e+03	1.33519e+03	4.52258e+00	2.32831e+00	1.19428e+02
7.49632e+02	2.82207e+02	2.10933e+03	1.33522e+03	4.52494e+00	2.33002e+00	1.18860e+02
7.53230e+02	2.82458e+02	2.10751e+03	1.33525e+03	4.52729e+00	2.33173e+00	1.18296e+02
7.56827e+02	2.82709e+02	2.10569e+03	1.33528e+03	4.52965e+00	2.33343e+00	1.17736e+02
7.60424e+02	2.82957e+02	2.10387e+03	1.33531e+03	4.53201e+00	2.33514e+00	1.17184e+02
7.64021e+02	2.83199e+02	2.10205e+03	1.33534e+03	4.53436e+00	2.33684e+00	1.16650e+02
7.67618e+02	2.83441e+02	2.10023e+03	1.33537e+03	4.53671e+00	2.33854e+00	1.16119e+02
7.71215e+02	2.83683e+02	2.09841e+03	1.33541e+03	4.53907e+00	2.34024e+00	1.15592e+02
7.74813e+02	2.83926e+02	2.09659e+03	1.33544e+03	4.54142e+00	2.34194e+00	1.15068e+02
7.78410e+02	2.84168e+02	2.09478e+03	1.33547e+03	4.54376e+00	2.34364e+00	1.14547e+02
7.82007e+02	2.84410e+02	2.09296e+03	1.33550e+03	4.54611e+00	2.34533e+00	1.14029e+02
7.85604e+02	2.84650e+02	2.09114e+03	1.33553e+03	4.54846e+00	2.34703e+00	1.13519e+02
7.89201e+02	2.84884e+02	2.08933e+03	1.33556e+03	4.55080e+00	2.34872e+00	1.13024e+02
7.92798e+02	2.85118e+02	2.08752e+03	1.33559e+03	4.55314e+00	2.35041e+00	1.12533e+02
7.96395e+02	2.85352e+02	2.08570e+03	1.33562e+03	4.55548e+00	2.35210e+00	1.12044e+02
7.99993e+02	2.85586e+02	2.08389e+03	1.33566e+03	4.55782e+00	2.35379e+00	1.11559e+02
8.03590e+02	2.85820e+02	2.08208e+03	1.33569e+03	4.56016e+00	2.35548e+00	1.11076e+02
8.07187e+02	2.86054e+02	2.08027e+03	1.33572e+03	4.56250e+00	2.35717e+00	1.10597e+02
8.10784e+02	2.86287e+02	2.07846e+03	1.33575e+03	4.56484e+00	2.35885e+00	1.10122e+02
8.14381e+02	2.86514e+02	2.07665e+03	1.33578e+03	4.56717e+00	2.36053e+00	1.09663e+02
8.17978e+02	2.86740e+02	2.07484e+03	1.33582e+03	4.56950e+00	2.36222e+00	1.09207e+02
8.21575e+02	2.86967e+02	2.07303e+03	1.33585e+03	4.57183e+00	2.36390e+00	1.08753e+02
8.25173e+02	2.87194e+02	2.07122e+03	1.33588e+03	4.57416e+00	2.36558e+00	1.08302e+02
8.28770e+02	2.87420e+02	2.06942e+03	1.33591e+03	4.57649e+00	2.36726e+00	1.07853e+02
8.32367e+02	2.87647e+02	2.06761e+03	1.33594e+03	4.57882e+00	2.36893e+00	1.07407e+02
8.35964e+02	2.87873e+02	2.06581e+03	1.33597e+03	4.58115e+00	2.37061e+00	1.06965e+02
8.39561e+02	2.88092e+02	2.06400e+03	1.33601e+03	4.58347e+00	2.37228e+00	1.06537e+02
8.43158e+02	2.88312e+02	2.06220e+03	1.33604e+03	4.58579e+00	2.37396e+00	1.06112e+02
8.46755e+02	2.88532e+02	2.06039e+03	1.33607e+03	4.58812e+00	2.37563e+00	1.05689e+02
8.50353e+02	2.88752e+02	2.05859e+03	1.33610e+03	4.59044e+00	2.37730e+00	1.05268e+02
8.53950e+02	2.88972e+02	2.05679e+03	1.33614e+03	4.59275e+00	2.37897e+00	1.04850e+02
8.57547e+02	2.89191e+02	2.05499e+03	1.33617e+03	4.59507e+00	2.38064e+00	1.04434e+02
8.61144e+02	2.89411e+02	2.05319e+03	1.33620e+03	4.59739e+00	2.38230e+00	1.04021e+02
8.64741e+02	2.89624e+02	2.05139e+03	1.33623e+03	4.59970e+00	2.38397e+00	1.03621e+02
8.68338e+02	2.89838e+02	2.04959e+03	1.33627e+03	4.60202e+00	2.38563e+00	1.03223e+02
8.71936e+02	2.90051e+02	2.04780e+03	1.33630e+03	4.60433e+00	2.38730e+00	1.02828e+02
8.75533e+02	2.90265e+02	2.04600e+03	1.33633e+03	4.60664e+00	2.38896e+00	1.02434e+02
8.79130e+02	2.90478e+02	2.04420e+03	1.33636e+03	4.60895e+00	2.39062e+00	1.02043e+02
8.82727e+02	2.90692e+02	2.04241e+03	1.33640e+03	4.61126e+00	2.39228e+00	1.01654e+02
8.86324e+02	2.90905e+02	2.04061e+03	1.33643e+03	4.61357e+00	2.39393e+00	1.01267e+02
8.89921e+02	2.91112e+02	2.03882e+03	1.33646e+03	4.61587e+00	2.39559e+00	1.00892e+02
8.93518e+02	2.91320e+02	2.03703e+03	1.33650e+03	4.61817e+00	2.39725e+00	1.00519e+02
8.97116e+02	2.91528e+02	2.03524e+03	1.33653e+03	4.62048e+00	2.39890e+00	1.00148e+02
9.00713e+02	2.91735e+02	2.03344e+03	1.33656e+03	4.62278e+00	2.40055e+00	9.97791e+01
9.04310e+02	2.91943e+02	2.03165e+03	1.33659e+03	4.62508e+00	2.40220e+00	9.94119e+01
9.07907e+02	2.92151e+02	2.02986e+03	1.33663e+03	4.62738e+00	2.40385e+00	9.90465e+01
9.11504e+02	2.92358e+02	2.02808e+03	1.33666e+03	4.62968e+00	2.40550e+00	9.86833e+01
9.15101e+02	2.92561e+02	2.02629e+03	1.33669e+03	4.63197e+00	2.40715e+00	9.83309e+01
9.18698e+02	2.92763e+02	2.02450e+03	1.33673e+03	4.63427e+00	2.40880e+00	9.79802e+01
9.22296e+02	2.92966e+02	2.02271e+03	1.33676e+03	4.63656e+00	2.41044e+00	9.76313e+01
9.25893e+02	2.93168e+02	2.02093e+03	1.33679e+03	4.63885e+00	2.41209e+00	9.72841e+01
9.29490e+02	2.93370e+02	2.01914e+03	1.33683e+03	4.64114e+00	2.41373e+00	9.69386e+01
9.33087e+02	2.93573e+02	2.01736e+03	1.33686e+03	4.64343e+00	2.41537e+00	9.65948e+01
9.36684e+02	2.93775e+02	2.01558e+03	1.33689e+03	4.64572e+00	2.41701e+00	9.62527e+01
9.40281e+02	2.93973e+02	2.01379e+03	1.33693e+03	4.64801e+00	2.41865e+00	9.59204e+01
9.43879e+02	2.94170e+02	2.01201e+03	1.33696e+03	4.65030e+00	2.42029e+00	9.55897e+01
9.47476e+02	2.94368e+02	2.01023e+03	1.33699e+03	4.65258e+00	2.42192e+00	9.52606e+01
9.51073e+02	2.94565e+02	2.00845e+03	1.33703e+03	4.65486e+00	2.42356e+00	9.49331e+01
9.54670e+02	2.94763e+02	2.00667e+03	1.33706e+03	4.65714e+00	2.42519e+00	9.46072e+01
9.58267e+02	2.94960e+02	2.00490e+03	1.33709e+03	4.65943e+00	2.42683e+00	9.42828e+01
9.61864e+02	2.95158e+02	2.00312e+03	1.33713e+03	4.66171e+00	2.42846e+00	9.39599e+01
9.65461e+02	2.95351e+02	2.00134e+03	1.33716e+03	4.66398e+00	2.43009e+00	9.36455e+01
9.69059e+02	2.95544e+02	1.99957e+03	1.33719e+03	4.66626e+00	2.43172e+00	9.33329e+01
9.72656e+02	2.95737e+02	1.99779e+03	1.33723e+03	4.66854e+00	2.43335e+00	9.30217e+01
9.76253e+02	2.95930e+02	1.99602e+03	1.33726e+03	4.67081e+00	2.43497e+00	9.27120e+01
9.79850e+02	2.96123e+02	1.99425e+03	1.33730e+03	4.67308e+00	2.43660e+00	9.24036e+01
9.83447e+02	2.96316e+02	1.99248e+03	1.33733e+03	4.67535e+00	2.43823e+00	9.20968e+01
9.87044e+02	2.96509e+02	1.99070e+03	1.33736e+03	4.67763e+00	2.43985e+00	9.17913e+01
9.90641e+02	2.96699e+02	1.98893e+03	1.33740e+03	4.67989e+00	2.44147e+00	9.14931e+01
9.94239e+02	2.96888e+02	1.98716e+03	1.33743e+03	4.68216e+00	2.44309e+00	9.11967e+01
9.97836e+02	2.97077e+02	1.98540e+03	1.33746e+03	4.68443e+00	2.44471e+00	9.09017e+01
1.00143e+03	2.97266e+02	1.98363e+03	1.33750e+03	4.68669e+00	2.44633e+00	9.06081e+01
1.00503e+03	2.97455e+02	1.98186e+03	1.33753e+03	4.68896e+00	2.44795e+00	9.03157e+01
1.00863e+03	2.97644e+02	1.98010e+03	1.33757e+03	4.69122e+00	2.44956e+00	9.00247e+01
1.01222e+03	2.97833e+02	1.97833e+03	1.33760e+03	4.69348e+00	2.45118e+00	8.97349e+01
1.01582e+03	2.98018e+02	1.97657e+03	1.33763e+03	4.69574e+00	2.45279e+00	8.94514e+01
1.01942e+03	2.98204e+02	1.97480e+03	1.33767e+03	4.69800e+00	2.45441e+00	8.91698e+01
1.02302e+03	2.98389e+02	1.97304e+03	1.33770e+03	4.70026e+00	2.45602e+00	8.88894e+01
1.02661e+03	2.98574e+02	1.97128e+03	1.33774e+03	4.70252e+00	2.45763e+00	8.86103e+01
1.03021e+03	2.98760e+02	1.96952e+03	1.33777e+03	4.70477e+00	2.45924e+00	8.83324e+01
1.03381e+03	2.98945e+02	1.96776e+03	1.33780e+03	4.70703e+00	2.46085e+00	8.80557e+01
1.03740e+03	2.99130e+02	1.96600e+03	1.33784e+03	4.70928e+00	2.46245e+00	8.77802e+01
1.04100e+03	2.99313e+02	1.96425e+03	1.33787e+03	4.71153e+00	2.46406e+00	8.75100e+01
1.04460e+03	2.99495e+02	1.96249e+03	1.33791e+03	4.71378e+00	2.46566e+00	8.72418e+01
1.04820e+03	2.99677e+02	1.96073e+03	1.33794e+03	4.71603e+00	2.46727e+00	8.69747e+01
1.05179e+03	2.99859e+02	1.95898e+03	1.33797e+03	4.71828e+00	2.46887e+00	8.67087e+01
1.05539e+03	3.00041e+02	1.95723e+03	1.33801e+03	4.72053e+00	2.47047e+00	8.64439e+01
1.05899e+03	3.00223e+02	1.95547e+03	1.33804e+03	4.72277e+00	2.47207e+00	8.61802e+01
1.06258e+03	3.00405e+02	1.95372e+03	1.33808e+03	4.72502e+00	2.47367e+00	8.59177e+01
1.06618e+03	3.00584e+02	1.95197e+03	1.33811e+03	4.72726e+00	2.47527e+00	8.56597e+01
1.06978e+03	3.00763e+02	1.95022e+03	1.33814e+03	4.72950e+00	2.47687e+00	8.54036e+01
1.07338e+03	3.00942e+02	1.94847e+03	1.33818e+03	4.73174e+00	2.47846e+00	8.51485e+01
1.07697e+03	3.01122e+02	1.94672e+03	1.33821e+03	4.73398e+00	2.48006e+00	8.48946e+01
1.08057e+03	3.01301e+02	1.94497e+03	1.33825e+03	4.73622e+00	2.48165e+00	8.46417e+01
1.08417e+03	3.01480e+02	1.94323e+03	1.33828e+03	4.73846e+00	2.48324e+00	8.43898e+01
1.08776e+03	3.01659e+02	1.94148e+03	1.33831e+03	4.74070e+00	2.48483e+00	8.41390e+01
1.09136e+03	3.01836e+02	1.93974e+03	1.33835e+03	4.74293e+00	2.48642e+00	8.38921e+01
1.09496e+03	3.02012e+02	1.93800e+03	1.33838e+03	4.74516e+00	2.48801e+00	8.36471e+01
1.09856e+03	3.02188e+02	1.93625e+03	1.33842e+03	4.74740e+00	2.48960e+00	8.34030e+01
1.10215e+03	3.02365e+02	1.93451e+03	1.33845e+03	4.74963e+00	2.49119e+00	8.31600e+01
1.10575e+03	3.02541e+02	1.93277e+03	1.33849e+03	4.75186e+00	2.49277e+00	8.29179e+01
1.10935e+03	3.02717e+02	1.93103e+03	1.33852e+03	4.75409e+00	2.49436e+00	8.26768e+01
1.11294e+03	3.02894e+02	1.92929e+03	1.33855e+03	4.75632e+00	2.49594e+00	8.24368e+01
1.11654e+03	3.03068e+02	1.92756e+03	1.33859e+03	4.75854e+00	2.49752e+00	8.22000e+01
1.12014e+03	3.03242e+02	1.92582e+03	1.33862e+03	4.76077e+00	2.49911e+00	8.19650e+01
1.12374e+03	3.03416e+02	1.92408e+03	1.33866e+03	4.76299e+00	2.50069e+00	8.17310e+01
1.12733e+03	3.03590e+02	1.92235e+03	1.33869e+03	4.76522e+00	2.50227e+00	8.14979e+01
1.13093e+03	3.03764e+02	1.92062e+03	1.33873e+03	4.76744e+00	2.50384e+00	8.12657e+01
1.13453e+03	3.03938e+02	1.91888e+03	1.33876e+03	4.76966e+00	2.50542e+00	8.10345e+01
1.13812e+03	3.04112e+02	1.91715e+03	1.33880e+03	4.77188e+00	2.50700e+00	8.08042e+01
1.14172e+03	3.04285e+02	1.91542e+03	1.33883e+03	4.77410e+00	2.50857e+00	8.05766e+01
1.14532e+03	3.04457e+02	1.91369e+03	1.33886e+03	4.77631e+00	2.51015e+00	8.03509e+01
1.14892e+03	3.04629e+02	1.91196e+03	1.33890e+03	4.77853e+00	2.51172e+00	8.01260e+01
1.15251e+03	3.04801e+02	1.91024e+03	1.33893e+03	4.78075e+00	2.51329e+00	7.99020e+01
1.15611e+03	3.04973e+02	1.90851e+03	1.33897e+03	4.78296e+00	2.51486e+00	7.96789e+01
1.15971e+03	3.05144e+02	1.90678e+03	1.33900e+03	4.78517e+00	2.51643e+00	7.94566e+01
1.16330e+03	3.05316e+02	1.90506e+03	1.33904e+03	4.78738e+00	2.51800e+00	7.92352e+01
1.16690e+03	3.05487e+02	1.90334e+03	1.33907e+03	4.78960e+00	2.51957e+00	7.90162e+01
1.17050e+03	3.05657e+02	1.90161e+03	1.33910e+03	4.79180e+00	2.52113e+00	7.87989e+01
1.17410e+03	3.05827e+02	1.89989e+03	1.33914e+03	4.79401e+00	2.52270e+00	7.85823e+01
1.17769e+03	3.05997e+02	1.89817e+03	1.33917e+03	4.79622e+00	2.52426e+00	7.83666e+01
1.18129e+03	3.06168e+02	1.89645e+03	1.33921e+03	4.79843e+00	2.52583e+00	7.81518e+01
1.18489e+03	3.06338e+02	1.89473e+03	1.33924e+03	4.80063e+00	2.52739e+00	7.79378e+01
1.18848e+03	3.06508e+02	1.89302e+03	1.33928e+03	4.80283e+00	2.52895e+00	7.77246e+01
1.19208e+03	3.06677e+02	1.89130e+03	1.33931e+03	4.80504e+00	2.53051e+00	7.75133e+01
1.19568e+03	3.06846e+02	1.88958e+03	1.33935e+03	4.80724e+00	2.53207e+00	7.73037e+01
1.19928e+03	3.07014e+02	1.88787e+03	1.33938e+03	4.80944e+00	2.53363e+00	7.70948e+01
1.20287e+03	3.07183e+02	1.88616e+03	1.33941e+03	4.81164e+00	2.53518e+00	7.68868e+01
1.20647e+03	3.07351e+02	1.88445e+03	1.33945e+03	4.81384e+00	2.53674e+00	7.66795e+01
1.21007e+03	3.07520e+02	1.88273e+03	1.33948e+03	4.81603e+00	2.53829e+00	7.64730e+01
1.21366e+03	3.07688e+02	1.88102e+03	1.33952e+03	4.81823e+00	2.53985e+00	7.62673e+01
1.21726e+03	3.07856e+02	1.87932e+03	1.33955e+03	4.82042e+00	2.54140e+00	7.60633e+01
1.22086e+03	3.08023e+02	1.87761e+03	1.33959e+03	4.82262e+00	2.54295e+00	7.58607e+01
1.22446e+03	3.08191e+02	1.87590e+03	1.33962e+03	4.82481e+00	2.54450e+00	7.56588e+01
1.22805e+03	3.08358e+02	1.87420e+03	1.33966e+03	4.82700e+00	2.54605e+00	7.54578e+01
1.23165e+03	3.08525e+02	1.87249e+03	1.33969e+03	4.82919e+00	2.54760e+00	7.52574e+01
1.23525e+03	3.08693e+02	1.87079e+03	1.33972e+03	4.83138e+00	2.54915e+00	7.50579e+01
1.23884e+03	3.08860e+02	1.86908e+03	1.33976e+03	4.83357e+00	2.55070e+00	7.48590e+01
1.24244e+03	3.09026e+02	1.86738e+03	1.33979e+03	4.83576e+00	2.55224e+00	7.46616e+01
1.24604e+03	3.09193e+02	1.86568e+03	1.33983e+03	4.83794e+00	2.55379e+00	7.44655e+01
1.24964e+03	3.09359e+02	1.86398e+03	1.33986e+03	4.84013e+00	2.55533e+00	7.42702e+01
1.25323e+03	3.09525e+02	1.86229e+03	1.33990e+03	4.84231e+00	2.55687e+00	7.40755e+01
1.25683e+03	3.09691e+02	1.86059e+03	1.33993e+03	4.84449e+00	2.55841e+00	7.38816e+01
1.26043e+03	3.09857e+02	1.85889e+03	1.33996e+03	4.84668e+00	2.55995e+00	7.36884e+01
1.26402e+03	3.10024e+02	1.85720e+03	1.34000e+03	4.84886e+00	2.56149e+00	7.34959e+01
1.26762e+03	3.10189e+02	1.85550e+03	1.34003e+03	4.85104e+00	2.56303e+00	7.33045e+01
1.27122e+03	3.10355e+02	1.85381e+03	1.34007e+03	4.85321e+00	2.56457e+00	7.31144e+01
1.27482e+03	3.10520e+02	1.85212e+03	1.34010e+03	4.85539e+00	2.56611e+00	7.29250e+01
1.27841e+03	3.10685e+02	1.85043e+03	1.34014e+03	4.85757e+00	2.56764e+00	7.27363e+01
1.28201e+03	3.10851e+02	1.84874e+03	1.34017e+03	4.85974e+00	2.56918e+00	7.25482e+01
1.28561e+03	3.11016e+02	1.84705e+03	1.34021e+03	4.86192e+00	2.57071e+00	7.23609e+01
1.28920e+03	3.11181e+02	1.84537e+03	1.34024e+03	4.86409e+00	2.57224e+00	7.21742e+01
1.29280e+03	3.11347e+02	1.84368e+03	1.34027e+03	4.86626e+00	2.57378e+00	7.19885e+01
1.29640e+03	3.11511e+02	1.84199e+03	1.34031e+03	4.86843e+00	2.57531e+00	7.18039e+01
1.30000e+03	3.11676e+02	1.84031e+03	1.34034e+03	4.87060e+00	2.57684e+00	7.16200e+01
1.30359e+03	3.11841e+02	1.83863e+03	1.34038e+03	4.87277e+00	2.57837e+00	7.14367e+01
1.30719e+03	3.12005e+02	1.83695e+03	1.34041e+03	4.87494e+00	2.57989e+00	7.12541e+01
1.31079e+03	3.12170e+02	1.83527e+03	1.34045e+03	4.87711e+00	2.58142e+00	7.10721e+01
1.31438e+03	3.12335e+02	1.83359e+03	1.34048e+03	4.87927e+00	2.58295e+00	7.08908e+01
1.31798e+03	3.12499e+02	1.83191e+03	1.34051e+03	4.88144e+00	2.58447e+00	7.07104e+01
1.32158e+03	3.12664e+02	1.83023e+03	1.34055e+03	4.88360e+00	2.58599e+00	7.05308e+01
1.32518e+03	3.12828e+02	1.82856e+03	1.34058e+03	4.88576e+00	2.58752e+00	7.03519e+01
1.32877e+03	3.12992e+02	1.82688e+03	1.34062e+03	4.88792e+00	2.58904e+00	7.01737e+01
1.33237e+03	3.13156e+02	1.82521e+03	1.34065e+03	4.89008e+00	2.59056e+00	6.99961e+01
1.33597e+03	3.13321e+02	1.82354e+03	1.34068e+03	4.89224e+00	2.59208e+00	6.98191e+01
1.33956e+03	3.13485e+02	1.82186e+03	1.34072e+03	4.89440e+00	2.59360e+00	6.96428e+01
1.34316e+03	3.13649e+02	1.82019e+03	1.34075e+03	4.89656e+00	2.59512e+00	6.94672e+01
1.34676e+03	3.13813e+02	1.81852e+03	1.34079e+03	4.89872e+00	2.59664e+00	6.92924e+01
1.35036e+03	3.13977e+02	1.81686e+03	1.34082e+03	4.90087e+00	2.59815e+00	6.91181e+01
1.35395e+03	3.14141e+02	1.81519e+03	1.34086e+03	4.90302e+00	2.59967e+00	6.89446e+01
1.35755e+03	3.14305e+02	1.81353e+03	1.34089e+03	4.90518e+00	2.60118e+00	6.87716e+01
1.36115e+03	3.14469e+02	1.81186e+03	1.34092e+03	4.90733e+00	2.60270e+00	6.85992e+01
1.36474e+03	3.14633e+02	1.81020e+03	1.34096e+03	4.90948e+00	2.60421e+00	6.84275e+01
1.36834e+03	3.14797e+02	1.80854e+03	1.34099e+03	4.91163e+00	2.60572e+00	6.82564e+01
1.37194e+03	3.14961e+02	1.80687e+03	1.34103e+03	4.91378e+00	2.60723e+00	6.80859e+01
1.37554e+03	3.15125e+02	1.80522e+03	1.34106e+03	4.91593e+00	2.60874e+00	6.79160e+01
1.37913e+03	3.15289e+02	1.80356e+03	1.34109e+03	4.91807e+00	2.61025e+00	6.77468e+01
1.38273e+03	3.15453e+02	1.80190e+03	1.34113e+03	4.92022e+00	2.61176e+00	6.75781e+01
1.38633e+03	3.15617e+02	1.80024e+03	1.34116e+03	4.92237e+00	2.61326e+00	6.74100e+01
1.38993e+03	3.15781e+02	1.79859e+03	1.34120e+03	4.92451e+00	2.61477e+00	6.72425e+01
1.39352e+03	3.15945e+02	1.79693e+03	1.34123e+03	4.92665e+00	2.61627e+00	6.70756e+01
1.39712e+03	3.16109e+02	1.79528e+03	1.34126e+03	4.92879e+00	2.61778e+00	6.69092e+01
1.40072e+03	3.16273e+02	1.79363e+03	1.34130e+03	4.93094e+00	2.61928e+00	6.67433e+01
1.40431e+03	3.16438e+02	1.79198e+03	1.34133e+03	4.93308e+00	2.62078e+00	6.65780e+01
1.40791e+03	3.16602e+02	1.79033e+03	1.34136e+03	4.93521e+00	2.62228e+00	6.64134e+01
1.41151e+03	3.16766e+02	1.78868e+03	1.34140e+03	4.93735e+00	2.62379e+00	6.62492e+01
1.41511e+03	3.16930e+02	1.78704e+03	1.34143e+03	4.93949e+00	2.62528e+00	6.60857e+01
1.41870e+03	3.17094e+02	1.78539e+03	1.34147e+03	4.94163e+00	2.62678e+00	6.59227e+01
1.42230e+03	3.17258e+02	1.78375e+03	1.34150e+03	4.94376e+00	2.62828e+00	6.57600e+01
1.42590e+03	3.17423e+02	1.78211e+03	1.34153e+03	4.94589e+00	2.62978e+00	6.55979e+01
1.42949e+03	3.17587e+02	1.78046e+03	1.34157e+03	4.94803e+00	2.63127e+00	6.54363e+01
1.43309e+03	3.17752e+02	1.77882e+03	1.34160e+03	4.95016e+00	2.63277e+00	6.52754e+01
1.43669e+03	3.17916e+02	1.77718e+03	1.34164e+03	4.95229e+00	2.63426e+00	6.51149e+01
1.44029e+03	3.18080e+02	1.77555e+03	1.34167e+03	4.95442e+00	2.63576e+00	6.49551e+01
1.44388e+03	3.18245e+02	1.77391e+03	1.34170e+03	4.95655e+00	2.63725e+00	6.47957e+01
1.44748e+03	3.18410e+02	1.77227e+03	1.34174e+03	4.95868e+00	2.63874e+00	6.46365e+01
1.45108e+03	3.18575e+02	1.77064e+03	1.34177e+03	4.96080e+00	2.64023e+00	6.44779e+01
1.45467e+03	3.18739e+02	1.76901e+03	1.34180e+03	4.96293e+00	2.64172e+00	6.43198e+01
1.45827e+03	3.18904e+02	1.76737e+03	1.34184e+03	4.96505e+00	2.64321e+00	6.41623e+01
1.46187e+03	3.19069e+02	1.76574e+03	1.34187e+03	4.96718e+00	2.64470e+00	6.40053e+01
1.46547e+03	3.19234e+02	1.76411e+03	1.34190e+03	4.96930e+00	2.64618e+00	6.38489e+01
1.46906e+03	3.19399e+02	1.76248e+03	1.34194e+03	4.97142e+00	2.64767e+00	6.36929e+01
1.47266e+03	3.19564e+02	1.76086e+03	1.34197e+03	4.97355e+00	2.64915e+00	6.35369e+01
1.47626e+03	3.19730e+02	1.75923e+03	1.34200e+03	4.97567e+00	2.65064e+00	6.33816e+01
1.47985e+03	3.19895e+02	1.75761e+03	1.34204e+03	4.97778e+00	2.65212e+00	6.32267e+01
1.48345e+03	3.20061e+02	1.75598e+03	1.34207e+03	4.97990e+00	2.65360e+00	6.30724e+01
1.48705e+03	3.20226e+02	1.75436e+03	1.34211e+03	4.98202e+00	2.65509e+00	6.29186e+01
1.49065e+03	3.20392e+02	1.75274e+03	1.34214e+03	4.98414e+00	2.65657e+00	6.27654e+01
1.49424e+03	3.20557e+02	1.75112e+03	1.34217e+03	4.98625e+00	2.65805e+00	6.26126e+01
1.49784e+03	3.20724e+02	1.74950e+03	1.34221e+03	4.98837e+00	2.65953e+00	6.24597e+01
1.50144e+03	3.20890e+02	1.74789e+03	1.34224e+03	4.99048e+00	2.66100e+00	6.23074e+01
1.50503e+03	3.21056e+02	1.74627e+03	1.34227e+03	4.99259e+00	2.66248e+00	6.21555e+01
1.50863e+03	3.21222e+02	1.74466e+03	1.34231e+03	4.99470e+00	2.66396e+00	6.20043e+01
1.51223e+03	3.21388e+02	1.74304e+03	1.34234e+03	4.99681e+00	2.66543e+00	6.18535e+01
1.51583e+03	3.21555e+02	1.74143e+03	1.34237e+03	4.99892e+00	2.66691e+00	6.17032e+01
1.51942e+03	3.21721e+02	1.73982e+03	1.34241e+03	5.00103e+00	2.66838e+00	6.15534e+01
1.52302e+03	3.21888e+02	1.73821e+03	1.34244e+03	5.00314e+00	2.66985e+00	6.14034e+01
1.52662e+03	3.22055e+02	1.73660e+03	1.34247e+03	5.00525e+00	2.67133e+00	6.12539e+01
1.53021e+03	3.22222e+02	1.73500e+03	1.34250e+03	5.00735e+00	2.67280e+00	6.11049e+01
1.53381e+03	3.22390e+02	1.73339e+03	1.34254e+03	5.00946e+00	2.67427e+00	6.09564e+01
1.53741e+03	3.22557e+02	1.73178e+03	1.34257e+03	5.01156e+00	2.67574e+00	6.08085e+01
1.54101e+03	3.22724e+02	1.73018e+03	1.34260e+03	5.01366e+00	2.67721e+00	6.06610e+01
1.54460e+03	3.22891e+02	1.72858e+03	1.34264e+03	5.01577e+00	2.67867e+00	6.05140e+01
1.54820e+03	3.23059e+02	1.72698e+03	1.34267e+03	5.01787e+00	2.68014e+00	6.03667e+01
1.55180e+03	3.23227e+02	1.72538e+03	1.34270e+03	5.01997e+00	2.68161e+00	6.02198e+01
1.55539e+03	3.23396e+02	1.72378e+03	1.34274e+03	5.02207e+00	2.68307e+00	6.00735e+01
1.55899e+03	3.23564e+02	1.72219e+03	1.34277e+03	5.02417e+00	2.68454e+00	5.99277e+01
1.56259e+03	3.23732e+02	1.72059e+03	1.34280e+03	5.02626e+00	2.68600e+00	5.97824e+01
1.56619e+03	3.23900e+02	1.71900e+03	1.34283e+03	5.02836e+00	2.68746e+00	5.96376e+01
1.56978e+03	3.24068e+02	1.71740e+03	1.34287e+03	5.03046e+00	2.68892e+00	5.94932e+01
1.57338e+03	3.24238e+02	1.71581e+03	1.34290e+03	5.03255e+00	2.69038e+00	5.93484e+01
1.57698e+03	3.24407e+02	1.71422e+03	1.34293e+03	5.03464e+00	2.69185e+00	5.92041e+01
1.58057e+03	3.24577e+02	1.71263e+03	1.34297e+03	5.03674e+00	2.69330e+00	5.90602e+01
1.58417e+03	3.24746e+02	1.71104e+03	3.54647e+03	4.61009e+00	2.61012e+00	3.29594e+12
1.65353e+03	3.58471e+02	1.69946e+03	3.54647e+03	4.60544e+00	2.60603e+00	2.37249e+11
1.72241e+03	3.91991e+02	1.68788e+03	3.54578e+03	4.60045e+00	2.60175e+00	2.71553e+10
1.79080e+03	4.25307e+02	1.67629e+03	3.54498e+03	8.04163e+00	4.54531e+00	4.41502e+09
1.85870e+03	4.58418e+02	1.66471e+03	3.54410e+03	8.03210e+00	4.53736e+00	9.42208e+08
1.92611e+03	4.91326e+02	1.65313e+03	3.54315e+03	8.02229e+00	4.52924e+00	2.49331e+08
1.99303e+03	5.24030e+02	1.64154e+03	3.54215e+03	8.01224e+00	4.52099e+00	7.84413e+07
2.05945e+03	5.56531e+02	1.62996e+03	3.54110e+03	8.00201e+00	4.51264e+00	2.84221e+07
2.12537e+03	5.88830e+02	1.61838e+03	3.54002e+03	7.99163e+00	4.50421e+00	1.15744e+07
2.19081e+03	6.20925e+02	1.60679e+03	3.53890e+03	7.98111e+00	4.49572e+00	5.19717e+06
2.25575e+03	6.52820e+02	1.59521e+03	3.53775e+03	7.97049e+00	4.48718e+00	2.53446e+06
2.32019e+03	6.84512e+02	1.58363e+03	3.53658e+03	7.95978e+00	4.47860e+00	1.32606e+06
2.38415e+03	7.16003e+02	1.57204e+03	3.53539e+03	7.94901e+00	4.46999e+00	7.37068e+05
2.44761e+03	7.47294e+02	1.56046e+03	3.53419e+03	7.93818e+00	4.46136e+00	4.31709e+05
2.51057e+03	7.78385e+02	1.54888e+03	3.53297e+03	7.92730e+00	4.45272e+00	2.64662e+05
2.57305e+03	8.09276e+02	1.53729e+03	3.53173e+03	7.91638e+00	4.44407e+00	1.68876e+05
2.63503e+03	8.39968e+02	1.52571e+03	3.53049e+03	7.90543e+00	4.43542e+00	1.11625e+05
2.69653e+03	8.70461e+02	1.51413e+03	3.52923e+03	7.89446e+00	4.42676e+00	7.61259e+04
2.75753e+03	9.00756e+02	1.50254e+03	3.52797e+03	7.88347e+00	4.41812e+00	5.33814e+04
2.81804e+03	9.30853e+02	1.49096e+03	3.52670e+03	7.87246e+00	4.40947e+00	3.83756e+04
2.87806e+03	9.60753e+02	1.47938e+03	3.52542e+03	7.86144e+00	4.40084e+00	2.82114e+04
2.93760e+03	9.90457e+02	1.46779e+03	3.52413e+03	7.85043e+00	4.39222e+00	2.11612e+04
2.99664e+03	1.01996e+03	1.45621e+03	3.52284e+03	7.83940e+00	4.38362e+00	1.61645e+04
3.05521e+03	1.04928e+03	1.44463e+03	3.52154e+03	7.82837e+00	4.37503e+00	1.25534e+04
3.11328e+03	1.07839e+03	1.43304e+03	3.52024e+03	7.81735e+00	4.36646e+00	9.89678e+03
3.17087e+03	1.10732e+03	1.42146e+03	3.51894e+03	7.80633e+00	4.35791e+00	7.91017e+03
3.22797e+03	1.13605e+03	1.40988e+03	3.51763e+03	7.79532e+00	4.34937e+00	6.40227e+03
3.28459e+03	1.16458e+03	1.39829e+03	3.51631e+03	7.78432e+00	4.34086e+00	5.24189e+03
3.34073e+03	1.19293e+03	1.38671e+03	3.51500e+03	7.77332e+00	4.33237e+00	4.33757e+03
3.39639e+03	1.22108e+03	1.37513e+03	3.51368e+03	7.76233e+00	4.32390e+00	3.62451e+03
3.45156e+03	1.24905e+03	1.36354e+03	3.51236e+03	7.75137e+00	4.31546e+00	3.05615e+03
3.50626e+03	1.27682e+03	1.35196e+03	3.51103e+03	7.74040e+00	4.30704e+00	2.59854e+03
3.56048e+03	1.30441e+03	1.34038e+03	3.50970e+03	7.72946e+00	4.29865e+00	2.22664e+03
3.61421e+03	1.33180e+03	1.32879e+03	3.50838e+03	7.71852e+00	4.29028e+00	1.92177e+03
3.66747e+03	1.35901e+03	1.31721e+03	3.50704e+03	7.70761e+00	4.28194e+00	1.66980e+03
3.72026e+03	1.38604e+03	1.30563e+03	3.50571e+03	7.69671e+00	4.27362e+00	1.45997e+03
3.77257e+03	1.41287e+03	1.29404e+03	3.50437e+03	7.68582e+00	4.26533e+00	1.28398e+03
3.82440e+03	1.43953e+03	1.28246e+03	3.50304e+03	7.67495e+00	4.25707e+00	1.13539e+03
3.87576e+03	1.46600e+03	1.27088e+03	3.50170e+03	7.66409e+00	4.24883e+00	1.00915e+03
3.92665e+03	1.49229e+03	1.25929e+03	3.50035e+03	7.65326e+00	4.24062e+00	9.01255e+02
3.97707e+03	1.51839e+03	1.24771e+03	3.49901e+03	7.64243e+00	4.23244e+00	8.08533e+02
4.02702e+03	1.54432e+03	1.23613e+03	3.49767e+03	7.63163e+00	4.22429e+00	7.28432e+02
4.07650e+03	1.57006e+03	1.22454e+03	3.49632e+03	7.62085e+00	4.21616e+00	6.58890e+02
4.12551e+03	1.59563e+03	1.21296e+03	3.49497e+03	7.61007e+00	4.20806e+00	5.98232e+02
4.17405e+03	1.62103e+03	1.20138e+03	3.49362e+03	7.59930e+00	4.19999e+00	5.45090e+02
4.22213e+03	1.64624e+03	1.18979e+03	3.49227e+03	7.58856e+00	4.19195e+00	4.98336e+02
4.26975e+03	1.67129e+03	1.17821e+03	3.49091e+03	7.57785e+00	4.18393e+00	4.57039e+02
4.31690e+03	1.69616e+03	1.16662e+03	3.48956e+03	7.56712e+00	4.17594e+00	4.20424e+02
4.36359e+03	1.72086e+03	1.15504e+03	3.48820e+03	7.55644e+00	4.16798e+00	3.87843e+02
4.40982e+03	1.74539e+03	1.14346e+03	3.48684e+03	7.54574e+00	4.16004e+00	3.58752e+02
4.45559e+03	1.76975e+03	1.13187e+03	3.48548e+03	7.53507e+00	4.15213e+00	3.32692e+02
4.50090e+03	1.79395e+03	1.12029e+03	3.48412e+03	7.50413e+00	4.20996e+00	3.09276e+02
4.54575e+03	1.81798e+03	1.10871e+03	3.52896e+03	7.49294e+00	4.20201e+00	2.88173e+02
4.59074e+03	1.84185e+03	1.09712e+03	3.52762e+03	7.48189e+00	4.19410e+00	2.69143e+02
4.63525e+03	1.86556e+03	1.08554e+03	3.52629e+03	7.47082e+00	4.18621e+00	2.51893e+02
4.67928e+03	1.88911e+03	1.07396e+03	3.52496e+03	7.45978e+00	4.17836e+00	2.36216e+02
4.72284e+03	1.91250e+03	1.06237e+03	3.52363e+03	7.44872e+00	4.17052e+00	2.21932e+02
4.76592e+03	1.93574e+03	1.05079e+03	3.52229e+03	7.43766e+00	4.16271e+00	2.08886e+02
4.80853e+03	1.95882e+03	1.03921e+03	3.52095e+03	7.42660e+00	4.15493e+00	1.96945e+02
4.85067e+03	1.98176e+03	1.02762e+03	3.51960e+03	7.41557e+00	4.14717e+00	1.85991e+02
4.89234e+03	2.00454e+03	1.01604e+03	3.51825e+03	7.39242e+00	4.13384e+00	1.75921e+02
4.93353e+03	2.02719e+03	1.00446e+03	3.51965e+03	7.37295e+00	4.12220e+00	1.66644e+02
4.97429e+03	2.04968e+03	9.92874e+02	3.52028e+03	7.37146e+00	4.11908e+00	1.58083e+02
5.01460e+03	2.07204e+03	9.81291e+02	3.51683e+03	7.36250e+00	4.11248e+00	1.50167e+02
5.05442e+03	2.09427e+03	9.69707e+02	3.51511e+03	7.35187e+00	4.10507e+00	1.42833e+02
5.09377e+03	2.11635e+03	9.58124e+02	3.51381e+03	7.34150e+00	4.09770e+00	1.36026e+02
5.13266e+03	2.13831e+03	9.46541e+02	3.51253e+03	7.33104e+00	4.09039e+00	1.29698e+02
5.17108e+03	2.16014e+03	9.34957e+02	3.51125e+03	7.32069e+00	4.08312e+00	1.23806e+02
5.20904e+03	2.18185e+03	9.23374e+02	3.50999e+03	7.31056e+00	4.07590e+00	1.18310e+02
5.24654e+03	2.20343e+03	9.11790e+02	3.50875e+03	7.30036e+00	4.06872e+00	1.13177e+02
5.28359e+03	2.22490e+03	9.00207e+02	3.50750e+03	7.29019e+00	4.06157e+00	1.08375e+02
5.32017e+03	2.24626e+03	8.88624e+02	3.50627e+03	7.28033e+00	4.05448e+00	1.03875e+02
5.35630e+03	2.26751e+03	8.77040e+02	3.50503e+03	7.27054e+00	4.04741e+00	9.96541e+01
5.39198e+03	2.28866e+03	8.65457e+02	3.50381e+03	7.26082e+00	4.04038e+00	9.56881e+01
5.42721e+03	2.30970e+03	8.53874e+02	3.50261e+03	7.25069e+00	4.03339e+00	9.19567e+01
5.46199e+03	2.33066e+03	8.42290e+02	3.50140e+03	7.24049e+00	4.02643e+00	8.84416e+01
5.49631e+03	2.35152e+03	8.30707e+02	3.50018e+03	7.23062e+00	4.01949e+00	8.51258e+01
5.53020e+03	2.37231e+03	8.19123e+02	3.49899e+03	7.22087e+00	4.01258e+00	8.19941e+01
5.56363e+03	2.39301e+03	8.07540e+02	3.49779e+03	7.21135e+00	4.00569e+00	7.90325e+01
5.59663e+03	2.41365e+03	7.95957e+02	3.49658e+03	7.20190e+00	3.99883e+00	7.62284e+01
5.62918e+03	2.43423e+03	7.84373e+02	3.49538e+03	7.19252e+00	3.99199e+00	7.35702e+01
5.66130e+03	2.45474e+03	7.72790e+02	3.49419e+03	7.18301e+00	3.98515e+00	7.10473e+01
5.69298e+03	2.47521e+03	7.61206e+02	3.49300e+03	7.17343e+00	3.97832e+00	6.86499e+01
5.72423e+03	2.49564e+03	7.49623e+02	3.49181e+03	7.16393e+00	3.97150e+00	6.63692e+01
5.75504e+03	2.51603e+03	7.38040e+02	3.49061e+03	7.15446e+00	3.96469e+00	6.41970e+01
5.78543e+03	2.53641e+03	7.26456e+02	3.48940e+03	7.14452e+00	3.95789e+00	6.21258e+01
5.81539e+03	2.55676e+03	7.14873e+02	3.48818e+03	7.13447e+00	3.95109e+00	6.01486e+01
5.84492e+03	2.57712e+03	7.03290e+02	3.48696e+03	7.12490e+00	3.94428e+00	5.82590e+01
5.87404e+03	2.59748e+03	6.91706e+02	3.48573e+03	7.11541e+00	3.93746e+00	5.64512e+01
5.90273e+03	2.61786e+03	6.80123e+02	3.48449e+03	7.10584e+00	3.93061e+00	5.47195e+01
5.93101e+03	2.63827e+03	6.68539e+02	3.48325e+03	7.09623e+00	3.92374e+00	5.30591e+01
5.95889e+03	2.65873e+03	6.56956e+02	3.48201e+03	7.08629e+00	3.91686e+00	5.14650e+01
5.98635e+03	2.67924e+03	6.45373e+02	3.48073e+03	7.07616e+00	3.90995e+00	4.99330e+01
6.01341e+03	2.69984e+03	6.33789e+02	3.47943e+03	7.06570e+00	3.90294e+00	4.84589e+01
6.04007e+03	2.72052e+03	6.22206e+02	3.47804e+03	7.05488e+00	3.89581e+00	4.70391e+01
6.06633e+03	2.74131e+03	6.10622e+02	3.47658e+03	7.04392e+00	3.88863e+00	4.56698e+01
6.09220e+03	2.76223e+03	5.99039e+02	3.47508e+03	7.03283e+00	3.88139e+00	4.43477e+01
6.11768e+03	2.78329e+03	5.87456e+02	3.47356e+03	7.02159e+00	3.87408e+00	4.30698e+01
6.14278e+03	2.80453e+03	5.75872e+02	3.47202e+03	7.01018e+00	3.86669e+00	4.18331e+01
6.16751e+03	2.82597e+03	5.64289e+02	3.47044e+03	6.99858e+00	3.85922e+00	4.06349e+01
6.16751e+03	2.82597e+03	5.64289e+02	8.00000e+03	6.17742e+00	3.33232e+00	1.00000e+04
6.47140e+03	2.82911e+03	5.01590e+02	8.00662e+03	6.17487e+00	3.33095e+00	1.00000e+04
6.61769e+03	2.83225e+03	4.38891e+02	8.01304e+03	6.19590e+00	3.34098e+00	1.00000e+04
6.56578e+03	2.83539e+03	3.76193e+02	8.01949e+03	6.20469e+00	3.34509e+00	1.00000e+04
6.24596e+03	2.83853e+03	3.13494e+02	8.02629e+03	6.19806e+00	3.34174e+00	1.00000e+04
5.52758e+03	2.84167e+03	2.50795e+02	8.03405e+03	6.17039e+00	3.32819e+00	1.00000e+04
4.13389e+03	2.84481e+03	1.88096e+02	8.04463e+03	6.11056e+00	3.29904e+00	1.00000e+04
1.36099e+03	2.84795e+03	1.25398e+02	8.07809e+03	5.98845e+00	3.23937e+00	1.00000e+04
-5.24317e+03	2.85109e+03	6.26988e+01	8.06863e+03	5.76792e+00	3.13345e+00	1.00000e+04
-3.21302e+04	2.85423e+03	0.00000e+00	8.06669e+03	5.19617e+00	2.86068e+00	1.00000e+04
