P (MPa)		T (K)		r (km)		rho (kg m-3)	VP (km s-1)	VS (km s-1)	QS/gamma	KS (GPa)	GS (GPa)	
0.00000e+00	9.40000e+01	2.57470e+03	9.32490e+02	3.87821e+00	1.96165e+00	1.57135e+05	9.24000e+00	3.58800e+00
9.50508e-01	1.05116e+02	2.57395e+03	9.32490e+02	3.87960e+00	1.96250e+00	4.17002e+04	9.24313e+00	3.59004e+00
1.90102e+00	1.17547e+02	2.57319e+03	9.32563e+02	3.88123e+00	1.96347e+00	1.27329e+04	9.24626e+00	3.59208e+00
2.85152e+00	1.31447e+02	2.57244e+03	9.32635e+02	3.88319e+00	1.96461e+00	4.40760e+03	9.24939e+00	3.59412e+00
3.80203e+00	1.46992e+02	2.57169e+03	9.32705e+02	3.88560e+00	1.96598e+00	1.70686e+03	9.25251e+00	3.59615e+00
4.75254e+00	1.64374e+02	2.57094e+03	9.32775e+02	3.88863e+00	1.96766e+00	7.30741e+02	9.25562e+00	3.59819e+00
5.70305e+00	1.83812e+02	2.57019e+03	9.32845e+02	3.89250e+00	1.96977e+00	3.42208e+02	9.25874e+00	3.60022e+00
6.65356e+00	2.05549e+02	2.56943e+03	9.32913e+02	3.89747e+00	1.97243e+00	1.73644e+02	9.26184e+00	3.60225e+00
7.60407e+00	2.29857e+02	2.56868e+03	9.32980e+02	3.90380e+00	1.97578e+00	9.46643e+01	9.26494e+00	3.60428e+00
8.55457e+00	2.57038e+02	2.56793e+03	9.33047e+02	3.91159e+00	1.97988e+00	5.50269e+01	9.26804e+00	3.60630e+00
9.50508e+00	2.57069e+02	2.56718e+03	9.33112e+02	3.91219e+00	1.98033e+00	5.49964e+01	9.27113e+00	3.60833e+00
1.04556e+01	2.57101e+02	2.56643e+03	9.33177e+02	3.91278e+00	1.98077e+00	5.49657e+01	9.27422e+00	3.61035e+00
1.14061e+01	2.57133e+02	2.56568e+03	9.33240e+02	3.91337e+00	1.98122e+00	5.49346e+01	9.27730e+00	3.61237e+00
1.23566e+01	2.57165e+02	2.56493e+03	9.33303e+02	3.91396e+00	1.98167e+00	5.49032e+01	9.28038e+00	3.61439e+00
1.33071e+01	2.57197e+02	2.56418e+03	9.33364e+02	3.91454e+00	1.98211e+00	5.48716e+01	9.28345e+00	3.61641e+00
1.42576e+01	2.57230e+02	2.56343e+03	9.33424e+02	3.91513e+00	1.98256e+00	5.48396e+01	9.28652e+00	3.61842e+00
1.52081e+01	2.57263e+02	2.56268e+03	9.33483e+02	3.91572e+00	1.98300e+00	5.48074e+01	9.28959e+00	3.62044e+00
1.61586e+01	2.57296e+02	2.56193e+03	9.33541e+02	3.91630e+00	1.98345e+00	5.47748e+01	9.29264e+00	3.62245e+00
1.71091e+01	2.57330e+02	2.56118e+03	9.33598e+02	3.91689e+00	1.98389e+00	5.47419e+01	9.29570e+00	3.62446e+00
1.80597e+01	2.57364e+02	2.56043e+03	9.33653e+02	3.91747e+00	1.98433e+00	5.47087e+01	9.29875e+00	3.62647e+00
1.90102e+01	2.57398e+02	2.55968e+03	9.33707e+02	3.91805e+00	1.98477e+00	5.46752e+01	9.30179e+00	3.62847e+00
1.99607e+01	2.57433e+02	2.55893e+03	9.33760e+02	3.91863e+00	1.98521e+00	5.46413e+01	9.30483e+00	3.63048e+00
2.09112e+01	2.57468e+02	2.55818e+03	9.33811e+02	3.91921e+00	1.98566e+00	5.46072e+01	9.30787e+00	3.63248e+00
2.18617e+01	2.57504e+02	2.55743e+03	9.33861e+02	3.91979e+00	1.98610e+00	5.45727e+01	9.31090e+00	3.63448e+00
2.28122e+01	2.57540e+02	2.55668e+03	9.33909e+02	3.92037e+00	1.98654e+00	5.45379e+01	9.31393e+00	3.63648e+00
2.37627e+01	2.57576e+02	2.55593e+03	9.33956e+02	3.92094e+00	1.98697e+00	5.45028e+01	9.31695e+00	3.63848e+00
2.47132e+01	2.57612e+02	2.55518e+03	9.34001e+02	3.92152e+00	1.98741e+00	5.44673e+01	9.31997e+00	3.64047e+00
2.56637e+01	2.57649e+02	2.55443e+03	9.34044e+02	3.92209e+00	1.98785e+00	5.44315e+01	9.32298e+00	3.64247e+00
2.66142e+01	2.57687e+02	2.55369e+03	9.34086e+02	3.92267e+00	1.98829e+00	5.43953e+01	9.32599e+00	3.64446e+00
2.75647e+01	2.57725e+02	2.55294e+03	9.34126e+02	3.92324e+00	1.98872e+00	5.43588e+01	9.32899e+00	3.64645e+00
2.85152e+01	2.57763e+02	2.55219e+03	9.34165e+02	3.92381e+00	1.98916e+00	5.43220e+01	9.33199e+00	3.64844e+00
2.94658e+01	2.57801e+02	2.55144e+03	9.34201e+02	3.92438e+00	1.98960e+00	5.42848e+01	9.33498e+00	3.65042e+00
3.04163e+01	2.57840e+02	2.55069e+03	9.34235e+02	3.92495e+00	1.99003e+00	5.42473e+01	9.33797e+00	3.65241e+00
3.13668e+01	2.57880e+02	2.54995e+03	9.34268e+02	3.92552e+00	1.99047e+00	5.42094e+01	9.34095e+00	3.65439e+00
3.23173e+01	2.57920e+02	2.54920e+03	9.34299e+02	3.92609e+00	1.99090e+00	5.41712e+01	9.34393e+00	3.65637e+00
3.32678e+01	2.57960e+02	2.54845e+03	9.34327e+02	3.92666e+00	1.99133e+00	5.41326e+01	9.34691e+00	3.65835e+00
3.42183e+01	2.58000e+02	2.54770e+03	9.34353e+02	3.92722e+00	1.99177e+00	5.40936e+01	9.34988e+00	3.66033e+00
3.51688e+01	2.58041e+02	2.54696e+03	9.34377e+02	3.92779e+00	1.99220e+00	5.40543e+01	9.35284e+00	3.66231e+00
3.61193e+01	2.58083e+02	2.54621e+03	9.34399e+02	3.92835e+00	1.99263e+00	5.40146e+01	9.35580e+00	3.66428e+00
3.70698e+01	2.58125e+02	2.54546e+03	9.34419e+02	3.92892e+00	1.99306e+00	5.39745e+01	9.35876e+00	3.66625e+00
3.80203e+01	2.58167e+02	2.54472e+03	9.34436e+02	3.92948e+00	1.99349e+00	5.39341e+01	9.36171e+00	3.66822e+00
3.89708e+01	2.58210e+02	2.54397e+03	9.34450e+02	3.93004e+00	1.99392e+00	5.38933e+01	9.36466e+00	3.67019e+00
3.99213e+01	2.58253e+02	2.54322e+03	9.34462e+02	3.93060e+00	1.99435e+00	5.38521e+01	9.36760e+00	3.67216e+00
4.08719e+01	2.58297e+02	2.54248e+03	9.34471e+02	3.93116e+00	1.99478e+00	5.38105e+01	9.37053e+00	3.67412e+00
4.18224e+01	2.58341e+02	2.54173e+03	9.34478e+02	3.93172e+00	1.99521e+00	5.37686e+01	9.37347e+00	3.67609e+00
4.27729e+01	2.58386e+02	2.54099e+03	9.34482e+02	3.93228e+00	1.99564e+00	5.37262e+01	9.37639e+00	3.67805e+00
4.37234e+01	2.58431e+02	2.54024e+03	9.34482e+02	3.93284e+00	1.99607e+00	5.36835e+01	9.37932e+00	3.68001e+00
4.46739e+01	2.58476e+02	2.53949e+03	9.34480e+02	3.93340e+00	1.99649e+00	5.36403e+01	9.38223e+00	3.68196e+00
4.56244e+01	2.58522e+02	2.53875e+03	9.34475e+02	3.93395e+00	1.99692e+00	5.35968e+01	9.38515e+00	3.68392e+00
4.65749e+01	2.58569e+02	2.53800e+03	9.34467e+02	3.93451e+00	1.99735e+00	5.35528e+01	9.38806e+00	3.68587e+00
4.75254e+01	2.58616e+02	2.53726e+03	9.34455e+02	3.93506e+00	1.99777e+00	5.35085e+01	9.39096e+00	3.68783e+00
4.84759e+01	2.58663e+02	2.53651e+03	9.34440e+02	3.93562e+00	1.99820e+00	5.34637e+01	9.39386e+00	3.68978e+00
4.94264e+01	2.58711e+02	2.53577e+03	9.34422e+02	3.93617e+00	1.99862e+00	5.34186e+01	9.39676e+00	3.69172e+00
5.03769e+01	2.58760e+02	2.53502e+03	9.34400e+02	3.93672e+00	1.99905e+00	5.33730e+01	9.39965e+00	3.69367e+00
5.13274e+01	2.58809e+02	2.53428e+03	9.34375e+02	3.93727e+00	1.99947e+00	5.33270e+01	9.40253e+00	3.69562e+00
5.22780e+01	2.58858e+02	2.53353e+03	9.34345e+02	3.93782e+00	1.99990e+00	5.32806e+01	9.40541e+00	3.69756e+00
5.32285e+01	2.58908e+02	2.53279e+03	9.34312e+02	3.93837e+00	2.00032e+00	5.32337e+01	9.40829e+00	3.69950e+00
5.41790e+01	2.58959e+02	2.53204e+03	9.34275e+02	3.93892e+00	2.00074e+00	5.31864e+01	9.41116e+00	3.70144e+00
5.51295e+01	2.59010e+02	2.53130e+03	9.34234e+02	3.93947e+00	2.00116e+00	5.31387e+01	9.41403e+00	3.70338e+00
5.60800e+01	2.59061e+02	2.53055e+03	9.34189e+02	3.94002e+00	2.00159e+00	5.30906e+01	9.41689e+00	3.70531e+00
5.70305e+01	2.59113e+02	2.52981e+03	9.34140e+02	3.94057e+00	2.00201e+00	5.30420e+01	9.41974e+00	3.70725e+00
5.79810e+01	2.59166e+02	2.52906e+03	9.34086e+02	3.94111e+00	2.00243e+00	5.29930e+01	9.42260e+00	3.70918e+00
5.89315e+01	2.59219e+02	2.52832e+03	9.34028e+02	3.94166e+00	2.00285e+00	5.29435e+01	9.42544e+00	3.71111e+00
5.98820e+01	2.59273e+02	2.52757e+03	9.33965e+02	3.94220e+00	2.00327e+00	5.28936e+01	9.42829e+00	3.71304e+00
6.08325e+01	2.59327e+02	2.52683e+03	9.33898e+02	3.94275e+00	2.00369e+00	5.28432e+01	9.43113e+00	3.71497e+00
6.17830e+01	2.59382e+02	2.52609e+03	9.33826e+02	3.94329e+00	2.00411e+00	5.27924e+01	9.43396e+00	3.71689e+00
6.27335e+01	2.59438e+02	2.52534e+03	9.33749e+02	3.94384e+00	2.00453e+00	5.27411e+01	9.43679e+00	3.71882e+00
6.36840e+01	2.59494e+02	2.52460e+03	9.33667e+02	3.94438e+00	2.00495e+00	5.26894e+01	9.43961e+00	3.72074e+00
6.46346e+01	2.59550e+02	2.52385e+03	9.33579e+02	3.94492e+00	2.00536e+00	5.26372e+01	9.44243e+00	3.72266e+00
6.55851e+01	2.59608e+02	2.52311e+03	9.33487e+02	3.94546e+00	2.00578e+00	5.25845e+01	9.44525e+00	3.72458e+00
6.65356e+01	2.59665e+02	2.52237e+03	9.33389e+02	3.94600e+00	2.00620e+00	5.25314e+01	9.44806e+00	3.72649e+00
6.74861e+01	2.59724e+02	2.52162e+03	9.33286e+02	3.94654e+00	2.00662e+00	5.24778e+01	9.45086e+00	3.72841e+00
6.84366e+01	2.59783e+02	2.52088e+03	9.33178e+02	3.94708e+00	2.00703e+00	5.24237e+01	9.45366e+00	3.73032e+00
6.93871e+01	2.59842e+02	2.52014e+03	9.33063e+02	3.94762e+00	2.00745e+00	5.23691e+01	9.45646e+00	3.73223e+00
7.03376e+01	2.59903e+02	2.51939e+03	9.32943e+02	3.94816e+00	2.00787e+00	5.23140e+01	9.45925e+00	3.73414e+00
7.12881e+01	2.59964e+02	2.51865e+03	9.32817e+02	3.94870e+00	2.00828e+00	5.22584e+01	9.46204e+00	3.73604e+00
7.22386e+01	2.60025e+02	2.51790e+03	9.32686e+02	3.94923e+00	2.00870e+00	5.22024e+01	9.46482e+00	3.73795e+00
7.31891e+01	2.60087e+02	2.51716e+03	9.32548e+02	3.94977e+00	2.00911e+00	5.21459e+01	9.46760e+00	3.73985e+00
7.41396e+01	2.60150e+02	2.51642e+03	9.32404e+02	3.95030e+00	2.00953e+00	5.20888e+01	9.47037e+00	3.74176e+00
7.50901e+01	2.60214e+02	2.51567e+03	9.32254e+02	3.95084e+00	2.00994e+00	5.20313e+01	9.47314e+00	3.74366e+00
7.60407e+01	2.60278e+02	2.51493e+03	9.32098e+02	3.95137e+00	2.01035e+00	5.19732e+01	9.47590e+00	3.74555e+00
7.69912e+01	2.60342e+02	2.51419e+03	9.31935e+02	3.95191e+00	2.01077e+00	5.19146e+01	9.47866e+00	3.74745e+00
7.79417e+01	2.60408e+02	2.51344e+03	9.31767e+02	3.95244e+00	2.01118e+00	5.18555e+01	9.48141e+00	3.74934e+00
7.88922e+01	2.60474e+02	2.51270e+03	9.31592e+02	3.95298e+00	2.01159e+00	5.17959e+01	9.48416e+00	3.75124e+00
7.98427e+01	2.60541e+02	2.51196e+03	9.31410e+02	3.95351e+00	2.01200e+00	5.17358e+01	9.48691e+00	3.75313e+00
8.07932e+01	2.60608e+02	2.51121e+03	9.31222e+02	3.95404e+00	2.01242e+00	5.16752e+01	9.48965e+00	3.75502e+00
8.17437e+01	2.60677e+02	2.51047e+03	9.31028e+02	3.95457e+00	2.01283e+00	5.16140e+01	9.49238e+00	3.75690e+00
8.26942e+01	2.60746e+02	2.50973e+03	9.30827e+02	3.95510e+00	2.01324e+00	5.15523e+01	9.49511e+00	3.75879e+00
8.36447e+01	2.60815e+02	2.50898e+03	9.30620e+02	3.95563e+00	2.01365e+00	5.14901e+01	9.49784e+00	3.76067e+00
8.45952e+01	2.60886e+02	2.50824e+03	9.30407e+02	3.95616e+00	2.01406e+00	5.14273e+01	9.50056e+00	3.76255e+00
8.55457e+01	2.60957e+02	2.50749e+03	9.30188e+02	3.95669e+00	2.01447e+00	5.13639e+01	9.50327e+00	3.76443e+00
8.64962e+01	2.61029e+02	2.50675e+03	9.29962e+02	3.95722e+00	2.01488e+00	5.13001e+01	9.50599e+00	3.76631e+00
8.74468e+01	2.61101e+02	2.50601e+03	9.29730e+02	3.95775e+00	2.01529e+00	5.12357e+01	9.50869e+00	3.76819e+00
8.83973e+01	2.61175e+02	2.50526e+03	9.29492e+02	3.95828e+00	2.01570e+00	5.11707e+01	9.51139e+00	3.77006e+00
8.93478e+01	2.61249e+02	2.50452e+03	9.29248e+02	3.95881e+00	2.01611e+00	5.11051e+01	9.51409e+00	3.77194e+00
9.02983e+01	2.61324e+02	2.50377e+03	9.28998e+02	3.95933e+00	2.01652e+00	5.10391e+01	9.51678e+00	3.77381e+00
9.12488e+01	2.61399e+02	2.50303e+03	9.28743e+02	3.95986e+00	2.01693e+00	5.09724e+01	9.51947e+00	3.77568e+00
9.21993e+01	2.61476e+02	2.50229e+03	9.28482e+02	3.96039e+00	2.01734e+00	5.09052e+01	9.52216e+00	3.77754e+00
9.31498e+01	2.64964e+02	2.50154e+03	9.27857e+02	3.96187e+00	2.01823e+00	4.79709e+01	9.52483e+00	3.77941e+00
9.41003e+01	2.65000e+02	2.50080e+03	9.27945e+02	3.96239e+00	2.01863e+00	4.79420e+01	9.52751e+00	3.78127e+00
9.78912e+01	2.65034e+02	2.49816e+03	1.04587e+03	1.53351e+00	0.00000e+00	0.00000e+00	2.45955e+00	0.00000e+00
1.01682e+02	2.65070e+02	2.49553e+03	1.04748e+03	1.54105e+00	0.00000e+00	0.00000e+00	2.48758e+00	0.00000e+00
1.05473e+02	2.65108e+02	2.49291e+03	1.04907e+03	1.54860e+00	0.00000e+00	0.00000e+00	2.51583e+00	0.00000e+00
1.09264e+02	2.65148e+02	2.49029e+03	1.05064e+03	1.55617e+00	0.00000e+00	0.00000e+00	2.54430e+00	0.00000e+00
1.13055e+02	2.65191e+02	2.48768e+03	1.05220e+03	1.56376e+00	0.00000e+00	0.00000e+00	2.57298e+00	0.00000e+00
1.16846e+02	2.65235e+02	2.48507e+03	1.05374e+03	1.57136e+00	0.00000e+00	0.00000e+00	2.60185e+00	0.00000e+00
1.20637e+02	2.65282e+02	2.48246e+03	1.05527e+03	1.57896e+00	0.00000e+00	0.00000e+00	2.63090e+00	0.00000e+00
1.24427e+02	2.65331e+02	2.47986e+03	1.05678e+03	1.58657e+00	0.00000e+00	0.00000e+00	2.66012e+00	0.00000e+00
1.28218e+02	2.65381e+02	2.47727e+03	1.05828e+03	1.59418e+00	0.00000e+00	0.00000e+00	2.68951e+00	0.00000e+00
1.32009e+02	2.65433e+02	2.47468e+03	1.05976e+03	1.60179e+00	0.00000e+00	0.00000e+00	2.71906e+00	0.00000e+00
1.35800e+02	2.65487e+02	2.47209e+03	1.06123e+03	1.60939e+00	0.00000e+00	0.00000e+00	2.74875e+00	0.00000e+00
1.39591e+02	2.65543e+02	2.46951e+03	1.06269e+03	1.61699e+00	0.00000e+00	0.00000e+00	2.77857e+00	0.00000e+00
1.43382e+02	2.65600e+02	2.46694e+03	1.06413e+03	1.62458e+00	0.00000e+00	0.00000e+00	2.80853e+00	0.00000e+00
1.47173e+02	2.65659e+02	2.46437e+03	1.06556e+03	1.63216e+00	0.00000e+00	0.00000e+00	2.83860e+00	0.00000e+00
1.50964e+02	2.65719e+02	2.46180e+03	1.06698e+03	1.63972e+00	0.00000e+00	0.00000e+00	2.86878e+00	0.00000e+00
1.54755e+02	2.65781e+02	2.45924e+03	1.06838e+03	1.64727e+00	0.00000e+00	0.00000e+00	2.89907e+00	0.00000e+00
1.58545e+02	2.65844e+02	2.45668e+03	1.06977e+03	1.65481e+00	0.00000e+00	0.00000e+00	2.92945e+00	0.00000e+00
1.62336e+02	2.65909e+02	2.45413e+03	1.07115e+03	1.66232e+00	0.00000e+00	0.00000e+00	2.95991e+00	0.00000e+00
1.66127e+02	2.65975e+02	2.45158e+03	1.07252e+03	1.66981e+00	0.00000e+00	0.00000e+00	2.99046e+00	0.00000e+00
1.69918e+02	2.66042e+02	2.44903e+03	1.07387e+03	1.67728e+00	0.00000e+00	0.00000e+00	3.02108e+00	0.00000e+00
1.73709e+02	2.66110e+02	2.44649e+03	1.07521e+03	1.68472e+00	0.00000e+00	0.00000e+00	3.05176e+00	0.00000e+00
1.77500e+02	2.66180e+02	2.44395e+03	1.07654e+03	1.69214e+00	0.00000e+00	0.00000e+00	3.08250e+00	0.00000e+00
1.81291e+02	2.66251e+02	2.44142e+03	1.07786e+03	1.69953e+00	0.00000e+00	0.00000e+00	3.11330e+00	0.00000e+00
1.85082e+02	2.66323e+02	2.43889e+03	1.07916e+03	1.70690e+00	0.00000e+00	0.00000e+00	3.14414e+00	0.00000e+00
1.88873e+02	2.66396e+02	2.43637e+03	1.08046e+03	1.71423e+00	0.00000e+00	0.00000e+00	3.17503e+00	0.00000e+00
1.92663e+02	2.66470e+02	2.43385e+03	1.08174e+03	1.72154e+00	0.00000e+00	0.00000e+00	3.20595e+00	0.00000e+00
1.96454e+02	2.66545e+02	2.43133e+03	1.08302e+03	1.72881e+00	0.00000e+00	0.00000e+00	3.23690e+00	0.00000e+00
2.00245e+02	2.66622e+02	2.42882e+03	1.08428e+03	1.73605e+00	0.00000e+00	0.00000e+00	3.26787e+00	0.00000e+00
2.04036e+02	2.66699e+02	2.42631e+03	1.08553e+03	1.74325e+00	0.00000e+00	0.00000e+00	3.29887e+00	0.00000e+00
2.07827e+02	2.66777e+02	2.42381e+03	1.08678e+03	1.75043e+00	0.00000e+00	0.00000e+00	3.32988e+00	0.00000e+00
2.11618e+02	2.66856e+02	2.42131e+03	1.08801e+03	1.75757e+00	0.00000e+00	0.00000e+00	3.36090e+00	0.00000e+00
2.15409e+02	2.66936e+02	2.41881e+03	1.08923e+03	1.76467e+00	0.00000e+00	0.00000e+00	3.39194e+00	0.00000e+00
2.19200e+02	2.67016e+02	2.41632e+03	1.09044e+03	1.77174e+00	0.00000e+00	0.00000e+00	3.42297e+00	0.00000e+00
2.22991e+02	2.67098e+02	2.41383e+03	1.09164e+03	1.77877e+00	0.00000e+00	0.00000e+00	3.45401e+00	0.00000e+00
2.26781e+02	2.67180e+02	2.41135e+03	1.09284e+03	1.78577e+00	0.00000e+00	0.00000e+00	3.48504e+00	0.00000e+00
2.30572e+02	2.67264e+02	2.40887e+03	1.09402e+03	1.79273e+00	0.00000e+00	0.00000e+00	3.51606e+00	0.00000e+00
2.34363e+02	2.67347e+02	2.40639e+03	1.09520e+03	1.79966e+00	0.00000e+00	0.00000e+00	3.54708e+00	0.00000e+00
2.38154e+02	2.67432e+02	2.40391e+03	1.09636e+03	1.80654e+00	0.00000e+00	0.00000e+00	3.57808e+00	0.00000e+00
2.41945e+02	2.67517e+02	2.40144e+03	1.09752e+03	1.81339e+00	0.00000e+00	0.00000e+00	3.60907e+00	0.00000e+00
2.45736e+02	2.67603e+02	2.39898e+03	1.09867e+03	1.82020e+00	0.00000e+00	0.00000e+00	3.64004e+00	0.00000e+00
2.49527e+02	2.67690e+02	2.39651e+03	1.09981e+03	1.82698e+00	0.00000e+00	0.00000e+00	3.67099e+00	0.00000e+00
2.53318e+02	2.67777e+02	2.39406e+03	1.10094e+03	1.83371e+00	0.00000e+00	0.00000e+00	3.70192e+00	0.00000e+00
2.57109e+02	2.67865e+02	2.39160e+03	1.10206e+03	1.84041e+00	0.00000e+00	0.00000e+00	3.73282e+00	0.00000e+00
2.60899e+02	2.67954e+02	2.38915e+03	1.10318e+03	1.84708e+00	0.00000e+00	0.00000e+00	3.76370e+00	0.00000e+00
2.64690e+02	2.68043e+02	2.38670e+03	1.10429e+03	1.85370e+00	0.00000e+00	0.00000e+00	3.79455e+00	0.00000e+00
2.68481e+02	2.68132e+02	2.38425e+03	1.10538e+03	1.86029e+00	0.00000e+00	0.00000e+00	3.82537e+00	0.00000e+00
2.72272e+02	2.68223e+02	2.38181e+03	1.10648e+03	1.86684e+00	0.00000e+00	0.00000e+00	3.85615e+00	0.00000e+00
2.76063e+02	2.68313e+02	2.37937e+03	1.10756e+03	1.87335e+00	0.00000e+00	0.00000e+00	3.88691e+00	0.00000e+00
2.79854e+02	2.68405e+02	2.37694e+03	1.10864e+03	1.87982e+00	0.00000e+00	0.00000e+00	3.91763e+00	0.00000e+00
2.83645e+02	2.68496e+02	2.37451e+03	1.10971e+03	1.88626e+00	0.00000e+00	0.00000e+00	3.94831e+00	0.00000e+00
2.87436e+02	2.68589e+02	2.37208e+03	1.11077e+03	1.89266e+00	0.00000e+00	0.00000e+00	3.97896e+00	0.00000e+00
2.91226e+02	2.68681e+02	2.36966e+03	1.11182e+03	1.89903e+00	0.00000e+00	0.00000e+00	4.00957e+00	0.00000e+00
2.95017e+02	2.68775e+02	2.36724e+03	1.11287e+03	1.90535e+00	0.00000e+00	0.00000e+00	4.04014e+00	0.00000e+00
2.98808e+02	2.68868e+02	2.36482e+03	1.11391e+03	1.91165e+00	0.00000e+00	0.00000e+00	4.07067e+00	0.00000e+00
3.02599e+02	2.68962e+02	2.36240e+03	1.11494e+03	1.91790e+00	0.00000e+00	0.00000e+00	4.10116e+00	0.00000e+00
3.06390e+02	2.69057e+02	2.35999e+03	1.11597e+03	1.92412e+00	0.00000e+00	0.00000e+00	4.13161e+00	0.00000e+00
3.10181e+02	2.69152e+02	2.35758e+03	1.11699e+03	1.93031e+00	0.00000e+00	0.00000e+00	4.16202e+00	0.00000e+00
3.13972e+02	2.69247e+02	2.35518e+03	1.11801e+03	1.93646e+00	0.00000e+00	0.00000e+00	4.19238e+00	0.00000e+00
3.17763e+02	2.69343e+02	2.35278e+03	1.11901e+03	1.94257e+00	0.00000e+00	0.00000e+00	4.22270e+00	0.00000e+00
3.21554e+02	2.69439e+02	2.35038e+03	1.12002e+03	1.94865e+00	0.00000e+00	0.00000e+00	4.25298e+00	0.00000e+00
3.25344e+02	2.69535e+02	2.34798e+03	1.12101e+03	1.95470e+00	0.00000e+00	0.00000e+00	4.28322e+00	0.00000e+00
3.29135e+02	2.69632e+02	2.34559e+03	1.12200e+03	1.96071e+00	0.00000e+00	0.00000e+00	4.31341e+00	0.00000e+00
3.32926e+02	2.69729e+02	2.34320e+03	1.12298e+03	1.96669e+00	0.00000e+00	0.00000e+00	4.34356e+00	0.00000e+00
3.36717e+02	2.69826e+02	2.34082e+03	1.12396e+03	1.97264e+00	0.00000e+00	0.00000e+00	4.37366e+00	0.00000e+00
3.40508e+02	2.69924e+02	2.33843e+03	1.12493e+03	1.97855e+00	0.00000e+00	0.00000e+00	4.40372e+00	0.00000e+00
3.44299e+02	2.70022e+02	2.33606e+03	1.12590e+03	1.98443e+00	0.00000e+00	0.00000e+00	4.43374e+00	0.00000e+00
3.48090e+02	2.70121e+02	2.33368e+03	1.12686e+03	1.99028e+00	0.00000e+00	0.00000e+00	4.46371e+00	0.00000e+00
3.51881e+02	2.70219e+02	2.33131e+03	1.12781e+03	1.99609e+00	0.00000e+00	0.00000e+00	4.49364e+00	0.00000e+00
3.55672e+02	2.70318e+02	2.32894e+03	1.12876e+03	2.00188e+00	0.00000e+00	0.00000e+00	4.52352e+00	0.00000e+00
3.59462e+02	2.70418e+02	2.32657e+03	1.12970e+03	2.00763e+00	0.00000e+00	0.00000e+00	4.55336e+00	0.00000e+00
3.63253e+02	2.70517e+02	2.32420e+03	1.13064e+03	2.01335e+00	0.00000e+00	0.00000e+00	4.58315e+00	0.00000e+00
3.67044e+02	2.70617e+02	2.32184e+03	1.13157e+03	2.01904e+00	0.00000e+00	0.00000e+00	4.61290e+00	0.00000e+00
3.70835e+02	2.70717e+02	2.31949e+03	1.13250e+03	2.02470e+00	0.00000e+00	0.00000e+00	4.64260e+00	0.00000e+00
3.74626e+02	2.70817e+02	2.31713e+03	1.13342e+03	2.03034e+00	0.00000e+00	0.00000e+00	4.67226e+00	0.00000e+00
3.78417e+02	2.70918e+02	2.31478e+03	1.13434e+03	2.03594e+00	0.00000e+00	0.00000e+00	4.70188e+00	0.00000e+00
3.82208e+02	2.71018e+02	2.31243e+03	1.13525e+03	2.04151e+00	0.00000e+00	0.00000e+00	4.73145e+00	0.00000e+00
3.85999e+02	2.71119e+02	2.31008e+03	1.13616e+03	2.04705e+00	0.00000e+00	0.00000e+00	4.76098e+00	0.00000e+00
3.89790e+02	2.71221e+02	2.30774e+03	1.13706e+03	2.05257e+00	0.00000e+00	0.00000e+00	4.79047e+00	0.00000e+00
3.93580e+02	2.71322e+02	2.30540e+03	1.13796e+03	2.05805e+00	0.00000e+00	0.00000e+00	4.81991e+00	0.00000e+00
3.97371e+02	2.71424e+02	2.30306e+03	1.13885e+03	2.06351e+00	0.00000e+00	0.00000e+00	4.84932e+00	0.00000e+00
4.01162e+02	2.71525e+02	2.30073e+03	1.13974e+03	2.06894e+00	0.00000e+00	0.00000e+00	4.87868e+00	0.00000e+00
4.04953e+02	2.71627e+02	2.29840e+03	1.14062e+03	2.07435e+00	0.00000e+00	0.00000e+00	4.90799e+00	0.00000e+00
4.08744e+02	2.71730e+02	2.29607e+03	1.14150e+03	2.07972e+00	0.00000e+00	0.00000e+00	4.93727e+00	0.00000e+00
4.12535e+02	2.71832e+02	2.29374e+03	1.14237e+03	2.08507e+00	0.00000e+00	0.00000e+00	4.96651e+00	0.00000e+00
4.16326e+02	2.71935e+02	2.29142e+03	1.14324e+03	2.09040e+00	0.00000e+00	0.00000e+00	4.99570e+00	0.00000e+00
4.20117e+02	2.72037e+02	2.28910e+03	1.14411e+03	2.09569e+00	0.00000e+00	0.00000e+00	5.02486e+00	0.00000e+00
4.23908e+02	2.72140e+02	2.28678e+03	1.14497e+03	2.10097e+00	0.00000e+00	0.00000e+00	5.05397e+00	0.00000e+00
4.27698e+02	2.72243e+02	2.28447e+03	1.14583e+03	2.10621e+00	0.00000e+00	0.00000e+00	5.08305e+00	0.00000e+00
4.31489e+02	2.72346e+02	2.28215e+03	1.14668e+03	2.11144e+00	0.00000e+00	0.00000e+00	5.11208e+00	0.00000e+00
4.35280e+02	2.72450e+02	2.27984e+03	1.14753e+03	2.11663e+00	0.00000e+00	0.00000e+00	5.14108e+00	0.00000e+00
4.39071e+02	2.72553e+02	2.27754e+03	1.14837e+03	2.12181e+00	0.00000e+00	0.00000e+00	5.17004e+00	0.00000e+00
4.42862e+02	2.72657e+02	2.27524e+03	1.14921e+03	2.12696e+00	0.00000e+00	0.00000e+00	5.19897e+00	0.00000e+00
4.46653e+02	2.72761e+02	2.27293e+03	1.15005e+03	2.13208e+00	0.00000e+00	0.00000e+00	5.22785e+00	0.00000e+00
4.50444e+02	2.72864e+02	2.27064e+03	1.15088e+03	2.13718e+00	0.00000e+00	0.00000e+00	5.25670e+00	0.00000e+00
4.54235e+02	2.72969e+02	2.26834e+03	1.15171e+03	2.14226e+00	0.00000e+00	0.00000e+00	5.28551e+00	0.00000e+00
4.58026e+02	2.73073e+02	2.26605e+03	1.15253e+03	2.14732e+00	0.00000e+00	0.00000e+00	5.31429e+00	0.00000e+00
4.61816e+02	2.73177e+02	2.26376e+03	1.15335e+03	2.15235e+00	0.00000e+00	0.00000e+00	5.34303e+00	0.00000e+00
4.65607e+02	2.73281e+02	2.26147e+03	1.15417e+03	2.15736e+00	0.00000e+00	0.00000e+00	5.37173e+00	0.00000e+00
4.69398e+02	2.73386e+02	2.25919e+03	1.15498e+03	2.16235e+00	0.00000e+00	0.00000e+00	5.40040e+00	0.00000e+00
4.73189e+02	2.73490e+02	2.25691e+03	1.15579e+03	2.16731e+00	0.00000e+00	0.00000e+00	5.42904e+00	0.00000e+00
4.76980e+02	2.73595e+02	2.25463e+03	1.15660e+03	2.17226e+00	0.00000e+00	0.00000e+00	5.45764e+00	0.00000e+00
4.80771e+02	2.73700e+02	2.25235e+03	1.15740e+03	2.17718e+00	0.00000e+00	0.00000e+00	5.48621e+00	0.00000e+00
4.84562e+02	2.73805e+02	2.25008e+03	1.15819e+03	2.18209e+00	0.00000e+00	0.00000e+00	5.51475e+00	0.00000e+00
4.88353e+02	2.73910e+02	2.24781e+03	1.15899e+03	2.18697e+00	0.00000e+00	0.00000e+00	5.54326e+00	0.00000e+00
4.92144e+02	2.74015e+02	2.24554e+03	1.15978e+03	2.19183e+00	0.00000e+00	0.00000e+00	5.57173e+00	0.00000e+00
4.95934e+02	2.74120e+02	2.24327e+03	1.16057e+03	2.19667e+00	0.00000e+00	0.00000e+00	5.60017e+00	0.00000e+00
4.99725e+02	2.74225e+02	2.24101e+03	1.16135e+03	2.20149e+00	0.00000e+00	0.00000e+00	5.62858e+00	0.00000e+00
5.03516e+02	2.74330e+02	2.23875e+03	1.16213e+03	2.20630e+00	0.00000e+00	0.00000e+00	5.65696e+00	0.00000e+00
5.07307e+02	2.74436e+02	2.23649e+03	1.16291e+03	2.21108e+00	0.00000e+00	0.00000e+00	5.68531e+00	0.00000e+00
5.11098e+02	2.74541e+02	2.23424e+03	1.16368e+03	2.21584e+00	0.00000e+00	0.00000e+00	5.71363e+00	0.00000e+00
5.14889e+02	2.74647e+02	2.23199e+03	1.16445e+03	2.22059e+00	0.00000e+00	0.00000e+00	5.74192e+00	0.00000e+00
5.18680e+02	2.74752e+02	2.22974e+03	1.16522e+03	2.22531e+00	0.00000e+00	0.00000e+00	5.77019e+00	0.00000e+00
5.22471e+02	2.74858e+02	2.22749e+03	1.16598e+03	2.23002e+00	0.00000e+00	0.00000e+00	5.79842e+00	0.00000e+00
5.26262e+02	2.74963e+02	2.22524e+03	1.16674e+03	2.23471e+00	0.00000e+00	0.00000e+00	5.82663e+00	0.00000e+00
5.30052e+02	2.75069e+02	2.22300e+03	1.16750e+03	2.23938e+00	0.00000e+00	0.00000e+00	5.85481e+00	0.00000e+00
5.33843e+02	2.75175e+02	2.22076e+03	1.16826e+03	2.24403e+00	0.00000e+00	0.00000e+00	5.88296e+00	0.00000e+00
5.37634e+02	2.75281e+02	2.21853e+03	1.16901e+03	2.24867e+00	0.00000e+00	0.00000e+00	5.91108e+00	0.00000e+00
5.41425e+02	2.75387e+02	2.21629e+03	1.16976e+03	2.25328e+00	0.00000e+00	0.00000e+00	5.93918e+00	0.00000e+00
5.45216e+02	2.75493e+02	2.21406e+03	1.17050e+03	2.25788e+00	0.00000e+00	0.00000e+00	5.96726e+00	0.00000e+00
5.49007e+02	2.75598e+02	2.21183e+03	1.17124e+03	2.26247e+00	0.00000e+00	0.00000e+00	5.99531e+00	0.00000e+00
5.52798e+02	2.75704e+02	2.20960e+03	1.17198e+03	2.26703e+00	0.00000e+00	0.00000e+00	6.02333e+00	0.00000e+00
5.56589e+02	2.75810e+02	2.20738e+03	1.17272e+03	2.27158e+00	0.00000e+00	0.00000e+00	6.05133e+00	0.00000e+00
5.60380e+02	2.75917e+02	2.20516e+03	1.17345e+03	2.27612e+00	0.00000e+00	0.00000e+00	6.07930e+00	0.00000e+00
5.64170e+02	2.76023e+02	2.20294e+03	1.17418e+03	2.28063e+00	0.00000e+00	0.00000e+00	6.10725e+00	0.00000e+00
5.67961e+02	2.76129e+02	2.20072e+03	1.17491e+03	2.28513e+00	0.00000e+00	0.00000e+00	6.13518e+00	0.00000e+00
5.71752e+02	2.76235e+02	2.19851e+03	1.17563e+03	2.28962e+00	0.00000e+00	0.00000e+00	6.16309e+00	0.00000e+00
5.75543e+02	2.76341e+02	2.19630e+03	1.17636e+03	2.29409e+00	0.00000e+00	0.00000e+00	6.19097e+00	0.00000e+00
5.79334e+02	2.76447e+02	2.19409e+03	1.17707e+03	2.29854e+00	0.00000e+00	0.00000e+00	6.21883e+00	0.00000e+00
5.83125e+02	2.76553e+02	2.19188e+03	1.17779e+03	2.30298e+00	0.00000e+00	0.00000e+00	6.24667e+00	0.00000e+00
5.86916e+02	2.76660e+02	2.18967e+03	1.17850e+03	2.30740e+00	0.00000e+00	0.00000e+00	6.27448e+00	0.00000e+00
5.90707e+02	2.76766e+02	2.18747e+03	1.17921e+03	2.31181e+00	0.00000e+00	0.00000e+00	6.30228e+00	0.00000e+00
5.94498e+02	2.76872e+02	2.18527e+03	1.17992e+03	2.31620e+00	0.00000e+00	0.00000e+00	6.33005e+00	0.00000e+00
5.98288e+02	2.76978e+02	2.18308e+03	1.18063e+03	2.32058e+00	0.00000e+00	0.00000e+00	6.35781e+00	0.00000e+00
6.02079e+02	2.77085e+02	2.18088e+03	1.18133e+03	2.32495e+00	0.00000e+00	0.00000e+00	6.38554e+00	0.00000e+00
6.05870e+02	2.77191e+02	2.17869e+03	1.18203e+03	2.32930e+00	0.00000e+00	0.00000e+00	6.41325e+00	0.00000e+00
6.09661e+02	2.77297e+02	2.17650e+03	1.18273e+03	2.33363e+00	0.00000e+00	0.00000e+00	6.44095e+00	0.00000e+00
6.13452e+02	2.77403e+02	2.17431e+03	1.18342e+03	2.33795e+00	0.00000e+00	0.00000e+00	6.46862e+00	0.00000e+00
6.17243e+02	2.77510e+02	2.17213e+03	1.18412e+03	2.34226e+00	0.00000e+00	0.00000e+00	6.49628e+00	0.00000e+00
6.21034e+02	2.77616e+02	2.16995e+03	1.18481e+03	2.34656e+00	0.00000e+00	0.00000e+00	6.52392e+00	0.00000e+00
6.24825e+02	2.77722e+02	2.16777e+03	1.18549e+03	2.35084e+00	0.00000e+00	0.00000e+00	6.55154e+00	0.00000e+00
6.28616e+02	2.77828e+02	2.16559e+03	1.18618e+03	2.35510e+00	0.00000e+00	0.00000e+00	6.57914e+00	0.00000e+00
6.32406e+02	2.77934e+02	2.16342e+03	1.18686e+03	2.35936e+00	0.00000e+00	0.00000e+00	6.60672e+00	0.00000e+00
6.36197e+02	2.78041e+02	2.16124e+03	1.18754e+03	2.36360e+00	0.00000e+00	0.00000e+00	6.63429e+00	0.00000e+00
6.39988e+02	2.78147e+02	2.15907e+03	1.18822e+03	2.36782e+00	0.00000e+00	0.00000e+00	6.66184e+00	0.00000e+00
6.43779e+02	2.78253e+02	2.15691e+03	1.18889e+03	2.37204e+00	0.00000e+00	0.00000e+00	6.68937e+00	0.00000e+00
6.47570e+02	2.78359e+02	2.15474e+03	1.18956e+03	2.37624e+00	0.00000e+00	0.00000e+00	6.71689e+00	0.00000e+00
6.51361e+02	2.78465e+02	2.15258e+03	1.19023e+03	2.38043e+00	0.00000e+00	0.00000e+00	6.74439e+00	0.00000e+00
6.55152e+02	2.78572e+02	2.15042e+03	1.19090e+03	2.38460e+00	0.00000e+00	0.00000e+00	6.77187e+00	0.00000e+00
6.58943e+02	2.78678e+02	2.14826e+03	1.19157e+03	2.38877e+00	0.00000e+00	0.00000e+00	6.79934e+00	0.00000e+00
6.62734e+02	2.78784e+02	2.14610e+03	1.19223e+03	2.39292e+00	0.00000e+00	0.00000e+00	6.82679e+00	0.00000e+00
6.66524e+02	2.78890e+02	2.14395e+03	1.19289e+03	2.39706e+00	0.00000e+00	0.00000e+00	6.85423e+00	0.00000e+00
6.70315e+02	2.78996e+02	2.14180e+03	1.19355e+03	2.40119e+00	0.00000e+00	0.00000e+00	6.88165e+00	0.00000e+00
6.74106e+02	2.79102e+02	2.13965e+03	1.19421e+03	2.40530e+00	0.00000e+00	0.00000e+00	6.90906e+00	0.00000e+00
6.77897e+02	2.79208e+02	2.13750e+03	1.19486e+03	2.40941e+00	0.00000e+00	0.00000e+00	6.93645e+00	0.00000e+00
6.81688e+02	2.79314e+02	2.13536e+03	1.19551e+03	2.41350e+00	0.00000e+00	0.00000e+00	6.96383e+00	0.00000e+00
6.85479e+02	2.79420e+02	2.13322e+03	1.19616e+03	2.41758e+00	0.00000e+00	0.00000e+00	6.99119e+00	0.00000e+00
6.89270e+02	2.79526e+02	2.13108e+03	1.19681e+03	2.42165e+00	0.00000e+00	0.00000e+00	7.01855e+00	0.00000e+00
6.93061e+02	2.79632e+02	2.12894e+03	1.19746e+03	2.42571e+00	0.00000e+00	0.00000e+00	7.04588e+00	0.00000e+00
6.96852e+02	2.79738e+02	2.12681e+03	1.19810e+03	2.42975e+00	0.00000e+00	0.00000e+00	7.07321e+00	0.00000e+00
7.00642e+02	2.80754e+02	2.12494e+03	1.36671e+03	4.43993e+00	2.27956e+00	1.17423e+02	1.74726e+01	7.10193e+00
7.04433e+02	2.81152e+02	2.12307e+03	1.36685e+03	4.44223e+00	2.28126e+00	1.16539e+02	1.74882e+01	7.11330e+00
7.08224e+02	2.81549e+02	2.12120e+03	1.36699e+03	4.44453e+00	2.28297e+00	1.15664e+02	1.75037e+01	7.12467e+00
7.12015e+02	2.81937e+02	2.11933e+03	1.36713e+03	4.44683e+00	2.28467e+00	1.14820e+02	1.75193e+01	7.13605e+00
7.15806e+02	2.82322e+02	2.11746e+03	1.36727e+03	4.44913e+00	2.28638e+00	1.13989e+02	1.75348e+01	7.14742e+00
7.19597e+02	2.82707e+02	2.11560e+03	1.36741e+03	4.45142e+00	2.28808e+00	1.13166e+02	1.75503e+01	7.15879e+00
7.23388e+02	2.83092e+02	2.11373e+03	1.36754e+03	4.45372e+00	2.28978e+00	1.12351e+02	1.75659e+01	7.17016e+00
7.27179e+02	2.83478e+02	2.11187e+03	1.36768e+03	4.45602e+00	2.29148e+00	1.11545e+02	1.75814e+01	7.18154e+00
7.30970e+02	2.83863e+02	2.11000e+03	1.36782e+03	4.45831e+00	2.29318e+00	1.10746e+02	1.75970e+01	7.19291e+00
7.34760e+02	2.84246e+02	2.10814e+03	1.36795e+03	4.46061e+00	2.29488e+00	1.09959e+02	1.76125e+01	7.20428e+00
7.38551e+02	2.84620e+02	2.10628e+03	1.36809e+03	4.46290e+00	2.29658e+00	1.09199e+02	1.76281e+01	7.21565e+00
7.42342e+02	2.84994e+02	2.10442e+03	2.74920e+03	7.31618e+00	4.01635e+00	2.33490e+13	8.80255e+01	4.43477e+01
9.47440e+02	2.87663e+02	2.05431e+03	2.74920e+03	7.33643e+00	4.02391e+00	2.96945e+13	8.89398e+01	4.46763e+01
1.15254e+03	2.90267e+02	2.00421e+03	2.75918e+03	7.33796e+00	4.01709e+00	3.75271e+13	8.95020e+01	4.46737e+01
1.35838e+03	2.92808e+02	1.95410e+03	2.76839e+03	7.33559e+00	4.00802e+00	4.72285e+13	8.99683e+01	4.46182e+01
1.56491e+03	2.95284e+02	1.90400e+03	2.77748e+03	7.37034e+00	4.01393e+00	5.91921e+13	9.15020e+01	4.48917e+01
1.77212e+03	2.97695e+02	1.85389e+03	2.78628e+03	7.34418e+00	3.99575e+00	7.38901e+13	9.12673e+01	4.46315e+01
1.97998e+03	3.00043e+02	1.80379e+03	2.79540e+03	7.33712e+00	3.98543e+00	9.18789e+13	9.15766e+01	4.45430e+01
2.18853e+03	3.02326e+02	1.75368e+03	2.80433e+03	7.34087e+00	3.97952e+00	1.13825e+14	9.21958e+01	4.45507e+01
2.39774e+03	3.04544e+02	1.70358e+03	2.81315e+03	7.34540e+00	3.97408e+00	1.40508e+14	9.28328e+01	4.45674e+01
2.60761e+03	3.06699e+02	1.65347e+03	2.82191e+03	7.35451e+00	3.97058e+00	1.72841e+14	9.36027e+01	4.46257e+01
2.81813e+03	3.08789e+02	1.60337e+03	2.83059e+03	7.36227e+00	3.96670e+00	2.11898e+14	9.43291e+01	4.46745e+01
3.02930e+03	3.10815e+02	1.55326e+03	2.83922e+03	7.37095e+00	3.96332e+00	2.58931e+14	9.50798e+01	4.47330e+01
3.24111e+03	3.12776e+02	1.50315e+03	2.84780e+03	7.36102e+00	3.95378e+00	3.15401e+14	9.52402e+01	4.46518e+01
3.45357e+03	3.14673e+02	1.45305e+03	2.85631e+03	7.33627e+00	3.95776e+00	3.83003e+14	9.44696e+01	4.49298e+01
3.66666e+03	3.16506e+02	1.40294e+03	2.86831e+03	7.31200e+00	3.97024e+00	4.63702e+14	9.35073e+01	4.54243e+01
3.88064e+03	3.18275e+02	1.35284e+03	2.88174e+03	7.39957e+00	3.99807e+00	5.60030e+14	9.67410e+01	4.62042e+01
4.09563e+03	3.19979e+02	1.30273e+03	2.88941e+03	7.38758e+00	3.98803e+00	6.74864e+14	9.67302e+01	4.60893e+01
4.31118e+03	3.21619e+02	1.25263e+03	2.89754e+03	7.36942e+00	3.97643e+00	8.10877e+14	9.65524e+01	4.59461e+01
4.52735e+03	3.23194e+02	1.20252e+03	2.90570e+03	7.35744e+00	3.96757e+00	9.71603e+14	9.65775e+01	4.58701e+01
4.74412e+03	3.24706e+02	1.15242e+03	2.91394e+03	7.35182e+00	3.96137e+00	1.16105e+15	9.67888e+01	4.58509e+01
4.96151e+03	3.26153e+02	1.10231e+03	2.92184e+03	7.35784e+00	3.95944e+00	1.38380e+15	9.73632e+01	4.59271e+01
5.17949e+03	3.27535e+02	1.05221e+03	2.92955e+03	7.37430e+00	3.96129e+00	1.64501e+15	9.82715e+01	4.60896e+01
5.39804e+03	3.28854e+02	1.00210e+03	2.93717e+03	7.39573e+00	3.96491e+00	1.95054e+15	9.93440e+01	4.62926e+01
5.61716e+03	3.30108e+02	9.51998e+02	2.94473e+03	7.42123e+00	3.97000e+00	2.30703e+15	1.00551e+02	4.65289e+01
5.83685e+03	3.31297e+02	9.01893e+02	2.95217e+03	7.44773e+00	3.97531e+00	2.72199e+15	1.01815e+02	4.67759e+01
6.05709e+03	3.32423e+02	8.51788e+02	2.95991e+03	7.47441e+00	3.98088e+00	3.20385e+15	1.03066e+02	4.70198e+01
6.27790e+03	3.33484e+02	8.01683e+02	2.96704e+03	7.50757e+00	3.98921e+00	3.76222e+15	1.04470e+02	4.73041e+01
6.49925e+03	3.34481e+02	7.51577e+02	2.97252e+03	7.53785e+00	3.99705e+00	4.40757e+15	1.05825e+02	4.76023e+01
6.72101e+03	3.35413e+02	7.01472e+02	2.97954e+03	7.56968e+00	4.00387e+00	5.15106e+15	1.07465e+02	4.79537e+01
6.94329e+03	3.36282e+02	6.51367e+02	2.99128e+03	7.62242e+00	4.02056e+00	6.00643e+15	1.09901e+02	4.86080e+01
7.16645e+03	3.37085e+02	6.01262e+02	3.00700e+03	7.65523e+00	4.02796e+00	6.99098e+15	1.11588e+02	4.89711e+01
7.39078e+03	3.37825e+02	5.51157e+02	3.01835e+03	7.67753e+00	4.03291e+00	8.12437e+15	1.12631e+02	4.91657e+01
7.61596e+03	3.38500e+02	5.01052e+02	3.02289e+03	7.72125e+00	4.04332e+00	9.42349e+15	1.15057e+02	4.97362e+01
7.84148e+03	3.39111e+02	4.50946e+02	3.04225e+03	7.76024e+00	4.07510e+00	1.09043e+16	1.16277e+02	5.07115e+01
8.06844e+03	3.39658e+02	4.00841e+02	3.05359e+03	7.83211e+00	4.13283e+00	1.26007e+16	1.18726e+02	5.25801e+01
8.29624e+03	3.40140e+02	3.50736e+02	3.07833e+03	7.89906e+00	4.17778e+00	1.45327e+16	1.21320e+02	5.41240e+01
8.52589e+03	3.40558e+02	3.00631e+02	3.10097e+03	7.95252e+00	4.20977e+00	1.67413e+16	1.23519e+02	5.52599e+01
8.75724e+03	3.40912e+02	2.50526e+02	3.11813e+03	7.99859e+00	4.23473e+00	1.92580e+16	1.25502e+02	5.61712e+01
8.98986e+03	3.41201e+02	2.00421e+02	3.13230e+03	8.03978e+00	4.25508e+00	2.21121e+16	1.27345e+02	5.69342e+01
9.22354e+03	3.41426e+02	1.50315e+02	3.14455e+03	8.07738e+00	4.27208e+00	2.53364e+16	1.29086e+02	5.75876e+01
9.45813e+03	3.41587e+02	1.00210e+02	3.15537e+03	8.11272e+00	4.28699e+00	2.89666e+16	1.30764e+02	5.81729e+01
9.69353e+03	3.41684e+02	5.01052e+01	3.16531e+03	8.14657e+00	4.30057e+00	3.30400e+16	1.32404e+02	5.87149e+01
9.92967e+03	NaN	0.00000e+00	3.17465e+03	NaN	NaN	NaN	NaN	NaN
