P (MPa)		T (K)		r (km)		rho (kg m-3)	VP (km s-1)	VS (km s-1)	QS/gamma	k for 0.01 mol/kg MgSO4 (S m-1)	
0.00000e+00	9.40000e+01	2.57500e+03	9.32574e+02	3.87821e+00	1.96165e+00	1.36549e+05	0.00000e+00
1.69314e+00	1.10472e+02	2.57373e+03	9.32574e+02	3.88049e+00	1.96307e+00	2.14796e+04	0.00000e+00
3.38629e+00	1.29831e+02	2.57239e+03	9.32730e+02	3.88335e+00	1.96478e+00	4.45183e+03	0.00000e+00
5.07943e+00	1.52583e+02	2.57105e+03	9.32885e+02	3.88712e+00	1.96695e+00	1.16671e+03	0.00000e+00
6.77258e+00	1.79321e+02	2.56971e+03	9.33040e+02	3.89234e+00	1.96986e+00	3.73342e+02	0.00000e+00
8.46572e+00	2.10745e+02	2.56837e+03	9.33194e+02	3.89974e+00	1.97386e+00	1.41592e+02	0.00000e+00
1.01589e+01	2.47675e+02	2.56703e+03	9.33347e+02	3.91003e+00	1.97933e+00	6.20516e+01	0.00000e+00
1.18520e+01	2.47705e+02	2.56569e+03	9.33499e+02	3.91107e+00	1.98013e+00	6.20167e+01	0.00000e+00
1.35452e+01	2.47734e+02	2.56436e+03	9.33650e+02	3.91211e+00	1.98092e+00	6.19814e+01	0.00000e+00
1.52383e+01	2.47765e+02	2.56302e+03	9.33800e+02	3.91314e+00	1.98170e+00	6.19459e+01	0.00000e+00
1.69314e+01	2.47795e+02	2.56168e+03	9.33950e+02	3.91417e+00	1.98249e+00	6.19100e+01	0.00000e+00
1.86246e+01	2.47826e+02	2.56035e+03	9.34098e+02	3.91520e+00	1.98327e+00	6.18738e+01	0.00000e+00
2.03177e+01	2.47857e+02	2.55901e+03	9.34246e+02	3.91623e+00	1.98405e+00	6.18373e+01	0.00000e+00
2.20109e+01	2.47888e+02	2.55768e+03	9.34392e+02	3.91725e+00	1.98483e+00	6.18004e+01	0.00000e+00
2.37040e+01	2.47920e+02	2.55634e+03	9.34537e+02	3.91827e+00	1.98561e+00	6.17632e+01	0.00000e+00
2.53972e+01	2.47952e+02	2.55501e+03	9.34681e+02	3.91928e+00	1.98638e+00	6.17257e+01	0.00000e+00
2.70903e+01	2.47985e+02	2.55368e+03	9.34823e+02	3.92029e+00	1.98716e+00	6.16878e+01	0.00000e+00
2.87835e+01	2.48017e+02	2.55235e+03	9.34965e+02	3.92130e+00	1.98793e+00	6.16496e+01	0.00000e+00
3.04766e+01	2.48050e+02	2.55101e+03	9.35105e+02	3.92231e+00	1.98870e+00	6.16111e+01	0.00000e+00
3.21698e+01	2.48084e+02	2.54968e+03	9.35244e+02	3.92331e+00	1.98947e+00	6.15722e+01	0.00000e+00
3.38629e+01	2.48117e+02	2.54835e+03	9.35381e+02	3.92431e+00	1.99023e+00	6.15329e+01	0.00000e+00
3.55560e+01	2.48151e+02	2.54702e+03	9.35517e+02	3.92530e+00	1.99100e+00	6.14933e+01	0.00000e+00
3.72492e+01	2.48186e+02	2.54569e+03	9.35651e+02	3.92629e+00	1.99176e+00	6.14533e+01	0.00000e+00
3.89423e+01	2.48220e+02	2.54437e+03	9.35784e+02	3.92728e+00	1.99252e+00	6.14130e+01	0.00000e+00
4.06355e+01	2.48255e+02	2.54304e+03	9.35915e+02	3.92827e+00	1.99328e+00	6.13723e+01	0.00000e+00
4.23286e+01	2.48291e+02	2.54171e+03	9.36044e+02	3.92925e+00	1.99404e+00	6.13312e+01	0.00000e+00
4.40218e+01	2.48326e+02	2.54038e+03	9.36172e+02	3.93023e+00	1.99479e+00	6.12898e+01	0.00000e+00
4.57149e+01	2.48363e+02	2.53906e+03	9.36298e+02	3.93121e+00	1.99554e+00	6.12480e+01	0.00000e+00
4.74081e+01	2.48399e+02	2.53773e+03	9.36422e+02	3.93219e+00	1.99630e+00	6.12059e+01	0.00000e+00
4.91012e+01	2.48436e+02	2.53640e+03	9.36544e+02	3.93316e+00	1.99705e+00	6.11633e+01	0.00000e+00
5.07943e+01	2.48473e+02	2.53508e+03	9.36664e+02	3.93413e+00	1.99780e+00	6.11204e+01	0.00000e+00
5.24875e+01	2.48510e+02	2.53376e+03	9.36782e+02	3.93509e+00	1.99854e+00	6.10771e+01	0.00000e+00
5.41806e+01	2.48548e+02	2.53243e+03	9.36898e+02	3.93606e+00	1.99929e+00	6.10334e+01	0.00000e+00
5.58738e+01	2.48587e+02	2.53111e+03	9.37012e+02	3.93702e+00	2.00003e+00	6.09893e+01	0.00000e+00
5.75669e+01	2.48625e+02	2.52979e+03	9.37124e+02	3.93798e+00	2.00077e+00	6.09448e+01	0.00000e+00
5.92601e+01	2.48664e+02	2.52846e+03	9.37233e+02	3.93893e+00	2.00151e+00	6.08999e+01	0.00000e+00
6.09532e+01	2.48704e+02	2.52714e+03	9.37340e+02	3.93989e+00	2.00225e+00	6.08547e+01	0.00000e+00
6.26464e+01	2.48744e+02	2.52582e+03	9.37445e+02	3.94084e+00	2.00299e+00	6.08090e+01	0.00000e+00
6.43395e+01	2.48784e+02	2.52450e+03	9.37547e+02	3.94179e+00	2.00373e+00	6.07629e+01	0.00000e+00
6.60326e+01	2.48825e+02	2.52318e+03	9.37646e+02	3.94273e+00	2.00446e+00	6.07164e+01	0.00000e+00
6.77258e+01	2.48866e+02	2.52186e+03	9.37743e+02	3.94367e+00	2.00520e+00	6.06695e+01	0.00000e+00
6.94189e+01	2.48907e+02	2.52054e+03	9.37838e+02	3.94462e+00	2.00593e+00	6.06222e+01	0.00000e+00
7.11121e+01	2.48949e+02	2.51922e+03	9.37929e+02	3.94555e+00	2.00666e+00	6.05745e+01	0.00000e+00
7.28052e+01	2.48991e+02	2.51791e+03	9.38017e+02	3.94649e+00	2.00739e+00	6.05264e+01	0.00000e+00
7.44984e+01	2.49034e+02	2.51659e+03	9.38103e+02	3.94743e+00	2.00811e+00	6.04778e+01	0.00000e+00
7.61915e+01	2.49077e+02	2.51527e+03	9.38186e+02	3.94836e+00	2.00884e+00	6.04288e+01	0.00000e+00
7.78847e+01	2.49120e+02	2.51396e+03	9.38265e+02	3.94929e+00	2.00957e+00	6.03794e+01	0.00000e+00
7.95778e+01	2.49164e+02	2.51264e+03	9.38342e+02	3.95021e+00	2.01029e+00	6.03295e+01	0.00000e+00
8.12709e+01	2.49209e+02	2.51132e+03	9.38415e+02	3.95114e+00	2.01101e+00	6.02792e+01	0.00000e+00
8.29641e+01	2.49254e+02	2.51001e+03	9.38484e+02	3.95206e+00	2.01173e+00	6.02285e+01	0.00000e+00
8.46572e+01	2.49299e+02	2.50869e+03	9.38551e+02	3.95298e+00	2.01245e+00	6.01773e+01	0.00000e+00
8.63504e+01	2.49345e+02	2.50738e+03	9.38613e+02	3.95390e+00	2.01317e+00	6.01257e+01	0.00000e+00
8.80435e+01	2.49391e+02	2.50607e+03	9.38672e+02	3.95482e+00	2.01389e+00	6.00736e+01	0.00000e+00
8.97367e+01	2.49438e+02	2.50475e+03	9.38728e+02	3.95574e+00	2.01460e+00	6.00211e+01	0.00000e+00
9.14298e+01	2.49485e+02	2.50344e+03	9.38780e+02	3.95665e+00	2.01532e+00	5.99681e+01	0.00000e+00
9.31230e+01	2.49532e+02	2.50213e+03	9.38827e+02	3.95756e+00	2.01603e+00	5.99146e+01	0.00000e+00
9.48161e+01	2.49581e+02	2.50082e+03	9.38871e+02	3.95847e+00	2.01675e+00	5.98607e+01	0.00000e+00
9.65093e+01	2.49629e+02	2.49951e+03	9.38911e+02	3.95938e+00	2.01746e+00	5.98063e+01	0.00000e+00
9.82024e+01	2.49678e+02	2.49819e+03	9.38946e+02	3.96028e+00	2.01817e+00	5.97515e+01	0.00000e+00
9.98955e+01	2.49728e+02	2.49688e+03	9.38977e+02	3.96119e+00	2.01888e+00	5.96962e+01	0.00000e+00
1.01589e+02	2.49778e+02	2.49557e+03	9.39004e+02	3.96209e+00	2.01958e+00	5.96404e+01	0.00000e+00
1.03282e+02	2.49828e+02	2.49427e+03	9.39026e+02	3.96299e+00	2.02029e+00	5.95841e+01	0.00000e+00
1.04975e+02	2.49879e+02	2.49296e+03	9.39044e+02	3.96389e+00	2.02100e+00	5.95273e+01	0.00000e+00
1.06668e+02	2.49931e+02	2.49165e+03	9.39057e+02	3.96478e+00	2.02170e+00	5.94701e+01	0.00000e+00
1.08361e+02	2.49983e+02	2.49034e+03	9.39065e+02	3.96568e+00	2.02240e+00	5.94123e+01	0.00000e+00
1.10054e+02	2.50035e+02	2.48903e+03	9.39068e+02	3.96657e+00	2.02311e+00	5.93541e+01	0.00000e+00
1.11748e+02	2.50088e+02	2.48772e+03	9.39066e+02	3.96746e+00	2.02381e+00	5.92954e+01	0.00000e+00
1.13441e+02	2.50142e+02	2.48642e+03	9.39059e+02	3.96835e+00	2.02451e+00	5.92362e+01	0.00000e+00
1.15134e+02	2.50196e+02	2.48511e+03	9.39047e+02	3.96924e+00	2.02521e+00	5.91764e+01	0.00000e+00
1.16827e+02	2.50251e+02	2.48380e+03	9.39030e+02	3.97013e+00	2.02591e+00	5.91162e+01	0.00000e+00
1.18520e+02	2.50306e+02	2.48250e+03	9.39007e+02	3.97101e+00	2.02660e+00	5.90554e+01	0.00000e+00
1.20213e+02	2.50362e+02	2.48119e+03	9.38979e+02	3.97190e+00	2.02730e+00	5.89941e+01	0.00000e+00
1.21906e+02	2.50418e+02	2.47989e+03	9.38945e+02	3.97278e+00	2.02800e+00	5.89324e+01	0.00000e+00
1.23600e+02	2.50475e+02	2.47858e+03	9.38905e+02	3.97366e+00	2.02869e+00	5.88700e+01	0.00000e+00
1.25293e+02	2.50533e+02	2.47728e+03	9.38859e+02	3.97454e+00	2.02939e+00	5.88072e+01	0.00000e+00
1.26986e+02	2.50591e+02	2.47597e+03	9.38808e+02	3.97541e+00	2.03008e+00	5.87438e+01	0.00000e+00
1.28679e+02	2.50649e+02	2.47467e+03	9.38750e+02	3.97629e+00	2.03077e+00	5.86799e+01	0.00000e+00
1.30372e+02	2.50709e+02	2.47337e+03	9.38687e+02	3.97717e+00	2.03146e+00	5.86155e+01	0.00000e+00
1.32065e+02	2.50768e+02	2.47206e+03	9.38617e+02	3.97804e+00	2.03215e+00	5.85505e+01	0.00000e+00
1.33758e+02	2.50829e+02	2.47076e+03	9.38541e+02	3.97891e+00	2.03284e+00	5.84850e+01	0.00000e+00
1.35452e+02	2.50890e+02	2.46946e+03	9.38458e+02	3.97978e+00	2.03353e+00	5.84189e+01	0.00000e+00
1.37145e+02	2.50951e+02	2.46816e+03	9.38370e+02	3.98065e+00	2.03422e+00	5.83523e+01	0.00000e+00
1.38838e+02	2.51014e+02	2.46685e+03	9.38274e+02	3.98152e+00	2.03490e+00	5.82851e+01	0.00000e+00
1.40531e+02	2.51077e+02	2.46555e+03	9.38172e+02	3.98238e+00	2.03559e+00	5.82174e+01	0.00000e+00
1.42224e+02	2.51140e+02	2.46425e+03	9.38064e+02	3.98325e+00	2.03627e+00	5.81491e+01	0.00000e+00
1.43917e+02	2.51204e+02	2.46295e+03	9.37949e+02	3.98411e+00	2.03696e+00	5.80802e+01	0.00000e+00
1.45610e+02	2.51269e+02	2.46165e+03	9.37827e+02	3.98497e+00	2.03764e+00	5.80108e+01	0.00000e+00
1.47304e+02	2.51334e+02	2.46035e+03	9.37698e+02	3.98584e+00	2.03832e+00	5.79408e+01	0.00000e+00
1.48997e+02	2.51400e+02	2.45905e+03	9.37563e+02	3.98669e+00	2.03900e+00	5.78702e+01	0.00000e+00
1.50690e+02	2.51467e+02	2.45775e+03	9.37421e+02	3.98755e+00	2.03968e+00	5.77990e+01	0.00000e+00
1.52383e+02	2.51534e+02	2.45645e+03	9.37272e+02	3.98841e+00	2.04036e+00	5.77273e+01	0.00000e+00
1.54076e+02	2.51602e+02	2.45515e+03	9.37117e+02	3.98927e+00	2.04104e+00	5.76549e+01	0.00000e+00
1.55769e+02	2.51671e+02	2.45385e+03	9.36955e+02	3.99012e+00	2.04172e+00	5.75820e+01	0.00000e+00
1.57462e+02	2.51741e+02	2.45255e+03	9.36786e+02	3.99097e+00	2.04240e+00	5.75085e+01	0.00000e+00
1.59156e+02	2.51811e+02	2.45125e+03	9.36610e+02	3.99183e+00	2.04308e+00	5.74344e+01	0.00000e+00
1.60849e+02	2.51882e+02	2.44995e+03	9.36428e+02	3.99268e+00	2.04375e+00	5.73596e+01	0.00000e+00
1.62542e+02	2.51953e+02	2.44865e+03	9.36240e+02	3.99353e+00	2.04443e+00	5.72843e+01	0.00000e+00
1.64235e+02	2.52025e+02	2.44735e+03	9.36045e+02	3.99438e+00	2.04510e+00	5.72084e+01	0.00000e+00
1.65928e+02	2.54970e+02	2.44606e+03	9.35844e+02	3.99603e+00	2.04619e+00	5.42321e+01	0.00000e+00
1.67621e+02	2.55000e+02	2.44476e+03	9.35637e+02	3.99686e+00	2.04685e+00	5.42027e+01	0.00000e+00
1.71249e+02	2.55012e+02	2.44254e+03	1.17205e+03	1.79946e+00	0.00000e+00	0.00000e+00	3.13682e-02
1.74876e+02	2.55026e+02	2.44032e+03	1.17317e+03	1.80563e+00	0.00000e+00	0.00000e+00	3.14285e-02
1.78504e+02	2.55039e+02	2.43811e+03	1.17428e+03	1.81176e+00	0.00000e+00	0.00000e+00	3.14898e-02
1.82131e+02	2.55054e+02	2.43589e+03	1.17538e+03	1.81784e+00	0.00000e+00	0.00000e+00	3.15521e-02
1.85759e+02	2.55069e+02	2.43368e+03	1.17648e+03	1.82389e+00	0.00000e+00	0.00000e+00	3.16156e-02
1.89386e+02	2.55085e+02	2.43148e+03	1.17756e+03	1.82990e+00	0.00000e+00	0.00000e+00	3.16802e-02
1.93014e+02	2.55102e+02	2.42927e+03	1.17864e+03	1.83587e+00	0.00000e+00	0.00000e+00	3.17459e-02
1.96641e+02	2.55120e+02	2.42707e+03	1.17972e+03	1.84181e+00	0.00000e+00	0.00000e+00	3.18128e-02
2.00269e+02	2.55138e+02	2.42487e+03	1.18078e+03	1.84772e+00	0.00000e+00	0.00000e+00	3.18807e-02
2.03896e+02	2.55156e+02	2.42267e+03	1.18184e+03	1.85359e+00	0.00000e+00	0.00000e+00	3.19498e-02
2.07524e+02	2.55176e+02	2.42048e+03	1.18290e+03	1.85944e+00	0.00000e+00	0.00000e+00	3.20200e-02
2.11151e+02	2.55196e+02	2.41829e+03	1.18394e+03	1.86525e+00	0.00000e+00	0.00000e+00	3.20912e-02
2.14779e+02	2.55216e+02	2.41610e+03	1.18498e+03	1.87103e+00	0.00000e+00	0.00000e+00	3.21635e-02
2.18406e+02	2.55238e+02	2.41391e+03	1.18601e+03	1.87678e+00	0.00000e+00	0.00000e+00	3.22368e-02
2.22034e+02	2.55259e+02	2.41173e+03	1.18704e+03	1.88249e+00	0.00000e+00	0.00000e+00	3.23111e-02
2.25661e+02	2.55282e+02	2.40954e+03	1.18806e+03	1.88818e+00	0.00000e+00	0.00000e+00	3.23863e-02
2.29289e+02	2.55305e+02	2.40737e+03	1.18908e+03	1.89383e+00	0.00000e+00	0.00000e+00	3.24625e-02
2.32916e+02	2.55328e+02	2.40519e+03	1.19009e+03	1.89945e+00	0.00000e+00	0.00000e+00	3.25396e-02
2.36544e+02	2.55352e+02	2.40301e+03	1.19109e+03	1.90503e+00	0.00000e+00	0.00000e+00	3.26176e-02
2.40171e+02	2.55377e+02	2.40084e+03	1.19208e+03	1.91057e+00	0.00000e+00	0.00000e+00	3.26965e-02
2.43799e+02	2.55402e+02	2.39867e+03	1.19308e+03	1.91606e+00	0.00000e+00	0.00000e+00	3.27763e-02
2.47427e+02	2.55428e+02	2.39650e+03	1.19406e+03	1.92151e+00	0.00000e+00	0.00000e+00	3.28569e-02
2.51054e+02	2.55454e+02	2.39434e+03	1.19504e+03	1.92691e+00	0.00000e+00	0.00000e+00	3.29383e-02
2.54682e+02	2.55481e+02	2.39217e+03	1.19602e+03	1.93226e+00	0.00000e+00	0.00000e+00	3.30206e-02
2.58309e+02	2.55508e+02	2.39001e+03	1.19698e+03	1.93756e+00	0.00000e+00	0.00000e+00	3.31038e-02
2.61937e+02	2.55536e+02	2.38786e+03	1.19795e+03	1.94282e+00	0.00000e+00	0.00000e+00	3.31878e-02
2.65564e+02	2.55564e+02	2.38570e+03	1.19891e+03	1.94803e+00	0.00000e+00	0.00000e+00	3.32726e-02
2.69192e+02	2.55593e+02	2.38355e+03	1.19986e+03	1.95320e+00	0.00000e+00	0.00000e+00	3.33582e-02
2.72819e+02	2.55622e+02	2.38139e+03	1.20081e+03	1.95833e+00	0.00000e+00	0.00000e+00	3.34446e-02
2.76447e+02	2.55652e+02	2.37925e+03	1.20175e+03	1.96343e+00	0.00000e+00	0.00000e+00	3.35318e-02
2.80074e+02	2.55682e+02	2.37710e+03	1.20269e+03	1.96851e+00	0.00000e+00	0.00000e+00	3.36198e-02
2.83702e+02	2.55713e+02	2.37495e+03	1.20362e+03	1.97354e+00	0.00000e+00	0.00000e+00	3.37086e-02
2.87329e+02	2.55744e+02	2.37281e+03	1.20455e+03	1.97855e+00	0.00000e+00	0.00000e+00	3.37982e-02
2.90957e+02	2.55776e+02	2.37067e+03	1.20548e+03	1.98352e+00	0.00000e+00	0.00000e+00	3.38885e-02
2.94584e+02	2.55808e+02	2.36853e+03	1.20640e+03	1.98845e+00	0.00000e+00	0.00000e+00	3.39795e-02
2.98212e+02	2.55841e+02	2.36640e+03	1.20731e+03	1.99334e+00	0.00000e+00	0.00000e+00	3.40713e-02
3.01839e+02	2.55874e+02	2.36426e+03	1.20822e+03	1.99819e+00	0.00000e+00	0.00000e+00	3.41638e-02
3.05467e+02	2.55908e+02	2.36213e+03	1.20913e+03	2.00300e+00	0.00000e+00	0.00000e+00	3.42570e-02
3.09094e+02	2.55942e+02	2.36000e+03	1.21003e+03	2.00777e+00	0.00000e+00	0.00000e+00	3.43508e-02
3.12722e+02	2.55976e+02	2.35787e+03	1.21093e+03	2.01251e+00	0.00000e+00	0.00000e+00	3.44453e-02
3.16349e+02	2.56011e+02	2.35575e+03	1.21182e+03	2.01722e+00	0.00000e+00	0.00000e+00	3.45404e-02
3.19977e+02	2.56046e+02	2.35363e+03	1.21271e+03	2.02191e+00	0.00000e+00	0.00000e+00	3.46361e-02
3.23604e+02	2.56082e+02	2.35150e+03	1.21360e+03	2.02658e+00	0.00000e+00	0.00000e+00	3.47324e-02
3.27232e+02	2.56118e+02	2.34939e+03	1.21448e+03	2.03123e+00	0.00000e+00	0.00000e+00	3.48292e-02
3.30859e+02	2.56155e+02	2.34727e+03	1.21536e+03	2.03588e+00	0.00000e+00	0.00000e+00	3.49266e-02
3.34487e+02	2.56192e+02	2.34515e+03	1.21623e+03	2.04051e+00	0.00000e+00	0.00000e+00	3.50244e-02
3.38114e+02	2.56230e+02	2.34304e+03	1.21710e+03	2.04514e+00	0.00000e+00	0.00000e+00	3.51228e-02
3.41742e+02	2.56267e+02	2.34093e+03	1.21797e+03	2.04976e+00	0.00000e+00	0.00000e+00	3.52216e-02
3.45369e+02	2.56306e+02	2.33882e+03	1.21883e+03	2.05437e+00	0.00000e+00	0.00000e+00	3.53208e-02
3.48997e+02	2.56344e+02	2.33672e+03	1.21969e+03	2.05898e+00	0.00000e+00	0.00000e+00	3.54205e-02
3.52624e+02	2.56384e+02	2.33461e+03	1.22054e+03	2.06358e+00	0.00000e+00	0.00000e+00	3.55206e-02
3.56252e+02	2.56423e+02	2.33251e+03	1.22139e+03	2.06817e+00	0.00000e+00	0.00000e+00	3.56211e-02
3.59879e+02	2.56463e+02	2.33041e+03	1.22224e+03	2.07276e+00	0.00000e+00	0.00000e+00	3.57219e-02
3.63507e+02	2.56503e+02	2.32831e+03	1.22308e+03	2.07734e+00	0.00000e+00	0.00000e+00	3.58231e-02
3.67134e+02	2.56544e+02	2.32622e+03	1.22392e+03	2.08192e+00	0.00000e+00	0.00000e+00	3.59246e-02
3.70762e+02	2.56585e+02	2.32412e+03	1.22475e+03	2.08649e+00	0.00000e+00	0.00000e+00	3.60263e-02
3.74389e+02	2.56627e+02	2.32203e+03	1.22558e+03	2.09105e+00	0.00000e+00	0.00000e+00	3.61284e-02
3.78017e+02	2.56669e+02	2.31994e+03	1.22641e+03	2.09560e+00	0.00000e+00	0.00000e+00	3.62306e-02
3.81644e+02	2.56711e+02	2.31785e+03	1.22724e+03	2.10015e+00	0.00000e+00	0.00000e+00	3.63330e-02
3.85272e+02	2.56754e+02	2.31577e+03	1.22806e+03	2.10469e+00	0.00000e+00	0.00000e+00	3.64357e-02
3.88899e+02	2.56797e+02	2.31368e+03	1.22887e+03	2.10922e+00	0.00000e+00	0.00000e+00	3.65384e-02
3.92527e+02	2.56840e+02	2.31160e+03	1.22969e+03	2.11374e+00	0.00000e+00	0.00000e+00	3.66412e-02
3.96154e+02	2.56884e+02	2.30952e+03	1.23050e+03	2.11826e+00	0.00000e+00	0.00000e+00	3.67442e-02
3.99782e+02	2.56928e+02	2.30744e+03	1.23131e+03	2.12276e+00	0.00000e+00	0.00000e+00	3.68471e-02
4.03409e+02	2.56973e+02	2.30536e+03	1.23211e+03	2.12726e+00	0.00000e+00	0.00000e+00	3.69501e-02
4.07037e+02	2.57017e+02	2.30329e+03	1.23291e+03	2.13175e+00	0.00000e+00	0.00000e+00	3.70531e-02
4.10664e+02	2.57063e+02	2.30122e+03	1.23371e+03	2.13624e+00	0.00000e+00	0.00000e+00	3.71561e-02
4.14292e+02	2.57108e+02	2.29915e+03	1.23450e+03	2.14071e+00	0.00000e+00	0.00000e+00	3.72590e-02
4.17919e+02	2.57154e+02	2.29708e+03	1.23529e+03	2.14518e+00	0.00000e+00	0.00000e+00	3.73620e-02
4.21547e+02	2.57200e+02	2.29501e+03	1.23608e+03	2.14963e+00	0.00000e+00	0.00000e+00	3.74650e-02
4.25174e+02	2.57247e+02	2.29295e+03	1.23686e+03	2.15408e+00	0.00000e+00	0.00000e+00	3.75679e-02
4.28802e+02	2.57321e+02	2.29090e+03	1.24632e+03	4.19884e+00	2.20978e+00	1.23988e+02	0.00000e+00
4.32429e+02	2.57519e+02	2.28885e+03	1.24685e+03	4.20002e+00	2.20990e+00	1.23988e+02	0.00000e+00
4.36057e+02	2.57715e+02	2.28681e+03	1.24738e+03	4.20120e+00	2.21002e+00	1.23988e+02	0.00000e+00
4.39684e+02	2.57910e+02	2.28476e+03	1.24790e+03	4.20239e+00	2.21015e+00	1.23988e+02	0.00000e+00
4.43312e+02	2.58106e+02	2.28272e+03	1.24843e+03	4.20359e+00	2.21028e+00	1.23988e+02	0.00000e+00
4.46939e+02	2.58302e+02	2.28068e+03	1.24895e+03	4.20479e+00	2.21041e+00	1.23988e+02	0.00000e+00
4.50567e+02	2.58498e+02	2.27864e+03	1.24946e+03	4.20599e+00	2.21055e+00	1.23988e+02	0.00000e+00
4.54194e+02	2.58693e+02	2.27660e+03	1.24997e+03	4.20720e+00	2.21068e+00	1.23988e+02	0.00000e+00
4.57822e+02	2.58885e+02	2.27456e+03	1.25048e+03	4.20841e+00	2.21082e+00	1.23988e+02	0.00000e+00
4.61449e+02	2.59074e+02	2.27253e+03	1.25099e+03	4.20962e+00	2.21097e+00	1.23988e+02	0.00000e+00
4.65077e+02	2.59262e+02	2.27049e+03	1.25149e+03	4.21084e+00	2.21111e+00	1.23988e+02	0.00000e+00
4.68705e+02	2.59451e+02	2.26846e+03	1.25199e+03	4.21206e+00	2.21126e+00	1.23988e+02	0.00000e+00
4.72332e+02	2.59640e+02	2.26643e+03	1.25249e+03	4.21329e+00	2.21141e+00	1.23988e+02	0.00000e+00
4.75960e+02	2.59829e+02	2.26440e+03	1.25298e+03	4.21452e+00	2.21156e+00	1.23988e+02	0.00000e+00
4.79587e+02	2.60017e+02	2.26237e+03	1.25347e+03	4.21576e+00	2.21172e+00	1.23988e+02	0.00000e+00
4.83215e+02	2.60201e+02	2.26034e+03	1.25396e+03	4.21700e+00	2.21188e+00	1.23988e+02	0.00000e+00
4.86842e+02	2.60383e+02	2.25832e+03	1.25444e+03	4.21825e+00	2.21204e+00	1.23988e+02	0.00000e+00
4.90470e+02	2.60564e+02	2.25629e+03	1.25492e+03	4.21949e+00	2.21221e+00	1.23988e+02	0.00000e+00
4.94097e+02	2.60745e+02	2.25427e+03	1.25540e+03	4.22075e+00	2.21238e+00	1.23988e+02	0.00000e+00
4.97725e+02	2.60926e+02	2.25225e+03	1.25587e+03	4.22201e+00	2.21255e+00	1.23988e+02	0.00000e+00
5.01352e+02	2.61107e+02	2.25023e+03	1.25634e+03	4.22327e+00	2.21272e+00	1.23988e+02	0.00000e+00
5.04980e+02	2.61288e+02	2.24821e+03	1.25681e+03	4.22453e+00	2.21290e+00	1.23988e+02	0.00000e+00
5.08607e+02	2.61464e+02	2.24619e+03	1.25727e+03	4.22580e+00	2.21307e+00	1.23988e+02	0.00000e+00
5.12235e+02	2.61638e+02	2.24418e+03	1.25773e+03	4.22708e+00	2.21326e+00	1.23988e+02	0.00000e+00
5.15862e+02	2.61811e+02	2.24216e+03	1.25819e+03	4.22835e+00	2.21344e+00	1.23988e+02	0.00000e+00
5.19490e+02	2.61984e+02	2.24015e+03	1.25864e+03	4.22964e+00	2.21363e+00	1.23988e+02	0.00000e+00
5.23117e+02	2.62157e+02	2.23814e+03	1.25909e+03	4.23092e+00	2.21382e+00	1.23988e+02	0.00000e+00
5.26745e+02	2.62330e+02	2.23613e+03	1.25954e+03	4.23221e+00	2.21401e+00	1.23988e+02	0.00000e+00
5.30372e+02	2.62504e+02	2.23412e+03	1.25999e+03	4.23351e+00	2.21420e+00	1.23988e+02	0.00000e+00
5.34000e+02	2.62672e+02	2.23211e+03	1.26043e+03	4.23481e+00	2.21440e+00	1.23988e+02	0.00000e+00
5.37627e+02	2.62837e+02	2.23010e+03	1.26086e+03	4.23611e+00	2.21460e+00	1.23988e+02	0.00000e+00
5.41255e+02	2.63002e+02	2.22810e+03	1.26130e+03	4.23742e+00	2.21481e+00	1.23988e+02	0.00000e+00
5.44882e+02	2.63168e+02	2.22609e+03	1.26173e+03	4.23873e+00	2.21501e+00	1.23988e+02	0.00000e+00
5.48510e+02	2.63333e+02	2.22409e+03	1.26216e+03	4.24005e+00	2.21522e+00	1.23988e+02	0.00000e+00
5.52137e+02	2.63498e+02	2.22209e+03	1.26258e+03	4.24137e+00	2.21543e+00	1.23988e+02	0.00000e+00
5.55765e+02	2.63663e+02	2.22009e+03	1.26300e+03	4.24269e+00	2.21565e+00	1.23988e+02	0.00000e+00
5.59392e+02	2.63823e+02	2.21809e+03	1.26342e+03	4.24402e+00	2.21586e+00	1.23988e+02	0.00000e+00
5.63020e+02	2.63981e+02	2.21609e+03	1.26384e+03	4.24535e+00	2.21608e+00	1.23988e+02	0.00000e+00
5.66647e+02	2.64138e+02	2.21410e+03	1.26425e+03	4.24669e+00	2.21630e+00	1.23988e+02	0.00000e+00
5.70275e+02	2.64296e+02	2.21210e+03	1.26466e+03	4.24802e+00	2.21653e+00	1.23988e+02	0.00000e+00
5.73902e+02	2.64453e+02	2.21011e+03	1.26506e+03	4.24937e+00	2.21675e+00	1.23988e+02	0.00000e+00
5.77530e+02	2.64610e+02	2.20812e+03	1.26547e+03	4.25072e+00	2.21698e+00	1.23988e+02	0.00000e+00
5.81157e+02	2.64768e+02	2.20612e+03	1.26586e+03	4.25207e+00	2.21721e+00	1.23988e+02	0.00000e+00
5.84785e+02	2.64920e+02	2.20413e+03	1.26626e+03	4.25343e+00	2.21745e+00	1.23988e+02	0.00000e+00
5.88412e+02	2.65070e+02	2.20215e+03	1.26665e+03	4.25478e+00	2.21769e+00	1.23988e+02	0.00000e+00
5.92040e+02	2.65219e+02	2.20016e+03	1.26704e+03	4.25615e+00	2.21793e+00	1.23988e+02	0.00000e+00
5.95667e+02	2.65369e+02	2.19817e+03	1.26743e+03	4.25752e+00	2.21817e+00	1.23988e+02	0.00000e+00
5.99295e+02	2.65519e+02	2.19619e+03	1.26781e+03	4.25889e+00	2.21841e+00	1.23988e+02	0.00000e+00
6.02922e+02	2.65668e+02	2.19421e+03	1.26819e+03	4.26026e+00	2.21866e+00	1.23988e+02	0.00000e+00
6.06550e+02	2.65818e+02	2.19222e+03	1.26857e+03	4.26164e+00	2.21891e+00	1.23988e+02	0.00000e+00
6.10177e+02	2.65962e+02	2.19024e+03	1.26895e+03	4.26303e+00	2.21916e+00	1.23988e+02	0.00000e+00
6.13805e+02	2.66105e+02	2.18826e+03	1.26932e+03	4.26441e+00	2.21942e+00	1.23988e+02	0.00000e+00
6.17432e+02	2.66247e+02	2.18629e+03	1.26969e+03	4.26580e+00	2.21967e+00	1.23988e+02	0.00000e+00
6.21060e+02	2.66389e+02	2.18431e+03	1.27005e+03	4.26720e+00	2.21993e+00	1.23988e+02	0.00000e+00
6.24687e+02	2.66531e+02	2.18233e+03	1.27041e+03	4.26860e+00	2.22020e+00	1.23988e+02	0.00000e+00
6.28315e+02	2.66673e+02	2.18036e+03	1.27077e+03	4.27000e+00	2.22046e+00	1.23988e+02	0.00000e+00
6.31942e+02	2.66816e+02	2.17839e+03	1.27113e+03	4.27141e+00	2.22073e+00	1.23988e+02	0.00000e+00
6.35570e+02	2.67022e+02	2.17641e+03	1.27148e+03	4.27282e+00	2.22100e+00	1.23988e+02	0.00000e+00
6.39197e+02	2.67252e+02	2.17454e+03	1.33473e+03	4.45111e+00	2.27657e+00	1.44459e+02	0.00000e+00
6.42825e+02	2.67482e+02	2.17266e+03	1.33476e+03	4.45353e+00	2.27833e+00	1.43772e+02	0.00000e+00
6.46452e+02	2.67711e+02	2.17078e+03	1.33479e+03	4.45595e+00	2.28009e+00	1.43088e+02	0.00000e+00
6.50080e+02	2.67941e+02	2.16891e+03	1.33483e+03	4.45836e+00	2.28185e+00	1.42410e+02	0.00000e+00
6.53707e+02	2.68171e+02	2.16703e+03	1.33486e+03	4.46077e+00	2.28361e+00	1.41736e+02	0.00000e+00
6.57335e+02	2.68401e+02	2.16516e+03	1.33489e+03	4.46319e+00	2.28537e+00	1.41066e+02	0.00000e+00
6.60962e+02	2.68646e+02	2.16328e+03	1.33492e+03	4.46560e+00	2.28712e+00	1.40356e+02	0.00000e+00
6.64590e+02	2.68896e+02	2.16141e+03	1.33495e+03	4.46801e+00	2.28888e+00	1.39638e+02	0.00000e+00
6.68217e+02	2.69145e+02	2.15953e+03	1.33499e+03	4.47042e+00	2.29063e+00	1.38924e+02	0.00000e+00
6.71845e+02	2.69395e+02	2.15766e+03	1.33502e+03	4.47283e+00	2.29238e+00	1.38216e+02	0.00000e+00
6.75472e+02	2.69645e+02	2.15579e+03	1.33505e+03	4.47524e+00	2.29413e+00	1.37512e+02	0.00000e+00
6.79100e+02	2.69895e+02	2.15392e+03	1.33508e+03	4.47764e+00	2.29588e+00	1.36813e+02	0.00000e+00
6.82727e+02	2.70145e+02	2.15205e+03	1.33511e+03	4.48004e+00	2.29763e+00	1.36119e+02	0.00000e+00
6.86355e+02	2.70386e+02	2.15018e+03	1.33514e+03	4.48245e+00	2.29937e+00	1.35454e+02	0.00000e+00
6.89983e+02	2.70625e+02	2.14831e+03	1.33518e+03	4.48485e+00	2.30112e+00	1.34799e+02	0.00000e+00
6.93610e+02	2.70864e+02	2.14644e+03	1.33521e+03	4.48725e+00	2.30286e+00	1.34148e+02	0.00000e+00
6.97238e+02	2.71103e+02	2.14457e+03	1.33524e+03	4.48964e+00	2.30460e+00	1.33502e+02	0.00000e+00
7.00865e+02	2.71342e+02	2.14270e+03	1.33527e+03	4.49204e+00	2.30634e+00	1.32860e+02	0.00000e+00
7.04493e+02	2.71581e+02	2.14083e+03	1.33530e+03	4.49444e+00	2.30808e+00	1.32223e+02	0.00000e+00
7.08120e+02	2.71820e+02	2.13897e+03	1.33534e+03	4.49683e+00	2.30982e+00	1.31589e+02	0.00000e+00
7.11748e+02	2.72050e+02	2.13710e+03	1.33537e+03	4.49922e+00	2.31155e+00	1.30981e+02	0.00000e+00
7.15375e+02	2.72279e+02	2.13524e+03	1.33540e+03	4.50161e+00	2.31329e+00	1.30383e+02	0.00000e+00
7.19003e+02	2.72508e+02	2.13337e+03	1.33543e+03	4.50400e+00	2.31502e+00	1.29788e+02	0.00000e+00
7.22630e+02	2.72736e+02	2.13151e+03	1.33547e+03	4.50638e+00	2.31675e+00	1.29197e+02	0.00000e+00
7.26258e+02	2.72965e+02	2.12964e+03	1.33550e+03	4.50877e+00	2.31848e+00	1.28609e+02	0.00000e+00
7.29885e+02	2.73194e+02	2.12778e+03	1.33553e+03	4.51115e+00	2.32021e+00	1.28025e+02	0.00000e+00
7.33513e+02	2.73422e+02	2.12592e+03	1.33556e+03	4.51354e+00	2.32194e+00	1.27445e+02	0.00000e+00
7.37140e+02	2.73643e+02	2.12406e+03	1.33560e+03	4.51592e+00	2.32366e+00	1.26888e+02	0.00000e+00
7.40768e+02	2.73862e+02	2.12220e+03	1.33563e+03	4.51830e+00	2.32538e+00	1.26339e+02	0.00000e+00
7.44395e+02	2.74081e+02	2.12034e+03	1.33566e+03	4.52067e+00	2.32711e+00	1.25793e+02	0.00000e+00
7.48023e+02	2.74300e+02	2.11848e+03	1.33570e+03	4.52305e+00	2.32883e+00	1.25250e+02	0.00000e+00
7.51650e+02	2.74519e+02	2.11662e+03	1.33573e+03	4.52543e+00	2.33055e+00	1.24711e+02	0.00000e+00
7.55278e+02	2.74738e+02	2.11476e+03	1.33576e+03	4.52780e+00	2.33227e+00	1.24175e+02	0.00000e+00
7.58905e+02	2.74957e+02	2.11290e+03	1.33580e+03	4.53017e+00	2.33398e+00	1.23641e+02	0.00000e+00
7.62533e+02	2.75169e+02	2.11105e+03	1.33583e+03	4.53254e+00	2.33570e+00	1.23130e+02	0.00000e+00
7.66160e+02	2.75379e+02	2.10919e+03	1.33586e+03	4.53491e+00	2.33741e+00	1.22624e+02	0.00000e+00
7.69788e+02	2.75589e+02	2.10733e+03	1.33590e+03	4.53728e+00	2.33913e+00	1.22121e+02	0.00000e+00
7.73415e+02	2.75799e+02	2.10548e+03	1.33593e+03	4.53964e+00	2.34084e+00	1.21622e+02	0.00000e+00
7.77043e+02	2.76009e+02	2.10362e+03	1.33596e+03	4.54201e+00	2.34255e+00	1.21124e+02	0.00000e+00
7.80670e+02	2.76219e+02	2.10177e+03	1.33600e+03	4.54437e+00	2.34425e+00	1.20630e+02	0.00000e+00
7.84298e+02	2.76429e+02	2.09992e+03	1.33603e+03	4.54673e+00	2.34596e+00	1.20139e+02	0.00000e+00
7.87925e+02	2.76632e+02	2.09807e+03	1.33606e+03	4.54909e+00	2.34767e+00	1.19667e+02	0.00000e+00
7.91553e+02	2.76834e+02	2.09621e+03	1.33610e+03	4.55145e+00	2.34937e+00	1.19200e+02	0.00000e+00
7.95180e+02	2.77035e+02	2.09436e+03	1.33613e+03	4.55381e+00	2.35107e+00	1.18736e+02	0.00000e+00
7.98808e+02	2.77237e+02	2.09251e+03	1.33617e+03	4.55617e+00	2.35278e+00	1.18274e+02	0.00000e+00
8.02435e+02	2.77439e+02	2.09066e+03	1.33620e+03	4.55852e+00	2.35448e+00	1.17814e+02	0.00000e+00
8.06063e+02	2.77640e+02	2.08882e+03	1.33623e+03	4.56087e+00	2.35618e+00	1.17357e+02	0.00000e+00
8.09690e+02	2.77842e+02	2.08697e+03	1.33627e+03	4.56323e+00	2.35787e+00	1.16903e+02	0.00000e+00
8.13318e+02	2.78037e+02	2.08512e+03	1.33630e+03	4.56558e+00	2.35957e+00	1.16466e+02	0.00000e+00
8.16945e+02	2.78231e+02	2.08327e+03	1.33634e+03	4.56792e+00	2.36126e+00	1.16034e+02	0.00000e+00
8.20573e+02	2.78425e+02	2.08143e+03	1.33637e+03	4.57027e+00	2.36296e+00	1.15603e+02	0.00000e+00
8.24200e+02	2.78619e+02	2.07958e+03	1.33641e+03	4.57262e+00	2.36465e+00	1.15175e+02	0.00000e+00
8.27828e+02	2.78813e+02	2.07774e+03	1.33644e+03	4.57496e+00	2.36634e+00	1.14749e+02	0.00000e+00
8.31455e+02	2.79007e+02	2.07589e+03	1.33648e+03	4.57730e+00	2.36803e+00	1.14326e+02	0.00000e+00
8.35083e+02	2.79201e+02	2.07405e+03	1.33651e+03	4.57965e+00	2.36972e+00	1.13904e+02	0.00000e+00
8.38710e+02	2.79388e+02	2.07221e+03	1.33654e+03	4.58199e+00	2.37140e+00	1.13499e+02	0.00000e+00
8.42338e+02	2.79575e+02	2.07037e+03	1.33658e+03	4.58432e+00	2.37309e+00	1.13097e+02	0.00000e+00
8.45965e+02	2.79761e+02	2.06853e+03	1.33661e+03	4.58666e+00	2.37477e+00	1.12697e+02	0.00000e+00
8.49593e+02	2.79948e+02	2.06669e+03	1.33665e+03	4.58900e+00	2.37645e+00	1.12299e+02	0.00000e+00
8.53220e+02	2.80135e+02	2.06485e+03	1.33668e+03	4.59133e+00	2.37814e+00	1.11903e+02	0.00000e+00
8.56848e+02	2.80321e+02	2.06301e+03	1.33672e+03	4.59367e+00	2.37982e+00	1.11509e+02	0.00000e+00
8.60475e+02	2.80508e+02	2.06117e+03	1.33675e+03	4.59600e+00	2.38150e+00	1.11117e+02	0.00000e+00
8.64103e+02	2.80689e+02	2.05934e+03	1.33679e+03	4.59833e+00	2.38317e+00	1.10739e+02	0.00000e+00
8.67730e+02	2.80869e+02	2.05750e+03	1.33682e+03	4.60066e+00	2.38485e+00	1.10365e+02	0.00000e+00
8.71358e+02	2.81049e+02	2.05566e+03	1.33686e+03	4.60298e+00	2.38652e+00	1.09992e+02	0.00000e+00
8.74985e+02	2.81229e+02	2.05383e+03	1.33690e+03	4.60531e+00	2.38820e+00	1.09621e+02	0.00000e+00
8.78613e+02	2.81409e+02	2.05200e+03	1.33693e+03	4.60763e+00	2.38987e+00	1.09251e+02	0.00000e+00
8.82240e+02	2.81589e+02	2.05016e+03	1.33697e+03	4.60996e+00	2.39154e+00	1.08884e+02	0.00000e+00
8.85868e+02	2.81769e+02	2.04833e+03	1.33700e+03	4.61228e+00	2.39321e+00	1.08518e+02	0.00000e+00
8.89495e+02	2.81943e+02	2.04650e+03	1.33704e+03	4.61460e+00	2.39488e+00	1.08165e+02	0.00000e+00
8.93123e+02	2.82117e+02	2.04467e+03	1.33707e+03	4.61692e+00	2.39654e+00	1.07815e+02	0.00000e+00
8.96750e+02	2.82290e+02	2.04284e+03	1.33711e+03	4.61924e+00	2.39821e+00	1.07467e+02	0.00000e+00
9.00378e+02	2.82464e+02	2.04101e+03	1.33714e+03	4.62155e+00	2.39987e+00	1.07120e+02	0.00000e+00
9.04005e+02	2.82638e+02	2.03918e+03	1.33718e+03	4.62387e+00	2.40154e+00	1.06774e+02	0.00000e+00
9.07633e+02	2.82812e+02	2.03735e+03	1.33721e+03	4.62618e+00	2.40320e+00	1.06430e+02	0.00000e+00
9.11261e+02	2.82985e+02	2.03553e+03	1.33725e+03	4.62850e+00	2.40486e+00	1.06088e+02	0.00000e+00
9.14888e+02	2.83154e+02	2.03370e+03	1.33729e+03	4.63081e+00	2.40652e+00	1.05758e+02	0.00000e+00
9.18516e+02	2.83322e+02	2.03188e+03	1.33732e+03	4.63312e+00	2.40818e+00	1.05430e+02	0.00000e+00
9.22143e+02	2.83490e+02	2.03005e+03	1.33736e+03	4.63543e+00	2.40983e+00	1.05103e+02	0.00000e+00
9.25771e+02	2.83658e+02	2.02823e+03	1.33739e+03	4.63773e+00	2.41149e+00	1.04777e+02	0.00000e+00
9.29398e+02	2.83826e+02	2.02641e+03	1.33743e+03	4.64004e+00	2.41314e+00	1.04453e+02	0.00000e+00
9.33026e+02	2.83994e+02	2.02458e+03	1.33746e+03	4.64234e+00	2.41480e+00	1.04131e+02	0.00000e+00
9.36653e+02	2.84162e+02	2.02276e+03	1.33750e+03	4.64465e+00	2.41645e+00	1.03809e+02	0.00000e+00
9.40281e+02	2.84325e+02	2.02094e+03	1.33754e+03	4.64695e+00	2.41810e+00	1.03499e+02	0.00000e+00
9.43908e+02	2.84488e+02	2.01912e+03	1.33757e+03	4.64925e+00	2.41975e+00	1.03191e+02	0.00000e+00
9.47536e+02	2.84650e+02	2.01730e+03	1.33761e+03	4.65155e+00	2.42140e+00	1.02883e+02	0.00000e+00
9.51163e+02	2.84813e+02	2.01549e+03	1.33764e+03	4.65385e+00	2.42304e+00	1.02577e+02	0.00000e+00
9.54791e+02	2.84976e+02	2.01367e+03	1.33768e+03	4.65614e+00	2.42469e+00	1.02273e+02	0.00000e+00
9.58418e+02	2.85138e+02	2.01185e+03	1.33772e+03	4.65844e+00	2.42633e+00	1.01969e+02	0.00000e+00
9.62046e+02	2.85301e+02	2.01004e+03	1.33775e+03	4.66073e+00	2.42797e+00	1.01667e+02	0.00000e+00
9.65673e+02	2.85459e+02	2.00822e+03	1.33779e+03	4.66302e+00	2.42962e+00	1.01375e+02	0.00000e+00
9.69301e+02	2.85617e+02	2.00641e+03	1.33783e+03	4.66532e+00	2.43126e+00	1.01084e+02	0.00000e+00
9.72928e+02	2.85775e+02	2.00460e+03	1.33786e+03	4.66761e+00	2.43290e+00	1.00794e+02	0.00000e+00
9.76556e+02	2.85933e+02	2.00279e+03	1.33790e+03	4.66989e+00	2.43453e+00	1.00506e+02	0.00000e+00
9.80183e+02	2.86091e+02	2.00098e+03	1.33793e+03	4.67218e+00	2.43617e+00	1.00218e+02	0.00000e+00
9.83811e+02	2.86248e+02	1.99917e+03	1.33797e+03	4.67447e+00	2.43781e+00	9.99320e+01	0.00000e+00
9.87438e+02	2.86406e+02	1.99736e+03	1.33801e+03	4.67675e+00	2.43944e+00	9.96470e+01	0.00000e+00
9.91066e+02	2.86560e+02	1.99555e+03	1.33804e+03	4.67904e+00	2.44107e+00	9.93710e+01	0.00000e+00
9.94693e+02	2.86713e+02	1.99374e+03	1.33808e+03	4.68132e+00	2.44271e+00	9.90961e+01	0.00000e+00
9.98321e+02	2.86866e+02	1.99194e+03	1.33812e+03	4.68360e+00	2.44434e+00	9.88222e+01	0.00000e+00
1.00195e+03	2.87020e+02	1.99013e+03	1.33815e+03	4.68588e+00	2.44597e+00	9.85494e+01	0.00000e+00
1.00558e+03	2.87173e+02	1.98832e+03	1.33819e+03	4.68816e+00	2.44760e+00	9.82777e+01	0.00000e+00
1.00920e+03	2.87326e+02	1.98652e+03	1.33823e+03	4.69043e+00	2.44922e+00	9.80069e+01	0.00000e+00
1.01283e+03	2.87480e+02	1.98472e+03	1.33826e+03	4.69271e+00	2.45085e+00	9.77376e+01	0.00000e+00
1.01646e+03	2.87629e+02	1.98292e+03	1.33830e+03	4.69498e+00	2.45247e+00	9.74761e+01	0.00000e+00
1.02009e+03	2.87778e+02	1.98112e+03	1.33834e+03	4.69726e+00	2.45410e+00	9.72155e+01	0.00000e+00
1.02371e+03	2.87927e+02	1.97932e+03	1.33837e+03	4.69953e+00	2.45572e+00	9.69560e+01	0.00000e+00
1.02734e+03	2.88077e+02	1.97752e+03	1.33841e+03	4.70180e+00	2.45734e+00	9.66974e+01	0.00000e+00
1.03097e+03	2.88226e+02	1.97572e+03	1.33845e+03	4.70407e+00	2.45896e+00	9.64397e+01	0.00000e+00
1.03460e+03	2.88375e+02	1.97392e+03	1.33848e+03	4.70634e+00	2.46058e+00	9.61831e+01	0.00000e+00
1.03822e+03	2.88524e+02	1.97212e+03	1.33852e+03	4.70860e+00	2.46220e+00	9.59278e+01	0.00000e+00
1.04185e+03	2.88670e+02	1.97033e+03	1.33856e+03	4.71087e+00	2.46381e+00	9.56794e+01	0.00000e+00
1.04548e+03	2.88815e+02	1.96853e+03	1.33859e+03	4.71313e+00	2.46543e+00	9.54318e+01	0.00000e+00
1.04911e+03	2.88961e+02	1.96674e+03	1.33863e+03	4.71540e+00	2.46704e+00	9.51852e+01	0.00000e+00
1.05273e+03	2.89106e+02	1.96495e+03	1.33867e+03	4.71766e+00	2.46866e+00	9.49395e+01	0.00000e+00
1.05636e+03	2.89252e+02	1.96315e+03	1.33870e+03	4.71992e+00	2.47027e+00	9.46946e+01	0.00000e+00
1.05999e+03	2.89397e+02	1.96136e+03	1.33874e+03	4.72218e+00	2.47188e+00	9.44507e+01	0.00000e+00
1.06362e+03	2.89543e+02	1.95957e+03	1.33878e+03	4.72444e+00	2.47349e+00	9.42081e+01	0.00000e+00
1.06724e+03	2.89685e+02	1.95778e+03	1.33882e+03	4.72670e+00	2.47510e+00	9.39715e+01	0.00000e+00
1.07087e+03	2.89827e+02	1.95600e+03	1.33885e+03	4.72895e+00	2.47671e+00	9.37358e+01	0.00000e+00
1.07450e+03	2.89969e+02	1.95421e+03	1.33889e+03	4.73121e+00	2.47831e+00	9.35009e+01	0.00000e+00
1.07813e+03	2.90111e+02	1.95242e+03	1.33893e+03	4.73346e+00	2.47992e+00	9.32668e+01	0.00000e+00
1.08175e+03	2.90253e+02	1.95064e+03	1.33896e+03	4.73571e+00	2.48152e+00	9.30335e+01	0.00000e+00
1.08538e+03	2.90395e+02	1.94885e+03	1.33900e+03	4.73796e+00	2.48312e+00	9.28011e+01	0.00000e+00
1.08901e+03	2.90537e+02	1.94707e+03	1.33904e+03	4.74021e+00	2.48472e+00	9.25700e+01	0.00000e+00
1.09264e+03	2.90676e+02	1.94529e+03	1.33907e+03	4.74246e+00	2.48633e+00	9.23442e+01	0.00000e+00
1.09626e+03	2.90815e+02	1.94351e+03	1.33911e+03	4.74471e+00	2.48792e+00	9.21191e+01	0.00000e+00
1.09989e+03	2.90954e+02	1.94173e+03	1.33915e+03	4.74695e+00	2.48952e+00	9.18948e+01	0.00000e+00
1.10352e+03	2.91093e+02	1.93995e+03	1.33919e+03	4.74920e+00	2.49112e+00	9.16713e+01	0.00000e+00
1.10715e+03	2.91232e+02	1.93817e+03	1.33922e+03	4.75144e+00	2.49272e+00	9.14485e+01	0.00000e+00
1.11077e+03	2.91371e+02	1.93639e+03	1.33926e+03	4.75368e+00	2.49431e+00	9.12265e+01	0.00000e+00
1.11440e+03	2.91510e+02	1.93461e+03	1.33930e+03	4.75592e+00	2.49590e+00	9.10058e+01	0.00000e+00
1.11803e+03	2.91646e+02	1.93284e+03	1.33933e+03	4.75816e+00	2.49750e+00	9.07897e+01	0.00000e+00
1.12166e+03	2.91782e+02	1.93106e+03	1.33937e+03	4.76040e+00	2.49909e+00	9.05744e+01	0.00000e+00
1.12528e+03	2.91918e+02	1.92929e+03	1.33941e+03	4.76264e+00	2.50068e+00	9.03597e+01	0.00000e+00
1.12891e+03	2.92054e+02	1.92752e+03	1.33945e+03	4.76488e+00	2.50227e+00	9.01458e+01	0.00000e+00
1.13254e+03	2.92191e+02	1.92575e+03	1.33948e+03	4.76711e+00	2.50386e+00	8.99325e+01	0.00000e+00
1.13617e+03	2.92327e+02	1.92397e+03	1.33952e+03	4.76935e+00	2.50544e+00	8.97200e+01	0.00000e+00
1.13979e+03	2.92463e+02	1.92221e+03	1.33956e+03	4.77158e+00	2.50703e+00	8.95087e+01	0.00000e+00
1.14342e+03	2.92596e+02	1.92044e+03	1.33959e+03	4.77381e+00	2.50861e+00	8.93015e+01	0.00000e+00
1.14705e+03	2.92730e+02	1.91867e+03	1.33963e+03	4.77604e+00	2.51020e+00	8.90949e+01	0.00000e+00
1.15068e+03	2.92864e+02	1.91690e+03	1.33967e+03	4.77827e+00	2.51178e+00	8.88890e+01	0.00000e+00
1.15430e+03	2.92997e+02	1.91514e+03	1.33971e+03	4.78050e+00	2.51336e+00	8.86837e+01	0.00000e+00
1.15793e+03	2.93131e+02	1.91337e+03	1.33974e+03	4.78272e+00	2.51494e+00	8.84791e+01	0.00000e+00
1.16156e+03	2.93265e+02	1.91161e+03	1.33978e+03	4.78495e+00	2.51652e+00	8.82752e+01	0.00000e+00
1.16519e+03	2.93398e+02	1.90985e+03	1.33982e+03	4.78718e+00	2.51810e+00	8.80725e+01	0.00000e+00
1.16881e+03	2.93529e+02	1.90809e+03	1.33986e+03	4.78940e+00	2.51968e+00	8.78733e+01	0.00000e+00
1.17244e+03	2.93661e+02	1.90632e+03	1.33989e+03	4.79162e+00	2.52125e+00	8.76747e+01	0.00000e+00
1.17607e+03	2.93792e+02	1.90457e+03	1.33993e+03	4.79384e+00	2.52283e+00	8.74767e+01	0.00000e+00
1.17970e+03	2.93923e+02	1.90281e+03	1.33997e+03	4.79606e+00	2.52440e+00	8.72794e+01	0.00000e+00
1.18332e+03	2.94055e+02	1.90105e+03	1.34000e+03	4.79828e+00	2.52598e+00	8.70827e+01	0.00000e+00
1.18695e+03	2.94186e+02	1.89929e+03	1.34004e+03	4.80050e+00	2.52755e+00	8.68866e+01	0.00000e+00
1.19058e+03	2.94317e+02	1.89754e+03	1.34008e+03	4.80271e+00	2.52912e+00	8.66917e+01	0.00000e+00
1.19421e+03	2.94447e+02	1.89578e+03	1.34012e+03	4.80493e+00	2.53069e+00	8.64997e+01	0.00000e+00
1.19783e+03	2.94576e+02	1.89403e+03	1.34015e+03	4.80714e+00	2.53226e+00	8.63084e+01	0.00000e+00
1.20146e+03	2.94706e+02	1.89228e+03	1.34019e+03	4.80936e+00	2.53382e+00	8.61177e+01	0.00000e+00
1.20509e+03	2.94835e+02	1.89053e+03	1.34023e+03	4.81157e+00	2.53539e+00	8.59275e+01	0.00000e+00
1.20872e+03	2.94964e+02	1.88878e+03	1.34027e+03	4.81378e+00	2.53696e+00	8.57380e+01	0.00000e+00
1.21234e+03	2.95094e+02	1.88703e+03	1.34030e+03	4.81599e+00	2.53852e+00	8.55490e+01	0.00000e+00
1.21597e+03	2.95223e+02	1.88528e+03	1.34034e+03	4.81820e+00	2.54008e+00	8.53611e+01	0.00000e+00
1.21960e+03	2.95351e+02	1.88353e+03	1.34038e+03	4.82040e+00	2.54165e+00	8.51758e+01	0.00000e+00
1.22323e+03	2.95478e+02	1.88179e+03	1.34042e+03	4.82261e+00	2.54321e+00	8.49911e+01	0.00000e+00
1.22685e+03	2.95606e+02	1.88004e+03	1.34045e+03	4.82481e+00	2.54477e+00	8.48070e+01	0.00000e+00
1.23048e+03	2.95734e+02	1.87830e+03	1.34049e+03	4.82702e+00	2.54633e+00	8.46234e+01	0.00000e+00
1.23411e+03	2.95861e+02	1.87656e+03	1.34053e+03	4.82922e+00	2.54788e+00	8.44403e+01	0.00000e+00
1.23774e+03	2.95989e+02	1.87482e+03	1.34057e+03	4.83142e+00	2.54944e+00	8.42578e+01	0.00000e+00
1.24136e+03	2.96116e+02	1.87308e+03	1.34060e+03	4.83362e+00	2.55100e+00	8.40764e+01	0.00000e+00
1.24499e+03	2.96242e+02	1.87134e+03	1.34064e+03	4.83582e+00	2.55255e+00	8.38971e+01	0.00000e+00
1.24862e+03	2.96369e+02	1.86960e+03	1.34068e+03	4.83802e+00	2.55411e+00	8.37184e+01	0.00000e+00
1.25225e+03	2.96495e+02	1.86786e+03	1.34071e+03	4.84022e+00	2.55566e+00	8.35403e+01	0.00000e+00
1.25587e+03	2.96621e+02	1.86613e+03	1.34075e+03	4.84241e+00	2.55721e+00	8.33626e+01	0.00000e+00
1.25950e+03	2.96747e+02	1.86439e+03	1.34079e+03	4.84461e+00	2.55876e+00	8.31855e+01	0.00000e+00
1.26313e+03	2.96873e+02	1.86266e+03	1.34083e+03	4.84680e+00	2.56031e+00	8.30089e+01	0.00000e+00
1.26676e+03	2.96999e+02	1.86093e+03	1.34086e+03	4.84899e+00	2.56186e+00	8.28333e+01	0.00000e+00
1.27038e+03	2.97124e+02	1.85919e+03	1.34090e+03	4.85119e+00	2.56341e+00	8.26596e+01	0.00000e+00
1.27401e+03	2.97249e+02	1.85746e+03	1.34094e+03	4.85338e+00	2.56496e+00	8.24864e+01	0.00000e+00
1.27764e+03	2.97374e+02	1.85574e+03	1.34098e+03	4.85556e+00	2.56650e+00	8.23137e+01	0.00000e+00
1.28127e+03	2.97498e+02	1.85401e+03	1.34101e+03	4.85775e+00	2.56805e+00	8.21414e+01	0.00000e+00
1.28489e+03	2.97623e+02	1.85228e+03	1.34105e+03	4.85994e+00	2.56959e+00	8.19697e+01	0.00000e+00
1.28852e+03	2.97748e+02	1.85055e+03	1.34109e+03	4.86213e+00	2.57113e+00	8.17985e+01	0.00000e+00
1.29215e+03	2.97873e+02	1.84883e+03	1.34113e+03	4.86431e+00	2.57267e+00	8.16282e+01	0.00000e+00
1.29578e+03	2.97996e+02	1.84711e+03	1.34116e+03	4.86649e+00	2.57422e+00	8.14595e+01	0.00000e+00
1.29940e+03	2.98120e+02	1.84538e+03	1.34120e+03	4.86868e+00	2.57575e+00	8.12913e+01	0.00000e+00
1.30303e+03	2.98244e+02	1.84366e+03	1.34124e+03	4.87086e+00	2.57729e+00	8.11236e+01	0.00000e+00
1.30666e+03	2.98368e+02	1.84194e+03	1.34127e+03	4.87304e+00	2.57883e+00	8.09563e+01	0.00000e+00
1.31029e+03	2.98491e+02	1.84022e+03	1.34131e+03	4.87522e+00	2.58037e+00	8.07895e+01	0.00000e+00
1.31391e+03	2.98615e+02	1.83851e+03	1.34135e+03	4.87740e+00	2.58190e+00	8.06232e+01	0.00000e+00
1.31754e+03	2.98739e+02	1.83679e+03	1.34139e+03	4.87957e+00	2.58344e+00	8.04578e+01	0.00000e+00
1.32117e+03	2.98862e+02	1.83507e+03	1.34142e+03	4.88175e+00	2.58497e+00	8.02936e+01	0.00000e+00
1.32480e+03	2.98984e+02	1.83336e+03	1.34146e+03	4.88393e+00	2.58651e+00	8.01300e+01	0.00000e+00
1.32842e+03	2.99107e+02	1.83165e+03	1.34150e+03	4.88610e+00	2.58804e+00	7.99668e+01	0.00000e+00
1.33205e+03	2.99230e+02	1.82993e+03	1.34154e+03	4.88827e+00	2.58957e+00	7.98040e+01	0.00000e+00
1.33568e+03	2.99353e+02	1.82822e+03	1.34157e+03	4.89044e+00	2.59110e+00	7.96418e+01	0.00000e+00
1.33931e+03	2.99476e+02	1.82651e+03	1.34161e+03	4.89262e+00	2.59263e+00	7.94799e+01	0.00000e+00
1.34293e+03	2.99599e+02	1.82480e+03	1.34165e+03	4.89478e+00	2.59415e+00	7.93189e+01	0.00000e+00
1.34656e+03	2.99721e+02	1.82310e+03	1.34169e+03	4.89695e+00	2.59568e+00	7.91589e+01	0.00000e+00
1.35019e+03	2.99843e+02	1.82139e+03	1.34172e+03	4.89912e+00	2.59721e+00	7.89994e+01	0.00000e+00
1.35382e+03	2.99965e+02	1.81969e+03	1.34176e+03	4.90129e+00	2.59873e+00	7.88403e+01	0.00000e+00
1.35744e+03	3.00087e+02	1.81798e+03	1.34180e+03	4.90345e+00	2.60026e+00	7.86817e+01	0.00000e+00
1.36107e+03	3.00209e+02	1.81628e+03	1.34183e+03	4.90562e+00	2.60178e+00	7.85236e+01	0.00000e+00
1.36470e+03	3.00332e+02	1.81458e+03	1.34187e+03	4.90778e+00	2.60330e+00	7.83658e+01	0.00000e+00
1.36833e+03	3.00453e+02	1.81288e+03	1.34191e+03	4.90994e+00	2.60482e+00	7.82088e+01	0.00000e+00
1.37195e+03	3.00575e+02	1.81118e+03	1.34195e+03	4.91210e+00	2.60634e+00	7.80526e+01	0.00000e+00
1.37558e+03	3.00697e+02	1.80948e+03	1.34198e+03	4.91426e+00	2.60786e+00	7.78969e+01	0.00000e+00
1.37921e+03	3.00818e+02	1.80778e+03	1.34202e+03	4.91642e+00	2.60938e+00	7.77416e+01	0.00000e+00
1.38284e+03	3.00940e+02	1.80609e+03	1.34206e+03	4.91858e+00	2.61090e+00	7.75868e+01	0.00000e+00
1.38646e+03	3.01062e+02	1.80439e+03	1.34209e+03	4.92074e+00	2.61241e+00	7.74323e+01	0.00000e+00
1.39009e+03	3.01183e+02	1.80270e+03	1.34213e+03	4.92289e+00	2.61393e+00	7.72783e+01	0.00000e+00
1.39372e+03	3.01305e+02	1.80101e+03	1.34217e+03	4.92505e+00	2.61544e+00	7.71249e+01	0.00000e+00
1.39735e+03	3.01426e+02	1.79932e+03	1.34221e+03	4.92720e+00	2.61696e+00	7.69723e+01	0.00000e+00
1.40097e+03	3.01547e+02	1.79763e+03	1.34224e+03	4.92936e+00	2.61847e+00	7.68200e+01	0.00000e+00
1.40460e+03	3.01669e+02	1.79594e+03	1.34228e+03	4.93151e+00	2.61998e+00	7.66682e+01	0.00000e+00
1.40823e+03	3.01790e+02	1.79425e+03	1.34232e+03	4.93366e+00	2.62149e+00	7.65167e+01	0.00000e+00
1.41186e+03	3.01911e+02	1.79257e+03	1.34235e+03	4.93581e+00	2.62300e+00	7.63657e+01	0.00000e+00
1.41548e+03	3.02032e+02	1.79088e+03	1.34239e+03	4.93796e+00	2.62451e+00	7.62152e+01	0.00000e+00
1.41911e+03	3.02154e+02	1.78920e+03	1.34243e+03	4.94011e+00	2.62602e+00	7.60651e+01	0.00000e+00
1.42274e+03	3.02275e+02	1.78752e+03	1.34246e+03	4.94225e+00	2.62752e+00	7.59156e+01	0.00000e+00
1.42637e+03	3.02396e+02	1.78583e+03	1.34250e+03	4.94440e+00	2.62903e+00	7.57665e+01	0.00000e+00
1.42999e+03	3.02517e+02	1.78415e+03	1.34254e+03	4.94654e+00	2.63053e+00	7.56178e+01	0.00000e+00
1.43362e+03	3.02638e+02	1.78248e+03	1.34258e+03	4.94869e+00	2.63204e+00	7.54695e+01	0.00000e+00
1.43725e+03	3.02759e+02	1.78080e+03	1.34261e+03	4.95083e+00	2.63354e+00	7.53216e+01	0.00000e+00
1.44088e+03	3.02880e+02	1.77912e+03	1.34265e+03	4.95297e+00	2.63504e+00	7.51742e+01	0.00000e+00
1.44450e+03	3.03001e+02	1.77745e+03	1.34269e+03	4.95511e+00	2.63655e+00	7.50271e+01	0.00000e+00
1.44813e+03	3.03122e+02	1.77577e+03	1.34272e+03	4.95725e+00	2.63805e+00	7.48805e+01	0.00000e+00
1.45176e+03	3.03243e+02	1.77410e+03	1.34276e+03	4.95939e+00	2.63955e+00	7.47343e+01	0.00000e+00
1.45539e+03	3.03365e+02	1.77243e+03	1.34280e+03	4.96153e+00	2.64104e+00	7.45885e+01	0.00000e+00
1.45901e+03	3.03486e+02	1.77076e+03	1.34283e+03	4.96366e+00	2.64254e+00	7.44431e+01	0.00000e+00
1.46264e+03	3.03607e+02	1.76909e+03	1.34287e+03	4.96580e+00	2.64404e+00	7.42980e+01	0.00000e+00
1.46627e+03	3.03728e+02	1.76743e+03	1.34291e+03	4.96793e+00	2.64553e+00	7.41534e+01	0.00000e+00
1.46990e+03	3.03849e+02	1.76576e+03	1.34294e+03	4.97007e+00	2.64703e+00	7.40092e+01	0.00000e+00
1.47352e+03	3.03970e+02	1.76409e+03	1.34298e+03	4.97220e+00	2.64852e+00	7.38652e+01	0.00000e+00
1.47715e+03	3.04091e+02	1.76243e+03	1.34302e+03	4.97433e+00	2.65002e+00	7.37216e+01	0.00000e+00
1.48078e+03	3.04212e+02	1.76077e+03	1.34305e+03	4.97646e+00	2.65151e+00	7.35784e+01	0.00000e+00
1.48441e+03	3.04334e+02	1.75911e+03	1.34309e+03	4.97859e+00	2.65300e+00	7.34356e+01	0.00000e+00
1.48803e+03	3.04455e+02	1.75745e+03	1.34313e+03	4.98072e+00	2.65449e+00	7.32932e+01	0.00000e+00
1.49166e+03	3.04576e+02	1.75579e+03	1.34316e+03	4.98285e+00	2.65598e+00	7.31512e+01	0.00000e+00
1.49529e+03	3.04697e+02	1.75413e+03	1.34320e+03	4.98497e+00	2.65747e+00	7.30095e+01	0.00000e+00
1.49892e+03	3.04819e+02	1.75248e+03	1.34324e+03	4.98710e+00	2.65896e+00	7.28679e+01	0.00000e+00
1.50254e+03	3.04940e+02	1.75082e+03	1.34327e+03	4.98922e+00	2.66044e+00	7.27268e+01	0.00000e+00
1.50617e+03	3.05062e+02	1.74917e+03	1.34331e+03	4.99135e+00	2.66193e+00	7.25860e+01	0.00000e+00
1.50980e+03	3.05183e+02	1.74752e+03	1.34335e+03	4.99347e+00	2.66341e+00	7.24456e+01	0.00000e+00
1.51343e+03	3.05305e+02	1.74587e+03	1.34338e+03	4.99559e+00	2.66490e+00	7.23056e+01	0.00000e+00
1.51705e+03	3.05426e+02	1.74422e+03	1.34342e+03	4.99771e+00	2.66638e+00	7.21660e+01	0.00000e+00
1.52068e+03	3.05548e+02	1.74257e+03	1.34346e+03	4.99983e+00	2.66786e+00	7.20265e+01	0.00000e+00
1.52431e+03	3.05670e+02	1.74092e+03	1.34349e+03	5.00195e+00	2.66934e+00	7.18872e+01	0.00000e+00
1.52794e+03	3.05791e+02	1.73927e+03	1.34353e+03	5.00407e+00	2.67082e+00	7.17482e+01	0.00000e+00
1.53156e+03	3.05913e+02	1.73763e+03	1.34357e+03	5.00619e+00	2.67230e+00	7.16096e+01	0.00000e+00
1.53519e+03	3.06035e+02	1.73599e+03	1.34360e+03	5.00830e+00	2.67378e+00	7.14714e+01	0.00000e+00
1.53882e+03	3.06157e+02	1.73435e+03	1.34364e+03	5.01042e+00	2.67526e+00	7.13336e+01	0.00000e+00
1.54245e+03	3.06279e+02	1.73271e+03	1.34368e+03	5.01253e+00	2.67674e+00	7.11962e+01	0.00000e+00
1.54607e+03	3.06401e+02	1.73107e+03	1.34371e+03	5.01464e+00	2.67821e+00	7.10588e+01	0.00000e+00
1.54970e+03	3.06523e+02	1.72943e+03	1.34375e+03	5.01676e+00	2.67969e+00	7.09215e+01	0.00000e+00
1.55333e+03	3.06646e+02	1.72779e+03	1.34379e+03	5.01887e+00	2.68116e+00	7.07846e+01	0.00000e+00
1.55696e+03	3.06768e+02	1.72616e+03	1.34382e+03	5.02098e+00	2.68264e+00	7.06480e+01	0.00000e+00
1.56058e+03	3.06891e+02	1.72452e+03	1.34386e+03	5.02309e+00	2.68411e+00	7.05118e+01	0.00000e+00
1.56421e+03	3.07013e+02	1.72289e+03	1.34389e+03	5.02519e+00	2.68558e+00	7.03760e+01	0.00000e+00
1.56784e+03	3.07135e+02	1.72126e+03	1.34393e+03	5.02730e+00	2.68705e+00	7.02406e+01	0.00000e+00
1.57147e+03	3.07258e+02	1.71963e+03	1.34397e+03	5.02941e+00	2.68852e+00	7.01051e+01	0.00000e+00
1.57509e+03	3.07381e+02	1.71800e+03	1.34400e+03	5.03151e+00	2.68999e+00	6.99697e+01	0.00000e+00
1.57872e+03	3.07504e+02	1.71637e+03	1.34404e+03	5.03362e+00	2.69146e+00	6.98346e+01	0.00000e+00
1.58235e+03	3.07627e+02	1.71475e+03	1.34408e+03	5.03572e+00	2.69293e+00	6.96999e+01	0.00000e+00
1.58598e+03	3.07751e+02	1.71312e+03	1.34411e+03	5.03782e+00	2.69440e+00	6.95655e+01	0.00000e+00
1.58960e+03	3.07874e+02	1.71150e+03	1.34415e+03	5.03992e+00	2.69586e+00	6.94315e+01	0.00000e+00
1.59323e+03	3.07997e+02	1.70988e+03	1.34418e+03	5.04202e+00	2.69733e+00	6.92979e+01	0.00000e+00
1.59686e+03	3.08120e+02	1.70826e+03	1.34422e+03	5.04412e+00	2.69879e+00	6.91642e+01	0.00000e+00
1.60049e+03	3.08244e+02	1.70664e+03	1.34426e+03	5.04622e+00	2.70025e+00	6.90305e+01	0.00000e+00
1.60411e+03	3.08368e+02	1.70502e+03	1.34429e+03	5.04832e+00	2.70172e+00	6.88971e+01	0.00000e+00
1.60774e+03	3.08492e+02	1.70340e+03	1.34433e+03	5.05042e+00	2.70318e+00	6.87641e+01	0.00000e+00
1.61137e+03	3.08616e+02	1.70179e+03	1.34436e+03	5.05251e+00	2.70464e+00	6.86314e+01	0.00000e+00
1.61500e+03	3.08740e+02	1.70017e+03	1.34440e+03	5.05461e+00	2.70610e+00	6.84991e+01	0.00000e+00
1.61862e+03	3.08864e+02	1.69856e+03	1.34444e+03	5.05670e+00	2.70756e+00	6.83672e+01	0.00000e+00
1.62225e+03	3.08988e+02	1.69695e+03	1.34447e+03	5.05880e+00	2.70902e+00	6.82351e+01	0.00000e+00
1.62588e+03	3.09113e+02	1.69534e+03	1.34451e+03	5.06089e+00	2.71047e+00	6.81029e+01	0.00000e+00
1.62951e+03	3.09238e+02	1.69373e+03	1.34454e+03	5.06298e+00	2.71193e+00	6.79710e+01	0.00000e+00
1.63313e+03	3.09362e+02	1.69213e+03	1.34458e+03	5.06507e+00	2.71339e+00	6.78396e+01	0.00000e+00
1.63676e+03	3.09487e+02	1.69052e+03	1.34461e+03	5.06716e+00	2.71484e+00	6.77085e+01	0.00000e+00
1.64039e+03	3.09612e+02	1.68892e+03	1.34465e+03	5.06925e+00	2.71629e+00	6.75777e+01	0.00000e+00
1.64402e+03	3.09737e+02	1.68731e+03	1.34469e+03	5.07133e+00	2.71775e+00	6.74473e+01	0.00000e+00
1.64764e+03	3.09862e+02	1.68571e+03	1.34472e+03	5.07342e+00	2.71920e+00	6.73167e+01	0.00000e+00
1.65127e+03	3.09988e+02	1.68411e+03	1.34476e+03	5.07551e+00	2.72065e+00	6.71859e+01	0.00000e+00
1.65490e+03	3.10114e+02	1.68251e+03	3.54946e+03	4.61739e+00	2.61338e+00	1.54734e+13	0.00000e+00
1.72423e+03	3.46129e+02	1.67094e+03	3.54946e+03	4.61236e+00	2.60906e+00	7.10075e+11	0.00000e+00
1.79311e+03	3.81933e+02	1.65937e+03	3.54866e+03	4.60692e+00	2.60449e+00	5.89732e+10	0.00000e+00
1.86150e+03	4.17527e+02	1.64780e+03	3.54772e+03	8.05203e+00	4.54954e+00	7.58065e+09	0.00000e+00
1.92942e+03	4.52911e+02	1.63624e+03	3.54668e+03	8.04152e+00	4.54096e+00	1.35671e+09	0.00000e+00
1.99687e+03	4.88086e+02	1.62467e+03	3.54556e+03	8.03066e+00	4.53219e+00	3.13882e+08	0.00000e+00
2.06383e+03	5.23053e+02	1.61310e+03	3.54437e+03	8.01953e+00	4.52327e+00	8.89785e+07	0.00000e+00
2.13031e+03	5.57812e+02	1.60153e+03	3.54314e+03	8.00817e+00	4.51422e+00	2.97051e+07	0.00000e+00
2.19632e+03	5.92364e+02	1.58996e+03	3.54185e+03	7.99664e+00	4.50507e+00	1.13343e+07	0.00000e+00
2.26184e+03	6.26708e+02	1.57839e+03	3.54053e+03	7.98495e+00	4.49585e+00	4.83020e+06	0.00000e+00
2.32689e+03	6.60847e+02	1.56682e+03	3.53918e+03	7.97314e+00	4.48657e+00	2.25790e+06	0.00000e+00
2.39146e+03	6.94781e+02	1.55525e+03	3.53781e+03	7.96123e+00	4.47724e+00	1.14130e+06	0.00000e+00
2.45555e+03	7.28510e+02	1.54368e+03	3.53641e+03	7.94923e+00	4.46787e+00	6.16662e+05	0.00000e+00
2.51916e+03	7.62035e+02	1.53211e+03	3.53499e+03	7.93716e+00	4.45847e+00	3.52850e+05	0.00000e+00
2.58231e+03	7.95356e+02	1.52055e+03	3.53356e+03	7.92502e+00	4.44905e+00	2.12173e+05	0.00000e+00
2.64497e+03	8.28475e+02	1.50898e+03	3.53210e+03	7.91284e+00	4.43962e+00	1.33224e+05	0.00000e+00
2.70716e+03	8.61393e+02	1.49741e+03	3.53064e+03	7.90062e+00	4.43018e+00	8.68868e+04	0.00000e+00
2.76889e+03	8.94110e+02	1.48584e+03	3.52917e+03	7.88837e+00	4.42074e+00	5.85949e+04	0.00000e+00
2.83014e+03	9.26626e+02	1.47427e+03	3.52768e+03	7.87609e+00	4.41129e+00	4.07049e+04	0.00000e+00
2.89092e+03	9.58944e+02	1.46270e+03	3.52618e+03	7.86378e+00	4.40185e+00	2.90338e+04	0.00000e+00
2.95123e+03	9.91063e+02	1.45113e+03	3.52468e+03	7.85146e+00	4.39242e+00	2.12040e+04	0.00000e+00
3.01108e+03	1.02298e+03	1.43956e+03	3.52317e+03	7.83913e+00	4.38299e+00	1.58178e+04	0.00000e+00
3.07046e+03	1.05471e+03	1.42799e+03	3.52165e+03	7.82677e+00	4.37356e+00	1.20274e+04	0.00000e+00
3.12938e+03	1.08624e+03	1.41642e+03	3.52013e+03	7.81441e+00	4.36415e+00	9.30488e+03	0.00000e+00
3.18783e+03	1.11757e+03	1.40486e+03	3.51860e+03	7.80205e+00	4.35476e+00	7.31242e+03	0.00000e+00
3.24583e+03	1.14872e+03	1.39329e+03	3.51706e+03	7.78969e+00	4.34538e+00	5.82926e+03	0.00000e+00
3.30336e+03	1.17967e+03	1.38172e+03	3.51552e+03	7.77731e+00	4.33601e+00	4.70788e+03	0.00000e+00
3.36044e+03	1.21042e+03	1.37015e+03	3.51397e+03	7.76494e+00	4.32666e+00	3.84785e+03	0.00000e+00
3.41706e+03	1.24099e+03	1.35858e+03	3.51242e+03	7.75256e+00	4.31732e+00	3.17954e+03	0.00000e+00
3.47323e+03	1.27137e+03	1.34701e+03	3.51087e+03	7.74019e+00	4.30801e+00	2.65389e+03	0.00000e+00
3.52894e+03	1.30156e+03	1.33544e+03	3.50931e+03	7.72782e+00	4.29871e+00	2.23579e+03	0.00000e+00
3.58421e+03	1.33157e+03	1.32387e+03	3.50774e+03	7.71545e+00	4.28943e+00	1.89977e+03	0.00000e+00
3.63903e+03	1.36139e+03	1.31230e+03	3.50617e+03	7.70308e+00	4.28017e+00	1.62712e+03	0.00000e+00
3.69340e+03	1.39102e+03	1.30074e+03	3.50460e+03	7.69072e+00	4.27093e+00	1.40389e+03	0.00000e+00
3.74732e+03	1.42047e+03	1.28917e+03	3.50303e+03	7.67836e+00	4.26171e+00	1.21959e+03	0.00000e+00
3.80080e+03	1.44975e+03	1.27760e+03	3.50145e+03	7.66600e+00	4.25251e+00	1.06626e+03	0.00000e+00
3.85385e+03	1.47884e+03	1.26603e+03	3.49986e+03	7.65365e+00	4.24333e+00	9.37747e+02	0.00000e+00
3.90645e+03	1.50775e+03	1.25446e+03	3.49828e+03	7.64130e+00	4.23417e+00	8.29307e+02	0.00000e+00
3.95862e+03	1.53649e+03	1.24289e+03	3.49669e+03	7.62896e+00	4.22503e+00	7.37217e+02	0.00000e+00
4.01035e+03	1.56506e+03	1.23132e+03	3.49510e+03	7.61662e+00	4.21592e+00	6.58539e+02	0.00000e+00
4.06165e+03	1.59345e+03	1.21975e+03	3.49350e+03	7.60428e+00	4.20682e+00	5.90941e+02	0.00000e+00
4.11252e+03	1.62167e+03	1.20818e+03	3.49190e+03	7.59194e+00	4.19774e+00	5.32551e+02	0.00000e+00
4.16297e+03	1.64972e+03	1.19661e+03	3.49029e+03	7.57961e+00	4.18868e+00	4.81861e+02	0.00000e+00
4.21299e+03	1.67760e+03	1.18505e+03	3.48869e+03	7.56727e+00	4.17964e+00	4.37646e+02	0.00000e+00
4.26258e+03	1.70532e+03	1.17348e+03	3.48707e+03	7.55495e+00	4.17062e+00	3.98907e+02	0.00000e+00
4.31176e+03	1.73288e+03	1.16191e+03	3.48546e+03	7.54261e+00	4.16161e+00	3.64820e+02	0.00000e+00
4.36052e+03	1.76027e+03	1.15034e+03	3.48384e+03	7.53027e+00	4.15263e+00	3.34705e+02	0.00000e+00
4.40887e+03	1.78751e+03	1.13877e+03	3.48222e+03	7.51794e+00	4.14366e+00	3.07997e+02	0.00000e+00
4.45681e+03	1.81459e+03	1.12720e+03	3.48059e+03	7.48348e+00	4.20063e+00	2.84225e+02	0.00000e+00
4.50433e+03	1.84151e+03	1.11563e+03	3.52508e+03	7.47051e+00	4.19160e+00	2.62993e+02	0.00000e+00
4.55208e+03	1.86829e+03	1.10406e+03	3.52347e+03	7.45761e+00	4.18260e+00	2.44008e+02	0.00000e+00
4.59940e+03	1.89491e+03	1.09249e+03	3.52187e+03	7.44470e+00	4.17363e+00	2.26937e+02	0.00000e+00
4.64630e+03	1.92140e+03	1.08092e+03	3.52027e+03	7.43175e+00	4.16466e+00	2.11542e+02	0.00000e+00
4.69279e+03	1.94773e+03	1.06936e+03	3.51866e+03	7.41884e+00	4.15571e+00	1.97617e+02	0.00000e+00
4.73885e+03	1.97393e+03	1.05779e+03	3.51704e+03	7.40587e+00	4.14678e+00	1.84989e+02	0.00000e+00
4.78451e+03	2.00000e+03	1.04622e+03	3.51542e+03	7.38315e+00	4.13342e+00	1.73505e+02	0.00000e+00
4.82975e+03	2.02592e+03	1.03465e+03	3.51596e+03	7.35592e+00	4.11795e+00	1.63038e+02	0.00000e+00
4.87462e+03	2.05172e+03	1.02308e+03	3.51758e+03	7.32908e+00	4.10256e+00	1.53473e+02	0.00000e+00
4.91912e+03	2.07740e+03	1.01151e+03	3.51922e+03	7.30333e+00	4.08758e+00	1.44715e+02	0.00000e+00
4.96326e+03	2.10295e+03	9.99942e+02	3.52073e+03	7.31853e+00	4.09209e+00	1.36676e+02	0.00000e+00
5.00705e+03	2.12838e+03	9.88373e+02	3.51284e+03	7.32017e+00	4.09024e+00	1.29282e+02	0.00000e+00
5.05036e+03	2.15370e+03	9.76804e+02	3.50807e+03	7.30781e+00	4.08175e+00	1.22464e+02	0.00000e+00
5.09324e+03	2.17891e+03	9.65235e+02	3.50655e+03	7.29588e+00	4.07330e+00	1.16166e+02	0.00000e+00
5.13574e+03	2.20402e+03	9.53666e+02	3.50504e+03	7.28373e+00	4.06490e+00	1.10338e+02	0.00000e+00
5.17786e+03	2.22903e+03	9.42097e+02	3.50354e+03	7.27176e+00	4.05654e+00	1.04934e+02	0.00000e+00
5.21961e+03	2.25394e+03	9.30528e+02	3.50205e+03	7.26005e+00	4.04822e+00	9.99158e+01	0.00000e+00
5.26099e+03	2.27876e+03	9.18959e+02	3.50059e+03	7.24810e+00	4.03993e+00	9.52468e+01	0.00000e+00
5.30201e+03	2.30349e+03	9.07390e+02	3.49913e+03	7.23644e+00	4.03167e+00	9.08957e+01	0.00000e+00
5.34267e+03	2.32815e+03	8.95821e+02	3.49767e+03	7.22503e+00	4.02346e+00	8.68342e+01	0.00000e+00
5.38298e+03	2.35274e+03	8.84252e+02	3.49622e+03	7.21368e+00	4.01526e+00	8.30370e+01	0.00000e+00
5.42294e+03	2.37726e+03	8.72683e+02	3.49480e+03	7.20193e+00	4.00710e+00	7.94815e+01	0.00000e+00
5.46257e+03	2.40172e+03	8.61114e+02	3.49337e+03	7.18990e+00	3.99897e+00	7.61472e+01	0.00000e+00
5.50186e+03	2.42613e+03	8.49545e+02	3.49194e+03	7.17833e+00	3.99084e+00	7.30160e+01	0.00000e+00
5.54082e+03	2.45050e+03	8.37976e+02	3.49054e+03	7.16700e+00	3.98273e+00	7.00711e+01	0.00000e+00
5.57946e+03	2.47483e+03	8.26407e+02	3.48912e+03	7.15590e+00	3.97464e+00	6.72977e+01	0.00000e+00
5.61780e+03	2.49914e+03	8.14838e+02	3.48771e+03	7.14492e+00	3.96658e+00	6.46823e+01	0.00000e+00
5.65582e+03	2.52342e+03	8.03269e+02	3.48632e+03	7.13386e+00	3.95851e+00	6.22124e+01	0.00000e+00
5.69355e+03	2.54770e+03	7.91701e+02	3.48493e+03	7.12263e+00	3.95043e+00	5.98770e+01	0.00000e+00
5.73099e+03	2.57198e+03	7.80132e+02	3.48355e+03	7.11152e+00	3.94236e+00	5.76660e+01	0.00000e+00
5.76815e+03	2.59627e+03	7.68563e+02	3.48215e+03	7.10029e+00	3.93429e+00	5.55699e+01	0.00000e+00
5.80505e+03	2.62059e+03	7.56994e+02	3.48074e+03	7.08847e+00	3.92622e+00	5.35805e+01	0.00000e+00
5.84168e+03	2.64494e+03	7.45425e+02	3.47934e+03	7.07712e+00	3.91813e+00	5.16899e+01	0.00000e+00
5.87806e+03	2.66934e+03	7.33856e+02	3.47793e+03	7.06611e+00	3.91003e+00	4.98910e+01	0.00000e+00
5.91420e+03	2.69380e+03	7.22287e+02	3.47652e+03	7.05502e+00	3.90189e+00	4.81774e+01	0.00000e+00
5.95012e+03	2.71834e+03	7.10718e+02	3.47513e+03	7.04376e+00	3.89372e+00	4.65430e+01	0.00000e+00
5.98582e+03	2.74297e+03	6.99149e+02	3.47372e+03	7.03206e+00	3.88554e+00	4.49824e+01	0.00000e+00
6.02132e+03	2.76771e+03	6.87580e+02	3.47227e+03	7.01986e+00	3.87720e+00	4.34905e+01	0.00000e+00
6.05663e+03	2.79258e+03	6.76011e+02	3.47069e+03	7.00726e+00	3.86872e+00	4.20626e+01	0.00000e+00
6.09177e+03	2.81759e+03	6.64442e+02	3.46903e+03	6.99455e+00	3.86019e+00	4.06943e+01	0.00000e+00
6.12675e+03	2.84277e+03	6.52873e+02	3.46735e+03	6.98169e+00	3.85158e+00	3.93818e+01	0.00000e+00
6.16159e+03	2.86814e+03	6.41304e+02	3.46564e+03	6.96869e+00	3.84290e+00	3.81212e+01	0.00000e+00
6.19631e+03	2.89372e+03	6.29735e+02	3.46391e+03	6.95553e+00	3.83414e+00	3.69091e+01	0.00000e+00
6.19631e+03	2.89372e+03	6.29735e+02	8.00000e+03	6.17965e+00	3.33340e+00	1.00000e+04	0.00000e+00
6.67983e+03	2.89693e+03	5.59764e+02	8.00641e+03	6.17718e+00	3.33207e+00	1.00000e+04	0.00000e+00
6.99508e+03	2.90015e+03	4.89794e+02	8.01245e+03	6.21220e+00	3.34888e+00	1.00000e+04	0.00000e+00
7.10435e+03	2.90336e+03	4.19823e+02	8.01835e+03	6.23414e+00	3.35937e+00	1.00000e+04	0.00000e+00
6.94303e+03	2.90658e+03	3.49853e+02	8.02438e+03	6.24016e+00	3.36216e+00	1.00000e+04	0.00000e+00
6.39005e+03	2.90979e+03	2.79882e+02	8.03097e+03	6.22525e+00	3.35480e+00	1.00000e+04	0.00000e+00
5.18908e+03	2.91301e+03	2.09912e+02	8.03920e+03	6.17954e+00	3.33251e+00	1.00000e+04	0.00000e+00
2.68861e+03	2.91622e+03	1.39941e+02	8.05564e+03	6.07995e+00	3.28402e+00	1.00000e+04	0.00000e+00
-3.36993e+03	2.91944e+03	6.99705e+01	8.04153e+03	5.88615e+00	3.19089e+00	1.00000e+04	0.00000e+00
-2.81822e+04	2.92265e+03	0.00000e+00	8.03948e+03	5.37382e+00	2.94571e+00	1.00000e+04	0.00000e+00
