   0.0000000e+00   9.4000000e+01   2.5750000e+03   9.3248256e+02   3.9786710e+00   1.9649255e+00   1.7255639e+05
   2.2076935e+00   1.2610879e+02   2.5733421e+03   9.3248256e+02   3.9808778e+00   1.9660154e+00   6.9092715e+03
   4.4153870e+00   1.6918538e+02   2.5715938e+03   9.3252367e+02   3.9860704e+00   1.9685799e+00   6.2770149e+02
   6.6230805e+00   2.2697620e+02   2.5698463e+03   9.3253656e+02   3.9977756e+00   1.9743606e+00   1.0502625e+02
   8.8307740e+00   2.2701141e+02   2.5680994e+03   9.3251647e+02   3.9972604e+00   1.9741062e+00   1.0494105e+02
   1.1038467e+01   2.2704861e+02   2.5663530e+03   9.3245782e+02   3.9967459e+00   1.9738521e+00   1.0485110e+02
   1.3246161e+01   2.2708792e+02   2.5646072e+03   9.3235399e+02   3.9962323e+00   1.9735985e+00   1.0475616e+02
   1.5453854e+01   2.2712947e+02   2.5628618e+03   9.3219723e+02   3.9957197e+00   1.9733453e+00   1.0465596e+02
   1.7661548e+01   2.2717339e+02   2.5611167e+03   9.3197849e+02   3.9952082e+00   1.9730927e+00   1.0455020e+02
   1.9869241e+01   2.2721979e+02   2.5593718e+03   9.3168726e+02   3.9946979e+00   1.9728407e+00   1.0443859e+02
   2.2076935e+01   2.2726884e+02   2.5576271e+03   9.3131155e+02   3.9941889e+00   1.9725893e+00   1.0432082e+02
   2.4284628e+01   2.2732067e+02   2.5558822e+03   9.3083784e+02   3.9936814e+00   1.9723387e+00   1.0419655e+02
   2.6492322e+01   2.2737545e+02   2.5541371e+03   9.3025133e+02   3.9931754e+00   1.9720888e+00   1.0406545e+02
   2.8700015e+01   2.2743334e+02   2.5523915e+03   9.2953638e+02   3.9926710e+00   1.9718397e+00   1.0392714e+02
   3.0907709e+01   2.2749452e+02   2.5506453e+03   9.2867746e+02   3.9921685e+00   1.9715915e+00   1.0378124e+02
   3.3115402e+01   2.2755918e+02   2.5488980e+03   9.2766054e+02   3.9916679e+00   1.9713443e+00   1.0362736e+02
   3.5323096e+01   2.2762752e+02   2.5471495e+03   9.2647529e+02   3.9911693e+00   1.9710980e+00   1.0346508e+02
   3.7530789e+01   2.2769974e+02   2.5453994e+03   9.2511789e+02   3.9906729e+00   1.9708529e+00   1.0329395e+02
   3.9738483e+01   2.2777606e+02   2.5436474e+03   9.2359445e+02   3.9901788e+00   1.9706088e+00   1.0311353e+02
   4.1946176e+01   2.7000000e+02   2.5418932e+03   9.2192431e+02   4.0012487e+00   1.9760759e+00   4.5612486e+01
   4.5852963e+01   2.7000000e+02   2.5390896e+03   1.0222528e+03   1.4617339e+00   0.0000000e+00   0.0000000e+00
   4.9759749e+01   2.7000000e+02   2.5362922e+03   1.0240730e+03   1.4687848e+00   0.0000000e+00   0.0000000e+00
   5.3666535e+01   2.7000000e+02   2.5335009e+03   1.0258763e+03   1.4758821e+00   0.0000000e+00   0.0000000e+00
   5.7573321e+01   2.7000000e+02   2.5307157e+03   1.0276627e+03   1.4830171e+00   0.0000000e+00   0.0000000e+00
   6.1480108e+01   2.7000000e+02   2.5279366e+03   1.0294325e+03   1.4901811e+00   0.0000000e+00   0.0000000e+00
   6.5386894e+01   2.7000000e+02   2.5251634e+03   1.0311860e+03   1.4973683e+00   0.0000000e+00   0.0000000e+00
   6.9293680e+01   2.7000000e+02   2.5223961e+03   1.0329233e+03   1.5045764e+00   0.0000000e+00   0.0000000e+00
   7.3200467e+01   2.7000000e+02   2.5196346e+03   1.0346448e+03   1.5118031e+00   0.0000000e+00   0.0000000e+00
   7.7107253e+01   2.7000000e+02   2.5168789e+03   1.0363505e+03   1.5190452e+00   0.0000000e+00   0.0000000e+00
   8.1014039e+01   2.7000000e+02   2.5141288e+03   1.0380409e+03   1.5262990e+00   0.0000000e+00   0.0000000e+00
   8.4920825e+01   2.7000000e+02   2.5113844e+03   1.0397160e+03   1.5335607e+00   0.0000000e+00   0.0000000e+00
   8.8827612e+01   2.7000000e+02   2.5086456e+03   1.0413762e+03   1.5408269e+00   0.0000000e+00   0.0000000e+00
   9.2734398e+01   2.7000000e+02   2.5059122e+03   1.0430215e+03   1.5480943e+00   0.0000000e+00   0.0000000e+00
   9.6641184e+01   2.7000000e+02   2.5031844e+03   1.0446523e+03   1.5553622e+00   0.0000000e+00   0.0000000e+00
   1.0054797e+02   2.7000000e+02   2.5004619e+03   1.0462687e+03   1.5626313e+00   0.0000000e+00   0.0000000e+00
   1.0445476e+02   2.7000000e+02   2.4977448e+03   1.0478710e+03   1.5699026e+00   0.0000000e+00   0.0000000e+00
   1.0836154e+02   2.7000000e+02   2.4950329e+03   1.0494594e+03   1.5771780e+00   0.0000000e+00   0.0000000e+00
   1.1226833e+02   2.7000000e+02   2.4923264e+03   1.0510340e+03   1.5844593e+00   0.0000000e+00   0.0000000e+00
   1.1617512e+02   2.7000000e+02   2.4896249e+03   1.0525952e+03   1.5917471e+00   0.0000000e+00   0.0000000e+00
   1.2008190e+02   2.7000000e+02   2.4869287e+03   1.0541430e+03   1.5990406e+00   0.0000000e+00   0.0000000e+00
   1.2398869e+02   2.7000000e+02   2.4842375e+03   1.0556777e+03   1.6063392e+00   0.0000000e+00   0.0000000e+00
   1.2789547e+02   2.7000000e+02   2.4815514e+03   1.0571996e+03   1.6136418e+00   0.0000000e+00   0.0000000e+00
   1.3180226e+02   2.7000000e+02   2.4788702e+03   1.0587088e+03   1.6209475e+00   0.0000000e+00   0.0000000e+00
   1.3570905e+02   2.7000000e+02   2.4761940e+03   1.0602054e+03   1.6282549e+00   0.0000000e+00   0.0000000e+00
   1.3961583e+02   2.7000000e+02   2.4735227e+03   1.0616897e+03   1.6355628e+00   0.0000000e+00   0.0000000e+00
   1.4352262e+02   2.7000000e+02   2.4708562e+03   1.0631617e+03   1.6428695e+00   0.0000000e+00   0.0000000e+00
   1.4742941e+02   2.7000000e+02   2.4681946e+03   1.0646218e+03   1.6501734e+00   0.0000000e+00   0.0000000e+00
   1.5133619e+02   2.7000000e+02   2.4655377e+03   1.0660699e+03   1.6574727e+00   0.0000000e+00   0.0000000e+00
   1.5524298e+02   2.7000000e+02   2.4628855e+03   1.0675063e+03   1.6647657e+00   0.0000000e+00   0.0000000e+00
   1.5914976e+02   2.7000000e+02   2.4602381e+03   1.0689311e+03   1.6720509e+00   0.0000000e+00   0.0000000e+00
   1.6305655e+02   2.7000000e+02   2.4575952e+03   1.0703445e+03   1.6793269e+00   0.0000000e+00   0.0000000e+00
   1.6696334e+02   2.7000000e+02   2.4549570e+03   1.0717466e+03   1.6865919e+00   0.0000000e+00   0.0000000e+00
   1.7087012e+02   2.7000000e+02   2.4523233e+03   1.0731376e+03   1.6938442e+00   0.0000000e+00   0.0000000e+00
   1.7477691e+02   2.7000000e+02   2.4496941e+03   1.0745177e+03   1.7010820e+00   0.0000000e+00   0.0000000e+00
   1.7868370e+02   2.7000000e+02   2.4470694e+03   1.0758870e+03   1.7083042e+00   0.0000000e+00   0.0000000e+00
   1.8259048e+02   2.7000000e+02   2.4444492e+03   1.0772458e+03   1.7155094e+00   0.0000000e+00   0.0000000e+00
   1.8649727e+02   2.7000000e+02   2.4418334e+03   1.0785941e+03   1.7226939e+00   0.0000000e+00   0.0000000e+00
   1.9040405e+02   2.7000000e+02   2.4392219e+03   1.0799321e+03   1.7298528e+00   0.0000000e+00   0.0000000e+00
   1.9431084e+02   2.7000000e+02   2.4366148e+03   1.0812601e+03   1.7369804e+00   0.0000000e+00   0.0000000e+00
   1.9821763e+02   2.7000000e+02   2.4340120e+03   1.0825782e+03   1.7440694e+00   0.0000000e+00   0.0000000e+00
   2.0212441e+02   2.7000000e+02   2.4314134e+03   1.0838865e+03   1.7511126e+00   0.0000000e+00   0.0000000e+00
   2.0603120e+02   2.7000000e+02   2.4288191e+03   1.0851852e+03   1.7581076e+00   0.0000000e+00   0.0000000e+00
   2.0993799e+02   2.7000000e+02   2.4262290e+03   1.0864746e+03   1.7650561e+00   0.0000000e+00   0.0000000e+00
   2.1384477e+02   2.7000000e+02   2.4236431e+03   1.0877547e+03   1.7719604e+00   0.0000000e+00   0.0000000e+00
   2.1775156e+02   2.7000000e+02   2.4210613e+03   1.0890257e+03   1.7788244e+00   0.0000000e+00   0.0000000e+00
   2.2165835e+02   2.7000000e+02   2.4184836e+03   1.0902878e+03   1.7856524e+00   0.0000000e+00   0.0000000e+00
   2.2556513e+02   2.7000000e+02   2.4159100e+03   1.0915410e+03   1.7924469e+00   0.0000000e+00   0.0000000e+00
   2.2947192e+02   2.7000000e+02   2.4133404e+03   1.0927856e+03   1.7992085e+00   0.0000000e+00   0.0000000e+00
   2.3337870e+02   2.7000000e+02   2.4107749e+03   1.0940215e+03   1.8059374e+00   0.0000000e+00   0.0000000e+00
   2.3728549e+02   2.7000000e+02   2.4082134e+03   1.0952491e+03   1.8126338e+00   0.0000000e+00   0.0000000e+00
   2.4119228e+02   2.7000000e+02   2.4056558e+03   1.0964684e+03   1.8192978e+00   0.0000000e+00   0.0000000e+00
   2.4509906e+02   2.7000000e+02   2.4031022e+03   1.0976795e+03   1.8259291e+00   0.0000000e+00   0.0000000e+00
   2.4900585e+02   2.7000000e+02   2.4005525e+03   1.0988826e+03   1.8325272e+00   0.0000000e+00   0.0000000e+00
   2.5291264e+02   2.7000000e+02   2.3980066e+03   1.1000777e+03   1.8390916e+00   0.0000000e+00   0.0000000e+00
   2.5681942e+02   2.7000000e+02   2.3954647e+03   1.1012652e+03   1.8456224e+00   0.0000000e+00   0.0000000e+00
   2.6072621e+02   2.7000000e+02   2.3929265e+03   1.1024449e+03   1.8521199e+00   0.0000000e+00   0.0000000e+00
   2.6463299e+02   2.7000000e+02   2.3903922e+03   1.1036171e+03   1.8585846e+00   0.0000000e+00   0.0000000e+00
   2.6853978e+02   2.7000000e+02   2.3878617e+03   1.1047819e+03   1.8650168e+00   0.0000000e+00   0.0000000e+00
   2.7244657e+02   2.7000000e+02   2.3853349e+03   1.1059393e+03   1.8714174e+00   0.0000000e+00   0.0000000e+00
   2.7635335e+02   2.7000000e+02   2.3828119e+03   1.1070895e+03   1.8777870e+00   0.0000000e+00   0.0000000e+00
   2.8026014e+02   2.7000000e+02   2.3802926e+03   1.1082326e+03   1.8841263e+00   0.0000000e+00   0.0000000e+00
   2.8416693e+02   2.7000000e+02   2.3777769e+03   1.1093686e+03   1.8904361e+00   0.0000000e+00   0.0000000e+00
   2.8807371e+02   2.7000000e+02   2.3752650e+03   1.1104976e+03   1.8967164e+00   0.0000000e+00   0.0000000e+00
   2.9198050e+02   2.7000000e+02   2.3727567e+03   1.1116199e+03   1.9029674e+00   0.0000000e+00   0.0000000e+00
   2.9588728e+02   2.7000000e+02   2.3702520e+03   1.1127354e+03   1.9091885e+00   0.0000000e+00   0.0000000e+00
   2.9979407e+02   2.7000000e+02   2.3677510e+03   1.1138443e+03   1.9153784e+00   0.0000000e+00   0.0000000e+00
   3.0370086e+02   2.7000000e+02   2.3652535e+03   1.1149467e+03   1.9215359e+00   0.0000000e+00   0.0000000e+00
   3.0760764e+02   2.7000000e+02   2.3627596e+03   1.1160426e+03   1.9276607e+00   0.0000000e+00   0.0000000e+00
   3.1151443e+02   2.7000000e+02   2.3602692e+03   1.1171322e+03   1.9337528e+00   0.0000000e+00   0.0000000e+00
   3.1542122e+02   2.7000000e+02   2.3577824e+03   1.1182155e+03   1.9398120e+00   0.0000000e+00   0.0000000e+00
   3.1932800e+02   2.7000000e+02   2.3552991e+03   1.1192926e+03   1.9458388e+00   0.0000000e+00   0.0000000e+00
   3.2323479e+02   2.7000000e+02   2.3528192e+03   1.1203635e+03   1.9518332e+00   0.0000000e+00   0.0000000e+00
   3.2714157e+02   2.7000000e+02   2.3503429e+03   1.1214285e+03   1.9577945e+00   0.0000000e+00   0.0000000e+00
   3.3104836e+02   2.7000000e+02   2.3478700e+03   1.1224875e+03   1.9637218e+00   0.0000000e+00   0.0000000e+00
   3.3495515e+02   2.7000000e+02   2.3454005e+03   1.1235407e+03   1.9696142e+00   0.0000000e+00   0.0000000e+00
   3.3886193e+02   2.7000000e+02   2.3429344e+03   1.1245881e+03   1.9754709e+00   0.0000000e+00   0.0000000e+00
   3.4276872e+02   2.7000000e+02   2.3404718e+03   1.1256299e+03   1.9812911e+00   0.0000000e+00   0.0000000e+00
   3.4667551e+02   2.7000000e+02   2.3380125e+03   1.1266660e+03   1.9870742e+00   0.0000000e+00   0.0000000e+00
   3.5058229e+02   2.7000000e+02   2.3355566e+03   1.1276966e+03   1.9928196e+00   0.0000000e+00   0.0000000e+00
   3.5448908e+02   2.7000000e+02   2.3331040e+03   1.1287218e+03   1.9985270e+00   0.0000000e+00   0.0000000e+00
   3.5839586e+02   2.7000000e+02   2.3306548e+03   1.1297416e+03   2.0041963e+00   0.0000000e+00   0.0000000e+00
   3.6230265e+02   2.7000000e+02   2.3282089e+03   1.1307561e+03   2.0098276e+00   0.0000000e+00   0.0000000e+00
   3.6620944e+02   2.7000000e+02   2.3257663e+03   1.1317654e+03   2.0154211e+00   0.0000000e+00   0.0000000e+00
   3.7011622e+02   2.7000000e+02   2.3233269e+03   1.1327696e+03   2.0209774e+00   0.0000000e+00   0.0000000e+00
   3.7402301e+02   2.7000000e+02   2.3208909e+03   1.1337687e+03   2.0264971e+00   0.0000000e+00   0.0000000e+00
   3.7792980e+02   2.7000000e+02   2.3184581e+03   1.1347628e+03   2.0319808e+00   0.0000000e+00   0.0000000e+00
   3.8183658e+02   2.7000000e+02   2.3160285e+03   1.1357520e+03   2.0374292e+00   0.0000000e+00   0.0000000e+00
   3.8574337e+02   2.7000000e+02   2.3136022e+03   1.1367363e+03   2.0428439e+00   0.0000000e+00   0.0000000e+00
   3.8965015e+02   2.7000000e+02   2.3111791e+03   1.1377159e+03   2.0482273e+00   0.0000000e+00   0.0000000e+00
   3.9355694e+02   2.7000000e+02   2.3087592e+03   1.1386907e+03   2.0535821e+00   0.0000000e+00   0.0000000e+00
   3.9746373e+02   2.7000000e+02   2.3063424e+03   1.1396609e+03   2.0589109e+00   0.0000000e+00   0.0000000e+00
   4.0137051e+02   2.7000000e+02   2.3039289e+03   1.1406264e+03   2.0642165e+00   0.0000000e+00   0.0000000e+00
   4.0527730e+02   2.7000000e+02   2.3015185e+03   1.1415873e+03   2.0695008e+00   0.0000000e+00   0.0000000e+00
   4.0918409e+02   2.7000000e+02   2.2991112e+03   1.1425437e+03   2.0747651e+00   0.0000000e+00   0.0000000e+00
   4.1309087e+02   2.7000000e+02   2.2967071e+03   1.1434956e+03   2.0800105e+00   0.0000000e+00   0.0000000e+00
   4.1699766e+02   2.7000000e+02   2.2943061e+03   1.1444431e+03   2.0852376e+00   0.0000000e+00   0.0000000e+00
   4.2090445e+02   2.7000000e+02   2.2919082e+03   1.1453863e+03   2.0904470e+00   0.0000000e+00   0.0000000e+00
   4.2481123e+02   2.7000000e+02   2.2895134e+03   1.1463251e+03   2.0956390e+00   0.0000000e+00   0.0000000e+00
   4.2871802e+02   2.7000000e+02   2.2871217e+03   1.1472596e+03   2.1008136e+00   0.0000000e+00   0.0000000e+00
   4.3262480e+02   2.7000000e+02   2.2847331e+03   1.1481899e+03   2.1059708e+00   0.0000000e+00   0.0000000e+00
   4.3653159e+02   2.7000000e+02   2.2823475e+03   1.1491160e+03   2.1111104e+00   0.0000000e+00   0.0000000e+00
   4.4043838e+02   2.7000000e+02   2.2799650e+03   1.1500380e+03   2.1162323e+00   0.0000000e+00   0.0000000e+00
   4.4434516e+02   2.7000000e+02   2.2775855e+03   1.1509559e+03   2.1213362e+00   0.0000000e+00   0.0000000e+00
   4.4825195e+02   2.7000000e+02   2.2752090e+03   1.1518697e+03   2.1264221e+00   0.0000000e+00   0.0000000e+00
   4.5215874e+02   2.7000000e+02   2.2728356e+03   1.1527795e+03   2.1314896e+00   0.0000000e+00   0.0000000e+00
   4.5606552e+02   2.7000000e+02   2.2704651e+03   1.1536853e+03   2.1365388e+00   0.0000000e+00   0.0000000e+00
   4.5997231e+02   2.7000000e+02   2.2680977e+03   1.1545871e+03   2.1415699e+00   0.0000000e+00   0.0000000e+00
   4.6387909e+02   2.7000000e+02   2.2657332e+03   1.1554851e+03   2.1465830e+00   0.0000000e+00   0.0000000e+00
   4.6778588e+02   2.7000000e+02   2.2633717e+03   1.1563792e+03   2.1515789e+00   0.0000000e+00   0.0000000e+00
   4.7169267e+02   2.7000000e+02   2.2610132e+03   1.1572695e+03   2.1565580e+00   0.0000000e+00   0.0000000e+00
   4.7559945e+02   2.7000000e+02   2.2586576e+03   1.1581560e+03   2.1615215e+00   0.0000000e+00   0.0000000e+00
   4.7950624e+02   2.7000000e+02   2.2563049e+03   1.1590387e+03   2.1664706e+00   0.0000000e+00   0.0000000e+00
   4.8341303e+02   2.7000000e+02   2.2539552e+03   1.1599177e+03   2.1714067e+00   0.0000000e+00   0.0000000e+00
   4.8731981e+02   2.7000000e+02   2.2516084e+03   1.1607930e+03   2.1763304e+00   0.0000000e+00   0.0000000e+00
   4.9122660e+02   2.7000000e+02   2.2492646e+03   1.1616647e+03   2.1812422e+00   0.0000000e+00   0.0000000e+00
   4.9513338e+02   2.7000000e+02   2.2469236e+03   1.1625328e+03   2.1861424e+00   0.0000000e+00   0.0000000e+00
   4.9904017e+02   2.7000000e+02   2.2445855e+03   1.1633973e+03   2.1910308e+00   0.0000000e+00   0.0000000e+00
   5.0294696e+02   2.7000000e+02   2.2422503e+03   1.1642582e+03   2.1959074e+00   0.0000000e+00   0.0000000e+00
   5.0685374e+02   2.7000000e+02   2.2399180e+03   1.1651156e+03   2.2007733e+00   0.0000000e+00   0.0000000e+00
   5.1076053e+02   2.7000000e+02   2.2375885e+03   1.1659695e+03   2.2056304e+00   0.0000000e+00   0.0000000e+00
   5.1466732e+02   2.7000000e+02   2.2352619e+03   1.1668200e+03   2.2104802e+00   0.0000000e+00   0.0000000e+00
   5.1857410e+02   2.7000000e+02   2.2329382e+03   1.1676670e+03   2.2153239e+00   0.0000000e+00   0.0000000e+00
   5.2248089e+02   2.7000000e+02   2.2306173e+03   1.1685106e+03   2.2201624e+00   0.0000000e+00   0.0000000e+00
   5.2638767e+02   2.7000000e+02   2.2282992e+03   1.1693508e+03   2.2249959e+00   0.0000000e+00   0.0000000e+00
   5.3029446e+02   2.7000000e+02   2.2259839e+03   1.1701876e+03   2.2298239e+00   0.0000000e+00   0.0000000e+00
   5.3420125e+02   2.7000000e+02   2.2236715e+03   1.1710210e+03   2.2346460e+00   0.0000000e+00   0.0000000e+00
   5.3810803e+02   2.7000000e+02   2.2213618e+03   1.1718511e+03   2.2394618e+00   0.0000000e+00   0.0000000e+00
   5.4201482e+02   2.7000000e+02   2.2190550e+03   1.1726779e+03   2.2442712e+00   0.0000000e+00   0.0000000e+00
   5.4592161e+02   2.7000000e+02   2.2167509e+03   1.1735014e+03   2.2490737e+00   0.0000000e+00   0.0000000e+00
   5.4982839e+02   2.7000000e+02   2.2144497e+03   1.1743216e+03   2.2538688e+00   0.0000000e+00   0.0000000e+00
   5.5373518e+02   2.7000000e+02   2.2121512e+03   1.1751385e+03   2.2586558e+00   0.0000000e+00   0.0000000e+00
   5.5764196e+02   2.7000000e+02   2.2098554e+03   1.1759523e+03   2.2634341e+00   0.0000000e+00   0.0000000e+00
   5.6154875e+02   2.7013243e+02   2.2077195e+03   1.2632777e+03   4.2036845e+00   2.1974323e+00   1.2398759e+02
   5.6545554e+02   2.7034623e+02   2.2055851e+03   1.2637196e+03   4.2029494e+00   2.1970481e+00   1.2398759e+02
   5.6936232e+02   2.7056002e+02   2.2034522e+03   1.2641578e+03   4.2022209e+00   2.1966673e+00   1.2398759e+02
   5.7326911e+02   2.7077381e+02   2.2013209e+03   1.2645922e+03   4.2014991e+00   2.1962899e+00   1.2398759e+02
   5.7717590e+02   2.7098760e+02   2.1991910e+03   1.2650229e+03   4.2007838e+00   2.1959160e+00   1.2398759e+02
   5.8108268e+02   2.7120139e+02   2.1970628e+03   1.2654499e+03   4.2000751e+00   2.1955455e+00   1.2398759e+02
   5.8498947e+02   2.7140934e+02   2.1949360e+03   1.2658735e+03   4.1993722e+00   2.1951781e+00   1.2398759e+02
   5.8889625e+02   2.7161472e+02   2.1928107e+03   1.2662936e+03   4.1986756e+00   2.1948140e+00   1.2398759e+02
   5.9280304e+02   2.7182010e+02   2.1906870e+03   1.2667100e+03   4.1979854e+00   2.1944532e+00   1.2398759e+02
   5.9670983e+02   2.7202547e+02   2.1885648e+03   1.2671227e+03   4.1973017e+00   2.1940958e+00   1.2398759e+02
   6.0061661e+02   2.7223085e+02   2.1864440e+03   1.2675318e+03   4.1966243e+00   2.1937417e+00   1.2398759e+02
   6.0452340e+02   2.7243623e+02   2.1843248e+03   1.2679372e+03   4.1959533e+00   2.1933909e+00   1.2398759e+02
   6.0843019e+02   2.7263988e+02   2.1822071e+03   1.2683391e+03   4.1952885e+00   2.1930434e+00   1.2398759e+02
   6.1233697e+02   2.7283723e+02   2.1800909e+03   1.2687378e+03   4.1946292e+00   2.1926988e+00   1.2398759e+02
   6.1624376e+02   2.7303457e+02   2.1779761e+03   1.2691329e+03   4.1939763e+00   2.1923574e+00   1.2398759e+02
   6.2015055e+02   2.7323191e+02   2.1758629e+03   1.2695244e+03   4.1933295e+00   2.1920194e+00   1.2398759e+02
   6.2405733e+02   2.7342926e+02   2.1737511e+03   1.2699124e+03   4.1926889e+00   2.1916845e+00   1.2398759e+02
   6.2796412e+02   2.7362660e+02   2.1716408e+03   1.2702968e+03   4.1920545e+00   2.1913529e+00   1.2398759e+02
   6.3187090e+02   2.7382394e+02   2.1695320e+03   1.2706777e+03   4.1914262e+00   2.1910244e+00   1.2398759e+02
   6.3577769e+02   2.7405080e+02   2.1674247e+03   1.2710531e+03   4.1908071e+00   2.1907008e+00   1.2398759e+02
   6.3968448e+02   2.7428836e+02   2.1653188e+03   1.2714244e+03   4.1901951e+00   2.1903809e+00   1.2398759e+02
   6.4359126e+02   2.7452593e+02   2.1632144e+03   1.2717922e+03   4.1895891e+00   2.1900641e+00   1.2398759e+02
   6.4749805e+02   2.7476349e+02   2.1611114e+03   1.2721566e+03   4.1889891e+00   2.1897505e+00   1.2398759e+02
   6.5140484e+02   2.7500106e+02   2.1591074e+03   1.3344020e+03   4.5921780e+00   2.3707584e+00   1.3677567e+02
   6.5531162e+02   2.7523862e+02   2.1571041e+03   1.3344377e+03   4.5921165e+00   2.3707267e+00   1.3612813e+02
   6.5921841e+02   2.7549342e+02   2.1551014e+03   1.3344723e+03   4.5920569e+00   2.3706959e+00   1.3543825e+02
   6.6312519e+02   2.7579895e+02   2.1530995e+03   1.3345038e+03   4.5920027e+00   2.3706679e+00   1.3461730e+02
   6.6703198e+02   2.7610448e+02   2.1510982e+03   1.3345352e+03   4.5919486e+00   2.3706400e+00   1.3380312e+02
   6.7093877e+02   2.7641000e+02   2.1490977e+03   1.3345667e+03   4.5918946e+00   2.3706121e+00   1.3299565e+02
   6.7484555e+02   2.7671553e+02   2.1470979e+03   1.3345981e+03   4.5918405e+00   2.3705842e+00   1.3219481e+02
   6.7875234e+02   2.7702106e+02   2.1450988e+03   1.3346295e+03   4.5917864e+00   2.3705563e+00   1.3140056e+02
   6.8265913e+02   2.7732659e+02   2.1431004e+03   1.3346609e+03   4.5917324e+00   2.3705284e+00   1.3061280e+02
   6.8656591e+02   2.7762289e+02   2.1411027e+03   1.3346929e+03   4.5916774e+00   2.3705000e+00   1.2985497e+02
   6.9047270e+02   2.7791650e+02   2.1391058e+03   1.3347250e+03   4.5916222e+00   2.3704714e+00   1.2910997e+02
   6.9437948e+02   2.7821011e+02   2.1371095e+03   1.3347571e+03   4.5915669e+00   2.3704429e+00   1.2837080e+02
   6.9828627e+02   2.7850371e+02   2.1351141e+03   1.3347893e+03   4.5915117e+00   2.3704144e+00   1.2763741e+02
   7.0219306e+02   2.7879732e+02   2.1331193e+03   1.3348214e+03   4.5914565e+00   2.3703859e+00   1.2690974e+02
   7.0609984e+02   2.7909093e+02   2.1311253e+03   1.3348534e+03   4.5914013e+00   2.3703574e+00   1.2618773e+02
   7.1000663e+02   2.7938130e+02   2.1291321e+03   1.3348857e+03   4.5913458e+00   2.3703288e+00   1.2547920e+02
   7.1391342e+02   2.7966388e+02   2.1271396e+03   1.3349185e+03   4.5912895e+00   2.3702997e+00   1.2479491e+02
   7.1782020e+02   2.7994645e+02   2.1251478e+03   1.3349512e+03   4.5912332e+00   2.3702706e+00   1.2411572e+02
   7.2172699e+02   2.8022903e+02   2.1231568e+03   1.3349839e+03   4.5911769e+00   2.3702416e+00   1.2344159e+02
   7.2563377e+02   2.8051161e+02   2.1211666e+03   1.3350167e+03   4.5911206e+00   2.3702125e+00   1.2277247e+02
   7.2954056e+02   2.8079418e+02   2.1191771e+03   1.3350494e+03   4.5910644e+00   2.3701835e+00   1.2210831e+02
   7.3344735e+02   2.8107676e+02   2.1171884e+03   1.3350821e+03   4.5910082e+00   2.3701545e+00   1.2144906e+02
   7.3735413e+02   2.8135104e+02   2.1152005e+03   1.3351153e+03   4.5909511e+00   2.3701250e+00   1.2081384e+02
   7.4126092e+02   2.8162341e+02   2.1132134e+03   1.3351486e+03   4.5908938e+00   2.3700954e+00   1.2018753e+02
   7.4516771e+02   2.8189579e+02   2.1112270e+03   1.3351819e+03   4.5908365e+00   2.3700659e+00   1.1956567e+02
   7.4907449e+02   2.8216816e+02   2.1092414e+03   1.3352152e+03   4.5907793e+00   2.3700363e+00   1.1894822e+02
   7.5298128e+02   2.8244053e+02   2.1072567e+03   1.3352485e+03   4.5907221e+00   2.3700068e+00   1.1833514e+02
   7.5688806e+02   2.8271290e+02   2.1052727e+03   1.3352817e+03   4.5906649e+00   2.3699773e+00   1.1772640e+02
   7.6079485e+02   2.8298213e+02   2.1032895e+03   1.3353152e+03   4.5906074e+00   2.3699476e+00   1.1712890e+02
   7.6470164e+02   2.8324507e+02   2.1013071e+03   1.3353490e+03   4.5905492e+00   2.3699175e+00   1.1654938e+02
   7.6860842e+02   2.8350800e+02   2.0993255e+03   1.3353829e+03   4.5904911e+00   2.3698875e+00   1.1597380e+02
   7.7251521e+02   2.8377094e+02   2.0973448e+03   1.3354167e+03   4.5904330e+00   2.3698575e+00   1.1540212e+02
   7.7642200e+02   2.8403387e+02   2.0953648e+03   1.3354505e+03   4.5903749e+00   2.3698275e+00   1.1483431e+02
   7.8032878e+02   2.8429681e+02   2.0933857e+03   1.3354843e+03   4.5903168e+00   2.3697975e+00   1.1427033e+02
   7.8423557e+02   2.8455974e+02   2.0914074e+03   1.3355181e+03   4.5902587e+00   2.3697676e+00   1.1371016e+02
   7.8814235e+02   2.8481523e+02   2.0894299e+03   1.3355523e+03   4.5901999e+00   2.3697372e+00   1.1316945e+02
   7.9204914e+02   2.8506945e+02   2.0874533e+03   1.3355866e+03   4.5901409e+00   2.3697067e+00   1.1263497e+02
   7.9595593e+02   2.8532366e+02   2.0854775e+03   1.3356209e+03   4.5900820e+00   2.3696763e+00   1.1210396e+02
   7.9986271e+02   2.8557787e+02   2.0835025e+03   3.5278252e+03   4.5766847e+00   2.6034502e+00   2.5469180e+13
   9.3948228e+02   3.3423075e+02   2.0567909e+03   3.5278252e+03   4.5725967e+00   2.5985019e+00   3.5712539e+11
   1.0752084e+03   3.8225586e+02   2.0300794e+03   3.5280550e+03   7.9932967e+00   4.5378637e+00   1.5244502e+10
   1.2069936e+03   4.2965319e+02   2.0033678e+03   3.5279628e+03   7.9833687e+00   4.5277483e+00   1.3453193e+09
   1.3347660e+03   4.7642273e+02   1.9766562e+03   3.5276208e+03   7.9725544e+00   4.5172104e+00   1.9574511e+08
   1.4584551e+03   5.2256450e+02   1.9499447e+03   3.5270807e+03   7.9610722e+00   4.5063830e+00   4.0777854e+07
   1.5779899e+03   5.6807849e+02   1.9232331e+03   3.5263812e+03   7.9490305e+00   4.4953369e+00   1.1087148e+07
   1.6932982e+03   6.1296470e+02   1.8965215e+03   3.5255399e+03   7.9365208e+00   4.4841313e+00   3.6932162e+06
   1.8043055e+03   6.5722314e+02   1.8698099e+03   3.5245725e+03   7.9236255e+00   4.4728174e+00   1.4413437e+06
   1.9109343e+03   7.0085379e+02   1.8430984e+03   3.5234927e+03   7.9103623e+00   4.4614125e+00   6.3797337e+05
   2.0131040e+03   7.4385666e+02   1.8163868e+03   3.5223020e+03   7.8967825e+00   4.4499518e+00   3.1261653e+05
   2.1107300e+03   7.8623175e+02   1.7896752e+03   3.5210100e+03   7.8828927e+00   4.4384431e+00   1.6650246e+05
   2.2037234e+03   8.2797907e+02   1.7629637e+03   3.5196151e+03   7.8687208e+00   4.4269062e+00   9.5029997e+04
   2.2919905e+03   8.6909860e+02   1.7362521e+03   3.5181223e+03   7.8542659e+00   4.4153479e+00   5.7475896e+04
   2.3754327e+03   9.0959036e+02   1.7095405e+03   3.5165295e+03   7.8395201e+00   4.4037699e+00   3.6511882e+04
   2.4539456e+03   9.4945434e+02   1.6828290e+03   3.5148348e+03   7.8245084e+00   4.3921867e+00   2.4187461e+04
   2.5274184e+03   9.8869054e+02   1.6561174e+03   3.5130408e+03   7.8092009e+00   4.3805934e+00   1.6611589e+04
   2.5957341e+03   1.0272990e+03   1.6294058e+03   3.5111416e+03   7.7935944e+00   4.3689917e+00   1.1770644e+04
   2.6587681e+03   1.0652796e+03   1.6026942e+03   3.5091334e+03   7.7776812e+00   4.3573833e+00   8.5706190e+03
   2.7163880e+03   1.1026325e+03   1.5759827e+03   3.5070148e+03   7.7614476e+00   4.3457678e+00   6.3911846e+03
   2.7684531e+03   1.1393575e+03   1.5492711e+03   3.5047815e+03   7.7448832e+00   4.3341441e+00   4.8670612e+03
   2.8148130e+03   1.1754548e+03   1.5225595e+03   3.5024297e+03   7.7279689e+00   4.3225088e+00   3.7758058e+03
   2.8553076e+03   1.2109244e+03   1.4958480e+03   3.4999540e+03   7.7106637e+00   4.3108540e+00   2.9778287e+03
   2.8897656e+03   1.2457661e+03   1.4691364e+03   3.4973450e+03   7.6929613e+00   4.2991790e+00   2.3831367e+03
   2.9180038e+03   1.2799801e+03   1.4424248e+03   3.4946003e+03   7.6748357e+00   4.2874769e+00   1.9322815e+03
   2.9398257e+03   1.3135663e+03   1.4157132e+03   3.4917121e+03   7.6562528e+00   4.2757414e+00   1.5851158e+03
   2.9550208e+03   1.3465247e+03   1.3890017e+03   3.4886717e+03   7.6371688e+00   4.2639629e+00   1.3139767e+03
   2.9633628e+03   1.3788553e+03   1.3622901e+03   3.4854702e+03   7.6175648e+00   4.2521354e+00   1.0994513e+03
   2.9646082e+03   1.4105581e+03   1.3355785e+03   3.4820999e+03   7.5973980e+00   4.2402485e+00   9.2768483e+02
   2.9584950e+03   1.4416332e+03   1.3088670e+03   3.4785497e+03   7.5766163e+00   4.2282910e+00   7.8863628e+02
   2.9447401e+03   1.4720805e+03   1.2821554e+03   3.4748088e+03   7.5551564e+00   4.2162451e+00   6.7492397e+02
   2.9230378e+03   1.5019000e+03   1.2554438e+03   3.4708614e+03   7.5329813e+00   4.2041031e+00   5.8104974e+02
   2.8930572e+03   1.5310917e+03   1.2287323e+03   3.4666968e+03   7.5100330e+00   4.1918496e+00   5.0286824e+02
   2.8544397e+03   1.5596557e+03   1.2020207e+03   3.4623012e+03   7.4174460e+00   4.1348127e+00   4.3721874e+02
   2.8067957e+03   1.5875919e+03   1.1753091e+03   3.4294486e+03   7.2595427e+00   4.0353152e+00   3.8166590e+02
   2.7501675e+03   1.6149003e+03   1.1485975e+03   3.3693222e+03   7.2359401e+00   4.0231611e+00   3.3437559e+02
   2.6848387e+03   1.6415809e+03   1.1218860e+03   3.3641097e+03   7.2113922e+00   4.0108200e+00   2.9392116e+02
   2.6095235e+03   1.6676337e+03   1.0951744e+03   3.3586060e+03   7.1857345e+00   3.9982456e+00   2.5899957e+02
   2.5236924e+03   1.6930588e+03   1.0684628e+03   3.3527649e+03   7.1588374e+00   3.9853969e+00   2.2866819e+02
   2.4267658e+03   1.7178560e+03   1.0417513e+03   3.3465531e+03   7.1305819e+00   3.9722428e+00   2.0217026e+02
   2.3181068e+03   1.7420255e+03   1.0150397e+03   3.3399402e+03   7.1008155e+00   3.9587402e+00   1.7889428e+02
   2.1970149e+03   1.7655673e+03   9.8832812e+02   3.3328882e+03   7.0693703e+00   3.9448423e+00   1.5834322e+02
   2.0627168e+03   1.7884812e+03   9.6161655e+02   3.3253564e+03   7.0360569e+00   3.9304969e+00   1.4011096e+02
   1.9143576e+03   1.8107674e+03   9.3490497e+02   3.3172966e+03   7.0006503e+00   3.9156389e+00   1.2386428e+02
   1.7509896e+03   1.8324257e+03   9.0819340e+02   3.3086538e+03   6.9267653e+00   3.8851578e+00   1.0932880e+02
   1.5715593e+03   1.8534563e+03   8.8148183e+02   3.2922059e+03   6.8853179e+00   3.8690555e+00   9.6278076e+01
   1.3753199e+03   1.8738592e+03   8.5477026e+02   3.2820848e+03   6.8407392e+00   3.8522002e+00   8.4538702e+01
   1.1605962e+03   1.8936342e+03   8.2805869e+02   3.2711538e+03   6.7515438e+00   3.8039344e+00   7.3940955e+01
   9.2592499e+02   1.9127815e+03   8.0134712e+02   3.2428361e+03   6.6936729e+00   3.7835932e+00   6.4357406e+01
   6.7095672e+02   1.9313010e+03   7.7463555e+02   3.2292471e+03   6.6343149e+00   3.7634950e+00   5.5711644e+01
   3.9276060e+02   1.9491927e+03   7.4792398e+02   3.2150478e+03   6.5683686e+00   3.7419303e+00   4.7886830e+01
   8.9214373e+01   1.9664566e+03   7.2121241e+02   3.1993670e+03   6.4941843e+00   3.7186034e+00   4.0812644e+01
  -2.4202604e+02   1.9830927e+03   6.9450084e+02   3.1819097e+03   6.5829582e+00   3.7348246e+00   3.4433690e+01
  -6.0361556e+02   1.9991011e+03   6.6778927e+02   3.1934495e+03   6.3417222e+00   3.6715153e+00   2.8705993e+01
  -1.0024552e+03   2.0144817e+03   6.4107770e+02   3.1452523e+03   6.2248484e+00   3.6381125e+00   2.3555702e+01
  -1.4349559e+03   2.0292345e+03   6.1436613e+02   3.1189158e+03   6.1222883e+00   3.6081167e+00   1.9033675e+01
  -1.9080678e+03   2.0433595e+03   5.8765456e+02   3.0947018e+03   6.0121331e+00   3.5762130e+00   1.5079539e+01
  -2.4271943e+03   2.0568568e+03   5.6094298e+02   3.0685783e+03   5.8932880e+00   3.5421098e+00   1.1666620e+01
  -2.9980859e+03   2.0697263e+03   5.3423141e+02   3.0402762e+03   5.7645876e+00   3.5054969e+00   8.7736702e+00
  -3.6275543e+03   2.0819680e+03   5.0751984e+02   3.0095089e+03   5.6246514e+00   3.4660068e+00   6.3770823e+00
  -4.3237354e+03   2.0935819e+03   4.8080827e+02   2.9759372e+03   5.4718309e+00   3.4232004e+00   4.4482715e+00
  -5.0964277e+03   2.1045680e+03   4.5409670e+02   2.9391557e+03   5.3041403e+00   3.3765490e+00   2.9513741e+00
  -5.9575389e+03   2.1149264e+03   4.2738513e+02   2.8986763e+03   5.1191667e+00   3.3254101e+00   1.8416502e+00
  -6.9216870e+03   2.1246569e+03   4.0067356e+02   2.8539059e+03   4.9139477e+00   3.2689950e+00   1.0651515e+00
  -8.0070172e+03   2.1337597e+03   3.7396199e+02   2.8041162e+03   4.6848063e+00   3.2063247e+00   5.6023480e-01
  -9.2363337e+03   2.1422348e+03   3.4725042e+02   2.7484033e+03   4.4271212e+00   3.1361686e+00   2.6128402e-01
  -1.0638698e+04   2.1500820e+03   3.2053885e+02   2.6856313e+03   4.1350032e+00   3.0569587e+00   1.0442962e-01
  -1.2251734e+04   2.1573015e+03   2.9382728e+02   2.6143524e+03   3.8008283e+00   2.9666649e+00   3.4126537e-02
  -1.4125025e+04   2.1638931e+03   2.6711571e+02   2.5326924e+03   3.4145482e+00   2.8626118e+00   8.5341538e-03
  -1.6325277e+04   2.1698570e+03   2.4040414e+02   2.4381812e+03   2.9626452e+00   2.7412002e+00   1.4840423e-03
  -1.8944394e+04   2.1751932e+03   2.1369257e+02   2.3274959e+03   2.4264956e+00   2.5974711e+00   1.5559360e-04
  -2.2112568e+04   2.1799015e+03   1.8698099e+02   2.1960582e+03   1.7797159e+00   2.4243998e+00   7.8916070e-06
  -2.6020427e+04   2.1839821e+03   1.6026942e+02   2.0373826e+03   9.8367659e-01   2.2117005e+00   1.3584436e-07
  -3.0958280e+04   2.1874349e+03   1.3355785e+02   1.8419728e+03  -2.0452701e-02   1.9437088e+00   4.3554054e-10
  -3.7389529e+04   2.1902599e+03   1.0684628e+02   1.5953671e+03  -1.3265786e+00   1.5954210e+00   8.8301235e-14
  -4.6095239e+04   2.1924571e+03   8.0134712e+01   1.2744808e+03  -3.0929815e+00   1.1246929e+00   1.3923534e-19
  -5.8460774e+04   2.1940265e+03   5.3423141e+01   8.4040487e+02  -5.6004002e+00   4.5677396e-01   2.0545377e-29
  -7.6808181e+04   2.1949682e+03   2.6711571e+01   2.2412686e+02  -9.3193895e+00  -5.3362712e-01   1.9324950e-47
  -9.6380662e+04             NaN   0.0000000e+00  -6.9002697e+02             NaN             NaN             NaN
  -9.6380662e+04             NaN   0.0000000e+00   8.0000000e+03             NaN             NaN   1.0000000e+04
             NaN             NaN   0.0000000e+00             NaN             NaN             NaN   1.0000000e+04
             NaN             NaN   0.0000000e+00             NaN             NaN             NaN   1.0000000e+04
             NaN             NaN   0.0000000e+00             NaN             NaN             NaN   1.0000000e+04
             NaN             NaN   0.0000000e+00             NaN             NaN             NaN   1.0000000e+04
             NaN             NaN   0.0000000e+00             NaN             NaN             NaN   1.0000000e+04
             NaN             NaN   0.0000000e+00             NaN             NaN             NaN   1.0000000e+04
             NaN             NaN   0.0000000e+00             NaN             NaN             NaN   1.0000000e+04
             NaN             NaN   0.0000000e+00             NaN             NaN             NaN   1.0000000e+04
             NaN             NaN   0.0000000e+00             NaN             NaN             NaN   1.0000000e+04
