P (MPa)		T (K)		r (km)		rho (kg m-3)	VP (km s-1)	VS (km s-1)	QS/gamma	
0.00000e+00	9.40000e+01	2.57470e+03	9.32473e+02	3.87821e+00	1.96165e+00	1.39782e+05
7.94837e-01	1.03018e+02	2.57407e+03	9.32473e+02	3.87944e+00	1.96240e+00	4.70938e+04
1.58967e+00	1.12902e+02	2.57344e+03	9.32528e+02	3.88086e+00	1.96325e+00	1.74517e+04
2.38451e+00	1.23734e+02	2.57281e+03	9.32583e+02	3.88253e+00	1.96423e+00	7.05431e+03
3.17935e+00	1.35605e+02	2.57218e+03	9.32636e+02	3.88454e+00	1.96538e+00	3.08680e+03
3.97419e+00	1.48615e+02	2.57155e+03	9.32689e+02	3.88698e+00	1.96674e+00	1.45206e+03
4.76902e+00	1.62874e+02	2.57092e+03	9.32741e+02	3.89001e+00	1.96841e+00	7.29682e+02
5.56386e+00	1.78500e+02	2.57030e+03	9.32792e+02	3.89380e+00	1.97046e+00	3.89444e+02
6.35870e+00	1.95625e+02	2.56967e+03	9.32842e+02	3.89855e+00	1.97299e+00	2.19597e+02
7.15353e+00	2.14394e+02	2.56904e+03	9.32891e+02	3.90443e+00	1.97610e+00	1.30194e+02
7.94837e+00	2.34963e+02	2.56841e+03	9.32939e+02	3.91151e+00	1.97981e+00	8.08038e+01
8.74321e+00	2.57506e+02	2.56778e+03	9.32986e+02	3.91203e+00	1.98021e+00	5.22886e+01
9.53805e+00	2.57537e+02	2.56715e+03	9.33033e+02	3.91256e+00	1.98061e+00	5.22597e+01
1.03329e+01	2.57569e+02	2.56653e+03	9.33078e+02	3.91308e+00	1.98100e+00	5.22304e+01
1.11277e+01	2.57601e+02	2.56590e+03	9.33122e+02	3.91361e+00	1.98140e+00	5.22009e+01
1.19226e+01	2.57634e+02	2.56527e+03	9.33165e+02	3.91413e+00	1.98180e+00	5.21712e+01
1.27174e+01	2.57666e+02	2.56464e+03	9.33206e+02	3.91465e+00	1.98219e+00	5.21411e+01
1.35122e+01	2.57699e+02	2.56401e+03	9.33247e+02	3.91517e+00	1.98259e+00	5.21107e+01
1.43071e+01	2.57733e+02	2.56339e+03	9.33286e+02	3.91569e+00	1.98298e+00	5.20801e+01
1.51019e+01	2.57767e+02	2.56276e+03	9.33324e+02	3.91621e+00	1.98337e+00	5.20491e+01
1.58967e+01	2.57801e+02	2.56213e+03	9.33361e+02	3.91673e+00	1.98377e+00	5.20179e+01
1.66916e+01	2.57835e+02	2.56150e+03	9.33396e+02	3.91725e+00	1.98416e+00	5.19863e+01
1.74864e+01	2.57870e+02	2.56088e+03	9.33430e+02	3.91776e+00	1.98455e+00	5.19545e+01
1.82813e+01	2.57905e+02	2.56025e+03	9.33463e+02	3.91828e+00	1.98494e+00	5.19223e+01
1.90761e+01	2.57941e+02	2.55962e+03	9.33494e+02	3.91879e+00	1.98533e+00	5.18899e+01
1.98709e+01	2.57977e+02	2.55900e+03	9.33523e+02	3.91931e+00	1.98573e+00	5.18571e+01
2.06658e+01	2.58013e+02	2.55837e+03	9.33551e+02	3.91982e+00	1.98612e+00	5.18241e+01
2.14606e+01	2.58050e+02	2.55774e+03	9.33578e+02	3.92033e+00	1.98651e+00	5.17907e+01
2.22554e+01	2.58087e+02	2.55712e+03	9.33603e+02	3.92085e+00	1.98690e+00	5.17570e+01
2.30503e+01	2.58125e+02	2.55649e+03	9.33625e+02	3.92136e+00	1.98728e+00	5.17229e+01
2.38451e+01	2.58163e+02	2.55586e+03	9.33647e+02	3.92187e+00	1.98767e+00	5.16886e+01
2.46400e+01	2.58201e+02	2.55524e+03	9.33666e+02	3.92238e+00	1.98806e+00	5.16539e+01
2.54348e+01	2.58240e+02	2.55461e+03	9.33684e+02	3.92289e+00	1.98845e+00	5.16189e+01
2.62296e+01	2.58279e+02	2.55399e+03	9.33699e+02	3.92340e+00	1.98884e+00	5.15835e+01
2.70245e+01	2.58318e+02	2.55336e+03	9.33713e+02	3.92390e+00	1.98922e+00	5.15479e+01
2.78193e+01	2.58358e+02	2.55273e+03	9.33724e+02	3.92441e+00	1.98961e+00	5.15119e+01
2.86141e+01	2.58398e+02	2.55211e+03	9.33734e+02	3.92492e+00	1.99000e+00	5.14755e+01
2.94090e+01	2.58439e+02	2.55148e+03	9.33741e+02	3.92542e+00	1.99038e+00	5.14388e+01
3.02038e+01	2.58480e+02	2.55086e+03	9.33746e+02	3.92593e+00	1.99077e+00	5.14018e+01
3.09987e+01	2.58522e+02	2.55023e+03	9.33748e+02	3.92643e+00	1.99115e+00	5.13644e+01
3.17935e+01	2.58564e+02	2.54961e+03	9.33748e+02	3.92694e+00	1.99154e+00	5.13267e+01
3.25883e+01	2.58607e+02	2.54898e+03	9.33746e+02	3.92744e+00	1.99192e+00	5.12886e+01
3.33832e+01	2.58649e+02	2.54836e+03	9.33741e+02	3.92794e+00	1.99230e+00	5.12501e+01
3.41780e+01	2.58693e+02	2.54773e+03	9.33734e+02	3.92844e+00	1.99269e+00	5.12113e+01
3.49728e+01	2.58737e+02	2.54710e+03	9.33724e+02	3.92894e+00	1.99307e+00	5.11722e+01
3.57677e+01	2.58781e+02	2.54648e+03	9.33711e+02	3.92944e+00	1.99345e+00	5.11326e+01
3.65625e+01	2.58826e+02	2.54585e+03	9.33695e+02	3.92994e+00	1.99383e+00	5.10927e+01
3.73573e+01	2.58871e+02	2.54523e+03	9.33676e+02	3.93044e+00	1.99422e+00	5.10525e+01
3.81522e+01	2.58917e+02	2.54460e+03	9.33655e+02	3.93094e+00	1.99460e+00	5.10118e+01
3.89470e+01	2.58963e+02	2.54398e+03	9.33630e+02	3.93144e+00	1.99498e+00	5.09708e+01
3.97419e+01	2.59010e+02	2.54336e+03	9.33602e+02	3.93194e+00	1.99536e+00	5.09294e+01
4.05367e+01	2.59057e+02	2.54273e+03	9.33571e+02	3.93243e+00	1.99574e+00	5.08876e+01
4.13315e+01	2.59104e+02	2.54211e+03	9.33536e+02	3.93293e+00	1.99612e+00	5.08454e+01
4.21264e+01	2.59152e+02	2.54148e+03	9.33498e+02	3.93342e+00	1.99650e+00	5.08028e+01
4.29212e+01	2.59201e+02	2.54086e+03	9.33456e+02	3.93392e+00	1.99688e+00	5.07599e+01
4.37160e+01	2.59250e+02	2.54023e+03	9.33410e+02	3.93441e+00	1.99726e+00	5.07165e+01
4.45109e+01	2.59300e+02	2.53961e+03	9.33361e+02	3.93491e+00	1.99764e+00	5.06728e+01
4.53057e+01	2.59350e+02	2.53898e+03	9.33308e+02	3.93540e+00	1.99801e+00	5.06286e+01
4.61006e+01	2.59401e+02	2.53836e+03	9.33251e+02	3.93589e+00	1.99839e+00	5.05841e+01
4.68954e+01	2.59452e+02	2.53774e+03	9.33190e+02	3.93638e+00	1.99877e+00	5.05391e+01
4.76902e+01	2.59504e+02	2.53711e+03	9.33124e+02	3.93687e+00	1.99915e+00	5.04937e+01
4.84851e+01	2.59556e+02	2.53649e+03	9.33055e+02	3.93737e+00	1.99952e+00	5.04479e+01
4.92799e+01	2.59609e+02	2.53586e+03	9.32981e+02	3.93786e+00	1.99990e+00	5.04017e+01
5.00747e+01	2.59662e+02	2.53524e+03	9.32902e+02	3.93835e+00	2.00027e+00	5.03551e+01
5.08696e+01	2.59716e+02	2.53462e+03	9.32819e+02	3.93883e+00	2.00065e+00	5.03080e+01
5.16644e+01	2.59771e+02	2.53399e+03	9.32731e+02	3.93932e+00	2.00103e+00	5.02605e+01
5.24593e+01	2.59826e+02	2.53337e+03	9.32638e+02	3.93981e+00	2.00140e+00	5.02126e+01
5.32541e+01	2.59882e+02	2.53274e+03	9.32540e+02	3.94030e+00	2.00178e+00	5.01642e+01
5.40489e+01	2.59938e+02	2.53212e+03	9.32437e+02	3.94079e+00	2.00215e+00	5.01154e+01
5.48438e+01	2.59995e+02	2.53150e+03	9.32329e+02	3.94127e+00	2.00252e+00	5.00662e+01
5.56386e+01	2.60052e+02	2.53087e+03	9.32216e+02	3.94176e+00	2.00290e+00	5.00165e+01
5.64334e+01	2.60110e+02	2.53025e+03	9.32097e+02	3.94224e+00	2.00327e+00	4.99664e+01
5.72283e+01	2.60169e+02	2.52962e+03	9.31973e+02	3.94273e+00	2.00364e+00	4.99158e+01
5.80231e+01	2.60228e+02	2.52900e+03	9.31844e+02	3.94321e+00	2.00402e+00	4.98648e+01
5.88180e+01	2.60288e+02	2.52838e+03	9.31708e+02	3.94370e+00	2.00439e+00	4.98133e+01
5.96128e+01	2.60349e+02	2.52775e+03	9.31567e+02	3.94418e+00	2.00476e+00	4.97614e+01
6.04076e+01	2.60410e+02	2.52713e+03	9.31420e+02	3.94466e+00	2.00513e+00	4.97090e+01
6.12025e+01	2.60472e+02	2.52650e+03	9.31267e+02	3.94515e+00	2.00551e+00	4.96561e+01
6.19973e+01	2.60534e+02	2.52588e+03	9.31108e+02	3.94563e+00	2.00588e+00	4.96028e+01
6.27921e+01	2.60597e+02	2.52526e+03	9.30943e+02	3.94611e+00	2.00625e+00	4.95489e+01
6.35870e+01	2.60661e+02	2.52463e+03	9.30772e+02	3.94659e+00	2.00662e+00	4.94946e+01
6.43818e+01	2.60725e+02	2.52401e+03	9.30595e+02	3.94707e+00	2.00699e+00	4.94399e+01
6.51767e+01	2.60791e+02	2.52338e+03	9.30411e+02	3.94756e+00	2.00736e+00	4.93846e+01
6.59715e+01	2.60856e+02	2.52276e+03	9.30221e+02	3.94804e+00	2.00773e+00	4.93288e+01
6.67663e+01	2.60923e+02	2.52214e+03	9.30025e+02	3.94852e+00	2.00810e+00	4.92726e+01
6.75612e+01	2.60990e+02	2.52151e+03	9.29823e+02	3.94899e+00	2.00847e+00	4.92159e+01
6.83560e+01	2.61058e+02	2.52089e+03	9.29614e+02	3.94947e+00	2.00884e+00	4.91586e+01
6.91508e+01	2.61126e+02	2.52026e+03	9.29399e+02	3.94995e+00	2.00921e+00	4.91009e+01
6.99457e+01	2.61196e+02	2.51964e+03	9.29177e+02	3.95043e+00	2.00958e+00	4.90427e+01
7.07405e+01	2.61266e+02	2.51901e+03	9.28950e+02	3.95091e+00	2.00995e+00	4.89839e+01
7.15353e+01	2.61336e+02	2.51839e+03	9.28716e+02	3.95139e+00	2.01032e+00	4.89247e+01
7.23302e+01	2.61408e+02	2.51777e+03	9.28476e+02	3.95186e+00	2.01068e+00	4.88649e+01
7.31250e+01	2.61480e+02	2.51714e+03	9.28230e+02	3.95234e+00	2.01105e+00	4.88046e+01
7.39199e+01	2.61553e+02	2.51652e+03	9.27978e+02	3.95282e+00	2.01142e+00	4.87438e+01
7.47147e+01	2.61627e+02	2.51589e+03	9.27720e+02	3.95329e+00	2.01179e+00	4.86824e+01
7.55095e+01	2.61701e+02	2.51527e+03	9.27457e+02	3.95377e+00	2.01215e+00	4.86206e+01
7.63044e+01	2.61777e+02	2.51464e+03	9.27188e+02	3.95424e+00	2.01252e+00	4.85582e+01
7.70992e+01	2.61853e+02	2.51402e+03	9.26914e+02	3.95472e+00	2.01289e+00	4.84952e+01
7.78940e+01	2.65463e+02	2.51339e+03	9.26275e+02	3.95617e+00	2.01375e+00	4.56405e+01
7.86889e+01	2.65500e+02	2.51277e+03	9.26351e+02	3.95664e+00	2.01411e+00	4.56125e+01
8.25140e+01	2.65537e+02	2.51032e+03	1.14131e+03	1.67563e+00	0.00000e+00	0.00000e+00
8.63392e+01	2.65576e+02	2.50789e+03	1.14267e+03	1.68297e+00	0.00000e+00	0.00000e+00
9.01643e+01	2.65615e+02	2.50545e+03	1.14403e+03	1.69026e+00	0.00000e+00	0.00000e+00
9.39894e+01	2.65656e+02	2.50302e+03	1.14537e+03	1.69750e+00	0.00000e+00	0.00000e+00
9.78146e+01	2.65698e+02	2.50059e+03	1.14670e+03	1.70470e+00	0.00000e+00	0.00000e+00
1.01640e+02	2.65741e+02	2.49816e+03	1.14803e+03	1.71186e+00	0.00000e+00	0.00000e+00
1.05465e+02	2.65785e+02	2.49574e+03	1.14934e+03	1.71896e+00	0.00000e+00	0.00000e+00
1.09290e+02	2.65830e+02	2.49332e+03	1.15063e+03	1.72602e+00	0.00000e+00	0.00000e+00
1.13115e+02	2.65876e+02	2.49091e+03	1.15192e+03	1.73303e+00	0.00000e+00	0.00000e+00
1.16940e+02	2.65923e+02	2.48850e+03	1.15320e+03	1.73999e+00	0.00000e+00	0.00000e+00
1.20765e+02	2.65970e+02	2.48609e+03	1.15447e+03	1.74690e+00	0.00000e+00	0.00000e+00
1.24591e+02	2.66019e+02	2.48368e+03	1.15573e+03	1.75375e+00	0.00000e+00	0.00000e+00
1.28416e+02	2.66068e+02	2.48128e+03	1.15697e+03	1.76056e+00	0.00000e+00	0.00000e+00
1.32241e+02	2.66119e+02	2.47888e+03	1.15821e+03	1.76731e+00	0.00000e+00	0.00000e+00
1.36066e+02	2.66170e+02	2.47648e+03	1.15944e+03	1.77402e+00	0.00000e+00	0.00000e+00
1.39891e+02	2.66222e+02	2.47409e+03	1.16066e+03	1.78067e+00	0.00000e+00	0.00000e+00
1.43716e+02	2.66274e+02	2.47170e+03	1.16187e+03	1.78727e+00	0.00000e+00	0.00000e+00
1.47541e+02	2.66328e+02	2.46931e+03	1.16307e+03	1.79382e+00	0.00000e+00	0.00000e+00
1.51366e+02	2.66382e+02	2.46693e+03	1.16426e+03	1.80032e+00	0.00000e+00	0.00000e+00
1.55192e+02	2.66437e+02	2.46455e+03	1.16545e+03	1.80676e+00	0.00000e+00	0.00000e+00
1.59017e+02	2.66492e+02	2.46217e+03	1.16662e+03	1.81316e+00	0.00000e+00	0.00000e+00
1.62842e+02	2.66548e+02	2.45980e+03	1.16779e+03	1.81951e+00	0.00000e+00	0.00000e+00
1.66667e+02	2.66605e+02	2.45742e+03	1.16895e+03	1.82581e+00	0.00000e+00	0.00000e+00
1.70492e+02	2.66663e+02	2.45505e+03	1.17010e+03	1.83206e+00	0.00000e+00	0.00000e+00
1.74317e+02	2.66721e+02	2.45269e+03	1.17124e+03	1.83826e+00	0.00000e+00	0.00000e+00
1.78142e+02	2.66779e+02	2.45032e+03	1.17238e+03	1.84442e+00	0.00000e+00	0.00000e+00
1.81968e+02	2.66838e+02	2.44796e+03	1.17350e+03	1.85053e+00	0.00000e+00	0.00000e+00
1.85793e+02	2.66898e+02	2.44561e+03	1.17462e+03	1.85661e+00	0.00000e+00	0.00000e+00
1.89618e+02	2.66958e+02	2.44325e+03	1.17573e+03	1.86264e+00	0.00000e+00	0.00000e+00
1.93443e+02	2.67019e+02	2.44090e+03	1.17684e+03	1.86863e+00	0.00000e+00	0.00000e+00
1.97268e+02	2.67081e+02	2.43855e+03	1.17794e+03	1.87458e+00	0.00000e+00	0.00000e+00
2.01093e+02	2.67142e+02	2.43620e+03	1.17903e+03	1.88050e+00	0.00000e+00	0.00000e+00
2.04918e+02	2.67205e+02	2.43386e+03	1.18011e+03	1.88638e+00	0.00000e+00	0.00000e+00
2.08744e+02	2.67267e+02	2.43152e+03	1.18119e+03	1.89223e+00	0.00000e+00	0.00000e+00
2.12569e+02	2.67331e+02	2.42918e+03	1.18226e+03	1.89804e+00	0.00000e+00	0.00000e+00
2.16394e+02	2.67394e+02	2.42684e+03	1.18333e+03	1.90382e+00	0.00000e+00	0.00000e+00
2.20219e+02	2.67459e+02	2.42451e+03	1.18438e+03	1.90957e+00	0.00000e+00	0.00000e+00
2.24044e+02	2.67523e+02	2.42218e+03	1.18543e+03	1.91530e+00	0.00000e+00	0.00000e+00
2.27869e+02	2.67588e+02	2.41985e+03	1.18648e+03	1.92099e+00	0.00000e+00	0.00000e+00
2.31694e+02	2.67653e+02	2.41753e+03	1.18752e+03	1.92665e+00	0.00000e+00	0.00000e+00
2.35519e+02	2.67719e+02	2.41521e+03	1.18855e+03	1.93228e+00	0.00000e+00	0.00000e+00
2.39345e+02	2.67785e+02	2.41289e+03	1.18958e+03	1.93789e+00	0.00000e+00	0.00000e+00
2.43170e+02	2.67852e+02	2.41057e+03	1.19060e+03	1.94346e+00	0.00000e+00	0.00000e+00
2.46995e+02	2.67918e+02	2.40825e+03	1.19161e+03	1.94900e+00	0.00000e+00	0.00000e+00
2.50820e+02	2.67986e+02	2.40594e+03	1.19262e+03	1.95451e+00	0.00000e+00	0.00000e+00
2.54645e+02	2.68053e+02	2.40363e+03	1.19363e+03	1.95998e+00	0.00000e+00	0.00000e+00
2.58470e+02	2.68121e+02	2.40132e+03	1.19462e+03	1.96542e+00	0.00000e+00	0.00000e+00
2.62295e+02	2.68189e+02	2.39902e+03	1.19562e+03	1.97083e+00	0.00000e+00	0.00000e+00
2.66121e+02	2.68258e+02	2.39672e+03	1.19660e+03	1.97620e+00	0.00000e+00	0.00000e+00
2.69946e+02	2.68326e+02	2.39442e+03	1.19758e+03	1.98153e+00	0.00000e+00	0.00000e+00
2.73771e+02	2.68396e+02	2.39212e+03	1.19856e+03	1.98684e+00	0.00000e+00	0.00000e+00
2.77596e+02	2.68465e+02	2.38982e+03	1.19953e+03	1.99211e+00	0.00000e+00	0.00000e+00
2.81421e+02	2.68535e+02	2.38753e+03	1.20050e+03	1.99736e+00	0.00000e+00	0.00000e+00
2.85246e+02	2.68605e+02	2.38524e+03	1.20146e+03	2.00258e+00	0.00000e+00	0.00000e+00
2.89071e+02	2.68675e+02	2.38295e+03	1.20241e+03	2.00777e+00	0.00000e+00	0.00000e+00
2.92896e+02	2.68746e+02	2.38067e+03	1.20336e+03	2.01295e+00	0.00000e+00	0.00000e+00
2.96722e+02	2.68816e+02	2.37839e+03	1.20431e+03	2.01810e+00	0.00000e+00	0.00000e+00
3.00547e+02	2.68888e+02	2.37611e+03	1.20525e+03	2.02323e+00	0.00000e+00	0.00000e+00
3.04372e+02	2.68959e+02	2.37383e+03	1.20619e+03	2.02834e+00	0.00000e+00	0.00000e+00
3.08197e+02	2.69031e+02	2.37155e+03	1.20712e+03	2.03343e+00	0.00000e+00	0.00000e+00
3.12022e+02	2.69103e+02	2.36928e+03	1.20804e+03	2.03851e+00	0.00000e+00	0.00000e+00
3.15847e+02	2.69175e+02	2.36701e+03	1.20897e+03	2.04356e+00	0.00000e+00	0.00000e+00
3.19672e+02	2.69248e+02	2.36474e+03	1.20988e+03	2.04860e+00	0.00000e+00	0.00000e+00
3.23498e+02	2.69320e+02	2.36247e+03	1.21080e+03	2.05362e+00	0.00000e+00	0.00000e+00
3.27323e+02	2.69393e+02	2.36021e+03	1.21170e+03	2.05862e+00	0.00000e+00	0.00000e+00
3.31148e+02	2.69467e+02	2.35795e+03	1.21261e+03	2.06359e+00	0.00000e+00	0.00000e+00
3.34973e+02	2.69540e+02	2.35569e+03	1.21351e+03	2.06855e+00	0.00000e+00	0.00000e+00
3.38798e+02	2.69614e+02	2.35343e+03	1.21440e+03	2.07348e+00	0.00000e+00	0.00000e+00
3.42623e+02	2.69688e+02	2.35118e+03	1.21529e+03	2.07838e+00	0.00000e+00	0.00000e+00
3.46448e+02	2.69763e+02	2.34892e+03	1.21618e+03	2.08326e+00	0.00000e+00	0.00000e+00
3.50274e+02	2.69837e+02	2.34667e+03	1.21706e+03	2.08812e+00	0.00000e+00	0.00000e+00
3.54099e+02	2.69912e+02	2.34442e+03	1.21794e+03	2.09296e+00	0.00000e+00	0.00000e+00
3.57924e+02	2.69987e+02	2.34218e+03	1.21881e+03	2.09777e+00	0.00000e+00	0.00000e+00
3.61749e+02	2.70063e+02	2.33993e+03	1.21968e+03	2.10257e+00	0.00000e+00	0.00000e+00
3.65574e+02	2.70138e+02	2.33769e+03	1.22055e+03	2.10735e+00	0.00000e+00	0.00000e+00
3.69399e+02	2.70214e+02	2.33545e+03	1.22141e+03	2.11211e+00	0.00000e+00	0.00000e+00
3.73224e+02	2.70290e+02	2.33322e+03	1.22227e+03	2.11685e+00	0.00000e+00	0.00000e+00
3.77049e+02	2.70367e+02	2.33098e+03	1.22313e+03	2.12158e+00	0.00000e+00	0.00000e+00
3.80875e+02	2.70443e+02	2.32875e+03	1.22398e+03	2.12629e+00	0.00000e+00	0.00000e+00
3.84700e+02	2.70520e+02	2.32652e+03	1.22482e+03	2.13099e+00	0.00000e+00	0.00000e+00
3.88525e+02	2.70597e+02	2.32429e+03	1.22567e+03	2.13567e+00	0.00000e+00	0.00000e+00
3.92350e+02	2.70674e+02	2.32206e+03	1.22651e+03	2.14034e+00	0.00000e+00	0.00000e+00
3.96175e+02	2.70752e+02	2.31984e+03	1.22734e+03	2.14499e+00	0.00000e+00	0.00000e+00
4.00000e+02	2.70829e+02	2.31762e+03	1.22817e+03	2.14962e+00	0.00000e+00	0.00000e+00
4.03825e+02	2.70907e+02	2.31540e+03	1.22900e+03	2.15424e+00	0.00000e+00	0.00000e+00
4.07651e+02	2.70985e+02	2.31318e+03	1.22983e+03	2.15885e+00	0.00000e+00	0.00000e+00
4.11476e+02	2.71064e+02	2.31096e+03	1.23065e+03	2.16344e+00	0.00000e+00	0.00000e+00
4.15301e+02	2.71142e+02	2.30875e+03	1.23147e+03	2.16802e+00	0.00000e+00	0.00000e+00
4.19126e+02	2.71221e+02	2.30654e+03	1.23228e+03	2.17259e+00	0.00000e+00	0.00000e+00
4.22951e+02	2.71300e+02	2.30433e+03	1.23309e+03	2.17713e+00	0.00000e+00	0.00000e+00
4.26776e+02	2.71379e+02	2.30212e+03	1.23390e+03	2.18167e+00	0.00000e+00	0.00000e+00
4.30601e+02	2.71458e+02	2.29992e+03	1.23471e+03	2.18619e+00	0.00000e+00	0.00000e+00
4.34427e+02	2.71537e+02	2.29771e+03	1.23551e+03	2.19069e+00	0.00000e+00	0.00000e+00
4.38252e+02	2.71617e+02	2.29551e+03	1.23630e+03	2.19518e+00	0.00000e+00	0.00000e+00
4.42077e+02	2.71697e+02	2.29331e+03	1.23710e+03	2.19966e+00	0.00000e+00	0.00000e+00
4.45902e+02	2.71777e+02	2.29112e+03	1.23789e+03	2.20412e+00	0.00000e+00	0.00000e+00
4.49727e+02	2.71857e+02	2.28892e+03	1.23868e+03	2.20857e+00	0.00000e+00	0.00000e+00
4.53552e+02	2.71937e+02	2.28673e+03	1.23946e+03	2.21300e+00	0.00000e+00	0.00000e+00
4.57377e+02	2.72017e+02	2.28454e+03	1.24024e+03	2.21742e+00	0.00000e+00	0.00000e+00
4.61202e+02	2.72098e+02	2.28235e+03	1.24102e+03	2.22182e+00	0.00000e+00	0.00000e+00
4.65028e+02	2.72179e+02	2.28016e+03	1.24180e+03	2.22621e+00	0.00000e+00	0.00000e+00
4.68853e+02	2.72260e+02	2.27798e+03	1.24257e+03	2.23059e+00	0.00000e+00	0.00000e+00
4.72678e+02	2.72341e+02	2.27579e+03	1.24334e+03	2.23495e+00	0.00000e+00	0.00000e+00
4.76503e+02	2.72422e+02	2.27361e+03	1.24411e+03	2.23930e+00	0.00000e+00	0.00000e+00
4.80328e+02	2.72503e+02	2.27143e+03	1.24487e+03	2.24364e+00	0.00000e+00	0.00000e+00
4.84153e+02	2.72585e+02	2.26926e+03	1.24563e+03	2.24797e+00	0.00000e+00	0.00000e+00
4.87978e+02	2.72666e+02	2.26708e+03	1.24639e+03	2.25228e+00	0.00000e+00	0.00000e+00
4.91804e+02	2.72748e+02	2.26491e+03	1.24714e+03	2.25658e+00	0.00000e+00	0.00000e+00
4.95629e+02	2.72830e+02	2.26274e+03	1.24790e+03	2.26087e+00	0.00000e+00	0.00000e+00
4.99454e+02	2.72912e+02	2.26057e+03	1.24864e+03	2.26515e+00	0.00000e+00	0.00000e+00
5.03279e+02	2.72994e+02	2.25840e+03	1.24939e+03	2.26942e+00	0.00000e+00	0.00000e+00
5.07104e+02	2.73076e+02	2.25624e+03	1.25013e+03	2.27367e+00	0.00000e+00	0.00000e+00
5.10929e+02	2.73158e+02	2.25408e+03	1.25088e+03	2.27791e+00	0.00000e+00	0.00000e+00
5.14754e+02	2.73241e+02	2.25191e+03	1.25161e+03	2.28215e+00	0.00000e+00	0.00000e+00
5.18580e+02	2.73323e+02	2.24976e+03	1.25235e+03	2.28637e+00	0.00000e+00	0.00000e+00
5.22405e+02	2.73406e+02	2.24760e+03	1.25308e+03	2.29057e+00	0.00000e+00	0.00000e+00
5.26230e+02	2.73489e+02	2.24544e+03	1.25381e+03	2.29477e+00	0.00000e+00	0.00000e+00
5.30055e+02	2.73572e+02	2.24329e+03	1.25454e+03	2.29895e+00	0.00000e+00	0.00000e+00
5.33880e+02	2.73655e+02	2.24114e+03	1.25526e+03	2.30312e+00	0.00000e+00	0.00000e+00
5.37705e+02	2.73738e+02	2.23899e+03	1.25598e+03	2.30728e+00	0.00000e+00	0.00000e+00
5.41530e+02	2.73821e+02	2.23684e+03	1.25670e+03	2.31143e+00	0.00000e+00	0.00000e+00
5.45355e+02	2.73904e+02	2.23470e+03	1.25742e+03	2.31557e+00	0.00000e+00	0.00000e+00
5.49181e+02	2.73988e+02	2.23255e+03	1.25813e+03	2.31970e+00	0.00000e+00	0.00000e+00
5.53006e+02	2.74071e+02	2.23041e+03	1.25885e+03	2.32381e+00	0.00000e+00	0.00000e+00
5.56831e+02	2.74155e+02	2.22827e+03	1.25955e+03	2.32792e+00	0.00000e+00	0.00000e+00
5.60656e+02	2.74238e+02	2.22613e+03	1.26026e+03	2.33202e+00	0.00000e+00	0.00000e+00
5.64481e+02	2.74322e+02	2.22400e+03	1.26097e+03	2.33611e+00	0.00000e+00	0.00000e+00
5.68306e+02	2.74406e+02	2.22186e+03	1.26167e+03	2.34019e+00	0.00000e+00	0.00000e+00
5.72131e+02	2.74490e+02	2.21973e+03	1.26237e+03	2.34426e+00	0.00000e+00	0.00000e+00
5.75957e+02	2.74574e+02	2.21760e+03	1.26306e+03	2.34833e+00	0.00000e+00	0.00000e+00
5.79782e+02	2.74658e+02	2.21547e+03	1.26376e+03	2.35239e+00	0.00000e+00	0.00000e+00
5.83607e+02	2.74743e+02	2.21335e+03	1.26445e+03	2.35645e+00	0.00000e+00	0.00000e+00
5.87432e+02	2.74827e+02	2.21122e+03	1.26514e+03	2.36050e+00	0.00000e+00	0.00000e+00
5.91257e+02	2.74911e+02	2.20910e+03	1.26583e+03	2.36455e+00	0.00000e+00	0.00000e+00
5.95082e+02	2.74996e+02	2.20698e+03	1.26651e+03	2.36860e+00	0.00000e+00	0.00000e+00
5.98907e+02	2.75081e+02	2.20486e+03	1.26719e+03	2.37264e+00	0.00000e+00	0.00000e+00
6.02732e+02	2.75165e+02	2.20274e+03	1.26787e+03	2.37668e+00	0.00000e+00	0.00000e+00
6.06558e+02	2.75250e+02	2.20063e+03	1.26855e+03	2.38071e+00	0.00000e+00	0.00000e+00
6.10383e+02	2.75335e+02	2.19851e+03	1.26923e+03	2.38475e+00	0.00000e+00	0.00000e+00
6.14208e+02	2.75420e+02	2.19640e+03	1.26990e+03	2.38878e+00	0.00000e+00	0.00000e+00
6.18033e+02	2.75505e+02	2.19429e+03	1.27057e+03	2.39281e+00	0.00000e+00	0.00000e+00
6.21858e+02	2.75590e+02	2.19218e+03	1.27124e+03	2.39684e+00	0.00000e+00	0.00000e+00
6.25683e+02	2.75676e+02	2.19008e+03	1.27191e+03	2.40087e+00	0.00000e+00	0.00000e+00
6.29508e+02	2.75761e+02	2.18797e+03	1.27257e+03	2.40490e+00	0.00000e+00	0.00000e+00
6.33334e+02	2.75846e+02	2.18587e+03	1.27324e+03	2.40893e+00	0.00000e+00	0.00000e+00
6.37159e+02	2.75932e+02	2.18377e+03	1.27390e+03	2.41296e+00	0.00000e+00	0.00000e+00
6.40984e+02	2.76018e+02	2.18167e+03	1.27455e+03	2.41699e+00	0.00000e+00	0.00000e+00
6.44809e+02	2.76103e+02	2.17957e+03	1.27521e+03	2.42101e+00	0.00000e+00	0.00000e+00
6.48634e+02	2.76189e+02	2.17748e+03	1.27586e+03	2.42504e+00	0.00000e+00	0.00000e+00
6.52459e+02	2.76275e+02	2.17538e+03	1.27652e+03	2.42907e+00	0.00000e+00	0.00000e+00
6.56284e+02	2.76361e+02	2.17329e+03	1.27717e+03	2.43310e+00	0.00000e+00	0.00000e+00
6.60110e+02	2.76447e+02	2.17120e+03	1.27781e+03	2.43713e+00	0.00000e+00	0.00000e+00
6.63935e+02	2.76533e+02	2.16911e+03	1.27846e+03	2.44116e+00	0.00000e+00	0.00000e+00
6.67760e+02	2.76619e+02	2.16703e+03	1.27910e+03	2.44519e+00	0.00000e+00	0.00000e+00
6.71585e+02	2.76706e+02	2.16494e+03	1.27974e+03	2.44922e+00	0.00000e+00	0.00000e+00
6.75410e+02	2.76792e+02	2.16286e+03	1.28038e+03	2.45326e+00	0.00000e+00	0.00000e+00
6.79235e+02	2.76878e+02	2.16078e+03	1.28102e+03	2.45729e+00	0.00000e+00	0.00000e+00
6.83060e+02	2.76965e+02	2.15870e+03	1.28165e+03	2.46133e+00	0.00000e+00	0.00000e+00
6.86885e+02	2.77051e+02	2.15662e+03	1.28228e+03	2.46536e+00	0.00000e+00	0.00000e+00
6.90711e+02	2.77138e+02	2.15455e+03	1.28292e+03	2.46939e+00	0.00000e+00	0.00000e+00
6.94536e+02	2.77225e+02	2.15248e+03	1.28354e+03	2.47343e+00	0.00000e+00	0.00000e+00
6.98361e+02	2.77312e+02	2.15040e+03	1.28417e+03	2.47747e+00	0.00000e+00	0.00000e+00
7.02186e+02	2.77398e+02	2.14833e+03	1.28479e+03	2.48150e+00	0.00000e+00	0.00000e+00
7.06011e+02	2.77485e+02	2.14627e+03	1.28542e+03	2.48554e+00	0.00000e+00	0.00000e+00
7.09836e+02	2.77572e+02	2.14420e+03	1.28604e+03	2.48957e+00	0.00000e+00	0.00000e+00
7.13661e+02	2.77659e+02	2.14213e+03	1.28666e+03	2.49361e+00	0.00000e+00	0.00000e+00
7.17487e+02	2.77747e+02	2.14007e+03	1.28727e+03	2.49765e+00	0.00000e+00	0.00000e+00
7.21312e+02	2.77834e+02	2.13801e+03	1.28789e+03	2.50168e+00	0.00000e+00	0.00000e+00
7.25137e+02	2.77921e+02	2.13595e+03	1.28850e+03	2.50572e+00	0.00000e+00	0.00000e+00
7.28962e+02	2.78008e+02	2.13389e+03	1.28911e+03	2.50976e+00	0.00000e+00	0.00000e+00
7.32787e+02	2.78096e+02	2.13184e+03	1.28972e+03	2.51379e+00	0.00000e+00	0.00000e+00
7.36612e+02	2.78183e+02	2.12978e+03	1.29033e+03	2.51783e+00	0.00000e+00	0.00000e+00
7.40437e+02	2.78271e+02	2.12773e+03	1.29093e+03	NaN	NaN	NaN
7.44263e+02	2.78358e+02	2.12568e+03	1.29153e+03	NaN	NaN	NaN
7.48088e+02	2.78446e+02	2.12363e+03	1.29213e+03	NaN	NaN	NaN
7.51913e+02	2.78533e+02	2.12158e+03	1.29273e+03	NaN	NaN	NaN
7.55738e+02	2.74766e+02	2.11969e+03	1.39435e+03	4.43381e+00	2.28429e+00	1.25378e+02
7.59563e+02	2.74997e+02	2.11779e+03	1.39434e+03	4.43633e+00	2.28610e+00	1.24810e+02
7.63388e+02	2.75218e+02	2.11589e+03	1.39432e+03	4.43885e+00	2.28791e+00	1.24268e+02
7.67213e+02	2.75440e+02	2.11400e+03	1.39431e+03	4.44137e+00	2.28971e+00	1.23729e+02
7.71038e+02	2.75661e+02	2.11210e+03	1.39429e+03	4.44389e+00	2.29151e+00	1.23194e+02
7.74864e+02	2.75883e+02	2.11021e+03	1.39428e+03	4.44641e+00	2.29332e+00	1.22661e+02
7.78689e+02	2.76104e+02	2.10831e+03	1.39426e+03	4.44892e+00	2.29512e+00	1.22132e+02
7.82514e+02	2.76326e+02	2.10642e+03	1.39425e+03	4.45143e+00	2.29692e+00	1.21606e+02
7.86339e+02	2.76544e+02	2.10453e+03	1.39424e+03	4.45395e+00	2.29871e+00	1.21091e+02
7.90164e+02	2.76756e+02	2.10263e+03	1.39422e+03	4.45645e+00	2.30051e+00	1.20592e+02
7.93989e+02	2.76969e+02	2.10074e+03	1.39421e+03	4.45896e+00	2.30231e+00	1.20096e+02
7.97814e+02	2.77182e+02	2.09885e+03	1.39419e+03	4.46147e+00	2.30410e+00	1.19602e+02
8.01640e+02	2.77395e+02	2.09696e+03	1.39418e+03	4.46398e+00	2.30589e+00	1.19111e+02
8.05465e+02	2.77607e+02	2.09507e+03	1.39417e+03	4.46648e+00	2.30768e+00	1.18623e+02
8.09290e+02	2.77820e+02	2.09318e+03	1.39415e+03	4.46898e+00	2.30947e+00	1.18138e+02
8.13115e+02	2.78026e+02	2.09129e+03	1.39414e+03	4.47148e+00	2.31126e+00	1.17669e+02
8.16940e+02	2.78231e+02	2.08940e+03	1.39412e+03	4.47398e+00	2.31304e+00	1.17208e+02
8.20765e+02	2.78435e+02	2.08751e+03	1.39411e+03	4.47648e+00	2.31483e+00	1.16749e+02
8.24590e+02	2.78640e+02	2.08562e+03	1.39410e+03	4.47898e+00	2.31661e+00	1.16292e+02
8.28416e+02	2.78844e+02	2.08373e+03	1.39408e+03	4.48147e+00	2.31840e+00	1.15838e+02
8.32241e+02	2.79049e+02	2.08185e+03	1.39407e+03	4.48396e+00	2.32018e+00	1.15386e+02
8.36066e+02	2.79252e+02	2.07996e+03	1.39406e+03	4.48646e+00	2.32196e+00	1.14940e+02
8.39891e+02	2.79449e+02	2.07807e+03	1.39405e+03	4.48895e+00	2.32373e+00	1.14509e+02
8.43716e+02	2.79646e+02	2.07619e+03	1.39403e+03	4.49144e+00	2.32551e+00	1.14081e+02
8.47541e+02	2.79842e+02	2.07430e+03	1.39402e+03	4.49392e+00	2.32729e+00	1.13655e+02
8.51366e+02	2.80039e+02	2.07242e+03	1.39401e+03	4.49641e+00	2.32906e+00	1.13232e+02
8.55191e+02	2.80236e+02	2.07054e+03	1.39399e+03	4.49889e+00	2.33083e+00	1.12810e+02
8.59017e+02	2.80433e+02	2.06865e+03	1.39398e+03	4.50138e+00	2.33260e+00	1.12391e+02
8.62842e+02	2.80626e+02	2.06677e+03	1.39397e+03	4.50386e+00	2.33437e+00	1.11982e+02
8.66667e+02	2.80816e+02	2.06489e+03	1.39396e+03	4.50634e+00	2.33614e+00	1.11581e+02
8.70492e+02	2.81006e+02	2.06301e+03	1.93329e+03	3.85048e+00	1.86844e+00	5.12458e+13
1.20812e+03	5.01364e+02	1.94330e+03	1.93329e+03	4.04650e+00	1.84079e+00	6.13478e+07
1.54574e+03	7.08856e+02	1.82359e+03	1.86290e+03	4.31531e+00	1.81641e+00	3.81830e+05
1.87107e+03	9.03525e+02	1.70388e+03	1.78525e+03	7.47765e+00	4.17276e+00	2.71138e+04
2.18285e+03	1.08543e+03	1.58417e+03	3.34354e+03	6.45846e+00	3.16866e+00	5.39414e+03
2.76676e+03	1.25464e+03	1.46447e+03	3.29556e+03	5.04663e+00	2.02353e+00	2.11328e+03
3.34229e+03	1.41126e+03	1.34476e+03	2.57523e+03	5.14513e+00	1.79899e+00	1.08607e+03
3.79202e+03	1.55544e+03	1.22505e+03	2.50779e+03	5.02740e+00	1.25428e+00	6.36232e+02
4.22997e+03	1.68738e+03	1.10534e+03	2.38720e+03	4.88139e+00	4.87839e-01	4.23355e+02
4.64687e+03	1.80738e+03	9.85633e+02	2.35763e+03	4.93736e+00	4.93496e-01	3.07640e+02
5.05860e+03	1.91591e+03	8.65925e+02	2.44813e+03	4.91729e+00	5.02209e-01	2.39508e+02
5.48614e+03	2.01375e+03	7.46217e+02	2.56583e+03	4.95141e+00	5.06126e-01	1.97252e+02
5.93423e+03	2.10227e+03	6.26509e+02	2.63852e+03	4.98829e+00	5.09196e-01	1.69435e+02
6.39502e+03	2.18411e+03	5.06801e+02	2.70300e+03	4.99638e+00	5.12707e-01	1.49371e+02
6.86706e+03	2.26521e+03	3.87093e+02	2.78166e+03	4.96548e+00	NaN	1.32603e+02
6.86706e+03	2.26521e+03	3.87093e+02	7.02772e+03	2.80262e+00	0.00000e+00	1.00000e+04
8.04811e+03	2.26773e+03	3.44083e+02	7.04354e+03	2.79947e+00	0.00000e+00	1.00000e+04
9.23181e+03	2.27025e+03	3.01072e+02	7.05611e+03	2.93310e+00	0.00000e+00	1.00000e+04
1.04176e+04	2.27276e+03	2.58062e+02	7.06633e+03	3.06125e+00	0.00000e+00	1.00000e+04
1.16052e+04	2.27528e+03	2.15052e+02	7.07482e+03	3.18450e+00	0.00000e+00	1.00000e+04
1.27941e+04	2.27780e+03	1.72041e+02	7.08198e+03	3.30336e+00	0.00000e+00	1.00000e+04
1.39843e+04	2.28031e+03	1.29031e+02	7.08809e+03	3.41826e+00	0.00000e+00	1.00000e+04
1.51755e+04	2.28283e+03	8.60207e+01	7.09338e+03	3.52954e+00	0.00000e+00	1.00000e+04
1.63676e+04	2.28535e+03	4.30103e+01	7.09799e+03	3.63753e+00	0.00000e+00	1.00000e+04
1.75604e+04	2.28786e+03	0.00000e+00	7.10205e+03	3.74249e+00	0.00000e+00	1.00000e+04
