P (MPa)		T (K)		r (km)		rho (kg m-3)	VP (km s-1)	VS (km s-1)	QS/gamma	
0.00000e+00	9.40000e+01	2.57500e+03	9.32432e+02	3.87821e+00	1.96165e+00	1.72556e+05
4.23699e-01	9.98357e+01	2.57468e+03	9.32432e+02	3.87888e+00	1.96205e+00	8.24318e+04
8.47398e-01	1.06034e+02	2.57435e+03	9.32445e+02	3.87961e+00	1.96249e+00	4.11162e+04
1.27110e+00	1.12617e+02	2.57401e+03	9.32458e+02	3.88041e+00	1.96296e+00	2.13594e+04
1.69480e+00	1.19608e+02	2.57367e+03	9.32469e+02	3.88129e+00	1.96347e+00	1.15289e+04
2.11849e+00	1.27034e+02	2.57334e+03	9.32480e+02	3.88227e+00	1.96404e+00	6.45125e+03
2.54219e+00	1.34920e+02	2.57300e+03	9.32490e+02	3.88338e+00	1.96466e+00	3.73455e+03
2.96589e+00	1.43296e+02	2.57267e+03	9.32500e+02	3.88462e+00	1.96535e+00	2.23207e+03
3.38959e+00	1.52193e+02	2.57233e+03	9.32508e+02	3.88603e+00	1.96613e+00	1.37482e+03
3.81329e+00	1.61641e+02	2.57200e+03	9.32515e+02	3.88763e+00	1.96701e+00	8.71134e+02
4.23699e+00	1.71676e+02	2.57166e+03	9.32521e+02	3.88947e+00	1.96801e+00	5.66901e+02
4.66069e+00	1.82334e+02	2.57133e+03	9.32527e+02	3.89158e+00	1.96914e+00	3.78300e+02
5.08439e+00	1.93654e+02	2.57099e+03	9.32531e+02	3.89401e+00	1.97044e+00	2.58484e+02
5.50808e+00	2.05677e+02	2.57066e+03	9.32534e+02	3.89679e+00	1.97191e+00	1.80592e+02
5.93178e+00	2.18445e+02	2.57032e+03	9.32536e+02	3.89997e+00	1.97359e+00	1.28845e+02
6.35548e+00	2.32007e+02	2.56999e+03	9.32537e+02	3.90357e+00	1.97547e+00	9.37578e+01
6.77918e+00	2.46411e+02	2.56965e+03	9.32536e+02	3.90761e+00	1.97758e+00	6.95052e+01
7.20288e+00	2.61708e+02	2.56931e+03	9.32535e+02	3.91205e+00	1.97990e+00	5.24355e+01
7.62658e+00	2.61743e+02	2.56898e+03	9.32532e+02	3.91232e+00	1.98010e+00	5.24043e+01
8.05028e+00	2.61777e+02	2.56864e+03	9.32528e+02	3.91259e+00	1.98030e+00	5.23728e+01
8.47398e+00	2.61812e+02	2.56831e+03	9.32522e+02	3.91286e+00	1.98051e+00	5.23410e+01
8.89767e+00	2.61848e+02	2.56797e+03	9.32515e+02	3.91313e+00	1.98071e+00	5.23089e+01
9.32137e+00	2.61884e+02	2.56764e+03	9.32507e+02	3.91340e+00	1.98091e+00	5.22765e+01
9.74507e+00	2.61920e+02	2.56730e+03	9.32497e+02	3.91367e+00	1.98112e+00	5.22437e+01
1.01688e+01	2.61956e+02	2.56697e+03	9.32486e+02	3.91394e+00	1.98132e+00	5.22106e+01
1.05925e+01	2.61993e+02	2.56663e+03	9.32473e+02	3.91421e+00	1.98152e+00	5.21772e+01
1.10162e+01	2.62031e+02	2.56630e+03	9.32459e+02	3.91448e+00	1.98172e+00	5.21435e+01
1.14399e+01	2.62069e+02	2.56596e+03	9.32443e+02	3.91475e+00	1.98193e+00	5.21095e+01
1.18636e+01	2.62107e+02	2.56563e+03	9.32425e+02	3.91502e+00	1.98213e+00	5.20751e+01
1.22873e+01	2.62145e+02	2.56529e+03	9.32405e+02	3.91529e+00	1.98233e+00	5.20404e+01
1.27110e+01	2.62184e+02	2.56496e+03	9.32384e+02	3.91556e+00	1.98253e+00	5.20053e+01
1.31347e+01	2.62224e+02	2.56462e+03	9.32360e+02	3.91583e+00	1.98274e+00	5.19699e+01
1.35584e+01	2.62263e+02	2.56429e+03	9.32335e+02	3.91610e+00	1.98294e+00	5.19342e+01
1.39821e+01	2.62304e+02	2.56395e+03	9.32308e+02	3.91637e+00	1.98314e+00	5.18981e+01
1.44058e+01	2.62344e+02	2.56362e+03	9.32279e+02	3.91664e+00	1.98334e+00	5.18617e+01
1.48295e+01	2.62385e+02	2.56328e+03	9.32247e+02	3.91691e+00	1.98354e+00	5.18249e+01
1.52532e+01	2.62427e+02	2.56295e+03	9.32214e+02	3.91717e+00	1.98375e+00	5.17878e+01
1.56769e+01	2.62469e+02	2.56261e+03	9.32178e+02	3.91744e+00	1.98395e+00	5.17503e+01
1.61006e+01	2.62511e+02	2.56228e+03	9.32140e+02	3.91771e+00	1.98415e+00	5.17125e+01
1.65243e+01	2.62554e+02	2.56194e+03	9.32100e+02	3.91798e+00	1.98435e+00	5.16742e+01
1.69480e+01	2.62598e+02	2.56161e+03	9.32057e+02	3.91825e+00	1.98455e+00	5.16357e+01
1.73716e+01	2.62641e+02	2.56127e+03	9.32011e+02	3.91852e+00	1.98475e+00	5.15967e+01
1.77953e+01	2.62686e+02	2.56094e+03	9.31963e+02	3.91878e+00	1.98496e+00	5.15574e+01
1.82190e+01	2.62730e+02	2.56060e+03	9.31912e+02	3.91905e+00	1.98516e+00	5.15177e+01
1.86427e+01	2.62776e+02	2.56027e+03	9.31859e+02	3.91932e+00	1.98536e+00	5.14776e+01
1.90664e+01	2.62821e+02	2.55993e+03	9.31802e+02	3.91959e+00	1.98556e+00	5.14372e+01
1.94901e+01	2.62868e+02	2.55960e+03	9.31743e+02	3.91985e+00	1.98576e+00	5.13963e+01
1.99138e+01	2.62914e+02	2.55927e+03	9.31681e+02	3.92012e+00	1.98596e+00	5.13551e+01
2.03375e+01	2.62961e+02	2.55893e+03	9.31615e+02	3.92039e+00	1.98616e+00	5.13135e+01
2.07612e+01	2.63009e+02	2.55860e+03	9.31546e+02	3.92066e+00	1.98636e+00	5.12715e+01
2.11849e+01	2.63057e+02	2.55826e+03	9.31474e+02	3.92092e+00	1.98657e+00	5.12291e+01
2.16086e+01	2.63106e+02	2.55793e+03	9.31399e+02	3.92119e+00	1.98677e+00	5.11862e+01
2.20323e+01	2.63155e+02	2.55759e+03	9.31320e+02	3.92146e+00	1.98697e+00	5.11430e+01
2.24560e+01	2.63205e+02	2.55726e+03	9.31238e+02	3.92172e+00	1.98717e+00	5.10994e+01
2.28797e+01	2.63255e+02	2.55692e+03	9.31151e+02	3.92199e+00	1.98737e+00	5.10554e+01
2.33034e+01	2.63306e+02	2.55659e+03	9.31061e+02	3.92226e+00	1.98757e+00	5.10109e+01
2.37271e+01	2.63358e+02	2.55625e+03	9.30968e+02	3.92253e+00	1.98777e+00	5.09660e+01
2.41508e+01	2.63409e+02	2.55592e+03	9.30870e+02	3.92279e+00	1.98797e+00	5.09207e+01
2.45745e+01	2.63462e+02	2.55558e+03	9.30768e+02	3.92306e+00	1.98817e+00	5.08750e+01
2.49982e+01	2.63515e+02	2.55525e+03	9.30661e+02	3.92333e+00	1.98837e+00	5.08289e+01
2.54219e+01	2.63569e+02	2.55491e+03	9.30551e+02	3.92359e+00	1.98857e+00	5.07823e+01
2.58456e+01	2.63623e+02	2.55458e+03	9.30436e+02	3.92386e+00	1.98877e+00	5.07353e+01
2.62693e+01	2.63677e+02	2.55424e+03	9.30316e+02	3.92413e+00	1.98897e+00	5.06879e+01
2.66930e+01	2.63733e+02	2.55391e+03	9.30192e+02	3.92439e+00	1.98917e+00	5.06400e+01
2.71167e+01	2.63789e+02	2.55357e+03	9.30063e+02	3.92466e+00	1.98937e+00	5.05916e+01
2.75404e+01	2.63845e+02	2.55324e+03	9.29929e+02	3.92492e+00	1.98958e+00	5.05429e+01
2.79641e+01	2.63902e+02	2.55290e+03	9.29790e+02	3.92519e+00	1.98978e+00	5.04936e+01
2.83878e+01	2.63960e+02	2.55257e+03	9.29646e+02	3.92546e+00	1.98998e+00	5.04439e+01
2.88115e+01	2.64018e+02	2.55223e+03	9.29497e+02	3.92572e+00	1.99018e+00	5.03938e+01
2.92352e+01	2.64077e+02	2.55190e+03	9.29342e+02	3.92599e+00	1.99038e+00	5.03432e+01
2.96589e+01	2.64137e+02	2.55156e+03	9.29182e+02	3.92626e+00	1.99058e+00	5.02921e+01
3.00826e+01	2.64197e+02	2.55123e+03	9.29016e+02	3.92652e+00	1.99078e+00	5.02406e+01
3.05063e+01	2.64258e+02	2.55089e+03	9.28845e+02	3.92679e+00	1.99098e+00	5.01886e+01
3.09300e+01	2.64320e+02	2.55056e+03	9.28668e+02	3.92705e+00	1.99118e+00	5.01361e+01
3.13537e+01	2.64382e+02	2.55022e+03	9.28485e+02	3.92732e+00	1.99138e+00	5.00831e+01
3.17774e+01	2.64445e+02	2.54988e+03	9.28296e+02	3.92759e+00	1.99158e+00	5.00296e+01
3.22011e+01	2.64508e+02	2.54955e+03	9.28102e+02	3.92785e+00	1.99178e+00	4.99757e+01
3.26248e+01	2.64572e+02	2.54921e+03	9.27901e+02	3.92812e+00	1.99198e+00	4.99213e+01
3.30485e+01	2.64637e+02	2.54888e+03	9.27694e+02	3.92839e+00	1.99218e+00	4.98663e+01
3.34722e+01	2.64703e+02	2.54854e+03	9.27481e+02	3.92865e+00	1.99238e+00	4.98109e+01
3.38959e+01	2.64769e+02	2.54821e+03	9.27261e+02	3.92892e+00	1.99258e+00	4.97550e+01
3.43196e+01	2.64836e+02	2.54787e+03	9.27035e+02	3.92918e+00	1.99278e+00	4.96986e+01
3.47433e+01	2.64904e+02	2.54754e+03	9.26803e+02	3.92945e+00	1.99298e+00	4.96416e+01
3.51670e+01	2.64972e+02	2.54720e+03	9.26565e+02	3.92972e+00	1.99318e+00	4.95842e+01
3.55907e+01	2.65041e+02	2.54686e+03	9.26320e+02	3.92998e+00	1.99338e+00	4.95262e+01
3.60144e+01	2.65111e+02	2.54653e+03	9.26069e+02	3.93025e+00	1.99358e+00	4.94677e+01
3.64381e+01	2.65182e+02	2.54619e+03	9.25811e+02	3.93051e+00	1.99378e+00	4.94087e+01
3.68618e+01	2.65253e+02	2.54586e+03	9.25547e+02	3.93078e+00	1.99398e+00	4.93492e+01
3.72855e+01	2.65325e+02	2.54552e+03	9.25277e+02	3.93105e+00	1.99418e+00	4.92891e+01
3.77092e+01	2.65398e+02	2.54518e+03	9.25001e+02	3.93131e+00	1.99438e+00	4.92285e+01
3.81329e+01	2.65472e+02	2.54485e+03	9.24718e+02	3.93158e+00	1.99458e+00	4.91674e+01
3.85566e+01	2.65546e+02	2.54451e+03	9.24430e+02	3.93184e+00	1.99477e+00	4.91057e+01
3.89803e+01	2.65622e+02	2.54417e+03	9.24135e+02	3.93211e+00	1.99497e+00	4.90435e+01
3.94040e+01	2.65698e+02	2.54384e+03	9.23835e+02	3.93238e+00	1.99517e+00	4.89807e+01
3.98277e+01	2.65775e+02	2.54350e+03	9.23530e+02	3.93264e+00	1.99537e+00	4.89174e+01
4.02514e+01	2.65852e+02	2.54316e+03	9.23218e+02	3.93291e+00	1.99557e+00	4.88535e+01
4.06751e+01	2.65931e+02	2.54283e+03	9.22902e+02	3.93318e+00	1.99577e+00	4.87891e+01
4.10988e+01	2.69917e+02	2.54249e+03	9.22581e+02	3.93454e+00	1.99653e+00	4.56741e+01
4.15225e+01	2.69959e+02	2.54215e+03	9.22255e+02	3.93479e+00	1.99672e+00	4.56433e+01
4.19462e+01	2.70000e+02	2.54182e+03	9.21924e+02	3.93505e+00	1.99692e+00	4.56125e+01
4.58530e+01	2.70012e+02	2.53901e+03	1.02225e+03	1.46179e+00	0.00000e+00	0.00000e+00
4.97597e+01	2.70027e+02	2.53622e+03	1.02407e+03	1.46892e+00	0.00000e+00	0.00000e+00
5.36665e+01	2.70045e+02	2.53343e+03	1.02587e+03	1.47611e+00	0.00000e+00	0.00000e+00
5.75733e+01	2.70066e+02	2.53064e+03	1.02766e+03	1.48335e+00	0.00000e+00	0.00000e+00
6.14801e+01	2.70091e+02	2.52786e+03	1.02942e+03	1.49063e+00	0.00000e+00	0.00000e+00
6.53869e+01	2.70117e+02	2.52509e+03	1.03117e+03	1.49795e+00	0.00000e+00	0.00000e+00
6.92937e+01	2.70147e+02	2.52232e+03	1.03291e+03	1.50530e+00	0.00000e+00	0.00000e+00
7.32005e+01	2.70180e+02	2.51956e+03	1.03462e+03	1.51268e+00	0.00000e+00	0.00000e+00
7.71073e+01	2.70215e+02	2.51680e+03	1.03632e+03	1.52009e+00	0.00000e+00	0.00000e+00
8.10140e+01	2.70252e+02	2.51405e+03	1.03800e+03	1.52752e+00	0.00000e+00	0.00000e+00
8.49208e+01	2.70292e+02	2.51131e+03	1.03967e+03	1.53496e+00	0.00000e+00	0.00000e+00
8.88276e+01	2.70335e+02	2.50857e+03	1.04132e+03	1.54242e+00	0.00000e+00	0.00000e+00
9.27344e+01	2.70379e+02	2.50584e+03	1.04295e+03	1.54988e+00	0.00000e+00	0.00000e+00
9.66412e+01	2.70426e+02	2.50311e+03	1.04457e+03	1.55735e+00	0.00000e+00	0.00000e+00
1.00548e+02	2.70476e+02	2.50039e+03	1.04618e+03	1.56483e+00	0.00000e+00	0.00000e+00
1.04455e+02	2.70527e+02	2.49767e+03	1.04776e+03	1.57231e+00	0.00000e+00	0.00000e+00
1.08362e+02	2.70581e+02	2.49496e+03	1.04934e+03	1.57980e+00	0.00000e+00	0.00000e+00
1.12268e+02	2.70636e+02	2.49225e+03	1.05089e+03	1.58730e+00	0.00000e+00	0.00000e+00
1.16175e+02	2.70694e+02	2.48955e+03	1.05244e+03	1.59480e+00	0.00000e+00	0.00000e+00
1.20082e+02	2.70753e+02	2.48685e+03	1.05397e+03	1.60232e+00	0.00000e+00	0.00000e+00
1.23989e+02	2.70814e+02	2.48416e+03	1.05548e+03	1.60984e+00	0.00000e+00	0.00000e+00
1.27895e+02	2.70877e+02	2.48147e+03	1.05698e+03	1.61737e+00	0.00000e+00	0.00000e+00
1.31802e+02	2.70942e+02	2.47879e+03	1.05847e+03	1.62490e+00	0.00000e+00	0.00000e+00
1.35709e+02	2.71009e+02	2.47611e+03	1.05994e+03	1.63243e+00	0.00000e+00	0.00000e+00
1.39616e+02	2.71077e+02	2.47344e+03	1.06140e+03	1.63996e+00	0.00000e+00	0.00000e+00
1.43523e+02	2.71146e+02	2.47077e+03	1.06284e+03	1.64749e+00	0.00000e+00	0.00000e+00
1.47429e+02	2.71217e+02	2.46811e+03	1.06428e+03	1.65502e+00	0.00000e+00	0.00000e+00
1.51336e+02	2.71290e+02	2.46545e+03	1.06570e+03	1.66254e+00	0.00000e+00	0.00000e+00
1.55243e+02	2.71364e+02	2.46280e+03	1.06710e+03	1.67005e+00	0.00000e+00	0.00000e+00
1.59150e+02	2.71439e+02	2.46015e+03	1.06850e+03	1.67756e+00	0.00000e+00	0.00000e+00
1.63057e+02	2.71516e+02	2.45751e+03	1.06988e+03	1.68506e+00	0.00000e+00	0.00000e+00
1.66963e+02	2.71594e+02	2.45487e+03	1.07125e+03	1.69255e+00	0.00000e+00	0.00000e+00
1.70870e+02	2.71673e+02	2.45223e+03	1.07261e+03	1.70003e+00	0.00000e+00	0.00000e+00
1.74777e+02	2.71754e+02	2.44960e+03	1.07395e+03	1.70749e+00	0.00000e+00	0.00000e+00
1.78684e+02	2.71836e+02	2.44698e+03	1.07529e+03	1.71494e+00	0.00000e+00	0.00000e+00
1.82590e+02	2.71918e+02	2.44436e+03	1.07661e+03	1.72238e+00	0.00000e+00	0.00000e+00
1.86497e+02	2.72002e+02	2.44174e+03	1.07792e+03	1.72980e+00	0.00000e+00	0.00000e+00
1.90404e+02	2.72087e+02	2.43913e+03	1.07922e+03	1.73718e+00	0.00000e+00	0.00000e+00
1.94311e+02	2.72173e+02	2.43652e+03	1.08051e+03	1.74454e+00	0.00000e+00	0.00000e+00
1.98218e+02	2.72260e+02	2.43391e+03	1.08179e+03	1.75184e+00	0.00000e+00	0.00000e+00
2.02124e+02	2.72348e+02	2.43131e+03	1.08306e+03	1.75908e+00	0.00000e+00	0.00000e+00
2.06031e+02	2.72437e+02	2.42872e+03	1.08431e+03	1.76625e+00	0.00000e+00	0.00000e+00
2.09938e+02	2.72527e+02	2.42612e+03	1.08556e+03	1.77335e+00	0.00000e+00	0.00000e+00
2.13845e+02	2.72618e+02	2.42353e+03	1.08680e+03	1.78040e+00	0.00000e+00	0.00000e+00
2.17752e+02	2.72709e+02	2.42095e+03	1.08803e+03	1.78739e+00	0.00000e+00	0.00000e+00
2.21658e+02	2.72801e+02	2.41837e+03	1.08924e+03	1.79435e+00	0.00000e+00	0.00000e+00
2.25565e+02	2.72894e+02	2.41579e+03	1.09045e+03	1.80128e+00	0.00000e+00	0.00000e+00
2.29472e+02	2.72988e+02	2.41322e+03	1.09165e+03	1.80818e+00	0.00000e+00	0.00000e+00
2.33379e+02	2.73083e+02	2.41065e+03	1.09284e+03	1.81504e+00	0.00000e+00	0.00000e+00
2.37285e+02	2.73178e+02	2.40809e+03	1.09402e+03	1.82187e+00	0.00000e+00	0.00000e+00
2.41192e+02	2.73274e+02	2.40553e+03	1.09520e+03	1.82867e+00	0.00000e+00	0.00000e+00
2.45099e+02	2.73370e+02	2.40297e+03	1.09636e+03	1.83544e+00	0.00000e+00	0.00000e+00
2.49006e+02	2.73467e+02	2.40042e+03	1.09751e+03	1.84219e+00	0.00000e+00	0.00000e+00
2.52913e+02	2.73565e+02	2.39787e+03	1.09866e+03	1.84890e+00	0.00000e+00	0.00000e+00
2.56819e+02	2.73663e+02	2.39533e+03	1.09980e+03	1.85558e+00	0.00000e+00	0.00000e+00
2.60726e+02	2.73762e+02	2.39278e+03	1.10093e+03	1.86223e+00	0.00000e+00	0.00000e+00
2.64633e+02	2.73862e+02	2.39025e+03	1.10205e+03	1.86885e+00	0.00000e+00	0.00000e+00
2.68540e+02	2.73962e+02	2.38771e+03	1.10317e+03	1.87543e+00	0.00000e+00	0.00000e+00
2.72447e+02	2.74062e+02	2.38518e+03	1.10427e+03	1.88199e+00	0.00000e+00	0.00000e+00
2.76353e+02	2.74163e+02	2.38266e+03	1.10537e+03	1.88852e+00	0.00000e+00	0.00000e+00
2.80260e+02	2.74264e+02	2.38013e+03	1.10646e+03	1.89502e+00	0.00000e+00	0.00000e+00
2.84167e+02	2.74366e+02	2.37761e+03	1.10755e+03	1.90148e+00	0.00000e+00	0.00000e+00
2.88074e+02	2.74468e+02	2.37510e+03	1.10862e+03	1.90792e+00	0.00000e+00	0.00000e+00
2.91980e+02	2.74571e+02	2.37259e+03	1.10969e+03	1.91432e+00	0.00000e+00	0.00000e+00
2.95887e+02	2.74674e+02	2.37008e+03	1.11076e+03	1.92068e+00	0.00000e+00	0.00000e+00
2.99794e+02	2.74778e+02	2.36757e+03	1.11181e+03	1.92700e+00	0.00000e+00	0.00000e+00
3.03701e+02	2.74882e+02	2.36507e+03	1.11286e+03	1.93328e+00	0.00000e+00	0.00000e+00
3.07608e+02	2.74986e+02	2.36257e+03	1.11390e+03	1.93952e+00	0.00000e+00	0.00000e+00
3.11514e+02	2.75091e+02	2.36008e+03	1.11494e+03	1.94571e+00	0.00000e+00	0.00000e+00
3.15421e+02	2.75196e+02	2.35758e+03	1.11596e+03	1.95187e+00	0.00000e+00	0.00000e+00
3.19328e+02	2.75301e+02	2.35510e+03	1.11699e+03	1.95798e+00	0.00000e+00	0.00000e+00
3.23235e+02	2.75407e+02	2.35261e+03	1.11800e+03	1.96406e+00	0.00000e+00	0.00000e+00
3.27142e+02	2.75513e+02	2.35013e+03	1.11901e+03	1.97010e+00	0.00000e+00	0.00000e+00
3.31048e+02	2.75619e+02	2.34765e+03	1.12001e+03	1.97610e+00	0.00000e+00	0.00000e+00
3.34955e+02	2.75726e+02	2.34518e+03	1.12101e+03	1.98207e+00	0.00000e+00	0.00000e+00
3.38862e+02	2.75833e+02	2.34271e+03	1.12200e+03	1.98801e+00	0.00000e+00	0.00000e+00
3.42769e+02	2.75940e+02	2.34024e+03	1.12299e+03	1.99391e+00	0.00000e+00	0.00000e+00
3.46676e+02	2.76048e+02	2.33777e+03	1.12397e+03	1.99977e+00	0.00000e+00	0.00000e+00
3.50582e+02	2.76155e+02	2.33531e+03	1.12494e+03	2.00560e+00	0.00000e+00	0.00000e+00
3.54489e+02	2.76263e+02	2.33285e+03	1.12591e+03	2.01140e+00	0.00000e+00	0.00000e+00
3.58396e+02	2.76372e+02	2.33040e+03	1.12687e+03	2.01716e+00	0.00000e+00	0.00000e+00
3.62303e+02	2.76480e+02	2.32795e+03	1.12783e+03	2.02289e+00	0.00000e+00	0.00000e+00
3.66209e+02	2.76589e+02	2.32550e+03	1.12878e+03	2.02859e+00	0.00000e+00	0.00000e+00
3.70116e+02	2.76698e+02	2.32305e+03	1.12973e+03	2.03426e+00	0.00000e+00	0.00000e+00
3.74023e+02	2.76807e+02	2.32061e+03	1.13067e+03	2.03990e+00	0.00000e+00	0.00000e+00
3.77930e+02	2.76916e+02	2.31817e+03	1.13160e+03	2.04551e+00	0.00000e+00	0.00000e+00
3.81837e+02	2.77026e+02	2.31574e+03	1.13253e+03	2.05109e+00	0.00000e+00	0.00000e+00
3.85743e+02	2.77135e+02	2.31330e+03	1.13346e+03	2.05664e+00	0.00000e+00	0.00000e+00
3.89650e+02	2.77245e+02	2.31087e+03	1.13438e+03	2.06217e+00	0.00000e+00	0.00000e+00
3.93557e+02	2.77356e+02	2.30845e+03	1.13530e+03	2.06768e+00	0.00000e+00	0.00000e+00
3.97464e+02	2.77466e+02	2.30602e+03	1.13621e+03	2.07317e+00	0.00000e+00	0.00000e+00
4.01371e+02	2.77576e+02	2.30360e+03	1.13711e+03	2.07863e+00	0.00000e+00	0.00000e+00
4.05277e+02	2.77687e+02	2.30118e+03	1.13801e+03	2.08408e+00	0.00000e+00	0.00000e+00
4.09184e+02	2.77798e+02	2.29877e+03	1.13891e+03	2.08951e+00	0.00000e+00	0.00000e+00
4.13091e+02	2.77909e+02	2.29636e+03	1.13980e+03	2.09493e+00	0.00000e+00	0.00000e+00
4.16998e+02	2.78020e+02	2.29395e+03	1.14069e+03	2.10033e+00	0.00000e+00	0.00000e+00
4.20904e+02	2.78131e+02	2.29155e+03	1.14157e+03	2.10572e+00	0.00000e+00	0.00000e+00
4.24811e+02	2.78243e+02	2.28914e+03	1.14245e+03	2.11109e+00	0.00000e+00	0.00000e+00
4.28718e+02	2.78355e+02	2.28674e+03	1.14332e+03	2.11646e+00	0.00000e+00	0.00000e+00
4.32625e+02	2.78467e+02	2.28435e+03	1.14419e+03	2.12180e+00	0.00000e+00	0.00000e+00
4.36532e+02	2.78579e+02	2.28196e+03	1.14506e+03	2.12714e+00	0.00000e+00	0.00000e+00
4.40438e+02	2.78691e+02	2.27956e+03	1.14592e+03	2.13246e+00	0.00000e+00	0.00000e+00
4.44345e+02	2.78803e+02	2.27718e+03	1.14678e+03	2.13776e+00	0.00000e+00	0.00000e+00
4.48252e+02	2.78915e+02	2.27479e+03	1.14763e+03	2.14306e+00	0.00000e+00	0.00000e+00
4.52159e+02	2.79028e+02	2.27241e+03	1.14848e+03	2.14834e+00	0.00000e+00	0.00000e+00
4.56066e+02	2.79141e+02	2.27003e+03	1.14932e+03	2.15361e+00	0.00000e+00	0.00000e+00
4.59972e+02	2.79253e+02	2.26766e+03	1.15016e+03	2.15886e+00	0.00000e+00	0.00000e+00
4.63879e+02	2.79366e+02	2.26528e+03	1.15100e+03	2.16410e+00	0.00000e+00	0.00000e+00
4.67786e+02	2.79480e+02	2.26291e+03	1.15183e+03	2.16932e+00	0.00000e+00	0.00000e+00
4.71693e+02	2.79593e+02	2.26055e+03	1.15266e+03	2.17453e+00	0.00000e+00	0.00000e+00
4.75599e+02	2.79706e+02	2.25818e+03	1.15348e+03	2.17973e+00	0.00000e+00	0.00000e+00
4.79506e+02	2.79820e+02	2.25582e+03	1.15430e+03	2.18490e+00	0.00000e+00	0.00000e+00
4.83413e+02	2.79933e+02	2.25346e+03	1.15511e+03	2.19006e+00	0.00000e+00	0.00000e+00
4.87320e+02	2.80047e+02	2.25111e+03	1.15593e+03	2.19520e+00	0.00000e+00	0.00000e+00
4.91227e+02	2.80161e+02	2.24875e+03	1.15674e+03	2.20031e+00	0.00000e+00	0.00000e+00
4.95133e+02	2.80275e+02	2.24640e+03	1.15754e+03	2.20540e+00	0.00000e+00	0.00000e+00
4.99040e+02	2.80389e+02	2.24406e+03	1.15834e+03	2.21046e+00	0.00000e+00	0.00000e+00
5.02947e+02	2.80503e+02	2.24171e+03	1.15914e+03	2.21548e+00	0.00000e+00	0.00000e+00
5.06854e+02	2.80617e+02	2.23937e+03	1.15993e+03	2.22047e+00	0.00000e+00	0.00000e+00
5.10761e+02	2.80732e+02	2.23703e+03	1.16072e+03	2.22544e+00	0.00000e+00	0.00000e+00
5.14667e+02	2.80846e+02	2.23470e+03	1.16151e+03	2.23037e+00	0.00000e+00	0.00000e+00
5.18574e+02	2.80961e+02	2.23236e+03	1.16229e+03	2.23527e+00	0.00000e+00	0.00000e+00
5.22481e+02	2.81075e+02	2.23003e+03	1.16307e+03	2.24015e+00	0.00000e+00	0.00000e+00
5.26388e+02	2.81190e+02	2.22771e+03	1.16385e+03	2.24501e+00	0.00000e+00	0.00000e+00
5.30294e+02	2.81305e+02	2.22538e+03	1.16462e+03	2.24986e+00	0.00000e+00	0.00000e+00
5.34201e+02	2.81420e+02	2.22306e+03	1.16539e+03	2.25468e+00	0.00000e+00	0.00000e+00
5.38108e+02	2.81535e+02	2.22074e+03	1.16616e+03	2.25950e+00	0.00000e+00	0.00000e+00
5.42015e+02	2.81650e+02	2.21842e+03	1.16692e+03	2.26430e+00	0.00000e+00	0.00000e+00
5.45922e+02	2.81765e+02	2.21611e+03	1.16768e+03	2.26909e+00	0.00000e+00	0.00000e+00
5.49828e+02	2.81880e+02	2.21380e+03	1.16844e+03	2.27386e+00	0.00000e+00	0.00000e+00
5.53735e+02	2.81996e+02	2.21149e+03	1.16919e+03	2.27863e+00	0.00000e+00	0.00000e+00
5.57642e+02	2.82111e+02	2.20918e+03	1.16994e+03	2.28338e+00	0.00000e+00	0.00000e+00
5.61549e+02	2.82226e+02	2.20688e+03	1.17069e+03	2.28812e+00	0.00000e+00	0.00000e+00
5.65456e+02	2.82342e+02	2.20458e+03	1.17143e+03	2.29285e+00	0.00000e+00	0.00000e+00
5.69362e+02	2.82457e+02	2.20228e+03	1.17217e+03	2.29757e+00	0.00000e+00	0.00000e+00
5.73269e+02	2.82573e+02	2.19998e+03	1.17291e+03	2.30227e+00	0.00000e+00	0.00000e+00
5.77176e+02	2.82689e+02	2.19769e+03	1.17365e+03	2.30696e+00	0.00000e+00	0.00000e+00
5.81083e+02	2.82804e+02	2.19540e+03	1.17438e+03	2.31163e+00	0.00000e+00	0.00000e+00
5.84989e+02	2.82920e+02	2.19311e+03	1.17511e+03	2.31629e+00	0.00000e+00	0.00000e+00
5.88896e+02	2.83036e+02	2.19083e+03	1.17584e+03	2.32093e+00	0.00000e+00	0.00000e+00
5.92803e+02	2.83152e+02	2.18855e+03	1.17656e+03	2.32555e+00	0.00000e+00	0.00000e+00
5.96710e+02	2.83267e+02	2.18627e+03	1.17728e+03	2.33016e+00	0.00000e+00	0.00000e+00
6.00617e+02	2.83383e+02	2.18399e+03	1.17800e+03	2.33474e+00	0.00000e+00	0.00000e+00
6.04523e+02	2.83499e+02	2.18172e+03	1.17871e+03	2.33930e+00	0.00000e+00	0.00000e+00
6.08430e+02	2.83615e+02	2.17944e+03	1.17943e+03	2.34384e+00	0.00000e+00	0.00000e+00
6.12337e+02	2.83731e+02	2.17717e+03	1.18014e+03	2.34837e+00	0.00000e+00	0.00000e+00
6.16244e+02	2.83847e+02	2.17491e+03	1.18084e+03	2.35287e+00	0.00000e+00	0.00000e+00
6.20151e+02	2.83963e+02	2.17264e+03	1.18155e+03	2.35735e+00	0.00000e+00	0.00000e+00
6.24057e+02	2.84079e+02	2.17038e+03	1.18225e+03	2.36182e+00	0.00000e+00	0.00000e+00
6.27964e+02	2.84195e+02	2.16812e+03	1.18295e+03	2.36627e+00	0.00000e+00	0.00000e+00
6.31871e+02	2.84311e+02	2.16587e+03	1.18364e+03	2.37071e+00	0.00000e+00	0.00000e+00
6.35778e+02	2.84427e+02	2.16361e+03	1.18434e+03	2.37514e+00	0.00000e+00	0.00000e+00
6.39684e+02	2.84543e+02	2.16136e+03	1.18503e+03	2.37955e+00	0.00000e+00	0.00000e+00
6.43591e+02	2.84659e+02	2.15911e+03	1.18572e+03	2.38395e+00	0.00000e+00	0.00000e+00
6.47498e+02	2.84775e+02	2.15687e+03	1.18640e+03	2.38833e+00	0.00000e+00	0.00000e+00
6.51405e+02	2.84891e+02	2.15462e+03	1.18709e+03	2.39270e+00	0.00000e+00	0.00000e+00
6.55312e+02	2.85007e+02	2.15238e+03	1.18777e+03	2.39705e+00	0.00000e+00	0.00000e+00
6.59218e+02	2.85123e+02	2.15015e+03	1.18845e+03	2.40139e+00	0.00000e+00	0.00000e+00
6.63125e+02	2.85239e+02	2.14791e+03	1.18912e+03	2.40571e+00	0.00000e+00	0.00000e+00
6.67032e+02	2.85356e+02	2.14568e+03	1.18980e+03	2.41002e+00	0.00000e+00	0.00000e+00
6.70939e+02	2.85472e+02	2.14345e+03	1.19047e+03	2.41431e+00	0.00000e+00	0.00000e+00
6.74846e+02	2.85588e+02	2.14122e+03	1.19114e+03	2.41860e+00	0.00000e+00	0.00000e+00
6.78752e+02	2.85704e+02	2.13899e+03	1.19180e+03	2.42288e+00	0.00000e+00	0.00000e+00
6.82659e+02	2.85820e+02	2.13677e+03	1.19247e+03	2.42714e+00	0.00000e+00	0.00000e+00
6.86566e+02	2.85936e+02	2.13455e+03	1.19313e+03	2.43141e+00	0.00000e+00	0.00000e+00
6.90473e+02	2.86053e+02	2.13233e+03	1.19379e+03	2.43568e+00	0.00000e+00	0.00000e+00
6.94379e+02	2.86169e+02	2.13011e+03	1.19445e+03	2.43995e+00	0.00000e+00	0.00000e+00
6.98286e+02	2.86285e+02	2.12790e+03	1.19510e+03	2.44422e+00	0.00000e+00	0.00000e+00
7.02193e+02	2.86401e+02	2.12569e+03	1.19576e+03	2.44850e+00	0.00000e+00	0.00000e+00
7.06100e+02	2.86517e+02	2.12348e+03	1.19641e+03	2.45278e+00	0.00000e+00	0.00000e+00
7.10007e+02	2.86633e+02	2.12128e+03	1.19706e+03	2.45706e+00	0.00000e+00	0.00000e+00
7.13913e+02	2.86749e+02	2.11907e+03	1.19770e+03	2.46133e+00	0.00000e+00	0.00000e+00
7.17820e+02	2.86866e+02	2.11687e+03	1.19835e+03	2.46559e+00	0.00000e+00	0.00000e+00
7.21727e+02	2.86982e+02	2.11467e+03	1.19899e+03	2.46985e+00	0.00000e+00	0.00000e+00
7.25634e+02	2.87098e+02	2.11248e+03	1.19963e+03	2.47410e+00	0.00000e+00	0.00000e+00
7.29541e+02	2.87214e+02	2.11028e+03	1.20027e+03	2.47835e+00	0.00000e+00	0.00000e+00
7.33447e+02	2.87330e+02	2.10809e+03	1.20090e+03	2.48259e+00	0.00000e+00	0.00000e+00
7.37354e+02	2.87446e+02	2.10590e+03	1.20153e+03	2.48682e+00	0.00000e+00	0.00000e+00
7.41261e+02	2.87562e+02	2.10372e+03	1.20216e+03	2.49104e+00	0.00000e+00	0.00000e+00
7.45168e+02	2.87678e+02	2.10153e+03	1.20279e+03	2.49526e+00	0.00000e+00	0.00000e+00
7.49074e+02	2.87794e+02	2.09935e+03	1.20342e+03	2.49947e+00	0.00000e+00	0.00000e+00
7.52981e+02	2.87910e+02	2.09717e+03	1.20404e+03	2.50367e+00	0.00000e+00	0.00000e+00
7.56888e+02	2.88026e+02	2.09500e+03	1.20467e+03	2.50787e+00	0.00000e+00	0.00000e+00
7.60795e+02	2.88142e+02	2.09282e+03	1.20529e+03	2.51206e+00	0.00000e+00	0.00000e+00
7.64702e+02	2.88257e+02	2.09065e+03	1.20591e+03	2.51625e+00	0.00000e+00	0.00000e+00
7.68608e+02	2.88373e+02	2.08848e+03	1.20652e+03	2.52043e+00	0.00000e+00	0.00000e+00
7.72515e+02	2.88489e+02	2.08632e+03	1.20714e+03	2.52461e+00	0.00000e+00	0.00000e+00
7.76422e+02	2.88605e+02	2.08415e+03	1.20775e+03	2.52879e+00	0.00000e+00	0.00000e+00
7.80329e+02	2.88720e+02	2.08199e+03	1.20836e+03	2.53296e+00	0.00000e+00	0.00000e+00
7.84236e+02	2.88836e+02	2.07983e+03	1.20897e+03	2.53713e+00	0.00000e+00	0.00000e+00
7.88142e+02	2.88952e+02	2.07767e+03	1.20957e+03	2.54129e+00	0.00000e+00	0.00000e+00
7.92049e+02	2.89067e+02	2.07552e+03	1.21018e+03	2.54546e+00	0.00000e+00	0.00000e+00
7.95956e+02	2.89183e+02	2.07337e+03	1.21078e+03	2.54962e+00	0.00000e+00	0.00000e+00
7.99863e+02	2.89298e+02	2.07122e+03	1.21138e+03	2.55377e+00	0.00000e+00	0.00000e+00
8.03769e+02	2.89413e+02	2.06907e+03	1.21198e+03	2.55793e+00	0.00000e+00	0.00000e+00
8.07676e+02	2.89529e+02	2.06692e+03	1.21258e+03	2.56208e+00	0.00000e+00	0.00000e+00
8.11583e+02	2.89644e+02	2.06478e+03	1.21317e+03	2.56623e+00	0.00000e+00	0.00000e+00
8.15490e+02	2.89759e+02	2.06264e+03	1.21376e+03	2.57037e+00	0.00000e+00	0.00000e+00
8.19397e+02	2.89874e+02	2.06050e+03	1.21435e+03	2.57451e+00	0.00000e+00	0.00000e+00
8.23303e+02	2.89989e+02	2.05837e+03	1.21494e+03	2.57865e+00	0.00000e+00	0.00000e+00
8.27210e+02	2.90104e+02	2.05623e+03	1.21553e+03	2.58279e+00	0.00000e+00	0.00000e+00
8.31117e+02	2.90219e+02	2.05410e+03	1.21612e+03	2.58692e+00	0.00000e+00	0.00000e+00
8.35024e+02	2.90334e+02	2.05198e+03	1.21670e+03	2.59106e+00	0.00000e+00	0.00000e+00
8.38931e+02	2.90449e+02	2.04985e+03	1.21728e+03	2.59518e+00	0.00000e+00	0.00000e+00
8.42837e+02	2.90564e+02	2.04773e+03	1.21786e+03	2.59931e+00	0.00000e+00	0.00000e+00
8.46744e+02	2.90678e+02	2.04560e+03	1.21844e+03	2.60343e+00	0.00000e+00	0.00000e+00
8.50651e+02	2.90793e+02	2.04348e+03	1.21901e+03	2.60755e+00	0.00000e+00	0.00000e+00
8.54558e+02	2.90907e+02	2.04137e+03	1.21959e+03	2.61167e+00	0.00000e+00	0.00000e+00
8.58465e+02	2.91022e+02	2.03925e+03	1.22016e+03	2.61578e+00	0.00000e+00	0.00000e+00
8.62371e+02	2.91136e+02	2.03714e+03	1.22073e+03	2.61989e+00	0.00000e+00	0.00000e+00
8.66278e+02	2.91250e+02	2.03503e+03	1.22130e+03	2.62400e+00	0.00000e+00	0.00000e+00
8.70185e+02	2.91364e+02	2.03293e+03	1.22187e+03	2.62810e+00	0.00000e+00	0.00000e+00
8.74092e+02	2.91479e+02	2.03082e+03	1.22243e+03	2.63220e+00	0.00000e+00	0.00000e+00
8.77998e+02	2.91593e+02	2.02872e+03	1.22300e+03	2.63630e+00	0.00000e+00	0.00000e+00
8.81905e+02	2.91706e+02	2.02662e+03	1.22356e+03	2.64040e+00	0.00000e+00	0.00000e+00
8.85812e+02	2.91820e+02	2.02452e+03	1.22412e+03	2.64449e+00	0.00000e+00	0.00000e+00
8.89719e+02	2.91934e+02	2.02242e+03	1.22468e+03	2.64858e+00	0.00000e+00	0.00000e+00
8.93626e+02	2.92048e+02	2.02033e+03	1.22524e+03	2.65266e+00	0.00000e+00	0.00000e+00
8.97532e+02	2.92161e+02	2.01824e+03	1.22579e+03	2.65674e+00	0.00000e+00	0.00000e+00
9.01439e+02	2.92275e+02	2.01615e+03	1.22635e+03	2.66082e+00	0.00000e+00	0.00000e+00
9.05346e+02	2.92388e+02	2.01407e+03	1.22690e+03	2.66489e+00	0.00000e+00	0.00000e+00
9.09253e+02	2.92501e+02	2.01198e+03	1.22745e+03	2.66896e+00	0.00000e+00	0.00000e+00
9.13160e+02	2.92615e+02	2.00990e+03	1.22800e+03	2.67303e+00	0.00000e+00	0.00000e+00
9.17066e+02	2.92671e+02	2.00799e+03	1.33671e+03	4.63323e+00	2.40805e+00	9.81391e+01
9.20973e+02	2.92891e+02	2.00608e+03	1.33675e+03	4.63572e+00	2.40984e+00	9.77594e+01
9.24880e+02	2.93111e+02	2.00417e+03	1.33678e+03	4.63821e+00	2.41162e+00	9.73817e+01
9.28787e+02	2.93331e+02	2.00226e+03	1.33682e+03	4.64070e+00	2.41341e+00	9.70060e+01
9.32693e+02	2.93551e+02	2.00035e+03	1.33686e+03	4.64318e+00	2.41519e+00	9.66323e+01
9.36600e+02	2.93770e+02	1.99845e+03	1.33689e+03	4.64567e+00	2.41697e+00	9.62606e+01
9.40507e+02	2.93985e+02	1.99654e+03	1.33693e+03	4.64815e+00	2.41875e+00	9.58996e+01
9.44414e+02	2.94199e+02	1.99464e+03	1.33696e+03	4.65064e+00	2.42053e+00	9.55406e+01
9.48321e+02	2.94414e+02	1.99274e+03	1.33700e+03	4.65312e+00	2.42231e+00	9.51835e+01
9.52227e+02	2.94628e+02	1.99084e+03	1.33704e+03	4.65560e+00	2.42408e+00	9.48283e+01
9.56134e+02	2.94843e+02	1.98893e+03	1.33707e+03	4.65807e+00	2.42586e+00	9.44749e+01
9.60041e+02	2.95058e+02	1.98704e+03	1.33711e+03	4.66055e+00	2.42763e+00	9.41234e+01
9.63948e+02	2.95270e+02	1.98514e+03	1.33715e+03	4.66302e+00	2.42940e+00	9.37775e+01
9.67855e+02	2.95479e+02	1.98324e+03	1.33718e+03	4.66550e+00	2.43117e+00	9.34374e+01
9.71761e+02	2.95689e+02	1.98134e+03	1.33722e+03	4.66797e+00	2.43294e+00	9.30989e+01
9.75668e+02	2.95899e+02	1.97945e+03	1.33726e+03	4.67044e+00	2.43471e+00	9.27622e+01
9.79575e+02	2.96108e+02	1.97755e+03	1.33729e+03	4.67291e+00	2.43648e+00	9.24272e+01
9.83482e+02	2.96318e+02	1.97566e+03	1.33733e+03	4.67538e+00	2.43824e+00	9.20938e+01
9.87388e+02	2.96528e+02	1.97377e+03	1.33737e+03	4.67784e+00	2.44000e+00	9.17622e+01
9.91295e+02	2.96733e+02	1.97188e+03	1.33740e+03	4.68031e+00	2.44177e+00	9.14391e+01
9.95202e+02	2.96938e+02	1.96999e+03	1.33744e+03	4.68277e+00	2.44353e+00	9.11176e+01
9.99109e+02	2.97143e+02	1.96810e+03	1.33748e+03	4.68523e+00	2.44528e+00	9.07977e+01
1.00302e+03	2.97349e+02	1.96621e+03	1.33751e+03	4.68769e+00	2.44704e+00	9.04793e+01
1.00692e+03	2.97554e+02	1.96432e+03	1.33755e+03	4.69015e+00	2.44880e+00	9.01624e+01
1.01083e+03	2.97759e+02	1.96244e+03	1.33759e+03	4.69261e+00	2.45055e+00	8.98471e+01
1.01474e+03	2.97962e+02	1.96055e+03	1.33762e+03	4.69506e+00	2.45231e+00	8.95366e+01
1.01864e+03	2.98164e+02	1.95867e+03	1.33766e+03	4.69752e+00	2.45406e+00	8.92304e+01
1.02255e+03	2.98365e+02	1.95679e+03	1.33770e+03	4.69997e+00	2.45581e+00	8.89257e+01
1.02646e+03	2.98566e+02	1.95490e+03	1.33773e+03	4.70242e+00	2.45756e+00	8.86224e+01
1.03036e+03	2.98767e+02	1.95302e+03	1.33777e+03	4.70487e+00	2.45931e+00	8.83206e+01
1.03427e+03	2.98969e+02	1.95114e+03	1.33781e+03	4.70732e+00	2.46105e+00	8.80202e+01
1.03818e+03	2.99170e+02	1.94927e+03	1.33784e+03	4.70976e+00	2.46280e+00	8.77215e+01
1.04208e+03	2.99368e+02	1.94739e+03	1.33788e+03	4.71221e+00	2.46454e+00	8.74292e+01
1.04599e+03	2.99565e+02	1.94551e+03	1.33792e+03	4.71465e+00	2.46629e+00	8.71383e+01
1.04990e+03	2.99763e+02	1.94364e+03	1.33796e+03	4.71710e+00	2.46803e+00	8.68488e+01
1.05380e+03	2.99961e+02	1.94177e+03	1.33799e+03	4.71954e+00	2.46977e+00	8.65606e+01
1.05771e+03	3.00158e+02	1.93989e+03	1.33803e+03	4.72198e+00	2.47150e+00	8.62737e+01
1.06162e+03	3.00356e+02	1.93802e+03	1.33807e+03	4.72441e+00	2.47324e+00	8.59881e+01
1.06552e+03	3.00552e+02	1.93615e+03	1.33810e+03	4.72685e+00	2.47498e+00	8.57066e+01
1.06943e+03	3.00746e+02	1.93428e+03	1.33814e+03	4.72929e+00	2.47671e+00	8.54283e+01
1.07334e+03	3.00941e+02	1.93242e+03	1.33818e+03	4.73172e+00	2.47845e+00	8.51512e+01
1.07724e+03	3.01135e+02	1.93055e+03	1.33821e+03	4.73415e+00	2.48018e+00	8.48755e+01
1.08115e+03	3.01329e+02	1.92868e+03	1.33825e+03	4.73658e+00	2.48191e+00	8.46009e+01
1.08506e+03	3.01524e+02	1.92682e+03	1.33829e+03	4.73901e+00	2.48364e+00	8.43276e+01
1.08896e+03	3.01718e+02	1.92496e+03	1.33833e+03	4.74144e+00	2.48537e+00	8.40559e+01
1.09287e+03	3.01910e+02	1.92310e+03	1.33836e+03	4.74387e+00	2.48709e+00	8.37891e+01
1.09678e+03	3.02101e+02	1.92123e+03	1.33840e+03	4.74629e+00	2.48882e+00	8.35235e+01
1.10069e+03	3.02293e+02	1.91938e+03	1.33844e+03	4.74872e+00	2.49054e+00	8.32590e+01
1.10459e+03	3.02484e+02	1.91752e+03	1.33848e+03	4.75114e+00	2.49226e+00	8.29957e+01
1.10850e+03	3.02676e+02	1.91566e+03	1.33851e+03	4.75356e+00	2.49399e+00	8.27336e+01
1.11241e+03	3.02867e+02	1.91380e+03	1.33855e+03	4.75598e+00	2.49571e+00	8.24727e+01
1.11631e+03	3.03057e+02	1.91195e+03	1.33859e+03	4.75840e+00	2.49742e+00	8.22150e+01
1.12022e+03	3.03246e+02	1.91010e+03	1.33862e+03	4.76082e+00	2.49914e+00	8.19598e+01
1.12413e+03	3.03435e+02	1.90824e+03	1.33866e+03	4.76323e+00	2.50086e+00	8.17057e+01
1.12803e+03	3.03624e+02	1.90639e+03	1.33870e+03	4.76565e+00	2.50257e+00	8.14527e+01
1.13194e+03	3.03813e+02	1.90454e+03	1.33874e+03	4.76806e+00	2.50429e+00	8.12007e+01
1.13585e+03	3.04002e+02	1.90269e+03	1.33877e+03	4.77047e+00	2.50600e+00	8.09499e+01
1.13975e+03	3.04191e+02	1.90085e+03	1.33881e+03	4.77288e+00	2.50771e+00	8.07006e+01
1.14366e+03	3.04378e+02	1.89900e+03	1.33885e+03	4.77529e+00	2.50942e+00	8.04549e+01
1.14757e+03	3.04564e+02	1.89715e+03	1.33889e+03	4.77770e+00	2.51113e+00	8.02102e+01
1.15147e+03	3.04751e+02	1.89531e+03	1.33892e+03	4.78011e+00	2.51284e+00	7.99666e+01
1.15538e+03	3.04938e+02	1.89347e+03	1.33896e+03	4.78251e+00	2.51454e+00	7.97241e+01
1.15929e+03	3.05124e+02	1.89163e+03	1.33900e+03	4.78491e+00	2.51625e+00	7.94825e+01
1.16319e+03	3.05311e+02	1.88979e+03	1.33903e+03	4.78732e+00	2.51795e+00	7.92420e+01
1.16710e+03	3.05497e+02	1.88795e+03	1.33907e+03	4.78972e+00	2.51965e+00	7.90042e+01
1.17101e+03	3.05681e+02	1.88611e+03	1.33911e+03	4.79212e+00	2.52135e+00	7.87682e+01
1.17491e+03	3.05866e+02	1.88427e+03	1.33915e+03	4.79451e+00	2.52305e+00	7.85332e+01
1.17882e+03	3.06051e+02	1.88244e+03	1.33918e+03	4.79691e+00	2.52475e+00	7.82992e+01
1.18273e+03	3.06236e+02	1.88060e+03	1.33922e+03	4.79931e+00	2.52645e+00	7.80662e+01
1.18663e+03	3.06420e+02	1.87877e+03	1.33926e+03	4.80170e+00	2.52815e+00	7.78341e+01
1.19054e+03	3.06605e+02	1.87694e+03	1.33930e+03	4.80409e+00	2.52984e+00	7.76034e+01
1.19445e+03	3.06788e+02	1.87511e+03	1.33933e+03	4.80649e+00	2.53153e+00	7.73753e+01
1.19835e+03	3.06971e+02	1.87328e+03	1.33937e+03	4.80888e+00	2.53323e+00	7.71482e+01
1.20226e+03	3.07154e+02	1.87145e+03	1.33941e+03	4.81126e+00	2.53492e+00	7.69221e+01
1.20617e+03	3.07337e+02	1.86963e+03	1.33945e+03	4.81365e+00	2.53661e+00	7.66969e+01
1.21008e+03	3.07520e+02	1.86780e+03	1.33948e+03	4.81604e+00	2.53830e+00	7.64726e+01
1.21398e+03	3.07703e+02	1.86598e+03	1.33952e+03	4.81842e+00	2.53998e+00	7.62492e+01
1.21789e+03	3.07885e+02	1.86415e+03	1.33956e+03	4.82081e+00	2.54167e+00	7.60279e+01
1.22180e+03	3.08067e+02	1.86233e+03	1.33960e+03	4.82319e+00	2.54336e+00	7.58080e+01
1.22570e+03	3.08249e+02	1.86051e+03	1.33963e+03	4.82557e+00	2.54504e+00	7.55891e+01
1.22961e+03	3.08430e+02	1.85869e+03	1.33967e+03	4.82795e+00	2.54672e+00	7.53710e+01
1.23352e+03	3.08612e+02	1.85688e+03	1.33971e+03	4.83033e+00	2.54840e+00	7.51538e+01
1.23742e+03	3.08794e+02	1.85506e+03	1.33974e+03	4.83270e+00	2.55008e+00	7.49375e+01
1.24133e+03	3.08975e+02	1.85324e+03	1.33978e+03	4.83508e+00	2.55176e+00	7.47224e+01
1.24524e+03	3.09156e+02	1.85143e+03	1.33982e+03	4.83745e+00	2.55344e+00	7.45092e+01
1.24914e+03	3.09336e+02	1.84962e+03	1.33986e+03	4.83983e+00	2.55512e+00	7.42969e+01
1.25305e+03	3.09517e+02	1.84781e+03	1.33989e+03	4.84220e+00	2.55679e+00	7.40854e+01
1.25696e+03	3.09697e+02	1.84600e+03	1.33993e+03	4.84457e+00	2.55847e+00	7.38748e+01
1.26086e+03	3.09878e+02	1.84419e+03	1.33997e+03	4.84694e+00	2.56014e+00	7.36650e+01
1.26477e+03	3.10058e+02	1.84238e+03	1.34001e+03	4.84931e+00	2.56181e+00	7.34560e+01
1.26868e+03	3.10238e+02	1.84058e+03	1.34004e+03	4.85167e+00	2.56348e+00	7.32487e+01
1.27258e+03	3.10417e+02	1.83877e+03	1.34008e+03	4.85404e+00	2.56515e+00	7.30425e+01
1.27649e+03	3.10597e+02	1.83697e+03	1.34012e+03	4.85640e+00	2.56682e+00	7.28371e+01
1.28040e+03	3.10777e+02	1.83517e+03	1.34016e+03	4.85877e+00	2.56849e+00	7.26325e+01
1.28430e+03	3.10956e+02	1.83337e+03	1.34019e+03	4.86113e+00	2.57016e+00	7.24287e+01
1.28821e+03	3.11136e+02	1.83157e+03	1.34023e+03	4.86349e+00	2.57182e+00	7.22257e+01
1.29212e+03	3.11315e+02	1.82977e+03	1.34027e+03	4.86585e+00	2.57348e+00	7.20237e+01
1.29602e+03	3.11494e+02	1.82797e+03	1.34030e+03	4.86821e+00	2.57515e+00	7.18231e+01
1.29993e+03	3.11673e+02	1.82618e+03	1.34034e+03	4.87056e+00	2.57681e+00	7.16233e+01
1.30384e+03	3.11852e+02	1.82439e+03	1.34038e+03	4.87292e+00	2.57847e+00	7.14242e+01
1.30774e+03	3.12031e+02	1.82259e+03	1.34042e+03	4.87527e+00	2.58013e+00	7.12260e+01
1.31165e+03	3.12210e+02	1.82080e+03	1.34045e+03	4.87763e+00	2.58179e+00	7.10285e+01
1.31556e+03	3.12389e+02	1.81901e+03	1.34049e+03	4.87998e+00	2.58344e+00	7.08318e+01
1.31947e+03	3.12567e+02	1.81722e+03	1.34053e+03	4.88233e+00	2.58510e+00	7.06363e+01
1.32337e+03	3.12745e+02	1.81544e+03	1.34056e+03	4.88468e+00	2.58675e+00	7.04416e+01
1.32728e+03	3.12924e+02	1.81365e+03	1.34060e+03	4.88703e+00	2.58841e+00	7.02477e+01
1.33119e+03	3.13102e+02	1.81187e+03	1.34064e+03	4.88937e+00	2.59006e+00	7.00545e+01
1.33509e+03	3.13281e+02	1.81008e+03	1.34068e+03	4.89172e+00	2.59171e+00	6.98621e+01
1.33900e+03	3.13459e+02	1.80830e+03	1.34071e+03	4.89406e+00	2.59336e+00	6.96705e+01
1.34291e+03	3.13637e+02	1.80652e+03	1.34075e+03	4.89641e+00	2.59501e+00	6.94796e+01
1.34681e+03	3.13816e+02	1.80474e+03	1.34079e+03	4.89875e+00	2.59666e+00	6.92898e+01
1.35072e+03	3.13994e+02	1.80297e+03	1.34082e+03	4.90109e+00	2.59830e+00	6.91006e+01
1.35463e+03	3.14172e+02	1.80119e+03	1.34086e+03	4.90343e+00	2.59995e+00	6.89122e+01
1.35853e+03	3.14350e+02	1.79942e+03	1.34090e+03	4.90577e+00	2.60160e+00	6.87245e+01
1.36244e+03	3.14528e+02	1.79764e+03	1.34094e+03	4.90810e+00	2.60324e+00	6.85375e+01
1.36635e+03	3.14706e+02	1.79587e+03	1.34097e+03	4.91044e+00	2.60488e+00	6.83512e+01
1.37025e+03	3.14885e+02	1.79410e+03	1.34101e+03	4.91277e+00	2.60652e+00	6.81657e+01
1.37416e+03	3.15063e+02	1.79233e+03	1.34105e+03	4.91511e+00	2.60816e+00	6.79809e+01
1.37807e+03	3.15241e+02	1.79056e+03	1.34108e+03	4.91744e+00	2.60980e+00	6.77969e+01
1.38197e+03	3.15419e+02	1.78880e+03	1.34112e+03	4.91977e+00	2.61144e+00	6.76135e+01
1.38588e+03	3.15597e+02	1.78703e+03	1.34116e+03	4.92210e+00	2.61308e+00	6.74309e+01
1.38979e+03	3.15775e+02	1.78527e+03	1.34119e+03	4.92443e+00	2.61471e+00	6.72489e+01
1.39369e+03	3.15953e+02	1.78351e+03	1.34123e+03	4.92676e+00	2.61635e+00	6.70676e+01
1.39760e+03	3.16131e+02	1.78175e+03	1.34127e+03	4.92908e+00	2.61798e+00	6.68869e+01
1.40151e+03	3.16310e+02	1.77999e+03	1.34130e+03	4.93141e+00	2.61961e+00	6.67069e+01
1.40541e+03	3.16488e+02	1.77823e+03	1.34134e+03	4.93373e+00	2.62124e+00	6.65276e+01
1.40932e+03	3.16666e+02	1.77647e+03	1.34138e+03	4.93605e+00	2.62287e+00	6.63489e+01
1.41323e+03	3.16844e+02	1.77472e+03	1.34142e+03	4.93837e+00	2.62450e+00	6.61710e+01
1.41713e+03	3.17023e+02	1.77297e+03	1.34145e+03	4.94069e+00	2.62613e+00	6.59937e+01
1.42104e+03	3.17201e+02	1.77121e+03	1.34149e+03	4.94301e+00	2.62776e+00	6.58168e+01
1.42495e+03	3.17380e+02	1.76946e+03	1.34153e+03	4.94533e+00	2.62938e+00	6.56406e+01
1.42886e+03	3.17558e+02	1.76772e+03	1.34156e+03	4.94765e+00	2.63101e+00	6.54650e+01
1.43276e+03	3.17737e+02	1.76597e+03	1.34160e+03	4.94996e+00	2.63263e+00	6.52901e+01
1.43667e+03	3.17915e+02	1.76422e+03	1.34164e+03	4.95228e+00	2.63425e+00	6.51158e+01
1.44058e+03	3.18094e+02	1.76248e+03	1.34167e+03	4.95459e+00	2.63588e+00	6.49422e+01
1.44448e+03	3.18272e+02	1.76073e+03	1.34171e+03	4.95690e+00	2.63750e+00	6.47691e+01
1.44839e+03	3.18451e+02	1.75899e+03	1.34174e+03	4.95921e+00	2.63912e+00	6.45963e+01
1.45230e+03	3.18631e+02	1.75725e+03	1.34178e+03	4.96152e+00	2.64074e+00	6.44242e+01
1.45620e+03	3.18810e+02	1.75551e+03	1.34182e+03	4.96383e+00	2.64235e+00	6.42528e+01
1.46011e+03	3.18989e+02	1.75377e+03	1.34185e+03	4.96614e+00	2.64397e+00	6.40820e+01
1.46402e+03	3.19168e+02	1.75204e+03	1.34189e+03	4.96845e+00	2.64558e+00	6.39118e+01
1.46792e+03	3.19347e+02	1.75030e+03	1.34193e+03	4.97075e+00	2.64720e+00	6.37423e+01
1.47183e+03	3.19526e+02	1.74857e+03	1.34196e+03	4.97306e+00	2.64881e+00	6.35728e+01
1.47574e+03	3.19706e+02	1.74684e+03	1.34200e+03	4.97536e+00	2.65042e+00	6.34040e+01
1.47964e+03	3.19886e+02	1.74511e+03	1.34204e+03	4.97766e+00	2.65203e+00	6.32357e+01
1.48355e+03	3.20065e+02	1.74338e+03	1.34207e+03	4.97996e+00	2.65365e+00	6.30681e+01
1.48746e+03	3.20245e+02	1.74165e+03	1.34211e+03	4.98226e+00	2.65525e+00	6.29012e+01
1.49136e+03	3.20425e+02	1.73993e+03	1.34215e+03	4.98456e+00	2.65686e+00	6.27349e+01
1.49527e+03	3.20605e+02	1.73820e+03	1.34218e+03	4.98686e+00	2.65847e+00	6.25688e+01
1.49918e+03	3.20785e+02	1.73648e+03	1.34222e+03	4.98915e+00	2.66008e+00	6.24030e+01
1.50308e+03	3.20966e+02	1.73476e+03	1.34225e+03	4.99145e+00	2.66168e+00	6.22378e+01
1.50699e+03	3.21146e+02	1.73304e+03	1.34229e+03	4.99374e+00	2.66328e+00	6.20732e+01
1.51090e+03	3.21327e+02	1.73132e+03	1.34233e+03	4.99603e+00	2.66489e+00	6.19092e+01
1.51480e+03	3.21508e+02	1.72960e+03	1.34236e+03	4.99833e+00	2.66649e+00	6.17458e+01
1.51871e+03	3.21688e+02	1.72789e+03	3.54492e+03	4.60730e+00	2.60955e+00	3.77881e+12
1.58268e+03	3.51798e+02	1.71726e+03	3.54492e+03	4.60330e+00	2.60596e+00	3.42556e+11
1.64625e+03	3.81740e+02	1.70664e+03	3.54437e+03	4.59903e+00	2.60222e+00	4.57840e+10
1.70940e+03	4.11514e+02	1.69601e+03	3.54374e+03	8.04044e+00	4.54709e+00	8.26832e+09
1.77214e+03	4.41120e+02	1.68538e+03	3.54303e+03	8.03225e+00	4.54013e+00	1.89462e+09
1.83446e+03	4.70559e+02	1.67476e+03	3.54226e+03	8.02382e+00	4.53302e+00	5.25808e+08
1.89637e+03	4.99830e+02	1.66413e+03	3.54144e+03	8.01519e+00	4.52580e+00	1.70636e+08
1.95786e+03	5.28934e+02	1.65350e+03	3.54059e+03	8.00636e+00	4.51847e+00	6.30244e+07
2.01893e+03	5.57872e+02	1.64287e+03	3.53969e+03	7.99741e+00	4.51108e+00	2.59393e+07
2.07959e+03	5.86643e+02	1.63225e+03	3.53877e+03	7.98833e+00	4.50362e+00	1.16986e+07
2.13983e+03	6.15247e+02	1.62162e+03	3.53783e+03	7.97915e+00	4.49611e+00	5.70406e+06
2.19965e+03	6.43686e+02	1.61099e+03	3.53686e+03	7.96989e+00	4.48857e+00	2.97405e+06
2.25905e+03	6.71958e+02	1.60037e+03	3.53587e+03	7.96055e+00	4.48099e+00	1.64332e+06
2.31804e+03	7.00065e+02	1.58974e+03	3.53487e+03	7.95116e+00	4.47339e+00	9.55140e+05
2.37660e+03	7.28008e+02	1.57911e+03	3.53385e+03	7.94173e+00	4.46578e+00	5.80336e+05
2.43476e+03	7.55785e+02	1.56849e+03	3.53283e+03	7.93224e+00	4.45814e+00	3.66674e+05
2.49249e+03	7.83397e+02	1.55786e+03	3.53179e+03	7.92273e+00	4.45051e+00	2.39849e+05
2.54981e+03	8.10846e+02	1.54723e+03	3.53074e+03	7.91319e+00	4.44286e+00	1.61808e+05
2.60671e+03	8.38130e+02	1.53661e+03	3.52968e+03	7.90362e+00	4.43522e+00	1.12215e+05
2.66320e+03	8.65251e+02	1.52598e+03	3.52861e+03	7.89405e+00	4.42758e+00	7.97751e+04
2.71927e+03	8.92208e+02	1.51535e+03	3.52754e+03	7.88445e+00	4.41994e+00	5.79942e+04
2.77492e+03	9.19003e+02	1.50473e+03	3.52646e+03	7.87485e+00	4.41232e+00	4.30206e+04
2.83016e+03	9.45635e+02	1.49410e+03	3.52537e+03	7.86524e+00	4.40469e+00	3.25035e+04
2.88499e+03	9.72105e+02	1.48347e+03	3.52428e+03	7.85563e+00	4.39709e+00	2.49706e+04
2.93940e+03	9.98413e+02	1.47285e+03	3.52319e+03	7.84601e+00	4.38949e+00	1.94780e+04
2.99340e+03	1.02456e+03	1.46222e+03	3.52209e+03	7.83640e+00	4.38191e+00	1.54068e+04
3.04698e+03	1.05055e+03	1.45159e+03	3.52098e+03	7.82678e+00	4.37433e+00	1.23434e+04
3.10016e+03	1.07637e+03	1.44097e+03	3.51987e+03	7.81718e+00	4.36678e+00	1.00062e+04
3.15292e+03	1.10204e+03	1.43034e+03	3.51877e+03	7.80757e+00	4.35924e+00	8.19997e+03
3.20527e+03	1.12754e+03	1.41971e+03	3.51765e+03	7.79799e+00	4.35173e+00	6.78748e+03
3.25721e+03	1.15289e+03	1.40909e+03	3.51654e+03	7.78839e+00	4.34422e+00	5.67066e+03
3.30873e+03	1.17808e+03	1.39846e+03	3.51542e+03	7.77882e+00	4.33674e+00	4.77856e+03
3.35985e+03	1.20310e+03	1.38783e+03	3.51430e+03	7.76926e+00	4.32928e+00	4.05913e+03
3.41056e+03	1.22798e+03	1.37720e+03	3.51317e+03	7.75970e+00	4.32184e+00	3.47379e+03
3.46086e+03	1.25269e+03	1.36658e+03	3.51205e+03	7.75016e+00	4.31442e+00	2.99357e+03
3.51075e+03	1.27725e+03	1.35595e+03	3.51092e+03	7.74062e+00	4.30702e+00	2.59651e+03
3.56023e+03	1.30165e+03	1.34532e+03	3.50979e+03	7.73111e+00	4.29965e+00	2.26582e+03
3.60931e+03	1.32590e+03	1.33470e+03	3.50866e+03	7.72161e+00	4.29229e+00	1.98852e+03
3.65797e+03	1.34999e+03	1.32407e+03	3.50753e+03	7.71212e+00	4.28496e+00	1.75448e+03
3.70624e+03	1.37392e+03	1.31344e+03	3.50640e+03	7.70265e+00	4.27765e+00	1.55576e+03
3.75409e+03	1.39771e+03	1.30282e+03	3.50526e+03	7.69318e+00	4.27037e+00	1.38605e+03
3.80154e+03	1.42134e+03	1.29219e+03	3.50412e+03	7.68374e+00	4.26310e+00	1.24035e+03
3.84859e+03	1.44481e+03	1.28156e+03	3.50299e+03	7.67431e+00	4.25587e+00	1.11462e+03
3.89523e+03	1.46814e+03	1.27094e+03	3.50185e+03	7.66490e+00	4.24865e+00	1.00559e+03
3.94147e+03	1.49131e+03	1.26031e+03	3.50071e+03	7.65550e+00	4.24146e+00	9.10611e+02
3.98730e+03	1.51434e+03	1.24968e+03	3.49957e+03	7.64612e+00	4.23429e+00	8.27519e+02
4.03273e+03	1.53721e+03	1.23906e+03	3.49843e+03	7.63675e+00	4.22715e+00	7.54524e+02
4.07776e+03	1.55994e+03	1.22843e+03	3.49728e+03	7.62741e+00	4.22003e+00	6.90148e+02
4.12239e+03	1.58251e+03	1.21780e+03	3.49614e+03	7.61807e+00	4.21294e+00	6.33163e+02
4.16662e+03	1.60494e+03	1.20718e+03	3.49499e+03	7.60874e+00	4.20586e+00	5.82541e+02
4.21045e+03	1.62723e+03	1.19655e+03	3.49384e+03	7.59944e+00	4.19881e+00	5.37419e+02
4.25388e+03	1.64937e+03	1.18592e+03	3.49269e+03	7.59016e+00	4.19180e+00	4.97071e+02
4.29691e+03	1.67136e+03	1.17530e+03	3.49155e+03	7.58088e+00	4.18479e+00	4.60879e+02
4.33955e+03	1.69321e+03	1.16467e+03	3.49039e+03	7.57161e+00	4.17782e+00	4.28322e+02
4.38178e+03	1.71492e+03	1.15404e+03	3.48924e+03	7.56238e+00	4.17087e+00	3.98951e+02
4.42362e+03	1.73649e+03	1.14342e+03	3.48809e+03	7.55315e+00	4.16394e+00	3.72383e+02
4.46506e+03	1.75792e+03	1.13279e+03	3.48693e+03	7.54394e+00	4.15704e+00	3.48290e+02
4.50611e+03	1.77921e+03	1.12216e+03	3.48578e+03	7.52547e+00	4.18114e+00	3.26385e+02
4.54676e+03	1.80036e+03	1.11154e+03	3.50645e+03	7.50565e+00	4.20887e+00	3.06424e+02
4.58728e+03	1.82137e+03	1.10091e+03	3.52972e+03	7.49607e+00	4.20195e+00	2.88213e+02
4.62766e+03	1.84225e+03	1.09028e+03	3.52859e+03	7.48655e+00	4.19507e+00	2.71563e+02
4.66764e+03	1.86299e+03	1.07965e+03	3.52747e+03	7.47702e+00	4.18820e+00	2.56287e+02
4.70720e+03	1.88360e+03	1.06903e+03	3.52634e+03	7.46751e+00	4.18136e+00	2.42242e+02
4.74635e+03	1.90408e+03	1.05840e+03	3.52521e+03	7.45801e+00	4.17455e+00	2.29305e+02
4.78509e+03	1.92443e+03	1.04777e+03	3.52408e+03	7.44850e+00	4.16775e+00	2.17366e+02
4.82341e+03	1.94465e+03	1.03715e+03	3.52294e+03	7.43900e+00	4.16098e+00	2.06329e+02
4.86133e+03	1.96475e+03	1.02652e+03	3.52180e+03	7.42951e+00	4.15423e+00	1.96106e+02
4.89884e+03	1.98472e+03	1.01589e+03	3.52066e+03	7.41883e+00	4.14695e+00	1.86623e+02
4.93593e+03	2.00456e+03	1.00527e+03	3.51978e+03	7.39924e+00	4.13554e+00	1.77811e+02
4.97262e+03	2.02429e+03	9.94640e+02	3.52096e+03	7.39040e+00	4.12921e+00	1.69611e+02
5.00892e+03	2.04389e+03	9.84014e+02	3.51971e+03	7.38233e+00	4.12329e+00	1.61968e+02
5.04481e+03	2.06338e+03	9.73387e+02	3.51829e+03	7.37307e+00	4.11681e+00	1.54834e+02
5.08029e+03	2.08275e+03	9.62760e+02	3.51718e+03	7.36401e+00	4.11037e+00	1.48165e+02
5.11536e+03	2.10201e+03	9.52133e+02	3.51608e+03	7.35499e+00	4.10398e+00	1.41922e+02
5.15003e+03	2.12116e+03	9.41507e+02	3.51498e+03	7.34595e+00	4.09762e+00	1.36070e+02
5.18428e+03	2.14020e+03	9.30880e+02	3.51389e+03	7.33707e+00	4.09130e+00	1.30578e+02
5.21813e+03	2.15913e+03	9.20253e+02	3.51282e+03	7.32831e+00	4.08502e+00	1.25416e+02
5.25157e+03	2.17796e+03	9.09626e+02	3.51175e+03	7.31945e+00	4.07877e+00	1.20559e+02
5.28460e+03	2.19668e+03	8.98999e+02	3.51069e+03	7.31066e+00	4.07256e+00	1.15984e+02
5.31723e+03	2.21531e+03	8.88373e+02	3.50963e+03	7.30211e+00	4.06639e+00	1.11668e+02
5.34945e+03	2.23385e+03	8.77746e+02	3.50857e+03	7.29362e+00	4.06024e+00	1.07593e+02
5.38127e+03	2.25229e+03	8.67119e+02	3.50751e+03	7.28518e+00	4.05412e+00	1.03740e+02
5.41268e+03	2.27064e+03	8.56492e+02	3.50648e+03	7.27659e+00	4.04803e+00	1.00094e+02
5.44369e+03	2.28891e+03	8.45865e+02	3.50544e+03	7.26776e+00	4.04198e+00	9.66402e+01
5.47429e+03	2.30709e+03	8.35239e+02	3.50440e+03	7.25907e+00	4.03595e+00	9.33640e+01
5.50449e+03	2.32520e+03	8.24612e+02	3.50336e+03	7.25054e+00	4.02993e+00	9.02536e+01
5.53429e+03	2.34323e+03	8.13985e+02	3.50233e+03	7.24216e+00	4.02394e+00	8.72975e+01
5.56368e+03	2.36119e+03	8.03358e+02	3.50129e+03	7.23391e+00	4.01797e+00	8.44852e+01
5.59268e+03	2.37909e+03	7.92731e+02	3.50026e+03	7.22571e+00	4.01202e+00	8.18071e+01
5.62126e+03	2.39693e+03	7.82105e+02	3.49922e+03	7.21757e+00	4.00610e+00	7.92543e+01
5.64945e+03	2.41471e+03	7.71478e+02	3.49819e+03	7.20939e+00	4.00018e+00	7.68184e+01
5.67723e+03	2.43244e+03	7.60851e+02	3.49717e+03	7.20109e+00	3.99427e+00	7.44921e+01
5.70462e+03	2.45012e+03	7.50224e+02	3.49614e+03	7.19281e+00	3.98836e+00	7.22681e+01
5.73160e+03	2.46777e+03	7.39597e+02	3.49510e+03	7.18459e+00	3.98247e+00	7.01400e+01
5.75818e+03	2.48538e+03	7.28971e+02	3.49405e+03	7.17638e+00	3.97659e+00	6.81018e+01
5.78436e+03	2.50296e+03	7.18344e+02	3.49300e+03	7.16774e+00	3.97071e+00	6.61478e+01
5.81014e+03	2.52053e+03	7.07717e+02	3.49194e+03	7.15904e+00	3.96482e+00	6.42728e+01
5.83551e+03	2.53808e+03	6.97090e+02	3.49088e+03	7.15061e+00	3.95894e+00	6.24719e+01
5.86049e+03	2.55563e+03	6.86464e+02	3.48980e+03	7.14235e+00	3.95305e+00	6.07407e+01
5.88507e+03	2.57318e+03	6.75837e+02	3.48872e+03	7.13406e+00	3.94715e+00	5.90748e+01
5.90924e+03	2.59074e+03	6.65210e+02	3.48764e+03	7.12569e+00	3.94122e+00	5.74703e+01
5.93302e+03	2.60833e+03	6.54583e+02	3.48655e+03	7.11728e+00	3.93528e+00	5.59236e+01
5.95640e+03	2.62594e+03	6.43956e+02	3.48545e+03	7.10860e+00	3.92933e+00	5.44310e+01
5.97938e+03	2.64360e+03	6.33330e+02	3.48432e+03	7.09976e+00	3.92336e+00	5.29895e+01
6.00196e+03	2.66132e+03	6.22703e+02	3.48317e+03	7.09081e+00	3.91734e+00	5.15958e+01
6.02414e+03	2.67910e+03	6.12076e+02	3.48199e+03	7.08141e+00	3.91119e+00	5.02472e+01
6.04591e+03	2.69695e+03	6.01449e+02	3.48071e+03	7.07190e+00	3.90500e+00	4.89409e+01
6.06729e+03	2.71490e+03	5.90822e+02	3.47940e+03	7.06228e+00	3.89876e+00	4.76743e+01
6.08827e+03	2.73296e+03	5.80196e+02	3.47807e+03	7.05253e+00	3.89247e+00	4.64451e+01
6.10885e+03	2.75114e+03	5.69569e+02	3.47672e+03	7.04264e+00	3.88612e+00	4.52509e+01
6.12903e+03	2.76947e+03	5.58942e+02	3.47533e+03	7.03261e+00	3.87970e+00	4.40896e+01
6.14881e+03	2.78795e+03	5.48315e+02	3.47392e+03	7.02241e+00	3.87321e+00	4.29592e+01
6.14881e+03	2.78795e+03	5.48315e+02	8.00000e+03	6.17597e+00	3.33162e+00	1.00000e+04
6.40468e+03	2.79105e+03	4.87391e+02	8.00669e+03	6.17339e+00	3.33023e+00	1.00000e+04
6.50346e+03	2.79415e+03	4.26467e+02	8.01324e+03	6.19067e+00	3.33845e+00	1.00000e+04
6.40301e+03	2.79724e+03	3.65543e+02	8.01988e+03	6.19573e+00	3.34075e+00	1.00000e+04
6.03095e+03	2.80034e+03	3.04620e+02	8.02695e+03	6.18525e+00	3.33553e+00	1.00000e+04
5.25160e+03	2.80344e+03	2.43696e+02	8.03516e+03	6.15331e+00	3.31991e+00	1.00000e+04
3.77750e+03	2.80654e+03	1.82772e+02	8.04683e+03	6.08817e+00	3.28818e+00	1.00000e+04
8.77300e+02	2.80963e+03	1.21848e+02	8.09928e+03	5.95235e+00	3.22150e+00	1.00000e+04
-6.01187e+03	2.81273e+03	6.09239e+01	8.09088e+03	5.72006e+00	3.10998e+00	1.00000e+04
-3.40159e+04	2.81583e+03	0.00000e+00	8.08899e+03	5.11832e+00	2.82327e+00	1.00000e+04
