P (MPa)		T (K)		r (km)		rho (kg m-3)	VP (km s-1)	VS (km s-1)	QS/gamma	KS (GPa)	GS (GPa)	
0.00000e+00	9.40000e+01	2.57470e+03	9.32503e+02	3.87821e+00	1.96165e+00	1.30304e+05	9.24000e+00	3.58800e+00
1.06209e+00	1.04902e+02	2.57386e+03	9.32503e+02	3.87965e+00	1.96254e+00	3.60766e+04	9.24350e+00	3.59028e+00
2.12418e+00	1.17068e+02	2.57302e+03	9.32589e+02	3.88132e+00	1.96356e+00	1.14144e+04	9.24700e+00	3.59256e+00
3.18627e+00	1.30645e+02	2.57218e+03	9.32674e+02	3.88331e+00	1.96473e+00	4.07025e+03	9.25049e+00	3.59483e+00
4.24836e+00	1.45797e+02	2.57134e+03	9.32757e+02	3.88572e+00	1.96611e+00	1.61558e+03	9.25397e+00	3.59711e+00
5.31044e+00	1.62705e+02	2.57050e+03	9.32841e+02	3.88872e+00	1.96779e+00	7.05892e+02	9.25745e+00	3.59938e+00
6.37253e+00	1.81575e+02	2.56966e+03	9.32923e+02	3.89250e+00	1.96987e+00	3.36139e+02	9.26092e+00	3.60165e+00
7.43462e+00	2.02634e+02	2.56882e+03	9.33004e+02	3.89732e+00	1.97248e+00	1.72896e+02	9.26439e+00	3.60391e+00
8.49671e+00	2.26134e+02	2.56798e+03	9.33085e+02	3.90341e+00	1.97573e+00	9.52923e+01	9.26785e+00	3.60618e+00
9.55880e+00	2.52361e+02	2.56714e+03	9.33165e+02	3.91093e+00	1.97970e+00	5.58751e+01	9.27131e+00	3.60844e+00
1.06209e+01	2.52392e+02	2.56630e+03	9.33243e+02	3.91159e+00	1.98020e+00	5.58436e+01	9.27476e+00	3.61070e+00
1.16830e+01	2.52423e+02	2.56546e+03	9.33321e+02	3.91225e+00	1.98070e+00	5.58118e+01	9.27820e+00	3.61296e+00
1.27451e+01	2.52454e+02	2.56462e+03	9.33398e+02	3.91290e+00	1.98119e+00	5.57797e+01	9.28164e+00	3.61521e+00
1.38072e+01	2.52486e+02	2.56378e+03	9.33474e+02	3.91356e+00	1.98169e+00	5.57473e+01	9.28507e+00	3.61747e+00
1.48692e+01	2.52518e+02	2.56294e+03	9.33549e+02	3.91421e+00	1.98219e+00	5.57147e+01	9.28849e+00	3.61972e+00
1.59313e+01	2.52551e+02	2.56211e+03	9.33622e+02	3.91486e+00	1.98268e+00	5.56817e+01	9.29191e+00	3.62197e+00
1.69934e+01	2.52584e+02	2.56127e+03	9.33695e+02	3.91551e+00	1.98318e+00	5.56484e+01	9.29533e+00	3.62421e+00
1.80555e+01	2.52617e+02	2.56043e+03	9.33766e+02	3.91616e+00	1.98367e+00	5.56148e+01	9.29874e+00	3.62646e+00
1.91176e+01	2.52650e+02	2.55959e+03	9.33836e+02	3.91681e+00	1.98416e+00	5.55808e+01	9.30214e+00	3.62870e+00
2.01797e+01	2.52684e+02	2.55876e+03	9.33905e+02	3.91746e+00	1.98465e+00	5.55466e+01	9.30553e+00	3.63094e+00
2.12418e+01	2.52718e+02	2.55792e+03	9.33973e+02	3.91810e+00	1.98515e+00	5.55121e+01	9.30892e+00	3.63318e+00
2.23039e+01	2.52753e+02	2.55708e+03	9.34039e+02	3.91875e+00	1.98564e+00	5.54772e+01	9.31231e+00	3.63541e+00
2.33660e+01	2.52788e+02	2.55624e+03	9.34104e+02	3.91939e+00	1.98613e+00	5.54420e+01	9.31569e+00	3.63764e+00
2.44280e+01	2.52823e+02	2.55541e+03	9.34167e+02	3.92003e+00	1.98662e+00	5.54064e+01	9.31906e+00	3.63987e+00
2.54901e+01	2.52859e+02	2.55457e+03	9.34229e+02	3.92067e+00	1.98710e+00	5.53706e+01	9.32243e+00	3.64210e+00
2.65522e+01	2.52895e+02	2.55374e+03	9.34290e+02	3.92131e+00	1.98759e+00	5.53344e+01	9.32579e+00	3.64433e+00
2.76143e+01	2.52931e+02	2.55290e+03	9.34349e+02	3.92195e+00	1.98808e+00	5.52979e+01	9.32914e+00	3.64655e+00
2.86764e+01	2.52968e+02	2.55206e+03	9.34407e+02	3.92259e+00	1.98856e+00	5.52610e+01	9.33249e+00	3.64877e+00
2.97385e+01	2.53005e+02	2.55123e+03	9.34462e+02	3.92322e+00	1.98905e+00	5.52238e+01	9.33584e+00	3.65099e+00
3.08006e+01	2.53043e+02	2.55039e+03	9.34517e+02	3.92386e+00	1.98954e+00	5.51863e+01	9.33918e+00	3.65321e+00
3.18627e+01	2.53080e+02	2.54956e+03	9.34569e+02	3.92449e+00	1.99002e+00	5.51484e+01	9.34251e+00	3.65543e+00
3.29248e+01	2.53119e+02	2.54872e+03	9.34620e+02	3.92512e+00	1.99050e+00	5.51101e+01	9.34583e+00	3.65764e+00
3.39868e+01	2.53157e+02	2.54789e+03	9.34668e+02	3.92575e+00	1.99099e+00	5.50715e+01	9.34915e+00	3.65985e+00
3.50489e+01	2.53196e+02	2.54705e+03	9.34715e+02	3.92638e+00	1.99147e+00	5.50326e+01	9.35247e+00	3.66206e+00
3.61110e+01	2.53236e+02	2.54622e+03	9.34760e+02	3.92701e+00	1.99195e+00	5.49933e+01	9.35578e+00	3.66426e+00
3.71731e+01	2.53276e+02	2.54539e+03	9.34803e+02	3.92764e+00	1.99243e+00	5.49536e+01	9.35908e+00	3.66647e+00
3.82352e+01	2.53316e+02	2.54455e+03	9.34844e+02	3.92827e+00	1.99291e+00	5.49136e+01	9.36238e+00	3.66867e+00
3.92973e+01	2.53357e+02	2.54372e+03	9.34882e+02	3.92889e+00	1.99339e+00	5.48732e+01	9.36567e+00	3.67087e+00
4.03594e+01	2.53398e+02	2.54288e+03	9.34919e+02	3.92952e+00	1.99387e+00	5.48324e+01	9.36895e+00	3.67306e+00
4.14215e+01	2.53439e+02	2.54205e+03	9.34953e+02	3.93014e+00	1.99435e+00	5.47913e+01	9.37223e+00	3.67526e+00
4.24836e+01	2.53481e+02	2.54122e+03	9.34985e+02	3.93076e+00	1.99482e+00	5.47498e+01	9.37550e+00	3.67745e+00
4.35456e+01	2.53523e+02	2.54038e+03	9.35015e+02	3.93138e+00	1.99530e+00	5.47079e+01	9.37877e+00	3.67964e+00
4.46077e+01	2.53566e+02	2.53955e+03	9.35042e+02	3.93200e+00	1.99578e+00	5.46656e+01	9.38203e+00	3.68183e+00
4.56698e+01	2.53609e+02	2.53872e+03	9.35066e+02	3.93262e+00	1.99625e+00	5.46229e+01	9.38529e+00	3.68401e+00
4.67319e+01	2.53653e+02	2.53789e+03	9.35088e+02	3.93324e+00	1.99673e+00	5.45799e+01	9.38854e+00	3.68620e+00
4.77940e+01	2.53697e+02	2.53705e+03	9.35107e+02	3.93386e+00	1.99720e+00	5.45365e+01	9.39178e+00	3.68838e+00
4.88561e+01	2.53742e+02	2.53622e+03	9.35123e+02	3.93447e+00	1.99768e+00	5.44926e+01	9.39502e+00	3.69056e+00
4.99182e+01	2.53787e+02	2.53539e+03	9.35137e+02	3.93509e+00	1.99815e+00	5.44484e+01	9.39825e+00	3.69273e+00
5.09803e+01	2.53832e+02	2.53456e+03	9.35147e+02	3.93570e+00	1.99862e+00	5.44038e+01	9.40148e+00	3.69491e+00
5.20424e+01	2.53878e+02	2.53373e+03	9.35155e+02	3.93631e+00	1.99909e+00	5.43588e+01	9.40470e+00	3.69708e+00
5.31044e+01	2.53924e+02	2.53289e+03	9.35159e+02	3.93692e+00	1.99957e+00	5.43134e+01	9.40791e+00	3.69925e+00
5.41665e+01	2.53971e+02	2.53206e+03	9.35161e+02	3.93754e+00	2.00004e+00	5.42675e+01	9.41112e+00	3.70142e+00
5.52286e+01	2.54019e+02	2.53123e+03	9.35159e+02	3.93815e+00	2.00051e+00	5.42213e+01	9.41432e+00	3.70358e+00
5.62907e+01	2.54067e+02	2.53040e+03	9.35153e+02	3.93875e+00	2.00098e+00	5.41746e+01	9.41752e+00	3.70574e+00
5.73528e+01	2.54115e+02	2.52957e+03	9.35144e+02	3.93936e+00	2.00144e+00	5.41275e+01	9.42071e+00	3.70790e+00
5.84149e+01	2.54164e+02	2.52874e+03	9.35132e+02	3.93997e+00	2.00191e+00	5.40800e+01	9.42390e+00	3.71006e+00
5.94770e+01	2.54213e+02	2.52791e+03	9.35116e+02	3.94058e+00	2.00238e+00	5.40321e+01	9.42708e+00	3.71222e+00
6.05391e+01	2.54263e+02	2.52708e+03	9.35096e+02	3.94118e+00	2.00285e+00	5.39837e+01	9.43025e+00	3.71437e+00
6.16012e+01	2.54313e+02	2.52625e+03	9.35072e+02	3.94179e+00	2.00332e+00	5.39350e+01	9.43342e+00	3.71652e+00
6.26632e+01	2.54364e+02	2.52542e+03	9.35045e+02	3.94239e+00	2.00378e+00	5.38857e+01	9.43658e+00	3.71867e+00
6.37253e+01	2.54415e+02	2.52459e+03	9.35013e+02	3.94299e+00	2.00425e+00	5.38361e+01	9.43974e+00	3.72082e+00
6.47874e+01	2.54467e+02	2.52376e+03	9.34977e+02	3.94359e+00	2.00471e+00	5.37860e+01	9.44289e+00	3.72297e+00
6.58495e+01	2.54520e+02	2.52293e+03	9.34937e+02	3.94419e+00	2.00518e+00	5.37354e+01	9.44603e+00	3.72511e+00
6.69116e+01	2.54573e+02	2.52210e+03	9.34893e+02	3.94479e+00	2.00564e+00	5.36844e+01	9.44917e+00	3.72725e+00
6.79737e+01	2.54626e+02	2.52127e+03	9.34844e+02	3.94539e+00	2.00611e+00	5.36330e+01	9.45230e+00	3.72939e+00
6.90358e+01	2.54680e+02	2.52044e+03	9.34791e+02	3.94599e+00	2.00657e+00	5.35811e+01	9.45543e+00	3.73152e+00
7.00979e+01	2.54735e+02	2.51961e+03	9.34732e+02	3.94659e+00	2.00703e+00	5.35288e+01	9.45855e+00	3.73366e+00
7.11600e+01	2.54790e+02	2.51878e+03	9.34670e+02	3.94719e+00	2.00749e+00	5.34760e+01	9.46166e+00	3.73579e+00
7.22220e+01	2.54846e+02	2.51795e+03	9.34602e+02	3.94778e+00	2.00796e+00	5.34227e+01	9.46477e+00	3.73792e+00
7.32841e+01	2.54902e+02	2.51712e+03	9.34529e+02	3.94838e+00	2.00842e+00	5.33689e+01	9.46787e+00	3.74004e+00
7.43462e+01	2.54959e+02	2.51629e+03	9.34451e+02	3.94897e+00	2.00888e+00	5.33147e+01	9.47097e+00	3.74217e+00
7.54083e+01	2.55016e+02	2.51546e+03	9.34368e+02	3.94957e+00	2.00934e+00	5.32600e+01	9.47406e+00	3.74429e+00
7.64704e+01	2.55074e+02	2.51463e+03	9.34280e+02	3.95016e+00	2.00980e+00	5.32049e+01	9.47715e+00	3.74641e+00
7.75325e+01	2.55133e+02	2.51380e+03	9.34186e+02	3.95075e+00	2.01026e+00	5.31492e+01	9.48023e+00	3.74853e+00
7.85946e+01	2.55192e+02	2.51298e+03	9.34087e+02	3.95134e+00	2.01072e+00	5.30931e+01	9.48330e+00	3.75064e+00
7.96567e+01	2.55252e+02	2.51215e+03	9.33982e+02	3.95193e+00	2.01118e+00	5.30365e+01	9.48637e+00	3.75276e+00
8.07188e+01	2.55312e+02	2.51132e+03	9.33872e+02	3.95252e+00	2.01163e+00	5.29794e+01	9.48943e+00	3.75487e+00
8.17808e+01	2.55373e+02	2.51049e+03	9.33756e+02	3.95311e+00	2.01209e+00	5.29218e+01	9.49249e+00	3.75698e+00
8.28429e+01	2.55435e+02	2.50966e+03	9.33634e+02	3.95370e+00	2.01255e+00	5.28637e+01	9.49554e+00	3.75908e+00
8.39050e+01	2.55497e+02	2.50883e+03	9.33506e+02	3.95429e+00	2.01301e+00	5.28051e+01	9.49858e+00	3.76119e+00
8.49671e+01	2.55560e+02	2.50800e+03	9.33372e+02	3.95488e+00	2.01346e+00	5.27460e+01	9.50162e+00	3.76329e+00
8.60292e+01	2.55624e+02	2.50718e+03	9.33232e+02	3.95546e+00	2.01392e+00	5.26864e+01	9.50465e+00	3.76539e+00
8.70913e+01	2.55688e+02	2.50635e+03	9.33086e+02	3.95605e+00	2.01437e+00	5.26263e+01	9.50768e+00	3.76749e+00
8.81534e+01	2.55753e+02	2.50552e+03	9.32934e+02	3.95664e+00	2.01483e+00	5.25657e+01	9.51070e+00	3.76958e+00
8.92155e+01	2.55819e+02	2.50469e+03	9.32776e+02	3.95722e+00	2.01528e+00	5.25045e+01	9.51372e+00	3.77168e+00
9.02776e+01	2.55885e+02	2.50386e+03	9.32611e+02	3.95780e+00	2.01574e+00	5.24428e+01	9.51673e+00	3.77377e+00
9.13396e+01	2.55952e+02	2.50303e+03	9.32441e+02	3.95839e+00	2.01619e+00	5.23806e+01	9.51973e+00	3.77585e+00
9.24017e+01	2.56019e+02	2.50221e+03	9.32263e+02	3.95897e+00	2.01664e+00	5.23179e+01	9.52273e+00	3.77794e+00
9.34638e+01	2.56088e+02	2.50138e+03	9.32080e+02	3.95955e+00	2.01710e+00	5.22547e+01	9.52572e+00	3.78002e+00
9.45259e+01	2.56157e+02	2.50055e+03	9.31891e+02	3.96013e+00	2.01755e+00	5.21909e+01	9.52870e+00	3.78211e+00
9.55880e+01	2.56226e+02	2.49972e+03	9.31695e+02	3.96071e+00	2.01800e+00	5.21265e+01	9.53168e+00	3.78419e+00
9.66501e+01	2.56297e+02	2.49889e+03	9.31493e+02	3.96129e+00	2.01845e+00	5.20617e+01	9.53466e+00	3.78626e+00
9.77122e+01	2.56368e+02	2.49806e+03	9.31285e+02	3.96187e+00	2.01891e+00	5.19963e+01	9.53763e+00	3.78834e+00
9.87743e+01	2.56440e+02	2.49724e+03	9.31070e+02	3.96245e+00	2.01936e+00	5.19303e+01	9.54059e+00	3.79041e+00
9.98364e+01	2.56512e+02	2.49641e+03	9.30850e+02	3.96303e+00	2.01981e+00	5.18638e+01	9.54354e+00	3.79248e+00
1.00898e+02	2.56586e+02	2.49558e+03	9.30624e+02	3.96361e+00	2.02026e+00	5.17967e+01	9.54650e+00	3.79455e+00
1.01961e+02	2.56660e+02	2.49475e+03	9.30392e+02	3.96419e+00	2.02071e+00	5.17291e+01	9.54944e+00	3.79662e+00
1.03023e+02	2.56734e+02	2.49392e+03	9.30155e+02	3.96476e+00	2.02116e+00	5.16609e+01	9.55238e+00	3.79868e+00
1.04085e+02	2.59967e+02	2.49309e+03	9.29567e+02	3.96622e+00	2.02206e+00	4.88349e+01	9.55531e+00	3.80074e+00
1.05147e+02	2.60000e+02	2.49226e+03	9.29664e+02	3.96679e+00	2.02250e+00	4.88070e+01	9.55824e+00	3.80280e+00
1.08913e+02	2.60029e+02	2.48963e+03	1.03904e+03	1.64208e+00	0.00000e+00	0.00000e+00	2.80169e+00	0.00000e+00
1.12679e+02	2.60059e+02	2.48701e+03	1.04043e+03	1.64999e+00	0.00000e+00	0.00000e+00	2.83253e+00	0.00000e+00
1.16446e+02	2.60090e+02	2.48439e+03	1.04180e+03	1.65787e+00	0.00000e+00	0.00000e+00	2.86343e+00	0.00000e+00
1.20212e+02	2.60123e+02	2.48177e+03	1.04317e+03	1.66571e+00	0.00000e+00	0.00000e+00	2.89438e+00	0.00000e+00
1.23979e+02	2.60156e+02	2.47916e+03	1.04452e+03	1.67353e+00	0.00000e+00	0.00000e+00	2.92538e+00	0.00000e+00
1.27745e+02	2.60191e+02	2.47656e+03	1.04586e+03	1.68131e+00	0.00000e+00	0.00000e+00	2.95643e+00	0.00000e+00
1.31511e+02	2.60226e+02	2.47395e+03	1.04718e+03	1.68905e+00	0.00000e+00	0.00000e+00	2.98751e+00	0.00000e+00
1.35278e+02	2.60262e+02	2.47136e+03	1.04850e+03	1.69677e+00	0.00000e+00	0.00000e+00	3.01864e+00	0.00000e+00
1.39044e+02	2.60300e+02	2.46876e+03	1.04980e+03	1.70444e+00	0.00000e+00	0.00000e+00	3.04979e+00	0.00000e+00
1.42810e+02	2.60338e+02	2.46618e+03	1.05109e+03	1.71208e+00	0.00000e+00	0.00000e+00	3.08098e+00	0.00000e+00
1.46577e+02	2.60377e+02	2.46359e+03	1.05237e+03	1.71968e+00	0.00000e+00	0.00000e+00	3.11219e+00	0.00000e+00
1.50343e+02	2.60417e+02	2.46101e+03	1.05364e+03	1.72725e+00	0.00000e+00	0.00000e+00	3.14342e+00	0.00000e+00
1.54109e+02	2.60457e+02	2.45843e+03	1.05489e+03	1.73478e+00	0.00000e+00	0.00000e+00	3.17467e+00	0.00000e+00
1.57876e+02	2.60499e+02	2.45586e+03	1.05614e+03	1.74227e+00	0.00000e+00	0.00000e+00	3.20593e+00	0.00000e+00
1.61642e+02	2.60541e+02	2.45330e+03	1.05738e+03	1.74973e+00	0.00000e+00	0.00000e+00	3.23721e+00	0.00000e+00
1.65408e+02	2.60584e+02	2.45073e+03	1.05860e+03	1.75715e+00	0.00000e+00	0.00000e+00	3.26850e+00	0.00000e+00
1.69175e+02	2.60628e+02	2.44817e+03	1.05982e+03	1.76453e+00	0.00000e+00	0.00000e+00	3.29979e+00	0.00000e+00
1.72941e+02	2.60672e+02	2.44562e+03	1.06102e+03	1.77187e+00	0.00000e+00	0.00000e+00	3.33109e+00	0.00000e+00
1.76707e+02	2.60717e+02	2.44307e+03	1.06221e+03	1.77917e+00	0.00000e+00	0.00000e+00	3.36238e+00	0.00000e+00
1.80474e+02	2.60763e+02	2.44052e+03	1.06340e+03	1.78643e+00	0.00000e+00	0.00000e+00	3.39368e+00	0.00000e+00
1.84240e+02	2.60809e+02	2.43798e+03	1.06457e+03	1.79366e+00	0.00000e+00	0.00000e+00	3.42497e+00	0.00000e+00
1.88006e+02	2.60856e+02	2.43544e+03	1.06574e+03	1.80085e+00	0.00000e+00	0.00000e+00	3.45625e+00	0.00000e+00
1.91773e+02	2.60903e+02	2.43290e+03	1.06690e+03	1.80800e+00	0.00000e+00	0.00000e+00	3.48753e+00	0.00000e+00
1.95539e+02	2.60951e+02	2.43037e+03	1.06805e+03	1.81511e+00	0.00000e+00	0.00000e+00	3.51879e+00	0.00000e+00
1.99305e+02	2.61000e+02	2.42784e+03	1.06918e+03	1.82218e+00	0.00000e+00	0.00000e+00	3.55005e+00	0.00000e+00
2.03072e+02	2.61049e+02	2.42532e+03	1.07031e+03	1.82921e+00	0.00000e+00	0.00000e+00	3.58129e+00	0.00000e+00
2.06838e+02	2.61099e+02	2.42280e+03	1.07144e+03	1.83621e+00	0.00000e+00	0.00000e+00	3.61251e+00	0.00000e+00
2.10604e+02	2.61149e+02	2.42028e+03	1.07255e+03	1.84317e+00	0.00000e+00	0.00000e+00	3.64372e+00	0.00000e+00
2.14371e+02	2.61200e+02	2.41777e+03	1.07365e+03	1.85009e+00	0.00000e+00	0.00000e+00	3.67491e+00	0.00000e+00
2.18137e+02	2.61251e+02	2.41526e+03	1.07475e+03	1.85697e+00	0.00000e+00	0.00000e+00	3.70608e+00	0.00000e+00
2.21903e+02	2.61303e+02	2.41275e+03	1.07584e+03	1.86381e+00	0.00000e+00	0.00000e+00	3.73723e+00	0.00000e+00
2.25670e+02	2.61355e+02	2.41025e+03	1.07692e+03	1.87062e+00	0.00000e+00	0.00000e+00	3.76836e+00	0.00000e+00
2.29436e+02	2.61407e+02	2.40775e+03	1.07799e+03	1.87739e+00	0.00000e+00	0.00000e+00	3.79947e+00	0.00000e+00
2.33202e+02	2.61461e+02	2.40526e+03	1.07905e+03	1.88412e+00	0.00000e+00	0.00000e+00	3.83055e+00	0.00000e+00
2.36969e+02	2.61514e+02	2.40277e+03	1.08011e+03	1.89082e+00	0.00000e+00	0.00000e+00	3.86160e+00	0.00000e+00
2.40735e+02	2.61568e+02	2.40028e+03	1.08116e+03	1.89748e+00	0.00000e+00	0.00000e+00	3.89263e+00	0.00000e+00
2.44501e+02	2.61622e+02	2.39780e+03	1.08220e+03	1.90410e+00	0.00000e+00	0.00000e+00	3.92364e+00	0.00000e+00
2.48268e+02	2.61677e+02	2.39532e+03	1.08324e+03	1.91069e+00	0.00000e+00	0.00000e+00	3.95461e+00	0.00000e+00
2.52034e+02	2.61732e+02	2.39284e+03	1.08427e+03	1.91724e+00	0.00000e+00	0.00000e+00	3.98556e+00	0.00000e+00
2.55800e+02	2.61788e+02	2.39037e+03	1.08529e+03	1.92376e+00	0.00000e+00	0.00000e+00	4.01648e+00	0.00000e+00
2.59567e+02	2.61843e+02	2.38790e+03	1.08630e+03	1.93024e+00	0.00000e+00	0.00000e+00	4.04737e+00	0.00000e+00
2.63333e+02	2.61900e+02	2.38543e+03	1.08731e+03	1.93669e+00	0.00000e+00	0.00000e+00	4.07823e+00	0.00000e+00
2.67099e+02	2.61956e+02	2.38297e+03	1.08831e+03	1.94310e+00	0.00000e+00	0.00000e+00	4.10907e+00	0.00000e+00
2.70866e+02	2.62013e+02	2.38051e+03	1.08930e+03	1.94948e+00	0.00000e+00	0.00000e+00	4.13987e+00	0.00000e+00
2.74632e+02	2.62071e+02	2.37805e+03	1.09029e+03	1.95582e+00	0.00000e+00	0.00000e+00	4.17064e+00	0.00000e+00
2.78398e+02	2.62128e+02	2.37560e+03	1.09127e+03	1.96214e+00	0.00000e+00	0.00000e+00	4.20138e+00	0.00000e+00
2.82165e+02	2.62186e+02	2.37315e+03	1.09225e+03	1.96842e+00	0.00000e+00	0.00000e+00	4.23209e+00	0.00000e+00
2.85931e+02	2.62244e+02	2.37071e+03	1.09322e+03	1.97466e+00	0.00000e+00	0.00000e+00	4.26277e+00	0.00000e+00
2.89697e+02	2.62303e+02	2.36826e+03	1.09418e+03	1.98088e+00	0.00000e+00	0.00000e+00	4.29342e+00	0.00000e+00
2.93464e+02	2.62362e+02	2.36582e+03	1.09514e+03	1.98706e+00	0.00000e+00	0.00000e+00	4.32404e+00	0.00000e+00
2.97230e+02	2.62421e+02	2.36339e+03	1.09609e+03	1.99321e+00	0.00000e+00	0.00000e+00	4.35463e+00	0.00000e+00
3.00997e+02	2.62480e+02	2.36096e+03	1.09703e+03	1.99933e+00	0.00000e+00	0.00000e+00	4.38519e+00	0.00000e+00
3.04763e+02	2.62540e+02	2.35853e+03	1.09797e+03	2.00542e+00	0.00000e+00	0.00000e+00	4.41571e+00	0.00000e+00
3.08529e+02	2.62600e+02	2.35610e+03	1.09891e+03	2.01147e+00	0.00000e+00	0.00000e+00	4.44621e+00	0.00000e+00
3.12296e+02	2.62660e+02	2.35368e+03	1.09984e+03	2.01750e+00	0.00000e+00	0.00000e+00	4.47667e+00	0.00000e+00
3.16062e+02	2.62721e+02	2.35126e+03	1.10076e+03	2.02350e+00	0.00000e+00	0.00000e+00	4.50710e+00	0.00000e+00
3.19828e+02	2.62782e+02	2.34884e+03	1.10167e+03	2.02947e+00	0.00000e+00	0.00000e+00	4.53750e+00	0.00000e+00
3.23595e+02	2.62843e+02	2.34642e+03	1.10259e+03	2.03540e+00	0.00000e+00	0.00000e+00	4.56787e+00	0.00000e+00
3.27361e+02	2.62904e+02	2.34401e+03	1.10349e+03	2.04131e+00	0.00000e+00	0.00000e+00	4.59821e+00	0.00000e+00
3.31127e+02	2.62966e+02	2.34161e+03	1.10439e+03	2.04719e+00	0.00000e+00	0.00000e+00	4.62852e+00	0.00000e+00
3.34894e+02	2.63027e+02	2.33920e+03	1.10529e+03	2.05305e+00	0.00000e+00	0.00000e+00	4.65880e+00	0.00000e+00
3.38660e+02	2.63089e+02	2.33680e+03	1.10618e+03	2.05887e+00	0.00000e+00	0.00000e+00	4.68906e+00	0.00000e+00
3.42426e+02	2.63152e+02	2.33440e+03	1.10707e+03	2.06467e+00	0.00000e+00	0.00000e+00	4.71928e+00	0.00000e+00
3.46193e+02	2.63214e+02	2.33201e+03	1.10795e+03	2.07044e+00	0.00000e+00	0.00000e+00	4.74947e+00	0.00000e+00
3.49959e+02	2.63277e+02	2.32962e+03	1.10882e+03	2.07618e+00	0.00000e+00	0.00000e+00	4.77963e+00	0.00000e+00
3.53725e+02	2.63340e+02	2.32723e+03	1.10970e+03	2.08190e+00	0.00000e+00	0.00000e+00	4.80977e+00	0.00000e+00
3.57492e+02	2.63403e+02	2.32484e+03	1.11056e+03	2.08759e+00	0.00000e+00	0.00000e+00	4.83987e+00	0.00000e+00
3.61258e+02	2.63466e+02	2.32246e+03	1.11142e+03	2.09326e+00	0.00000e+00	0.00000e+00	4.86995e+00	0.00000e+00
3.65024e+02	2.63530e+02	2.32008e+03	1.11228e+03	2.09889e+00	0.00000e+00	0.00000e+00	4.90000e+00	0.00000e+00
3.68791e+02	2.63594e+02	2.31770e+03	1.11313e+03	2.10451e+00	0.00000e+00	0.00000e+00	4.93002e+00	0.00000e+00
3.72557e+02	2.63658e+02	2.31533e+03	1.11398e+03	2.11010e+00	0.00000e+00	0.00000e+00	4.96002e+00	0.00000e+00
3.76323e+02	2.63722e+02	2.31296e+03	1.11483e+03	2.11566e+00	0.00000e+00	0.00000e+00	4.98998e+00	0.00000e+00
3.80090e+02	2.63786e+02	2.31059e+03	1.11567e+03	2.12120e+00	0.00000e+00	0.00000e+00	5.01993e+00	0.00000e+00
3.83856e+02	2.63851e+02	2.30822e+03	1.11650e+03	2.12672e+00	0.00000e+00	0.00000e+00	5.04984e+00	0.00000e+00
3.87622e+02	2.63916e+02	2.30586e+03	1.11733e+03	2.13221e+00	0.00000e+00	0.00000e+00	5.07973e+00	0.00000e+00
3.91389e+02	2.63980e+02	2.30350e+03	1.11816e+03	2.13768e+00	0.00000e+00	0.00000e+00	5.10960e+00	0.00000e+00
3.95155e+02	2.64046e+02	2.30114e+03	1.11898e+03	2.14312e+00	0.00000e+00	0.00000e+00	5.13944e+00	0.00000e+00
3.98921e+02	2.64111e+02	2.29879e+03	1.11980e+03	2.14854e+00	0.00000e+00	0.00000e+00	5.16925e+00	0.00000e+00
4.02688e+02	2.64176e+02	2.29644e+03	1.12061e+03	2.15394e+00	0.00000e+00	0.00000e+00	5.19904e+00	0.00000e+00
4.06454e+02	2.64242e+02	2.29409e+03	1.12142e+03	2.15932e+00	0.00000e+00	0.00000e+00	5.22881e+00	0.00000e+00
4.10220e+02	2.64308e+02	2.29175e+03	1.12223e+03	2.16467e+00	0.00000e+00	0.00000e+00	5.25855e+00	0.00000e+00
4.13987e+02	2.64374e+02	2.28941e+03	1.12303e+03	2.17001e+00	0.00000e+00	0.00000e+00	5.28827e+00	0.00000e+00
4.17753e+02	2.64440e+02	2.28707e+03	1.12383e+03	2.17532e+00	0.00000e+00	0.00000e+00	5.31796e+00	0.00000e+00
4.21519e+02	2.64506e+02	2.28473e+03	1.12462e+03	2.18061e+00	0.00000e+00	0.00000e+00	5.34764e+00	0.00000e+00
4.25286e+02	2.64572e+02	2.28240e+03	1.12541e+03	2.18588e+00	0.00000e+00	0.00000e+00	5.37729e+00	0.00000e+00
4.29052e+02	2.64639e+02	2.28007e+03	1.12620e+03	2.19113e+00	0.00000e+00	0.00000e+00	5.40692e+00	0.00000e+00
4.32818e+02	2.64706e+02	2.27774e+03	1.12698e+03	2.19636e+00	0.00000e+00	0.00000e+00	5.43653e+00	0.00000e+00
4.36585e+02	2.64773e+02	2.27541e+03	1.12776e+03	2.20156e+00	0.00000e+00	0.00000e+00	5.46612e+00	0.00000e+00
4.40351e+02	2.64840e+02	2.27309e+03	1.12853e+03	2.20675e+00	0.00000e+00	0.00000e+00	5.49568e+00	0.00000e+00
4.44117e+02	2.64907e+02	2.27077e+03	1.12931e+03	2.21192e+00	0.00000e+00	0.00000e+00	5.52523e+00	0.00000e+00
4.47884e+02	2.64974e+02	2.26845e+03	1.13007e+03	2.21707e+00	0.00000e+00	0.00000e+00	5.55475e+00	0.00000e+00
4.51650e+02	2.65041e+02	2.26614e+03	1.13084e+03	2.22220e+00	0.00000e+00	0.00000e+00	5.58426e+00	0.00000e+00
4.55416e+02	2.65109e+02	2.26383e+03	1.13160e+03	2.22731e+00	0.00000e+00	0.00000e+00	5.61375e+00	0.00000e+00
4.59183e+02	2.65177e+02	2.26152e+03	1.13236e+03	2.23240e+00	0.00000e+00	0.00000e+00	5.64322e+00	0.00000e+00
4.62949e+02	2.65245e+02	2.25921e+03	1.13311e+03	2.23747e+00	0.00000e+00	0.00000e+00	5.67267e+00	0.00000e+00
4.66715e+02	2.65312e+02	2.25691e+03	1.13386e+03	2.24253e+00	0.00000e+00	0.00000e+00	5.70210e+00	0.00000e+00
4.70482e+02	2.65381e+02	2.25461e+03	1.13461e+03	2.24756e+00	0.00000e+00	0.00000e+00	5.73151e+00	0.00000e+00
4.74248e+02	2.65449e+02	2.25231e+03	1.13535e+03	2.25258e+00	0.00000e+00	0.00000e+00	5.76091e+00	0.00000e+00
4.78015e+02	2.65517e+02	2.25002e+03	1.13609e+03	2.25758e+00	0.00000e+00	0.00000e+00	5.79029e+00	0.00000e+00
4.81781e+02	2.65586e+02	2.24773e+03	1.13683e+03	2.26256e+00	0.00000e+00	0.00000e+00	5.81965e+00	0.00000e+00
4.85547e+02	2.65654e+02	2.24544e+03	1.13756e+03	2.26753e+00	0.00000e+00	0.00000e+00	5.84899e+00	0.00000e+00
4.89314e+02	2.65723e+02	2.24315e+03	1.13830e+03	2.27248e+00	0.00000e+00	0.00000e+00	5.87832e+00	0.00000e+00
4.93080e+02	2.65792e+02	2.24087e+03	1.13902e+03	2.27741e+00	0.00000e+00	0.00000e+00	5.90763e+00	0.00000e+00
4.96846e+02	2.65860e+02	2.23858e+03	1.13975e+03	2.28232e+00	0.00000e+00	0.00000e+00	5.93693e+00	0.00000e+00
5.00613e+02	2.65929e+02	2.23630e+03	1.14047e+03	2.28722e+00	0.00000e+00	0.00000e+00	5.96621e+00	0.00000e+00
5.04379e+02	2.65999e+02	2.23403e+03	1.14119e+03	2.29210e+00	0.00000e+00	0.00000e+00	5.99548e+00	0.00000e+00
5.08145e+02	2.66068e+02	2.23175e+03	1.14190e+03	2.29696e+00	0.00000e+00	0.00000e+00	6.02473e+00	0.00000e+00
5.11912e+02	2.66137e+02	2.22948e+03	1.14262e+03	2.30181e+00	0.00000e+00	0.00000e+00	6.05397e+00	0.00000e+00
5.15678e+02	2.66206e+02	2.22722e+03	1.14332e+03	2.30665e+00	0.00000e+00	0.00000e+00	6.08319e+00	0.00000e+00
5.19444e+02	2.66276e+02	2.22495e+03	1.14403e+03	2.31146e+00	0.00000e+00	0.00000e+00	6.11240e+00	0.00000e+00
5.23211e+02	2.66346e+02	2.22269e+03	1.14473e+03	2.31626e+00	0.00000e+00	0.00000e+00	6.14160e+00	0.00000e+00
5.26977e+02	2.66415e+02	2.22043e+03	1.14544e+03	2.32105e+00	0.00000e+00	0.00000e+00	6.17078e+00	0.00000e+00
5.30743e+02	2.66485e+02	2.21817e+03	1.14613e+03	2.32582e+00	0.00000e+00	0.00000e+00	6.19995e+00	0.00000e+00
5.34510e+02	2.66555e+02	2.21591e+03	1.14683e+03	2.33058e+00	0.00000e+00	0.00000e+00	6.22911e+00	0.00000e+00
5.38276e+02	2.66625e+02	2.21366e+03	1.14752e+03	2.33532e+00	0.00000e+00	0.00000e+00	6.25825e+00	0.00000e+00
5.42042e+02	2.66695e+02	2.21141e+03	1.14821e+03	2.34005e+00	0.00000e+00	0.00000e+00	6.28738e+00	0.00000e+00
5.45809e+02	2.66765e+02	2.20916e+03	1.14890e+03	2.34476e+00	0.00000e+00	0.00000e+00	6.31650e+00	0.00000e+00
5.49575e+02	2.66835e+02	2.20692e+03	1.14958e+03	2.34946e+00	0.00000e+00	0.00000e+00	6.34561e+00	0.00000e+00
5.53341e+02	2.66906e+02	2.20468e+03	1.15026e+03	2.35414e+00	0.00000e+00	0.00000e+00	6.37470e+00	0.00000e+00
5.57108e+02	2.66976e+02	2.20244e+03	1.15094e+03	2.35881e+00	0.00000e+00	0.00000e+00	6.40379e+00	0.00000e+00
5.60874e+02	2.67047e+02	2.20020e+03	1.15161e+03	2.36346e+00	0.00000e+00	0.00000e+00	6.43286e+00	0.00000e+00
5.64640e+02	2.67117e+02	2.19796e+03	1.15229e+03	2.36810e+00	0.00000e+00	0.00000e+00	6.46192e+00	0.00000e+00
5.68407e+02	2.67188e+02	2.19573e+03	1.15296e+03	2.37273e+00	0.00000e+00	0.00000e+00	6.49098e+00	0.00000e+00
5.72173e+02	2.67258e+02	2.19350e+03	1.15363e+03	2.37734e+00	0.00000e+00	0.00000e+00	6.52002e+00	0.00000e+00
5.75939e+02	2.67329e+02	2.19127e+03	1.15429e+03	2.38194e+00	0.00000e+00	0.00000e+00	6.54905e+00	0.00000e+00
5.79706e+02	2.67400e+02	2.18905e+03	1.15495e+03	2.38653e+00	0.00000e+00	0.00000e+00	6.57807e+00	0.00000e+00
5.83472e+02	2.67471e+02	2.18683e+03	1.15561e+03	2.39110e+00	0.00000e+00	0.00000e+00	6.60708e+00	0.00000e+00
5.87238e+02	2.67542e+02	2.18461e+03	1.15627e+03	2.39567e+00	0.00000e+00	0.00000e+00	6.63608e+00	0.00000e+00
5.91005e+02	2.67613e+02	2.18239e+03	1.15693e+03	2.40021e+00	0.00000e+00	0.00000e+00	6.66507e+00	0.00000e+00
5.94771e+02	2.67684e+02	2.18018e+03	1.15758e+03	2.40475e+00	0.00000e+00	0.00000e+00	6.69406e+00	0.00000e+00
5.98537e+02	2.67755e+02	2.17796e+03	1.15823e+03	2.40927e+00	0.00000e+00	0.00000e+00	6.72303e+00	0.00000e+00
6.02304e+02	2.67827e+02	2.17575e+03	1.15888e+03	2.41378e+00	0.00000e+00	0.00000e+00	6.75199e+00	0.00000e+00
6.06070e+02	2.67898e+02	2.17355e+03	1.15952e+03	2.41828e+00	0.00000e+00	0.00000e+00	6.78095e+00	0.00000e+00
6.09836e+02	2.67942e+02	2.17153e+03	1.26879e+03	4.26311e+00	2.21925e+00	1.23988e+02	1.47272e+01	6.24885e+00
6.13603e+02	2.68129e+02	2.16952e+03	1.26917e+03	4.26455e+00	2.21952e+00	1.23988e+02	1.47453e+01	6.25224e+00
6.17369e+02	2.68316e+02	2.16750e+03	1.26955e+03	4.26600e+00	2.21978e+00	1.23988e+02	1.47634e+01	6.25563e+00
6.21135e+02	2.68502e+02	2.16549e+03	1.26993e+03	4.26745e+00	2.22006e+00	1.23988e+02	1.47815e+01	6.25902e+00
6.24902e+02	2.68689e+02	2.16348e+03	1.27030e+03	4.26891e+00	2.22033e+00	1.23988e+02	1.47995e+01	6.26241e+00
6.28668e+02	2.68876e+02	2.16147e+03	1.27067e+03	4.27037e+00	2.22061e+00	1.23988e+02	1.48176e+01	6.26580e+00
6.32434e+02	2.69063e+02	2.15947e+03	1.27104e+03	4.27184e+00	2.22089e+00	1.23988e+02	1.48357e+01	6.26919e+00
6.36201e+02	2.69419e+02	2.15746e+03	1.27139e+03	4.27332e+00	2.22118e+00	1.23988e+02	1.48538e+01	6.27258e+00
6.39967e+02	2.69800e+02	2.15559e+03	1.36465e+03	4.40257e+00	2.25185e+00	1.34263e+02	1.72239e+01	6.91990e+00
6.43733e+02	2.70180e+02	2.15372e+03	1.36480e+03	4.40486e+00	2.25356e+00	1.33231e+02	1.72393e+01	6.93120e+00
6.47500e+02	2.70561e+02	2.15186e+03	1.36495e+03	4.40715e+00	2.25527e+00	1.32209e+02	1.72547e+01	6.94250e+00
6.51266e+02	2.70942e+02	2.14999e+03	1.36510e+03	4.40944e+00	2.25698e+00	1.31198e+02	1.72702e+01	6.95380e+00
6.55033e+02	2.71322e+02	2.14813e+03	1.36525e+03	4.41173e+00	2.25869e+00	1.30197e+02	1.72856e+01	6.96510e+00
6.58799e+02	2.71707e+02	2.14626e+03	1.36540e+03	4.41402e+00	2.26040e+00	1.29196e+02	1.73011e+01	6.97640e+00
6.62565e+02	2.72116e+02	2.14440e+03	1.36555e+03	4.41631e+00	2.26211e+00	1.28144e+02	1.73165e+01	6.98770e+00
6.66332e+02	2.72525e+02	2.14254e+03	1.36570e+03	4.41860e+00	2.26381e+00	1.27104e+02	1.73320e+01	6.99899e+00
6.70098e+02	2.72934e+02	2.14067e+03	1.36584e+03	4.42089e+00	2.26552e+00	1.26075e+02	1.73474e+01	7.01029e+00
6.73864e+02	2.73343e+02	2.13881e+03	1.36599e+03	4.42318e+00	2.26722e+00	1.25058e+02	1.73628e+01	7.02159e+00
6.77631e+02	2.73751e+02	2.13695e+03	1.36613e+03	4.42547e+00	2.26893e+00	1.24052e+02	1.73783e+01	7.03289e+00
6.81397e+02	2.74160e+02	2.13509e+03	1.36628e+03	4.42776e+00	2.27063e+00	1.23057e+02	1.73937e+01	7.04419e+00
6.85163e+02	2.74563e+02	2.13323e+03	1.36642e+03	4.43005e+00	2.27233e+00	1.22087e+02	1.74092e+01	7.05549e+00
6.88930e+02	2.74958e+02	2.13137e+03	1.36656e+03	4.43234e+00	2.27403e+00	1.21147e+02	1.74246e+01	7.06679e+00
6.92696e+02	2.75353e+02	2.12952e+03	1.36670e+03	4.43463e+00	2.27573e+00	1.20216e+02	1.74401e+01	7.07809e+00
6.96462e+02	2.75748e+02	2.12766e+03	1.36685e+03	4.43691e+00	2.27743e+00	1.19296e+02	1.74555e+01	7.08939e+00
7.00229e+02	2.76142e+02	2.12580e+03	1.36699e+03	4.43920e+00	2.27912e+00	1.18385e+02	1.74709e+01	7.10069e+00
7.03995e+02	2.76537e+02	2.12395e+03	1.36713e+03	4.44148e+00	2.28082e+00	1.17483e+02	1.74864e+01	7.11198e+00
7.07761e+02	2.76932e+02	2.12209e+03	1.36727e+03	4.44377e+00	2.28251e+00	1.16591e+02	1.75018e+01	7.12328e+00
7.11528e+02	2.77318e+02	2.12024e+03	1.36741e+03	4.44605e+00	2.28421e+00	1.15729e+02	1.75173e+01	7.13458e+00
7.15294e+02	2.77700e+02	2.11839e+03	1.36754e+03	4.44834e+00	2.28590e+00	1.14883e+02	1.75327e+01	7.14588e+00
7.19060e+02	2.78082e+02	2.11653e+03	1.36768e+03	4.45062e+00	2.28759e+00	1.14046e+02	1.75481e+01	7.15718e+00
7.22827e+02	2.78464e+02	2.11468e+03	1.36782e+03	4.45290e+00	2.28928e+00	1.13217e+02	1.75636e+01	7.16848e+00
7.26593e+02	2.78846e+02	2.11283e+03	1.36796e+03	4.45518e+00	2.29097e+00	1.12396e+02	1.75790e+01	7.17978e+00
7.30359e+02	2.79228e+02	2.11098e+03	2.74914e+03	7.28901e+00	4.00637e+00	4.32018e+13	8.72260e+01	4.41264e+01
9.18170e+02	2.81660e+02	2.06509e+03	2.74914e+03	7.31024e+00	4.01593e+00	5.39256e+13	8.80940e+01	4.44872e+01
1.10598e+03	2.84038e+02	2.01920e+03	2.75843e+03	7.30578e+00	4.00658e+00	6.69518e+13	8.84592e+01	4.44153e+01
1.29443e+03	2.86363e+02	1.97331e+03	2.76683e+03	7.31048e+00	4.00105e+00	8.28333e+13	8.90781e+01	4.44255e+01
1.48345e+03	2.88635e+02	1.92742e+03	2.77514e+03	7.30893e+00	3.99319e+00	1.02121e+14	8.95148e+01	4.43833e+01
1.67303e+03	2.90853e+02	1.88153e+03	2.78343e+03	7.32375e+00	3.99195e+00	1.25469e+14	9.04189e+01	4.44856e+01
1.86319e+03	2.93017e+02	1.83564e+03	2.79157e+03	7.31546e+00	3.98174e+00	1.53648e+14	9.06499e+01	4.43887e+01
2.05389e+03	2.95128e+02	1.78975e+03	2.79980e+03	7.31894e+00	3.97630e+00	1.87553e+14	9.12165e+01	4.43957e+01
2.24517e+03	2.97186e+02	1.74385e+03	2.80790e+03	7.32600e+00	3.97240e+00	2.28235e+14	9.18852e+01	4.44356e+01
2.43699e+03	2.99190e+02	1.69796e+03	2.81594e+03	7.32363e+00	3.96499e+00	2.76908e+14	9.22716e+01	4.43966e+01
2.62937e+03	3.01141e+02	1.65207e+03	2.82400e+03	7.33787e+00	3.96412e+00	3.34986e+14	9.31476e+01	4.45014e+01
2.82229e+03	3.03038e+02	1.60618e+03	2.83191e+03	7.34433e+00	3.96037e+00	4.04103e+14	9.37891e+01	4.45413e+01
3.01576e+03	3.04882e+02	1.56029e+03	2.83982e+03	7.35006e+00	3.95656e+00	4.86143e+14	9.44037e+01	4.45786e+01
3.20976e+03	3.06672e+02	1.51440e+03	2.84767e+03	7.29368e+00	3.93185e+00	5.83280e+14	9.30495e+01	4.41440e+01
3.40430e+03	3.08409e+02	1.46851e+03	2.85543e+03	7.25192e+00	3.94003e+00	6.98012e+14	9.14873e+01	4.45297e+01
3.59938e+03	3.10093e+02	1.42262e+03	2.86847e+03	7.30604e+00	3.97041e+00	8.33197e+14	9.31770e+01	4.53919e+01
3.79534e+03	3.11723e+02	1.37673e+03	2.87944e+03	7.20231e+00	3.92934e+00	9.92764e+14	9.02770e+01	4.45506e+01
3.99205e+03	3.13300e+02	1.33084e+03	2.88545e+03	7.22151e+00	3.93203e+00	1.18047e+15	9.12152e+01	4.47196e+01
4.18917e+03	3.14823e+02	1.28495e+03	2.89244e+03	7.25167e+00	3.93847e+00	1.40004e+15	9.25063e+01	4.49743e+01
4.38678e+03	3.16293e+02	1.23905e+03	2.89939e+03	7.29887e+00	3.95091e+00	1.65645e+15	9.43819e+01	4.53837e+01
4.58485e+03	3.17709e+02	1.19316e+03	2.90733e+03	7.32150e+00	3.95451e+00	1.95523e+15	9.54638e+01	4.55782e+01
4.78347e+03	3.19072e+02	1.14727e+03	2.91451e+03	7.33991e+00	3.95696e+00	2.30288e+15	9.64139e+01	4.57485e+01
4.98258e+03	3.20381e+02	1.10138e+03	2.92182e+03	7.35701e+00	3.95941e+00	2.70634e+15	9.73186e+01	4.59218e+01
5.18218e+03	3.21637e+02	1.05549e+03	2.92925e+03	7.37614e+00	3.96270e+00	3.17368e+15	9.82917e+01	4.61149e+01
5.38230e+03	3.22840e+02	1.00960e+03	2.93669e+03	7.39641e+00	3.96630e+00	3.71395e+15	9.93094e+01	4.63153e+01
5.58292e+03	3.23989e+02	9.63709e+02	2.94411e+03	7.42039e+00	3.97090e+00	4.33731e+15	1.00471e+02	4.65426e+01
5.78405e+03	3.25084e+02	9.17818e+02	2.95171e+03	7.44376e+00	3.97560e+00	5.05515e+15	1.01583e+02	4.67607e+01
5.98570e+03	3.26127e+02	8.71927e+02	2.95852e+03	7.46778e+00	3.98055e+00	5.88031e+15	1.02719e+02	4.69828e+01
6.18782e+03	3.27115e+02	8.26036e+02	2.96519e+03	7.49504e+00	3.98685e+00	6.82657e+15	1.03931e+02	4.72231e+01
6.39039e+03	3.28051e+02	7.80145e+02	2.97095e+03	7.52407e+00	3.99383e+00	7.90958e+15	1.05207e+02	4.74800e+01
6.59335e+03	3.28932e+02	7.34255e+02	2.97667e+03	7.55156e+00	4.00099e+00	9.14611e+15	1.06447e+02	4.77548e+01
6.79671e+03	3.29761e+02	6.88364e+02	2.98319e+03	7.57509e+00	4.00552e+00	1.05552e+16	1.07633e+02	4.79824e+01
7.00051e+03	3.30536e+02	6.42473e+02	2.99064e+03	7.62374e+00	4.02118e+00	1.21588e+16	1.09865e+02	4.85894e+01
7.20482e+03	3.31257e+02	5.96582e+02	3.00492e+03	7.65080e+00	4.02780e+00	1.39814e+16	1.11163e+02	4.88677e+01
7.41010e+03	3.31925e+02	5.50691e+02	3.01221e+03	7.66773e+00	4.03127e+00	1.60569e+16	1.11898e+02	4.89812e+01
7.61589e+03	3.32540e+02	5.04800e+02	3.01401e+03	7.71149e+00	4.04068e+00	1.84080e+16	1.14400e+02	4.95475e+01
7.82179e+03	3.33101e+02	4.58909e+02	3.03467e+03	7.75358e+00	4.07724e+00	2.10588e+16	1.15724e+02	5.06889e+01
8.02911e+03	3.33609e+02	4.13018e+02	3.04915e+03	7.76919e+00	4.07503e+00	2.40703e+16	1.16621e+02	5.06707e+01
8.23741e+03	3.34063e+02	3.67127e+02	3.05137e+03	7.89432e+00	4.17766e+00	2.74757e+16	1.21030e+02	5.40930e+01
8.44587e+03	3.34464e+02	3.21236e+02	3.09938e+03	7.93763e+00	4.20160e+00	3.12980e+16	1.22865e+02	5.49563e+01
8.65761e+03	3.34811e+02	2.75345e+02	3.11301e+03	7.97076e+00	4.21562e+00	3.56676e+16	1.24402e+02	5.54952e+01
8.87028e+03	3.35105e+02	2.29455e+02	3.12272e+03	8.01455e+00	4.24005e+00	4.05809e+16	1.26273e+02	5.63837e+01
9.08361e+03	3.35346e+02	1.83564e+02	3.13625e+03	8.05338e+00	4.25982e+00	4.60848e+16	1.27999e+02	5.71212e+01
9.29787e+03	3.35533e+02	1.37673e+02	3.14785e+03	8.08862e+00	4.27621e+00	5.22460e+16	1.29620e+02	5.77479e+01
9.51292e+03	3.35667e+02	9.17818e+01	3.15804e+03	8.12159e+00	4.29049e+00	5.91221e+16	1.31178e+02	5.83055e+01
9.72866e+03	3.35747e+02	4.58909e+01	3.16735e+03	8.15167e+00	4.30204e+00	6.67746e+16	1.32655e+02	5.87728e+01
9.94504e+03	NaN	0.00000e+00	3.17561e+03	NaN	NaN	NaN	NaN	NaN
