P (MPa)		T (K)		r (km)		rho (kg m-3)	VP (km s-1)	VS (km s-1)	QS/gamma	KS (GPa)	GS (GPa)	
0.00000e+00	9.40000e+01	2.57470e+03	9.32459e+02	3.87821e+00	1.96165e+00	1.30304e+05	9.24000e+00	3.58800e+00
6.69061e-01	1.02188e+02	2.57417e+03	9.32459e+02	3.87920e+00	1.96226e+00	4.84077e+04	9.24221e+00	3.58944e+00
1.33812e+00	1.11090e+02	2.57364e+03	9.32501e+02	3.88032e+00	1.96293e+00	1.94684e+04	9.24441e+00	3.59087e+00
2.00718e+00	1.20767e+02	2.57311e+03	9.32541e+02	3.88159e+00	1.96367e+00	8.42257e+03	9.24661e+00	3.59231e+00
2.67624e+00	1.31288e+02	2.57258e+03	9.32581e+02	3.88306e+00	1.96452e+00	3.89688e+03	9.24881e+00	3.59374e+00
3.34531e+00	1.42724e+02	2.57205e+03	9.32620e+02	3.88478e+00	1.96550e+00	1.91784e+03	9.25101e+00	3.59517e+00
4.01437e+00	1.55157e+02	2.57152e+03	9.32658e+02	3.88682e+00	1.96663e+00	9.99031e+02	9.25321e+00	3.59661e+00
4.68343e+00	1.68673e+02	2.57099e+03	9.32696e+02	3.88926e+00	1.96797e+00	5.48330e+02	9.25540e+00	3.59804e+00
5.35249e+00	1.83366e+02	2.57046e+03	9.32732e+02	3.89220e+00	1.96956e+00	3.15778e+02	9.25759e+00	3.59947e+00
6.02155e+00	1.99340e+02	2.56993e+03	9.32767e+02	3.89575e+00	1.97146e+00	1.90076e+02	9.25978e+00	3.60090e+00
6.69061e+00	2.16704e+02	2.56940e+03	9.32802e+02	3.90003e+00	1.97373e+00	1.19162e+02	9.26196e+00	3.60233e+00
7.35967e+00	2.35582e+02	2.56888e+03	9.32836e+02	3.90511e+00	1.97641e+00	7.75525e+01	9.26415e+00	3.60375e+00
8.02873e+00	2.56104e+02	2.56835e+03	9.32868e+02	3.91101e+00	1.97950e+00	5.22399e+01	9.26633e+00	3.60518e+00
8.69779e+00	2.56135e+02	2.56782e+03	9.32900e+02	3.91143e+00	1.97982e+00	5.22104e+01	9.26851e+00	3.60661e+00
9.36685e+00	2.56168e+02	2.56729e+03	9.32930e+02	3.91185e+00	1.98014e+00	5.21805e+01	9.27068e+00	3.60803e+00
1.00359e+01	2.56200e+02	2.56676e+03	9.32959e+02	3.91227e+00	1.98045e+00	5.21504e+01	9.27286e+00	3.60946e+00
1.07050e+01	2.56233e+02	2.56623e+03	9.32987e+02	3.91269e+00	1.98077e+00	5.21200e+01	9.27503e+00	3.61088e+00
1.13740e+01	2.56267e+02	2.56570e+03	9.33014e+02	3.91311e+00	1.98108e+00	5.20893e+01	9.27720e+00	3.61230e+00
1.20431e+01	2.56300e+02	2.56517e+03	9.33040e+02	3.91353e+00	1.98140e+00	5.20583e+01	9.27937e+00	3.61372e+00
1.27122e+01	2.56334e+02	2.56465e+03	9.33065e+02	3.91394e+00	1.98172e+00	5.20270e+01	9.28153e+00	3.61514e+00
1.33812e+01	2.56369e+02	2.56412e+03	9.33088e+02	3.91436e+00	1.98203e+00	5.19954e+01	9.28369e+00	3.61656e+00
1.40503e+01	2.56403e+02	2.56359e+03	9.33110e+02	3.91478e+00	1.98235e+00	5.19635e+01	9.28585e+00	3.61798e+00
1.47193e+01	2.56439e+02	2.56306e+03	9.33131e+02	3.91519e+00	1.98266e+00	5.19313e+01	9.28801e+00	3.61940e+00
1.53884e+01	2.56474e+02	2.56253e+03	9.33150e+02	3.91561e+00	1.98298e+00	5.18988e+01	9.29017e+00	3.62082e+00
1.60575e+01	2.56510e+02	2.56200e+03	9.33168e+02	3.91602e+00	1.98329e+00	5.18660e+01	9.29232e+00	3.62223e+00
1.67265e+01	2.56546e+02	2.56148e+03	9.33184e+02	3.91644e+00	1.98360e+00	5.18329e+01	9.29447e+00	3.62365e+00
1.73956e+01	2.56583e+02	2.56095e+03	9.33199e+02	3.91685e+00	1.98392e+00	5.17994e+01	9.29662e+00	3.62506e+00
1.80646e+01	2.56620e+02	2.56042e+03	9.33212e+02	3.91727e+00	1.98423e+00	5.17657e+01	9.29876e+00	3.62648e+00
1.87337e+01	2.56657e+02	2.55989e+03	9.33223e+02	3.91768e+00	1.98454e+00	5.17316e+01	9.30091e+00	3.62789e+00
1.94028e+01	2.56695e+02	2.55936e+03	9.33233e+02	3.91809e+00	1.98486e+00	5.16972e+01	9.30305e+00	3.62930e+00
2.00718e+01	2.56733e+02	2.55884e+03	9.33241e+02	3.91850e+00	1.98517e+00	5.16625e+01	9.30519e+00	3.63071e+00
2.07409e+01	2.56771e+02	2.55831e+03	9.33248e+02	3.91892e+00	1.98548e+00	5.16274e+01	9.30733e+00	3.63212e+00
2.14100e+01	2.56810e+02	2.55778e+03	9.33252e+02	3.91933e+00	1.98579e+00	5.15921e+01	9.30946e+00	3.63353e+00
2.20790e+01	2.56849e+02	2.55725e+03	9.33255e+02	3.91974e+00	1.98610e+00	5.15563e+01	9.31159e+00	3.63494e+00
2.27481e+01	2.56889e+02	2.55673e+03	9.33255e+02	3.92015e+00	1.98642e+00	5.15203e+01	9.31372e+00	3.63635e+00
2.34171e+01	2.56929e+02	2.55620e+03	9.33254e+02	3.92056e+00	1.98673e+00	5.14839e+01	9.31585e+00	3.63775e+00
2.40862e+01	2.56970e+02	2.55567e+03	9.33251e+02	3.92097e+00	1.98704e+00	5.14472e+01	9.31798e+00	3.63916e+00
2.47553e+01	2.57011e+02	2.55514e+03	9.33245e+02	3.92138e+00	1.98735e+00	5.14101e+01	9.32010e+00	3.64056e+00
2.54243e+01	2.57052e+02	2.55462e+03	9.33237e+02	3.92179e+00	1.98766e+00	5.13727e+01	9.32222e+00	3.64197e+00
2.60934e+01	2.57094e+02	2.55409e+03	9.33228e+02	3.92219e+00	1.98797e+00	5.13349e+01	9.32434e+00	3.64337e+00
2.67624e+01	2.57136e+02	2.55356e+03	9.33215e+02	3.92260e+00	1.98828e+00	5.12968e+01	9.32645e+00	3.64477e+00
2.74315e+01	2.57179e+02	2.55304e+03	9.33200e+02	3.92301e+00	1.98859e+00	5.12583e+01	9.32857e+00	3.64617e+00
2.81006e+01	2.57222e+02	2.55251e+03	9.33183e+02	3.92342e+00	1.98890e+00	5.12195e+01	9.33068e+00	3.64757e+00
2.87696e+01	2.57266e+02	2.55198e+03	9.33164e+02	3.92382e+00	1.98921e+00	5.11803e+01	9.33279e+00	3.64897e+00
2.94387e+01	2.57310e+02	2.55145e+03	9.33141e+02	3.92423e+00	1.98952e+00	5.11408e+01	9.33489e+00	3.65037e+00
3.01077e+01	2.57354e+02	2.55093e+03	9.33116e+02	3.92464e+00	1.98982e+00	5.11008e+01	9.33700e+00	3.65176e+00
3.07768e+01	2.57399e+02	2.55040e+03	9.33088e+02	3.92504e+00	1.99013e+00	5.10605e+01	9.33910e+00	3.65316e+00
3.14459e+01	2.57445e+02	2.54987e+03	9.33058e+02	3.92545e+00	1.99044e+00	5.10199e+01	9.34120e+00	3.65456e+00
3.21149e+01	2.57491e+02	2.54935e+03	9.33024e+02	3.92585e+00	1.99075e+00	5.09788e+01	9.34330e+00	3.65595e+00
3.27840e+01	2.57537e+02	2.54882e+03	9.32987e+02	3.92626e+00	1.99106e+00	5.09374e+01	9.34539e+00	3.65735e+00
3.34531e+01	2.57584e+02	2.54829e+03	9.32948e+02	3.92666e+00	1.99136e+00	5.08956e+01	9.34749e+00	3.65874e+00
3.41221e+01	2.57631e+02	2.54777e+03	9.32905e+02	3.92707e+00	1.99167e+00	5.08534e+01	9.34958e+00	3.66013e+00
3.47912e+01	2.57679e+02	2.54724e+03	9.32858e+02	3.92747e+00	1.99198e+00	5.08108e+01	9.35166e+00	3.66152e+00
3.54602e+01	2.57728e+02	2.54671e+03	9.32809e+02	3.92787e+00	1.99229e+00	5.07678e+01	9.35375e+00	3.66291e+00
3.61293e+01	2.57777e+02	2.54619e+03	9.32756e+02	3.92827e+00	1.99259e+00	5.07245e+01	9.35583e+00	3.66430e+00
3.67984e+01	2.57826e+02	2.54566e+03	9.32699e+02	3.92868e+00	1.99290e+00	5.06807e+01	9.35791e+00	3.66569e+00
3.74674e+01	2.57876e+02	2.54513e+03	9.32639e+02	3.92908e+00	1.99321e+00	5.06366e+01	9.35999e+00	3.66708e+00
3.81365e+01	2.57926e+02	2.54461e+03	9.32575e+02	3.92948e+00	1.99351e+00	5.05920e+01	9.36207e+00	3.66846e+00
3.88055e+01	2.57977e+02	2.54408e+03	9.32507e+02	3.92988e+00	1.99382e+00	5.05470e+01	9.36414e+00	3.66985e+00
3.94746e+01	2.58029e+02	2.54355e+03	9.32435e+02	3.93028e+00	1.99412e+00	5.05016e+01	9.36621e+00	3.67123e+00
4.01437e+01	2.58081e+02	2.54303e+03	9.32359e+02	3.93068e+00	1.99443e+00	5.04559e+01	9.36828e+00	3.67262e+00
4.08127e+01	2.58133e+02	2.54250e+03	9.32278e+02	3.93108e+00	1.99473e+00	5.04096e+01	9.37035e+00	3.67400e+00
4.14818e+01	2.58186e+02	2.54197e+03	9.32194e+02	3.93148e+00	1.99504e+00	5.03630e+01	9.37242e+00	3.67538e+00
4.21508e+01	2.58240e+02	2.54145e+03	9.32105e+02	3.93188e+00	1.99534e+00	5.03160e+01	9.37448e+00	3.67676e+00
4.28199e+01	2.58294e+02	2.54092e+03	9.32012e+02	3.93228e+00	1.99565e+00	5.02685e+01	9.37654e+00	3.67814e+00
4.34890e+01	2.58349e+02	2.54039e+03	9.31914e+02	3.93268e+00	1.99595e+00	5.02206e+01	9.37860e+00	3.67952e+00
4.41580e+01	2.58404e+02	2.53987e+03	9.31811e+02	3.93308e+00	1.99626e+00	5.01722e+01	9.38065e+00	3.68090e+00
4.48271e+01	2.58460e+02	2.53934e+03	9.31703e+02	3.93348e+00	1.99656e+00	5.01235e+01	9.38270e+00	3.68228e+00
4.54962e+01	2.58517e+02	2.53882e+03	9.31591e+02	3.93388e+00	1.99686e+00	5.00743e+01	9.38476e+00	3.68366e+00
4.61652e+01	2.58574e+02	2.53829e+03	9.31474e+02	3.93428e+00	1.99717e+00	5.00246e+01	9.38680e+00	3.68503e+00
4.68343e+01	2.58632e+02	2.53776e+03	9.31351e+02	3.93467e+00	1.99747e+00	4.99745e+01	9.38885e+00	3.68641e+00
4.75033e+01	2.58690e+02	2.53724e+03	9.31223e+02	3.93507e+00	1.99777e+00	4.99240e+01	9.39089e+00	3.68778e+00
4.81724e+01	2.58749e+02	2.53671e+03	9.31090e+02	3.93547e+00	1.99808e+00	4.98730e+01	9.39294e+00	3.68915e+00
4.88415e+01	2.58808e+02	2.53618e+03	9.30951e+02	3.93586e+00	1.99838e+00	4.98215e+01	9.39497e+00	3.69053e+00
4.95105e+01	2.58868e+02	2.53566e+03	9.30807e+02	3.93626e+00	1.99868e+00	4.97696e+01	9.39701e+00	3.69190e+00
5.01796e+01	2.58929e+02	2.53513e+03	9.30658e+02	3.93666e+00	1.99899e+00	4.97172e+01	9.39905e+00	3.69327e+00
5.08486e+01	2.58991e+02	2.53460e+03	9.30502e+02	3.93705e+00	1.99929e+00	4.96644e+01	9.40108e+00	3.69464e+00
5.15177e+01	2.59053e+02	2.53408e+03	9.30341e+02	3.93745e+00	1.99959e+00	4.96111e+01	9.40311e+00	3.69601e+00
5.21868e+01	2.59115e+02	2.53355e+03	9.30174e+02	3.93784e+00	1.99989e+00	4.95573e+01	9.40514e+00	3.69737e+00
5.28558e+01	2.59179e+02	2.53302e+03	9.30001e+02	3.93824e+00	2.00020e+00	4.95031e+01	9.40716e+00	3.69874e+00
5.35249e+01	2.59243e+02	2.53250e+03	9.29822e+02	3.93863e+00	2.00050e+00	4.94483e+01	9.40918e+00	3.70011e+00
5.41939e+01	2.59307e+02	2.53197e+03	9.29637e+02	3.93903e+00	2.00080e+00	4.93931e+01	9.41120e+00	3.70147e+00
5.48630e+01	2.59372e+02	2.53144e+03	9.29446e+02	3.93942e+00	2.00110e+00	4.93374e+01	9.41322e+00	3.70284e+00
5.55321e+01	2.59438e+02	2.53092e+03	9.29249e+02	3.93982e+00	2.00140e+00	4.92812e+01	9.41524e+00	3.70420e+00
5.62011e+01	2.59505e+02	2.53039e+03	9.29045e+02	3.94021e+00	2.00170e+00	4.92246e+01	9.41725e+00	3.70556e+00
5.68702e+01	2.59573e+02	2.52986e+03	9.28836e+02	3.94060e+00	2.00200e+00	4.91674e+01	9.41926e+00	3.70692e+00
5.75393e+01	2.59641e+02	2.52934e+03	9.28620e+02	3.94100e+00	2.00230e+00	4.91097e+01	9.42127e+00	3.70828e+00
5.82083e+01	2.59709e+02	2.52881e+03	9.28398e+02	3.94139e+00	2.00260e+00	4.90516e+01	9.42328e+00	3.70964e+00
5.88774e+01	2.59779e+02	2.52828e+03	9.28170e+02	3.94178e+00	2.00291e+00	4.89929e+01	9.42528e+00	3.71100e+00
5.95464e+01	2.59849e+02	2.52776e+03	9.27936e+02	3.94218e+00	2.00321e+00	4.89337e+01	9.42728e+00	3.71236e+00
6.02155e+01	2.59920e+02	2.52723e+03	9.27695e+02	3.94257e+00	2.00351e+00	4.88740e+01	9.42928e+00	3.71372e+00
6.08846e+01	2.59992e+02	2.52670e+03	9.27449e+02	3.94296e+00	2.00381e+00	4.88138e+01	9.43128e+00	3.71507e+00
6.15536e+01	2.60064e+02	2.52617e+03	9.27197e+02	3.94335e+00	2.00411e+00	4.87531e+01	9.43328e+00	3.71643e+00
6.22227e+01	2.60138e+02	2.52565e+03	9.26939e+02	3.94375e+00	2.00441e+00	4.86918e+01	9.43527e+00	3.71778e+00
6.28917e+01	2.60212e+02	2.52512e+03	9.26675e+02	3.94414e+00	2.00471e+00	4.86301e+01	9.43726e+00	3.71914e+00
6.35608e+01	2.60286e+02	2.52459e+03	9.26405e+02	3.94453e+00	2.00501e+00	4.85678e+01	9.43925e+00	3.72049e+00
6.42299e+01	2.60362e+02	2.52406e+03	9.26130e+02	3.94492e+00	2.00531e+00	4.85049e+01	9.44123e+00	3.72184e+00
6.48989e+01	2.60438e+02	2.52354e+03	9.25850e+02	3.94531e+00	2.00560e+00	4.84416e+01	9.44322e+00	3.72319e+00
6.55680e+01	2.63964e+02	2.52301e+03	9.25210e+02	3.94667e+00	2.00639e+00	4.56400e+01	9.44520e+00	3.72454e+00
6.62370e+01	2.64000e+02	2.52248e+03	9.25274e+02	3.94705e+00	2.00669e+00	4.56125e+01	9.44718e+00	3.72589e+00
7.00899e+01	2.64027e+02	2.51973e+03	1.02350e+03	1.57502e+00	0.00000e+00	0.00000e+00	2.53899e+00	0.00000e+00
7.39427e+01	2.64055e+02	2.51699e+03	1.02505e+03	1.58317e+00	0.00000e+00	0.00000e+00	2.56919e+00	0.00000e+00
7.77955e+01	2.64086e+02	2.51425e+03	1.02658e+03	1.59129e+00	0.00000e+00	0.00000e+00	2.59950e+00	0.00000e+00
8.16483e+01	2.64117e+02	2.51151e+03	1.02809e+03	1.59940e+00	0.00000e+00	0.00000e+00	2.62992e+00	0.00000e+00
8.55011e+01	2.64150e+02	2.50879e+03	1.02959e+03	1.60748e+00	0.00000e+00	0.00000e+00	2.66044e+00	0.00000e+00
8.93539e+01	2.64185e+02	2.50606e+03	1.03107e+03	1.61554e+00	0.00000e+00	0.00000e+00	2.69107e+00	0.00000e+00
9.32067e+01	2.64221e+02	2.50335e+03	1.03254e+03	1.62358e+00	0.00000e+00	0.00000e+00	2.72179e+00	0.00000e+00
9.70595e+01	2.64258e+02	2.50063e+03	1.03399e+03	1.63160e+00	0.00000e+00	0.00000e+00	2.75260e+00	0.00000e+00
1.00912e+02	2.64297e+02	2.49793e+03	1.03543e+03	1.63959e+00	0.00000e+00	0.00000e+00	2.78350e+00	0.00000e+00
1.04765e+02	2.64337e+02	2.49522e+03	1.03686e+03	1.64755e+00	0.00000e+00	0.00000e+00	2.81447e+00	0.00000e+00
1.08618e+02	2.64378e+02	2.49253e+03	1.03827e+03	1.65549e+00	0.00000e+00	0.00000e+00	2.84553e+00	0.00000e+00
1.12471e+02	2.64420e+02	2.48983e+03	1.03967e+03	1.66339e+00	0.00000e+00	0.00000e+00	2.87665e+00	0.00000e+00
1.16324e+02	2.64463e+02	2.48714e+03	1.04106e+03	1.67127e+00	0.00000e+00	0.00000e+00	2.90784e+00	0.00000e+00
1.20176e+02	2.64507e+02	2.48446e+03	1.04243e+03	1.67912e+00	0.00000e+00	0.00000e+00	2.93909e+00	0.00000e+00
1.24029e+02	2.64553e+02	2.48178e+03	1.04379e+03	1.68694e+00	0.00000e+00	0.00000e+00	2.97040e+00	0.00000e+00
1.27882e+02	2.64599e+02	2.47911e+03	1.04514e+03	1.69473e+00	0.00000e+00	0.00000e+00	3.00176e+00	0.00000e+00
1.31735e+02	2.64647e+02	2.47644e+03	1.04647e+03	1.70249e+00	0.00000e+00	0.00000e+00	3.03317e+00	0.00000e+00
1.35588e+02	2.64695e+02	2.47377e+03	1.04780e+03	1.71021e+00	0.00000e+00	0.00000e+00	3.06462e+00	0.00000e+00
1.39440e+02	2.64744e+02	2.47111e+03	1.04911e+03	1.71790e+00	0.00000e+00	0.00000e+00	3.09611e+00	0.00000e+00
1.43293e+02	2.64795e+02	2.46846e+03	1.05041e+03	1.72556e+00	0.00000e+00	0.00000e+00	3.12764e+00	0.00000e+00
1.47146e+02	2.64846e+02	2.46581e+03	1.05170e+03	1.73318e+00	0.00000e+00	0.00000e+00	3.15920e+00	0.00000e+00
1.50999e+02	2.64897e+02	2.46316e+03	1.05297e+03	1.74077e+00	0.00000e+00	0.00000e+00	3.19079e+00	0.00000e+00
1.54852e+02	2.64950e+02	2.46052e+03	1.05424e+03	1.74832e+00	0.00000e+00	0.00000e+00	3.22240e+00	0.00000e+00
1.58704e+02	2.65004e+02	2.45788e+03	1.05549e+03	1.75583e+00	0.00000e+00	0.00000e+00	3.25403e+00	0.00000e+00
1.62557e+02	2.65058e+02	2.45525e+03	1.05674e+03	1.76331e+00	0.00000e+00	0.00000e+00	3.28568e+00	0.00000e+00
1.66410e+02	2.65113e+02	2.45262e+03	1.05797e+03	1.77075e+00	0.00000e+00	0.00000e+00	3.31735e+00	0.00000e+00
1.70263e+02	2.65168e+02	2.44999e+03	1.05920e+03	1.77816e+00	0.00000e+00	0.00000e+00	3.34902e+00	0.00000e+00
1.74116e+02	2.65225e+02	2.44737e+03	1.06041e+03	1.78553e+00	0.00000e+00	0.00000e+00	3.38071e+00	0.00000e+00
1.77968e+02	2.65282e+02	2.44475e+03	1.06161e+03	1.79286e+00	0.00000e+00	0.00000e+00	3.41240e+00	0.00000e+00
1.81821e+02	2.65339e+02	2.44214e+03	1.06281e+03	1.80016e+00	0.00000e+00	0.00000e+00	3.44409e+00	0.00000e+00
1.85674e+02	2.65398e+02	2.43953e+03	1.06399e+03	1.80741e+00	0.00000e+00	0.00000e+00	3.47579e+00	0.00000e+00
1.89527e+02	2.65456e+02	2.43693e+03	1.06516e+03	1.81463e+00	0.00000e+00	0.00000e+00	3.50748e+00	0.00000e+00
1.93380e+02	2.65516e+02	2.43433e+03	1.06633e+03	1.82182e+00	0.00000e+00	0.00000e+00	3.53917e+00	0.00000e+00
1.97232e+02	2.65576e+02	2.43173e+03	1.06749e+03	1.82896e+00	0.00000e+00	0.00000e+00	3.57085e+00	0.00000e+00
2.01085e+02	2.65636e+02	2.42914e+03	1.06863e+03	1.83607e+00	0.00000e+00	0.00000e+00	3.60253e+00	0.00000e+00
2.04938e+02	2.65697e+02	2.42655e+03	1.06977e+03	1.84314e+00	0.00000e+00	0.00000e+00	3.63419e+00	0.00000e+00
2.08791e+02	2.65759e+02	2.42397e+03	1.07090e+03	1.85017e+00	0.00000e+00	0.00000e+00	3.66585e+00	0.00000e+00
2.12644e+02	2.65821e+02	2.42138e+03	1.07202e+03	1.85717e+00	0.00000e+00	0.00000e+00	3.69749e+00	0.00000e+00
2.16497e+02	2.65884e+02	2.41881e+03	1.07314e+03	1.86413e+00	0.00000e+00	0.00000e+00	3.72912e+00	0.00000e+00
2.20349e+02	2.65947e+02	2.41623e+03	1.07424e+03	1.87105e+00	0.00000e+00	0.00000e+00	3.76073e+00	0.00000e+00
2.24202e+02	2.66010e+02	2.41367e+03	1.07534e+03	1.87793e+00	0.00000e+00	0.00000e+00	3.79232e+00	0.00000e+00
2.28055e+02	2.66074e+02	2.41110e+03	1.07643e+03	1.88478e+00	0.00000e+00	0.00000e+00	3.82390e+00	0.00000e+00
2.31908e+02	2.66139e+02	2.40854e+03	1.07751e+03	1.89159e+00	0.00000e+00	0.00000e+00	3.85545e+00	0.00000e+00
2.35761e+02	2.66204e+02	2.40598e+03	1.07858e+03	1.89837e+00	0.00000e+00	0.00000e+00	3.88699e+00	0.00000e+00
2.39613e+02	2.66269e+02	2.40343e+03	1.07964e+03	1.90511e+00	0.00000e+00	0.00000e+00	3.91850e+00	0.00000e+00
2.43466e+02	2.66335e+02	2.40088e+03	1.08070e+03	1.91181e+00	0.00000e+00	0.00000e+00	3.94999e+00	0.00000e+00
2.47319e+02	2.66401e+02	2.39833e+03	1.08175e+03	1.91848e+00	0.00000e+00	0.00000e+00	3.98145e+00	0.00000e+00
2.51172e+02	2.66467e+02	2.39579e+03	1.08280e+03	1.92511e+00	0.00000e+00	0.00000e+00	4.01289e+00	0.00000e+00
2.55025e+02	2.66534e+02	2.39325e+03	1.08383e+03	1.93171e+00	0.00000e+00	0.00000e+00	4.04431e+00	0.00000e+00
2.58877e+02	2.66601e+02	2.39071e+03	1.08486e+03	1.93827e+00	0.00000e+00	0.00000e+00	4.07570e+00	0.00000e+00
2.62730e+02	2.66668e+02	2.38818e+03	1.08588e+03	1.94480e+00	0.00000e+00	0.00000e+00	4.10707e+00	0.00000e+00
2.66583e+02	2.66736e+02	2.38565e+03	1.08690e+03	1.95129e+00	0.00000e+00	0.00000e+00	4.13840e+00	0.00000e+00
2.70436e+02	2.66804e+02	2.38313e+03	1.08791e+03	1.95775e+00	0.00000e+00	0.00000e+00	4.16971e+00	0.00000e+00
2.74289e+02	2.66873e+02	2.38060e+03	1.08891e+03	1.96418e+00	0.00000e+00	0.00000e+00	4.20099e+00	0.00000e+00
2.78141e+02	2.66942e+02	2.37809e+03	1.08990e+03	1.97057e+00	0.00000e+00	0.00000e+00	4.23225e+00	0.00000e+00
2.81994e+02	2.67011e+02	2.37557e+03	1.09089e+03	1.97693e+00	0.00000e+00	0.00000e+00	4.26347e+00	0.00000e+00
2.85847e+02	2.67080e+02	2.37306e+03	1.09188e+03	1.98325e+00	0.00000e+00	0.00000e+00	4.29467e+00	0.00000e+00
2.89700e+02	2.67150e+02	2.37055e+03	1.09285e+03	1.98955e+00	0.00000e+00	0.00000e+00	4.32584e+00	0.00000e+00
2.93553e+02	2.67220e+02	2.36805e+03	1.09382e+03	1.99581e+00	0.00000e+00	0.00000e+00	4.35698e+00	0.00000e+00
2.97405e+02	2.67290e+02	2.36555e+03	1.09479e+03	2.00204e+00	0.00000e+00	0.00000e+00	4.38808e+00	0.00000e+00
3.01258e+02	2.67360e+02	2.36305e+03	1.09575e+03	2.00824e+00	0.00000e+00	0.00000e+00	4.41916e+00	0.00000e+00
3.05111e+02	2.67431e+02	2.36056e+03	1.09670e+03	2.01441e+00	0.00000e+00	0.00000e+00	4.45021e+00	0.00000e+00
3.08964e+02	2.67502e+02	2.35806e+03	1.09764e+03	2.02054e+00	0.00000e+00	0.00000e+00	4.48123e+00	0.00000e+00
3.12817e+02	2.67573e+02	2.35558e+03	1.09858e+03	2.02665e+00	0.00000e+00	0.00000e+00	4.51222e+00	0.00000e+00
3.16669e+02	2.67645e+02	2.35309e+03	1.09952e+03	2.03272e+00	0.00000e+00	0.00000e+00	4.54318e+00	0.00000e+00
3.20522e+02	2.67717e+02	2.35061e+03	1.10045e+03	2.03877e+00	0.00000e+00	0.00000e+00	4.57411e+00	0.00000e+00
3.24375e+02	2.67789e+02	2.34813e+03	1.10137e+03	2.04479e+00	0.00000e+00	0.00000e+00	4.60501e+00	0.00000e+00
3.28228e+02	2.67861e+02	2.34566e+03	1.10229e+03	2.05077e+00	0.00000e+00	0.00000e+00	4.63589e+00	0.00000e+00
3.32081e+02	2.67933e+02	2.34319e+03	1.10321e+03	2.05673e+00	0.00000e+00	0.00000e+00	4.66673e+00	0.00000e+00
3.35934e+02	2.68006e+02	2.34072e+03	1.10411e+03	2.06266e+00	0.00000e+00	0.00000e+00	4.69754e+00	0.00000e+00
3.39786e+02	2.68078e+02	2.33826e+03	1.10502e+03	2.06856e+00	0.00000e+00	0.00000e+00	4.72832e+00	0.00000e+00
3.43639e+02	2.68151e+02	2.33580e+03	1.10592e+03	2.07444e+00	0.00000e+00	0.00000e+00	4.75908e+00	0.00000e+00
3.47492e+02	2.68225e+02	2.33334e+03	1.10681e+03	2.08028e+00	0.00000e+00	0.00000e+00	4.78980e+00	0.00000e+00
3.51345e+02	2.68298e+02	2.33088e+03	1.10770e+03	2.08610e+00	0.00000e+00	0.00000e+00	4.82050e+00	0.00000e+00
3.55198e+02	2.68371e+02	2.32843e+03	1.10858e+03	2.09189e+00	0.00000e+00	0.00000e+00	4.85117e+00	0.00000e+00
3.59050e+02	2.68445e+02	2.32598e+03	1.10946e+03	2.09766e+00	0.00000e+00	0.00000e+00	4.88180e+00	0.00000e+00
3.62903e+02	2.68519e+02	2.32354e+03	1.11033e+03	2.10340e+00	0.00000e+00	0.00000e+00	4.91242e+00	0.00000e+00
3.66756e+02	2.68593e+02	2.32110e+03	1.11120e+03	2.10911e+00	0.00000e+00	0.00000e+00	4.94300e+00	0.00000e+00
3.70609e+02	2.68667e+02	2.31866e+03	1.11206e+03	2.11480e+00	0.00000e+00	0.00000e+00	4.97355e+00	0.00000e+00
3.74462e+02	2.68742e+02	2.31622e+03	1.11292e+03	2.12046e+00	0.00000e+00	0.00000e+00	5.00408e+00	0.00000e+00
3.78314e+02	2.68816e+02	2.31379e+03	1.11378e+03	2.12610e+00	0.00000e+00	0.00000e+00	5.03458e+00	0.00000e+00
3.82167e+02	2.68891e+02	2.31136e+03	1.11463e+03	2.13171e+00	0.00000e+00	0.00000e+00	5.06506e+00	0.00000e+00
3.86020e+02	2.68966e+02	2.30893e+03	1.11547e+03	2.13729e+00	0.00000e+00	0.00000e+00	5.09551e+00	0.00000e+00
3.89873e+02	2.69041e+02	2.30651e+03	1.11631e+03	2.14286e+00	0.00000e+00	0.00000e+00	5.12593e+00	0.00000e+00
3.93726e+02	2.69116e+02	2.30409e+03	1.11715e+03	2.14840e+00	0.00000e+00	0.00000e+00	5.15632e+00	0.00000e+00
3.97578e+02	2.69191e+02	2.30167e+03	1.11798e+03	2.15391e+00	0.00000e+00	0.00000e+00	5.18669e+00	0.00000e+00
4.01431e+02	2.69267e+02	2.29925e+03	1.11881e+03	2.15940e+00	0.00000e+00	0.00000e+00	5.21704e+00	0.00000e+00
4.05284e+02	2.69342e+02	2.29684e+03	1.11964e+03	2.16487e+00	0.00000e+00	0.00000e+00	5.24736e+00	0.00000e+00
4.09137e+02	2.69418e+02	2.29443e+03	1.12046e+03	2.17032e+00	0.00000e+00	0.00000e+00	5.27765e+00	0.00000e+00
4.12990e+02	2.69494e+02	2.29203e+03	1.12127e+03	2.17574e+00	0.00000e+00	0.00000e+00	5.30792e+00	0.00000e+00
4.16842e+02	2.69569e+02	2.28963e+03	1.12208e+03	2.18114e+00	0.00000e+00	0.00000e+00	5.33816e+00	0.00000e+00
4.20695e+02	2.69645e+02	2.28723e+03	1.12289e+03	2.18652e+00	0.00000e+00	0.00000e+00	5.36839e+00	0.00000e+00
4.24548e+02	2.69722e+02	2.28483e+03	1.12369e+03	2.19187e+00	0.00000e+00	0.00000e+00	5.39858e+00	0.00000e+00
4.28401e+02	2.69798e+02	2.28244e+03	1.12449e+03	2.19721e+00	0.00000e+00	0.00000e+00	5.42876e+00	0.00000e+00
4.32254e+02	2.69874e+02	2.28004e+03	1.12529e+03	2.20252e+00	0.00000e+00	0.00000e+00	5.45891e+00	0.00000e+00
4.36106e+02	2.69951e+02	2.27766e+03	1.12608e+03	2.20782e+00	0.00000e+00	0.00000e+00	5.48904e+00	0.00000e+00
4.39959e+02	2.70027e+02	2.27527e+03	1.12687e+03	2.21309e+00	0.00000e+00	0.00000e+00	5.51915e+00	0.00000e+00
4.43812e+02	2.70104e+02	2.27289e+03	1.12766e+03	2.21834e+00	0.00000e+00	0.00000e+00	5.54923e+00	0.00000e+00
4.47665e+02	2.70181e+02	2.27051e+03	1.12844e+03	2.22357e+00	0.00000e+00	0.00000e+00	5.57929e+00	0.00000e+00
4.51518e+02	2.70258e+02	2.26813e+03	1.12922e+03	2.22878e+00	0.00000e+00	0.00000e+00	5.60934e+00	0.00000e+00
4.55371e+02	2.70334e+02	2.26576e+03	1.12999e+03	2.23397e+00	0.00000e+00	0.00000e+00	5.63936e+00	0.00000e+00
4.59223e+02	2.70412e+02	2.26339e+03	1.13076e+03	2.23914e+00	0.00000e+00	0.00000e+00	5.66936e+00	0.00000e+00
4.63076e+02	2.70489e+02	2.26102e+03	1.13153e+03	2.24429e+00	0.00000e+00	0.00000e+00	5.69934e+00	0.00000e+00
4.66929e+02	2.70566e+02	2.25866e+03	1.13229e+03	2.24943e+00	0.00000e+00	0.00000e+00	5.72930e+00	0.00000e+00
4.70782e+02	2.70643e+02	2.25630e+03	1.13305e+03	2.25454e+00	0.00000e+00	0.00000e+00	5.75924e+00	0.00000e+00
4.74635e+02	2.70721e+02	2.25394e+03	1.13381e+03	2.25964e+00	0.00000e+00	0.00000e+00	5.78916e+00	0.00000e+00
4.78487e+02	2.70798e+02	2.25158e+03	1.13456e+03	2.26471e+00	0.00000e+00	0.00000e+00	5.81906e+00	0.00000e+00
4.82340e+02	2.70876e+02	2.24923e+03	1.13531e+03	2.26977e+00	0.00000e+00	0.00000e+00	5.84894e+00	0.00000e+00
4.86193e+02	2.70953e+02	2.24688e+03	1.13605e+03	2.27481e+00	0.00000e+00	0.00000e+00	5.87880e+00	0.00000e+00
4.90046e+02	2.71031e+02	2.24453e+03	1.13680e+03	2.27983e+00	0.00000e+00	0.00000e+00	5.90865e+00	0.00000e+00
4.93899e+02	2.71109e+02	2.24218e+03	1.13754e+03	2.28483e+00	0.00000e+00	0.00000e+00	5.93847e+00	0.00000e+00
4.97751e+02	2.71186e+02	2.23984e+03	1.13827e+03	2.28982e+00	0.00000e+00	0.00000e+00	5.96828e+00	0.00000e+00
5.01604e+02	2.71264e+02	2.23750e+03	1.13901e+03	2.29479e+00	0.00000e+00	0.00000e+00	5.99807e+00	0.00000e+00
5.05457e+02	2.71342e+02	2.23516e+03	1.13974e+03	2.29974e+00	0.00000e+00	0.00000e+00	6.02785e+00	0.00000e+00
5.09310e+02	2.71420e+02	2.23283e+03	1.14046e+03	2.30468e+00	0.00000e+00	0.00000e+00	6.05761e+00	0.00000e+00
5.13163e+02	2.71498e+02	2.23050e+03	1.14119e+03	2.30959e+00	0.00000e+00	0.00000e+00	6.08735e+00	0.00000e+00
5.17015e+02	2.71576e+02	2.22817e+03	1.14191e+03	2.31450e+00	0.00000e+00	0.00000e+00	6.11707e+00	0.00000e+00
5.20868e+02	2.71654e+02	2.22584e+03	1.14263e+03	2.31938e+00	0.00000e+00	0.00000e+00	6.14678e+00	0.00000e+00
5.24721e+02	2.71733e+02	2.22352e+03	1.14334e+03	2.32425e+00	0.00000e+00	0.00000e+00	6.17647e+00	0.00000e+00
5.28574e+02	2.71811e+02	2.22120e+03	1.14405e+03	2.32910e+00	0.00000e+00	0.00000e+00	6.20615e+00	0.00000e+00
5.32427e+02	2.71889e+02	2.21888e+03	1.14476e+03	2.33394e+00	0.00000e+00	0.00000e+00	6.23581e+00	0.00000e+00
5.36279e+02	2.71968e+02	2.21657e+03	1.14547e+03	2.33876e+00	0.00000e+00	0.00000e+00	6.26546e+00	0.00000e+00
5.40132e+02	2.72046e+02	2.21426e+03	1.14617e+03	2.34356e+00	0.00000e+00	0.00000e+00	6.29509e+00	0.00000e+00
5.43985e+02	2.72125e+02	2.21195e+03	1.14687e+03	2.34835e+00	0.00000e+00	0.00000e+00	6.32470e+00	0.00000e+00
5.47838e+02	2.72203e+02	2.20964e+03	1.14757e+03	2.35313e+00	0.00000e+00	0.00000e+00	6.35431e+00	0.00000e+00
5.51691e+02	2.72282e+02	2.20734e+03	1.14826e+03	2.35788e+00	0.00000e+00	0.00000e+00	6.38390e+00	0.00000e+00
5.55543e+02	2.72360e+02	2.20503e+03	1.14895e+03	2.36263e+00	0.00000e+00	0.00000e+00	6.41347e+00	0.00000e+00
5.59396e+02	2.72439e+02	2.20274e+03	1.14964e+03	2.36736e+00	0.00000e+00	0.00000e+00	6.44303e+00	0.00000e+00
5.63249e+02	2.72517e+02	2.20044e+03	1.15033e+03	2.37207e+00	0.00000e+00	0.00000e+00	6.47258e+00	0.00000e+00
5.67102e+02	2.72596e+02	2.19815e+03	1.15101e+03	2.37677e+00	0.00000e+00	0.00000e+00	6.50211e+00	0.00000e+00
5.70955e+02	2.72675e+02	2.19586e+03	1.15169e+03	2.38146e+00	0.00000e+00	0.00000e+00	6.53163e+00	0.00000e+00
5.74808e+02	2.72753e+02	2.19357e+03	1.15237e+03	2.38613e+00	0.00000e+00	0.00000e+00	6.56114e+00	0.00000e+00
5.78660e+02	2.72832e+02	2.19128e+03	1.15305e+03	2.39078e+00	0.00000e+00	0.00000e+00	6.59063e+00	0.00000e+00
5.82513e+02	2.72911e+02	2.18900e+03	1.15372e+03	2.39543e+00	0.00000e+00	0.00000e+00	6.62012e+00	0.00000e+00
5.86366e+02	2.72990e+02	2.18672e+03	1.15439e+03	2.40006e+00	0.00000e+00	0.00000e+00	6.64959e+00	0.00000e+00
5.90219e+02	2.73069e+02	2.18444e+03	1.15506e+03	2.40467e+00	0.00000e+00	0.00000e+00	6.67905e+00	0.00000e+00
5.94072e+02	2.73148e+02	2.18217e+03	1.15572e+03	2.40927e+00	0.00000e+00	0.00000e+00	6.70849e+00	0.00000e+00
5.97924e+02	2.73226e+02	2.17989e+03	1.15638e+03	2.41386e+00	0.00000e+00	0.00000e+00	6.73793e+00	0.00000e+00
6.01777e+02	2.73305e+02	2.17763e+03	1.15704e+03	2.41844e+00	0.00000e+00	0.00000e+00	6.76735e+00	0.00000e+00
6.05630e+02	2.73384e+02	2.17536e+03	1.15770e+03	2.42300e+00	0.00000e+00	0.00000e+00	6.79676e+00	0.00000e+00
6.09483e+02	2.73463e+02	2.17309e+03	1.15836e+03	2.42754e+00	0.00000e+00	0.00000e+00	6.82616e+00	0.00000e+00
6.13336e+02	2.73542e+02	2.17083e+03	1.15901e+03	2.43208e+00	0.00000e+00	0.00000e+00	6.85555e+00	0.00000e+00
6.17188e+02	2.73621e+02	2.16857e+03	1.15966e+03	2.43660e+00	0.00000e+00	0.00000e+00	6.88493e+00	0.00000e+00
6.21041e+02	2.73700e+02	2.16632e+03	1.16031e+03	2.44111e+00	0.00000e+00	0.00000e+00	6.91430e+00	0.00000e+00
6.24894e+02	2.73779e+02	2.16406e+03	1.16095e+03	2.44561e+00	0.00000e+00	0.00000e+00	6.94366e+00	0.00000e+00
6.28747e+02	2.73858e+02	2.16181e+03	1.16160e+03	2.45009e+00	0.00000e+00	0.00000e+00	6.97300e+00	0.00000e+00
6.32600e+02	2.73937e+02	2.15956e+03	1.16224e+03	2.45456e+00	0.00000e+00	0.00000e+00	7.00234e+00	0.00000e+00
6.36452e+02	2.74016e+02	2.15732e+03	1.16287e+03	2.45902e+00	0.00000e+00	0.00000e+00	7.03167e+00	0.00000e+00
6.40305e+02	2.74095e+02	2.15507e+03	1.16351e+03	2.46347e+00	0.00000e+00	0.00000e+00	7.06099e+00	0.00000e+00
6.44158e+02	2.74174e+02	2.15283e+03	1.16414e+03	2.46791e+00	0.00000e+00	0.00000e+00	7.09029e+00	0.00000e+00
6.48011e+02	2.74253e+02	2.15059e+03	1.16478e+03	2.47233e+00	0.00000e+00	0.00000e+00	7.11959e+00	0.00000e+00
6.51864e+02	2.74332e+02	2.14836e+03	1.16540e+03	2.47674e+00	0.00000e+00	0.00000e+00	7.14888e+00	0.00000e+00
6.55716e+02	2.74411e+02	2.14612e+03	1.16603e+03	2.48114e+00	0.00000e+00	0.00000e+00	7.17816e+00	0.00000e+00
6.59569e+02	2.74491e+02	2.14389e+03	1.16666e+03	2.48553e+00	0.00000e+00	0.00000e+00	7.20743e+00	0.00000e+00
6.63422e+02	2.74570e+02	2.14166e+03	1.16728e+03	2.48990e+00	0.00000e+00	0.00000e+00	7.23669e+00	0.00000e+00
6.67275e+02	2.74649e+02	2.13944e+03	1.16790e+03	2.49427e+00	0.00000e+00	0.00000e+00	7.26594e+00	0.00000e+00
6.71128e+02	2.74728e+02	2.13721e+03	1.16852e+03	2.49862e+00	0.00000e+00	0.00000e+00	7.29518e+00	0.00000e+00
6.74980e+02	2.74807e+02	2.13499e+03	1.16913e+03	2.50296e+00	0.00000e+00	0.00000e+00	7.32441e+00	0.00000e+00
6.78833e+02	2.74886e+02	2.13277e+03	1.16975e+03	2.50729e+00	0.00000e+00	0.00000e+00	7.35364e+00	0.00000e+00
6.82686e+02	2.74965e+02	2.13056e+03	1.17036e+03	2.51161e+00	0.00000e+00	0.00000e+00	7.38285e+00	0.00000e+00
6.86539e+02	2.75044e+02	2.12835e+03	1.17097e+03	2.51592e+00	0.00000e+00	0.00000e+00	7.41206e+00	0.00000e+00
6.90392e+02	2.75123e+02	2.12614e+03	1.17158e+03	2.52022e+00	0.00000e+00	0.00000e+00	7.44126e+00	0.00000e+00
6.94245e+02	2.75202e+02	2.12393e+03	1.17218e+03	2.52450e+00	0.00000e+00	0.00000e+00	7.47045e+00	0.00000e+00
6.98097e+02	2.75281e+02	2.12172e+03	1.17279e+03	2.52878e+00	0.00000e+00	0.00000e+00	7.49963e+00	0.00000e+00
7.01950e+02	2.76323e+02	2.11983e+03	1.36705e+03	4.44024e+00	2.27990e+00	1.17972e+02	1.74780e+01	7.10585e+00
7.05803e+02	2.76727e+02	2.11794e+03	1.36719e+03	4.44258e+00	2.28163e+00	1.17054e+02	1.74938e+01	7.11741e+00
7.09656e+02	2.77128e+02	2.11605e+03	1.36734e+03	4.44492e+00	2.28337e+00	1.16152e+02	1.75096e+01	7.12897e+00
7.13509e+02	2.77519e+02	2.11416e+03	1.36748e+03	4.44725e+00	2.28510e+00	1.15283e+02	1.75254e+01	7.14053e+00
7.17361e+02	2.77910e+02	2.11227e+03	2.74865e+03	7.28231e+00	4.00431e+00	4.85398e+13	8.70023e+01	4.40733e+01
9.18920e+02	2.80507e+02	2.06315e+03	2.74865e+03	7.30593e+00	4.01427e+00	6.16743e+13	8.79731e+01	4.44525e+01
1.12048e+03	2.83044e+02	2.01403e+03	2.75856e+03	7.30361e+00	4.00525e+00	7.78774e+13	8.84336e+01	4.43974e+01
1.32276e+03	2.85520e+02	1.96491e+03	2.76756e+03	7.30544e+00	3.99807e+00	9.79372e+13	8.90053e+01	4.43807e+01
1.52571e+03	2.87934e+02	1.91578e+03	2.77648e+03	7.31591e+00	3.99448e+00	1.22662e+14	8.98218e+01	4.44421e+01
1.72931e+03	2.90288e+02	1.86666e+03	2.78530e+03	7.30482e+00	3.98254e+00	1.53025e+14	9.00091e+01	4.43175e+01
1.93355e+03	2.92580e+02	1.81754e+03	2.79417e+03	7.30988e+00	3.97716e+00	1.90178e+14	9.06574e+01	4.43357e+01
2.13845e+03	2.94811e+02	1.76842e+03	2.80290e+03	7.31688e+00	3.97268e+00	2.35489e+14	9.13588e+01	4.43726e+01
2.34398e+03	2.96981e+02	1.71929e+03	2.81156e+03	7.32114e+00	3.96729e+00	2.90563e+14	9.19758e+01	4.43881e+01
2.55015e+03	2.99090e+02	1.67017e+03	2.82019e+03	7.32943e+00	3.96362e+00	3.57288e+14	9.27082e+01	4.44404e+01
2.75696e+03	3.01137e+02	1.62105e+03	2.82875e+03	7.33009e+00	3.95717e+00	4.37879e+14	9.32089e+01	4.44296e+01
2.96439e+03	3.03124e+02	1.57192e+03	2.83729e+03	7.33446e+00	3.95269e+00	5.34921e+14	9.38026e+01	4.44603e+01
3.17245e+03	3.05049e+02	1.52280e+03	2.84568e+03	7.27736e+00	3.92717e+00	6.51435e+14	9.24615e+01	4.40172e+01
3.38112e+03	3.06914e+02	1.47368e+03	2.85405e+03	7.23483e+00	3.94178e+00	7.90916e+14	9.07403e+01	4.45773e+01
3.59041e+03	3.08717e+02	1.42456e+03	2.86900e+03	7.30545e+00	3.97057e+00	9.57430e+14	9.31384e+01	4.53912e+01
3.80079e+03	3.10459e+02	1.37543e+03	2.87917e+03	7.20354e+00	3.92983e+00	1.15670e+15	9.03222e+01	4.45659e+01
4.01192e+03	3.12140e+02	1.32631e+03	2.88573e+03	7.22457e+00	3.93286e+00	1.39381e+15	9.13443e+01	4.47514e+01
4.22353e+03	3.13760e+02	1.27719e+03	2.89328e+03	7.24972e+00	3.93724e+00	1.67450e+15	9.24995e+01	4.49654e+01
4.43569e+03	3.15319e+02	1.22807e+03	2.90064e+03	7.28354e+00	3.94440e+00	2.00613e+15	9.39495e+01	4.52454e+01
4.64840e+03	3.16816e+02	1.17894e+03	2.90811e+03	7.31850e+00	3.95229e+00	2.39691e+15	9.54614e+01	4.55547e+01
4.86165e+03	3.18253e+02	1.12982e+03	2.91631e+03	7.34667e+00	3.95791e+00	2.85624e+15	9.67631e+01	4.58122e+01
5.07550e+03	3.19628e+02	1.08070e+03	2.92448e+03	7.36766e+00	3.96148e+00	3.39514e+15	9.78205e+01	4.60199e+01
5.28995e+03	3.20942e+02	1.03158e+03	2.93244e+03	7.38962e+00	3.96555e+00	4.02589e+15	9.89129e+01	4.62397e+01
5.50499e+03	3.22195e+02	9.82453e+02	2.94041e+03	7.41218e+00	3.96976e+00	4.76236e+15	1.00033e+02	4.64632e+01
5.72061e+03	3.23387e+02	9.33330e+02	2.94836e+03	7.43678e+00	3.97454e+00	5.62031e+15	1.01229e+02	4.66991e+01
5.93681e+03	3.24518e+02	8.84208e+02	2.95621e+03	7.46240e+00	3.97972e+00	6.61753e+15	1.02448e+02	4.69367e+01
6.15359e+03	3.25588e+02	8.35085e+02	2.96351e+03	7.48905e+00	3.98530e+00	7.77401e+15	1.03702e+02	4.71812e+01
6.37090e+03	3.26596e+02	7.85962e+02	2.97062e+03	7.52223e+00	3.99373e+00	9.11179e+15	1.05107e+02	4.74674e+01
6.58874e+03	3.27544e+02	7.36840e+02	2.97604e+03	7.55153e+00	4.00125e+00	1.06557e+16	1.06434e+02	4.77595e+01
6.80697e+03	3.28430e+02	6.87717e+02	2.98310e+03	7.57700e+00	4.00625e+00	1.24320e+16	1.07710e+02	4.80062e+01
7.02572e+03	3.29255e+02	6.38594e+02	2.99104e+03	7.62599e+00	4.02178e+00	1.44731e+16	1.09958e+02	4.86081e+01
7.24505e+03	3.30019e+02	5.89472e+02	3.00518e+03	7.64413e+00	4.02676e+00	1.68146e+16	1.10631e+02	4.87291e+01
7.46542e+03	3.30722e+02	5.40349e+02	3.00523e+03	7.67486e+00	4.03303e+00	1.95044e+16	1.12245e+02	4.90564e+01
7.68579e+03	3.31364e+02	4.91226e+02	3.01600e+03	7.72074e+00	4.04558e+00	2.25654e+16	1.14763e+02	4.97070e+01
7.90696e+03	3.31945e+02	4.42104e+02	3.03706e+03	7.76838e+00	4.08454e+00	2.60602e+16	1.16369e+02	5.09523e+01
8.12967e+03	3.32464e+02	3.92981e+02	3.05406e+03	7.84574e+00	4.13993e+00	3.00627e+16	1.19292e+02	5.28258e+01
8.35362e+03	3.32923e+02	3.43859e+02	3.08220e+03	7.90891e+00	4.18163e+00	3.46286e+16	1.21760e+02	5.42636e+01
8.57964e+03	3.33320e+02	2.94736e+02	3.10326e+03	7.96193e+00	4.21355e+00	3.98524e+16	1.23938e+02	5.53975e+01
8.80720e+03	3.33656e+02	2.45613e+02	3.12028e+03	8.00753e+00	4.23842e+00	4.57970e+16	1.25900e+02	5.63055e+01
9.03601e+03	3.33931e+02	1.96491e+02	3.13432e+03	8.04823e+00	4.25867e+00	5.25339e+16	1.27721e+02	5.70644e+01
9.26585e+03	3.34145e+02	1.47368e+02	3.14643e+03	8.08535e+00	4.27555e+00	6.01403e+16	1.29439e+02	5.77132e+01
9.49657e+03	3.34298e+02	9.82453e+01	3.15712e+03	8.12019e+00	4.29034e+00	6.86993e+16	1.31094e+02	5.82935e+01
9.72808e+03	3.34390e+02	4.91226e+01	3.16692e+03	8.15223e+00	4.30250e+00	7.82992e+16	1.32671e+02	5.87869e+01
9.96031e+03	NaN	0.00000e+00	3.17570e+03	NaN	NaN	NaN	NaN	NaN
