P (MPa)		T (K)		r (km)		rho (kg m-3)	VP (km s-1)	VS (km s-1)	QS/gamma	
0.00000e+00	9.40000e+01	2.57470e+03	9.32574e+02	3.87821e+00	1.96165e+00	1.43092e+05
1.69314e+00	1.10472e+02	2.57336e+03	9.32574e+02	3.88049e+00	1.96307e+00	2.23524e+04
3.38629e+00	1.29831e+02	2.57202e+03	9.32730e+02	3.88335e+00	1.96478e+00	4.60529e+03
5.07943e+00	1.52583e+02	2.57068e+03	9.32885e+02	3.88712e+00	1.96695e+00	1.20085e+03
6.77258e+00	1.79321e+02	2.56934e+03	9.33040e+02	3.89234e+00	1.96986e+00	3.82616e+02
8.46572e+00	2.10745e+02	2.56800e+03	9.33194e+02	3.89974e+00	1.97386e+00	1.44579e+02
1.01589e+01	2.47675e+02	2.56666e+03	9.33347e+02	3.91003e+00	1.97933e+00	6.31638e+01
1.18520e+01	2.47705e+02	2.56533e+03	9.33499e+02	3.91107e+00	1.98013e+00	6.31279e+01
1.35452e+01	2.47735e+02	2.56399e+03	9.33650e+02	3.91211e+00	1.98092e+00	6.30917e+01
1.52383e+01	2.47765e+02	2.56265e+03	9.33800e+02	3.91314e+00	1.98170e+00	6.30552e+01
1.69314e+01	2.47796e+02	2.56132e+03	9.33950e+02	3.91417e+00	1.98249e+00	6.30184e+01
1.86246e+01	2.47827e+02	2.55998e+03	9.34098e+02	3.91520e+00	1.98327e+00	6.29812e+01
2.03177e+01	2.47858e+02	2.55865e+03	9.34246e+02	3.91623e+00	1.98405e+00	6.29437e+01
2.20109e+01	2.47890e+02	2.55731e+03	9.34392e+02	3.91725e+00	1.98483e+00	6.29058e+01
2.37040e+01	2.47922e+02	2.55598e+03	9.34537e+02	3.91827e+00	1.98561e+00	6.28676e+01
2.53972e+01	2.47954e+02	2.55465e+03	9.34681e+02	3.91928e+00	1.98638e+00	6.28290e+01
2.70903e+01	2.47986e+02	2.55332e+03	9.34823e+02	3.92029e+00	1.98716e+00	6.27901e+01
2.87835e+01	2.48019e+02	2.55198e+03	9.34965e+02	3.92130e+00	1.98793e+00	6.27509e+01
3.04766e+01	2.48052e+02	2.55065e+03	9.35105e+02	3.92231e+00	1.98870e+00	6.27113e+01
3.21698e+01	2.48086e+02	2.54932e+03	9.35244e+02	3.92331e+00	1.98947e+00	6.26713e+01
3.38629e+01	2.48120e+02	2.54799e+03	9.35381e+02	3.92431e+00	1.99023e+00	6.26310e+01
3.55560e+01	2.48154e+02	2.54666e+03	9.35517e+02	3.92530e+00	1.99100e+00	6.25903e+01
3.72492e+01	2.48188e+02	2.54533e+03	9.35651e+02	3.92629e+00	1.99176e+00	6.25492e+01
3.89423e+01	2.48223e+02	2.54401e+03	9.35784e+02	3.92728e+00	1.99252e+00	6.25078e+01
4.06355e+01	2.48258e+02	2.54268e+03	9.35915e+02	3.92827e+00	1.99328e+00	6.24660e+01
4.23286e+01	2.48294e+02	2.54135e+03	9.36044e+02	3.92925e+00	1.99404e+00	6.24238e+01
4.40218e+01	2.48330e+02	2.54002e+03	9.36172e+02	3.93023e+00	1.99479e+00	6.23813e+01
4.57149e+01	2.48366e+02	2.53870e+03	9.36298e+02	3.93121e+00	1.99554e+00	6.23384e+01
4.74081e+01	2.48403e+02	2.53737e+03	9.36422e+02	3.93219e+00	1.99630e+00	6.22950e+01
4.91012e+01	2.48440e+02	2.53605e+03	9.36544e+02	3.93316e+00	1.99705e+00	6.22513e+01
5.07943e+01	2.48477e+02	2.53472e+03	9.36664e+02	3.93413e+00	1.99780e+00	6.22072e+01
5.24875e+01	2.48515e+02	2.53340e+03	9.36782e+02	3.93509e+00	1.99854e+00	6.21628e+01
5.41806e+01	2.48553e+02	2.53208e+03	9.36898e+02	3.93606e+00	1.99929e+00	6.21179e+01
5.58738e+01	2.48592e+02	2.53075e+03	9.37012e+02	3.93702e+00	2.00003e+00	6.20726e+01
5.75669e+01	2.48631e+02	2.52943e+03	9.37124e+02	3.93798e+00	2.00077e+00	6.20269e+01
5.92601e+01	2.48670e+02	2.52811e+03	9.37233e+02	3.93893e+00	2.00151e+00	6.19808e+01
6.09532e+01	2.48709e+02	2.52679e+03	9.37340e+02	3.93989e+00	2.00225e+00	6.19343e+01
6.26464e+01	2.48749e+02	2.52547e+03	9.37445e+02	3.94084e+00	2.00299e+00	6.18874e+01
6.43395e+01	2.48790e+02	2.52415e+03	9.37547e+02	3.94179e+00	2.00373e+00	6.18401e+01
6.60326e+01	2.48831e+02	2.52283e+03	9.37646e+02	3.94273e+00	2.00446e+00	6.17924e+01
6.77258e+01	2.48872e+02	2.52151e+03	9.37743e+02	3.94367e+00	2.00520e+00	6.17442e+01
6.94189e+01	2.48914e+02	2.52019e+03	9.37838e+02	3.94462e+00	2.00593e+00	6.16956e+01
7.11121e+01	2.48956e+02	2.51887e+03	9.37929e+02	3.94555e+00	2.00666e+00	6.16466e+01
7.28052e+01	2.48998e+02	2.51755e+03	9.38017e+02	3.94649e+00	2.00739e+00	6.15971e+01
7.44984e+01	2.49041e+02	2.51624e+03	9.38103e+02	3.94743e+00	2.00811e+00	6.15473e+01
7.61915e+01	2.49085e+02	2.51492e+03	9.38186e+02	3.94836e+00	2.00884e+00	6.14969e+01
7.78847e+01	2.49128e+02	2.51361e+03	9.38265e+02	3.94929e+00	2.00957e+00	6.14462e+01
7.95778e+01	2.49173e+02	2.51229e+03	9.38342e+02	3.95021e+00	2.01029e+00	6.13950e+01
8.12709e+01	2.49217e+02	2.51097e+03	9.38415e+02	3.95114e+00	2.01101e+00	6.13433e+01
8.29641e+01	2.49262e+02	2.50966e+03	9.38484e+02	3.95206e+00	2.01173e+00	6.12912e+01
8.46572e+01	2.49308e+02	2.50835e+03	9.38551e+02	3.95298e+00	2.01245e+00	6.12386e+01
8.63504e+01	2.49354e+02	2.50703e+03	9.38613e+02	3.95390e+00	2.01317e+00	6.11856e+01
8.80435e+01	2.49400e+02	2.50572e+03	9.38672e+02	3.95482e+00	2.01389e+00	6.11321e+01
8.97367e+01	2.49447e+02	2.50441e+03	9.38728e+02	3.95574e+00	2.01460e+00	6.10782e+01
9.14298e+01	2.49495e+02	2.50309e+03	9.38780e+02	3.95665e+00	2.01532e+00	6.10238e+01
9.31230e+01	2.49543e+02	2.50178e+03	9.38827e+02	3.95756e+00	2.01603e+00	6.09689e+01
9.48161e+01	2.49591e+02	2.50047e+03	9.38871e+02	3.95847e+00	2.01675e+00	6.09135e+01
9.65093e+01	2.49640e+02	2.49916e+03	9.38911e+02	3.95938e+00	2.01746e+00	6.08577e+01
9.82024e+01	2.49689e+02	2.49785e+03	9.38946e+02	3.96028e+00	2.01817e+00	6.08014e+01
9.98955e+01	2.49739e+02	2.49654e+03	9.38977e+02	3.96119e+00	2.01888e+00	6.07446e+01
1.01589e+02	2.49789e+02	2.49523e+03	9.39004e+02	3.96209e+00	2.01958e+00	6.06873e+01
1.03282e+02	2.49840e+02	2.49392e+03	9.39026e+02	3.96299e+00	2.02029e+00	6.06295e+01
1.04975e+02	2.49891e+02	2.49261e+03	9.39044e+02	3.96389e+00	2.02100e+00	6.05712e+01
1.06668e+02	2.49943e+02	2.49131e+03	9.39057e+02	3.96478e+00	2.02170e+00	6.05124e+01
1.08361e+02	2.49995e+02	2.49000e+03	9.39065e+02	3.96568e+00	2.02240e+00	6.04531e+01
1.10054e+02	2.50048e+02	2.48869e+03	9.39068e+02	3.96657e+00	2.02311e+00	6.03933e+01
1.11748e+02	2.50102e+02	2.48738e+03	9.39066e+02	3.96746e+00	2.02381e+00	6.03330e+01
1.13441e+02	2.50155e+02	2.48608e+03	9.39059e+02	3.96835e+00	2.02451e+00	6.02722e+01
1.15134e+02	2.50210e+02	2.48477e+03	9.39047e+02	3.96924e+00	2.02521e+00	6.02109e+01
1.16827e+02	2.50265e+02	2.48346e+03	9.39030e+02	3.97013e+00	2.02591e+00	6.01490e+01
1.18520e+02	2.50320e+02	2.48216e+03	9.39007e+02	3.97101e+00	2.02660e+00	6.00867e+01
1.20213e+02	2.50377e+02	2.48085e+03	9.38979e+02	3.97190e+00	2.02730e+00	6.00237e+01
1.21906e+02	2.50433e+02	2.47955e+03	9.38945e+02	3.97278e+00	2.02800e+00	5.99603e+01
1.23600e+02	2.50490e+02	2.47825e+03	9.38905e+02	3.97366e+00	2.02869e+00	5.98963e+01
1.25293e+02	2.50548e+02	2.47694e+03	9.38859e+02	3.97454e+00	2.02939e+00	5.98318e+01
1.26986e+02	2.50607e+02	2.47564e+03	9.38808e+02	3.97541e+00	2.03008e+00	5.97667e+01
1.28679e+02	2.50666e+02	2.47433e+03	9.38750e+02	3.97629e+00	2.03077e+00	5.97011e+01
1.30372e+02	2.50725e+02	2.47303e+03	9.38687e+02	3.97717e+00	2.03146e+00	5.96350e+01
1.32065e+02	2.50785e+02	2.47173e+03	9.38617e+02	3.97804e+00	2.03215e+00	5.95683e+01
1.33758e+02	2.50846e+02	2.47043e+03	9.38541e+02	3.97891e+00	2.03284e+00	5.95010e+01
1.35452e+02	2.50907e+02	2.46912e+03	9.38458e+02	3.97978e+00	2.03353e+00	5.94332e+01
1.37145e+02	2.50969e+02	2.46782e+03	9.38370e+02	3.98065e+00	2.03422e+00	5.93648e+01
1.38838e+02	2.51032e+02	2.46652e+03	9.38274e+02	3.98152e+00	2.03490e+00	5.92958e+01
1.40531e+02	2.51095e+02	2.46522e+03	9.38172e+02	3.98238e+00	2.03559e+00	5.92263e+01
1.42224e+02	2.51159e+02	2.46392e+03	9.38064e+02	3.98325e+00	2.03627e+00	5.91562e+01
1.43917e+02	2.51223e+02	2.46262e+03	9.37949e+02	3.98411e+00	2.03696e+00	5.90855e+01
1.45610e+02	2.51288e+02	2.46132e+03	9.37827e+02	3.98497e+00	2.03764e+00	5.90142e+01
1.47304e+02	2.51354e+02	2.46002e+03	9.37698e+02	3.98584e+00	2.03832e+00	5.89423e+01
1.48997e+02	2.51421e+02	2.45872e+03	9.37563e+02	3.98669e+00	2.03900e+00	5.88699e+01
1.50690e+02	2.51488e+02	2.45742e+03	9.37421e+02	3.98755e+00	2.03968e+00	5.87968e+01
1.52383e+02	2.51555e+02	2.45612e+03	9.37272e+02	3.98841e+00	2.04036e+00	5.87232e+01
1.54076e+02	2.51624e+02	2.45482e+03	9.37117e+02	3.98927e+00	2.04104e+00	5.86489e+01
1.55769e+02	2.51693e+02	2.45352e+03	9.36955e+02	3.99012e+00	2.04172e+00	5.85741e+01
1.57462e+02	2.51763e+02	2.45222e+03	9.36786e+02	3.99097e+00	2.04240e+00	5.84986e+01
1.59156e+02	2.51833e+02	2.45092e+03	9.36610e+02	3.99183e+00	2.04308e+00	5.84225e+01
1.60849e+02	2.51904e+02	2.44962e+03	9.36428e+02	3.99268e+00	2.04375e+00	5.83458e+01
1.62542e+02	2.51976e+02	2.44833e+03	9.36240e+02	3.99353e+00	2.04443e+00	5.82685e+01
1.64235e+02	2.52049e+02	2.44703e+03	9.36045e+02	3.99438e+00	2.04510e+00	5.81906e+01
1.65928e+02	2.54970e+02	2.44573e+03	9.35513e+02	3.99603e+00	2.04619e+00	5.51758e+01
1.67621e+02	2.55000e+02	2.44443e+03	9.35637e+02	3.99686e+00	2.04685e+00	5.51461e+01
1.71249e+02	2.55012e+02	2.44221e+03	1.17205e+03	1.79946e+00	0.00000e+00	0.00000e+00
1.74876e+02	2.55026e+02	2.44000e+03	1.17317e+03	1.80563e+00	0.00000e+00	0.00000e+00
1.78504e+02	2.55039e+02	2.43778e+03	1.17428e+03	1.81176e+00	0.00000e+00	0.00000e+00
1.82131e+02	2.55054e+02	2.43557e+03	1.17538e+03	1.81784e+00	0.00000e+00	0.00000e+00
1.85759e+02	2.55069e+02	2.43336e+03	1.17648e+03	1.82389e+00	0.00000e+00	0.00000e+00
1.89386e+02	2.55085e+02	2.43115e+03	1.17756e+03	1.82990e+00	0.00000e+00	0.00000e+00
1.93014e+02	2.55102e+02	2.42895e+03	1.17864e+03	1.83587e+00	0.00000e+00	0.00000e+00
1.96641e+02	2.55120e+02	2.42675e+03	1.17972e+03	1.84181e+00	0.00000e+00	0.00000e+00
2.00269e+02	2.55138e+02	2.42455e+03	1.18078e+03	1.84772e+00	0.00000e+00	0.00000e+00
2.03896e+02	2.55156e+02	2.42236e+03	1.18184e+03	1.85359e+00	0.00000e+00	0.00000e+00
2.07524e+02	2.55176e+02	2.42016e+03	1.18290e+03	1.85944e+00	0.00000e+00	0.00000e+00
2.11151e+02	2.55196e+02	2.41797e+03	1.18394e+03	1.86525e+00	0.00000e+00	0.00000e+00
2.14779e+02	2.55216e+02	2.41578e+03	1.18498e+03	1.87103e+00	0.00000e+00	0.00000e+00
2.18406e+02	2.55238e+02	2.41360e+03	1.18601e+03	1.87678e+00	0.00000e+00	0.00000e+00
2.22034e+02	2.55259e+02	2.41141e+03	1.18704e+03	1.88249e+00	0.00000e+00	0.00000e+00
2.25661e+02	2.55282e+02	2.40923e+03	1.18806e+03	1.88818e+00	0.00000e+00	0.00000e+00
2.29289e+02	2.55305e+02	2.40705e+03	1.18908e+03	1.89383e+00	0.00000e+00	0.00000e+00
2.32916e+02	2.55328e+02	2.40488e+03	1.19009e+03	1.89945e+00	0.00000e+00	0.00000e+00
2.36544e+02	2.55352e+02	2.40270e+03	1.19109e+03	1.90503e+00	0.00000e+00	0.00000e+00
2.40171e+02	2.55377e+02	2.40053e+03	1.19208e+03	1.91057e+00	0.00000e+00	0.00000e+00
2.43799e+02	2.55402e+02	2.39836e+03	1.19308e+03	1.91606e+00	0.00000e+00	0.00000e+00
2.47427e+02	2.55428e+02	2.39619e+03	1.19406e+03	1.92151e+00	0.00000e+00	0.00000e+00
2.51054e+02	2.55454e+02	2.39403e+03	1.19504e+03	1.92691e+00	0.00000e+00	0.00000e+00
2.54682e+02	2.55481e+02	2.39187e+03	1.19602e+03	1.93226e+00	0.00000e+00	0.00000e+00
2.58309e+02	2.55508e+02	2.38971e+03	1.19698e+03	1.93756e+00	0.00000e+00	0.00000e+00
2.61937e+02	2.55536e+02	2.38755e+03	1.19795e+03	1.94282e+00	0.00000e+00	0.00000e+00
2.65564e+02	2.55564e+02	2.38540e+03	1.19891e+03	1.94803e+00	0.00000e+00	0.00000e+00
2.69192e+02	2.55593e+02	2.38324e+03	1.19986e+03	1.95320e+00	0.00000e+00	0.00000e+00
2.72819e+02	2.55622e+02	2.38109e+03	1.20081e+03	1.95833e+00	0.00000e+00	0.00000e+00
2.76447e+02	2.55652e+02	2.37894e+03	1.20175e+03	1.96343e+00	0.00000e+00	0.00000e+00
2.80074e+02	2.55682e+02	2.37680e+03	1.20269e+03	1.96851e+00	0.00000e+00	0.00000e+00
2.83702e+02	2.55713e+02	2.37465e+03	1.20362e+03	1.97354e+00	0.00000e+00	0.00000e+00
2.87329e+02	2.55744e+02	2.37251e+03	1.20455e+03	1.97855e+00	0.00000e+00	0.00000e+00
2.90957e+02	2.55776e+02	2.37037e+03	1.20548e+03	1.98352e+00	0.00000e+00	0.00000e+00
2.94584e+02	2.55808e+02	2.36823e+03	1.20640e+03	1.98845e+00	0.00000e+00	0.00000e+00
2.98212e+02	2.55841e+02	2.36610e+03	1.20731e+03	1.99334e+00	0.00000e+00	0.00000e+00
3.01839e+02	2.55874e+02	2.36397e+03	1.20822e+03	1.99819e+00	0.00000e+00	0.00000e+00
3.05467e+02	2.55908e+02	2.36183e+03	1.20913e+03	2.00300e+00	0.00000e+00	0.00000e+00
3.09094e+02	2.55942e+02	2.35971e+03	1.21003e+03	2.00777e+00	0.00000e+00	0.00000e+00
3.12722e+02	2.55976e+02	2.35758e+03	1.21093e+03	2.01251e+00	0.00000e+00	0.00000e+00
3.16349e+02	2.56011e+02	2.35546e+03	1.21182e+03	2.01722e+00	0.00000e+00	0.00000e+00
3.19977e+02	2.56046e+02	2.35333e+03	1.21271e+03	2.02191e+00	0.00000e+00	0.00000e+00
3.23604e+02	2.56082e+02	2.35121e+03	1.21360e+03	2.02658e+00	0.00000e+00	0.00000e+00
3.27232e+02	2.56118e+02	2.34909e+03	1.21448e+03	2.03123e+00	0.00000e+00	0.00000e+00
3.30859e+02	2.56155e+02	2.34698e+03	1.21536e+03	2.03588e+00	0.00000e+00	0.00000e+00
3.34487e+02	2.56192e+02	2.34487e+03	1.21623e+03	2.04051e+00	0.00000e+00	0.00000e+00
3.38114e+02	2.56230e+02	2.34275e+03	1.21710e+03	2.04514e+00	0.00000e+00	0.00000e+00
3.41742e+02	2.56267e+02	2.34064e+03	1.21797e+03	2.04976e+00	0.00000e+00	0.00000e+00
3.45369e+02	2.56306e+02	2.33854e+03	1.21883e+03	2.05437e+00	0.00000e+00	0.00000e+00
3.48997e+02	2.56344e+02	2.33643e+03	1.21969e+03	2.05898e+00	0.00000e+00	0.00000e+00
3.52624e+02	2.56384e+02	2.33433e+03	1.22054e+03	2.06358e+00	0.00000e+00	0.00000e+00
3.56252e+02	2.56423e+02	2.33223e+03	1.22139e+03	2.06817e+00	0.00000e+00	0.00000e+00
3.59879e+02	2.56463e+02	2.33013e+03	1.22224e+03	2.07276e+00	0.00000e+00	0.00000e+00
3.63507e+02	2.56503e+02	2.32803e+03	1.22308e+03	2.07734e+00	0.00000e+00	0.00000e+00
3.67134e+02	2.56544e+02	2.32593e+03	1.22392e+03	2.08192e+00	0.00000e+00	0.00000e+00
3.70762e+02	2.56585e+02	2.32384e+03	1.22475e+03	2.08649e+00	0.00000e+00	0.00000e+00
3.74389e+02	2.56627e+02	2.32175e+03	1.22558e+03	2.09105e+00	0.00000e+00	0.00000e+00
3.78017e+02	2.56669e+02	2.31966e+03	1.22641e+03	2.09560e+00	0.00000e+00	0.00000e+00
3.81644e+02	2.56711e+02	2.31757e+03	1.22724e+03	2.10015e+00	0.00000e+00	0.00000e+00
3.85272e+02	2.56754e+02	2.31549e+03	1.22806e+03	2.10469e+00	0.00000e+00	0.00000e+00
3.88899e+02	2.56797e+02	2.31340e+03	1.22887e+03	2.10922e+00	0.00000e+00	0.00000e+00
3.92527e+02	2.56840e+02	2.31132e+03	1.22969e+03	2.11374e+00	0.00000e+00	0.00000e+00
3.96154e+02	2.56884e+02	2.30924e+03	1.23050e+03	2.11826e+00	0.00000e+00	0.00000e+00
3.99782e+02	2.56928e+02	2.30717e+03	1.23131e+03	2.12276e+00	0.00000e+00	0.00000e+00
4.03409e+02	2.56973e+02	2.30509e+03	1.23211e+03	2.12726e+00	0.00000e+00	0.00000e+00
4.07037e+02	2.57017e+02	2.30302e+03	1.23291e+03	2.13175e+00	0.00000e+00	0.00000e+00
4.10664e+02	2.57063e+02	2.30095e+03	1.23371e+03	2.13624e+00	0.00000e+00	0.00000e+00
4.14292e+02	2.57108e+02	2.29888e+03	1.23450e+03	2.14071e+00	0.00000e+00	0.00000e+00
4.17919e+02	2.57154e+02	2.29681e+03	1.23529e+03	2.14518e+00	0.00000e+00	0.00000e+00
4.21547e+02	2.57200e+02	2.29474e+03	1.23608e+03	2.14963e+00	0.00000e+00	0.00000e+00
4.25174e+02	2.57247e+02	2.29268e+03	1.23686e+03	2.15408e+00	0.00000e+00	0.00000e+00
4.28802e+02	2.57321e+02	2.29063e+03	1.24632e+03	4.19884e+00	2.20978e+00	1.23988e+02
4.32429e+02	2.57519e+02	2.28859e+03	1.24685e+03	4.20002e+00	2.20990e+00	1.23988e+02
4.36057e+02	2.57715e+02	2.28654e+03	1.24738e+03	4.20120e+00	2.21002e+00	1.23988e+02
4.39684e+02	2.57910e+02	2.28450e+03	1.24790e+03	4.20239e+00	2.21015e+00	1.23988e+02
4.43312e+02	2.58106e+02	2.28246e+03	1.24843e+03	4.20359e+00	2.21028e+00	1.23988e+02
4.46939e+02	2.58302e+02	2.28042e+03	1.24895e+03	4.20479e+00	2.21041e+00	1.23988e+02
4.50567e+02	2.58498e+02	2.27838e+03	1.24946e+03	4.20599e+00	2.21055e+00	1.23988e+02
4.54194e+02	2.58693e+02	2.27634e+03	1.24997e+03	4.20720e+00	2.21068e+00	1.23988e+02
4.57822e+02	2.58885e+02	2.27430e+03	1.25048e+03	4.20841e+00	2.21082e+00	1.23988e+02
4.61449e+02	2.59074e+02	2.27227e+03	1.25099e+03	4.20962e+00	2.21097e+00	1.23988e+02
4.65077e+02	2.59262e+02	2.27023e+03	1.25149e+03	4.21084e+00	2.21111e+00	1.23988e+02
4.68705e+02	2.59451e+02	2.26820e+03	1.25199e+03	4.21206e+00	2.21126e+00	1.23988e+02
4.72332e+02	2.59640e+02	2.26617e+03	1.25249e+03	4.21329e+00	2.21141e+00	1.23988e+02
4.75960e+02	2.59829e+02	2.26414e+03	1.25298e+03	4.21452e+00	2.21156e+00	1.23988e+02
4.79587e+02	2.60017e+02	2.26212e+03	1.25347e+03	4.21576e+00	2.21172e+00	1.23988e+02
4.83215e+02	2.60201e+02	2.26009e+03	1.25396e+03	4.21700e+00	2.21188e+00	1.23988e+02
4.86842e+02	2.60383e+02	2.25806e+03	1.25444e+03	4.21825e+00	2.21204e+00	1.23988e+02
4.90470e+02	2.60564e+02	2.25604e+03	1.25492e+03	4.21949e+00	2.21221e+00	1.23988e+02
4.94097e+02	2.60745e+02	2.25402e+03	1.25540e+03	4.22075e+00	2.21238e+00	1.23988e+02
4.97725e+02	2.60926e+02	2.25200e+03	1.25587e+03	4.22201e+00	2.21255e+00	1.23988e+02
5.01352e+02	2.61107e+02	2.24998e+03	1.25634e+03	4.22327e+00	2.21272e+00	1.23988e+02
5.04980e+02	2.61288e+02	2.24796e+03	1.25681e+03	4.22453e+00	2.21290e+00	1.23988e+02
5.08607e+02	2.61464e+02	2.24594e+03	1.25727e+03	4.22580e+00	2.21307e+00	1.23988e+02
5.12235e+02	2.61638e+02	2.24393e+03	1.25773e+03	4.22708e+00	2.21326e+00	1.23988e+02
5.15862e+02	2.61811e+02	2.24191e+03	1.25819e+03	4.22835e+00	2.21344e+00	1.23988e+02
5.19490e+02	2.61984e+02	2.23990e+03	1.25864e+03	4.22964e+00	2.21363e+00	1.23988e+02
5.23117e+02	2.62157e+02	2.23789e+03	1.25909e+03	4.23092e+00	2.21382e+00	1.23988e+02
5.26745e+02	2.62330e+02	2.23588e+03	1.25954e+03	4.23221e+00	2.21401e+00	1.23988e+02
5.30372e+02	2.62504e+02	2.23387e+03	1.25999e+03	4.23351e+00	2.21420e+00	1.23988e+02
5.34000e+02	2.62672e+02	2.23186e+03	1.26043e+03	4.23481e+00	2.21440e+00	1.23988e+02
5.37627e+02	2.62837e+02	2.22986e+03	1.26086e+03	4.23611e+00	2.21460e+00	1.23988e+02
5.41255e+02	2.63002e+02	2.22785e+03	1.26130e+03	4.23742e+00	2.21481e+00	1.23988e+02
5.44882e+02	2.63168e+02	2.22585e+03	1.26173e+03	4.23873e+00	2.21501e+00	1.23988e+02
5.48510e+02	2.63333e+02	2.22385e+03	1.26216e+03	4.24005e+00	2.21522e+00	1.23988e+02
5.52137e+02	2.63498e+02	2.22185e+03	1.26258e+03	4.24137e+00	2.21543e+00	1.23988e+02
5.55765e+02	2.63663e+02	2.21985e+03	1.26300e+03	4.24269e+00	2.21565e+00	1.23988e+02
5.59392e+02	2.63823e+02	2.21785e+03	1.26342e+03	4.24402e+00	2.21586e+00	1.23988e+02
5.63020e+02	2.63981e+02	2.21586e+03	1.26384e+03	4.24535e+00	2.21608e+00	1.23988e+02
5.66647e+02	2.64138e+02	2.21386e+03	1.26425e+03	4.24669e+00	2.21630e+00	1.23988e+02
5.70275e+02	2.64296e+02	2.21187e+03	1.26466e+03	4.24802e+00	2.21653e+00	1.23988e+02
5.73902e+02	2.64453e+02	2.20987e+03	1.26506e+03	4.24937e+00	2.21675e+00	1.23988e+02
5.77530e+02	2.64610e+02	2.20788e+03	1.26547e+03	4.25072e+00	2.21698e+00	1.23988e+02
5.81157e+02	2.64768e+02	2.20589e+03	1.26586e+03	4.25207e+00	2.21721e+00	1.23988e+02
5.84785e+02	2.64920e+02	2.20390e+03	1.26626e+03	4.25343e+00	2.21745e+00	1.23988e+02
5.88412e+02	2.65070e+02	2.20192e+03	1.26665e+03	4.25478e+00	2.21769e+00	1.23988e+02
5.92040e+02	2.65219e+02	2.19993e+03	1.26704e+03	4.25615e+00	2.21793e+00	1.23988e+02
5.95667e+02	2.65369e+02	2.19794e+03	1.26743e+03	4.25752e+00	2.21817e+00	1.23988e+02
5.99295e+02	2.65519e+02	2.19596e+03	1.26781e+03	4.25889e+00	2.21841e+00	1.23988e+02
6.02922e+02	2.65668e+02	2.19398e+03	1.26819e+03	4.26026e+00	2.21866e+00	1.23988e+02
6.06550e+02	2.65818e+02	2.19200e+03	1.26857e+03	4.26164e+00	2.21891e+00	1.23988e+02
6.10177e+02	2.65962e+02	2.19002e+03	1.26895e+03	4.26303e+00	2.21916e+00	1.23988e+02
6.13805e+02	2.66105e+02	2.18804e+03	1.26932e+03	4.26441e+00	2.21942e+00	1.23988e+02
6.17432e+02	2.66247e+02	2.18606e+03	1.26969e+03	4.26580e+00	2.21967e+00	1.23988e+02
6.21060e+02	2.66389e+02	2.18408e+03	1.27005e+03	4.26720e+00	2.21993e+00	1.23988e+02
6.24687e+02	2.66531e+02	2.18211e+03	1.27041e+03	4.26860e+00	2.22020e+00	1.23988e+02
6.28315e+02	2.66673e+02	2.18014e+03	1.27077e+03	4.27000e+00	2.22046e+00	1.23988e+02
6.31942e+02	2.66816e+02	2.17816e+03	1.27113e+03	4.27141e+00	2.22073e+00	1.23988e+02
6.35570e+02	2.67022e+02	2.17619e+03	1.27148e+03	4.27282e+00	2.22100e+00	1.23988e+02
6.39197e+02	2.67252e+02	2.17440e+03	1.39484e+03	4.35414e+00	2.22697e+00	1.47518e+02
6.42825e+02	2.67482e+02	2.17260e+03	1.39483e+03	4.35658e+00	2.22874e+00	1.46813e+02
6.46452e+02	2.67711e+02	2.17081e+03	1.39481e+03	4.35902e+00	2.23050e+00	1.46113e+02
6.50080e+02	2.67941e+02	2.16901e+03	1.39480e+03	4.36146e+00	2.23226e+00	1.45417e+02
6.53707e+02	2.68171e+02	2.16722e+03	1.39478e+03	4.36390e+00	2.23402e+00	1.44726e+02
6.57335e+02	2.68401e+02	2.16542e+03	1.39477e+03	4.36634e+00	2.23577e+00	1.44040e+02
6.60962e+02	2.68646e+02	2.16363e+03	1.39475e+03	4.36877e+00	2.23753e+00	1.43313e+02
6.64590e+02	2.68896e+02	2.16183e+03	1.39474e+03	4.37121e+00	2.23929e+00	1.42576e+02
6.68217e+02	2.69145e+02	2.16004e+03	1.39472e+03	4.37364e+00	2.24104e+00	1.41845e+02
6.71845e+02	2.69395e+02	2.15825e+03	1.39470e+03	4.37608e+00	2.24280e+00	1.41119e+02
6.75472e+02	2.69645e+02	2.15646e+03	1.39469e+03	4.37851e+00	2.24455e+00	1.40398e+02
6.79100e+02	2.69895e+02	2.15466e+03	1.39467e+03	4.38094e+00	2.24630e+00	1.39682e+02
6.82727e+02	2.70145e+02	2.15287e+03	1.39465e+03	4.38337e+00	2.24805e+00	1.38971e+02
6.86355e+02	2.70386e+02	2.15108e+03	1.39464e+03	4.38580e+00	2.24979e+00	1.38288e+02
6.89983e+02	2.70625e+02	2.14929e+03	1.39462e+03	4.38822e+00	2.25154e+00	1.37617e+02
6.93610e+02	2.70864e+02	2.14750e+03	1.39461e+03	4.39065e+00	2.25329e+00	1.36951e+02
6.97238e+02	2.71103e+02	2.14571e+03	1.39459e+03	4.39307e+00	2.25503e+00	1.36289e+02
7.00865e+02	2.71342e+02	2.14392e+03	1.39458e+03	4.39549e+00	2.25677e+00	1.35631e+02
7.04493e+02	2.71581e+02	2.14213e+03	1.39456e+03	4.39791e+00	2.25851e+00	1.34977e+02
7.08120e+02	2.71820e+02	2.14034e+03	1.39454e+03	4.40033e+00	2.26025e+00	1.34328e+02
7.11748e+02	2.72050e+02	2.13855e+03	1.39453e+03	4.40275e+00	2.26199e+00	1.33705e+02
7.15375e+02	2.72279e+02	2.13676e+03	1.39451e+03	4.40516e+00	2.26373e+00	1.33092e+02
7.19003e+02	2.72508e+02	2.13498e+03	1.39450e+03	4.40758e+00	2.26546e+00	1.32483e+02
7.22630e+02	2.72736e+02	2.13319e+03	1.39448e+03	4.40999e+00	2.26719e+00	1.31877e+02
7.26258e+02	2.72965e+02	2.13140e+03	1.39447e+03	4.41240e+00	2.26893e+00	1.31275e+02
7.29885e+02	2.73194e+02	2.12961e+03	1.39445e+03	4.41481e+00	2.27066e+00	1.30677e+02
7.33513e+02	2.73422e+02	2.12783e+03	1.39444e+03	4.41722e+00	2.27239e+00	1.30082e+02
7.37140e+02	2.73643e+02	2.12604e+03	1.39443e+03	4.41963e+00	2.27412e+00	1.29512e+02
7.40768e+02	2.73862e+02	2.12426e+03	1.39441e+03	4.42204e+00	2.27584e+00	1.28949e+02
7.44395e+02	2.74081e+02	2.12247e+03	1.39440e+03	4.42444e+00	2.27757e+00	1.28390e+02
7.48023e+02	2.74300e+02	2.12069e+03	1.39438e+03	4.42684e+00	2.27929e+00	1.27834e+02
7.51650e+02	2.74519e+02	2.11890e+03	1.39437e+03	4.42925e+00	2.28102e+00	1.27281e+02
7.55278e+02	2.74738e+02	2.11712e+03	1.39435e+03	4.43165e+00	2.28274e+00	1.26732e+02
7.58905e+02	2.74957e+02	2.11534e+03	1.39434e+03	4.43405e+00	2.28446e+00	1.26185e+02
7.62533e+02	2.75169e+02	2.11355e+03	1.39433e+03	4.43645e+00	2.28618e+00	1.25661e+02
7.66160e+02	2.75379e+02	2.11177e+03	1.39431e+03	4.43884e+00	2.28790e+00	1.25143e+02
7.69788e+02	2.75589e+02	2.10999e+03	1.39430e+03	4.44124e+00	2.28961e+00	1.24628e+02
7.73415e+02	2.75799e+02	2.10821e+03	1.39428e+03	4.44363e+00	2.29133e+00	1.24116e+02
7.77043e+02	2.76009e+02	2.10643e+03	1.39427e+03	4.44602e+00	2.29304e+00	1.23607e+02
7.80670e+02	2.76219e+02	2.10465e+03	1.39426e+03	4.44841e+00	2.29475e+00	1.23101e+02
7.84298e+02	2.76429e+02	2.10286e+03	1.39424e+03	4.45080e+00	2.29647e+00	1.22597e+02
7.87925e+02	2.76632e+02	2.10109e+03	1.39423e+03	4.45319e+00	2.29818e+00	1.22114e+02
7.91553e+02	2.76834e+02	2.09931e+03	1.39422e+03	4.45558e+00	2.29988e+00	1.21636e+02
7.95180e+02	2.77035e+02	2.09753e+03	1.39420e+03	4.45796e+00	2.30159e+00	1.21160e+02
7.98808e+02	2.77237e+02	2.09575e+03	1.39419e+03	4.46035e+00	2.30330e+00	1.20687e+02
8.02435e+02	2.77439e+02	2.09397e+03	1.39418e+03	4.46273e+00	2.30500e+00	1.20217e+02
8.06063e+02	2.77640e+02	2.09219e+03	1.39416e+03	4.46511e+00	2.30670e+00	1.19749e+02
8.09690e+02	2.77842e+02	2.09042e+03	1.39415e+03	4.46749e+00	2.30841e+00	1.19283e+02
8.13318e+02	2.78037e+02	2.08864e+03	1.39414e+03	4.46987e+00	2.31011e+00	1.18836e+02
8.16945e+02	2.78231e+02	2.08686e+03	1.39412e+03	4.47225e+00	2.31181e+00	1.18393e+02
8.20573e+02	2.78425e+02	2.08509e+03	1.39411e+03	4.47463e+00	2.31351e+00	1.17952e+02
8.24200e+02	2.78619e+02	2.08331e+03	1.92696e+03	3.83364e+00	1.86701e+00	5.96345e+13
9.47950e+02	3.02650e+02	2.03952e+03	1.92696e+03	3.88192e+00	1.86744e+00	6.21701e+12
1.07170e+03	3.26177e+02	1.99573e+03	1.93489e+03	3.93144e+00	1.86801e+00	9.41316e+11
1.19596e+03	3.49201e+02	1.95193e+03	1.94148e+03	3.98239e+00	1.86874e+00	1.90590e+11
1.32064e+03	3.71721e+02	1.90814e+03	1.94709e+03	6.41733e+00	3.71398e+00	4.85633e+10
1.44568e+03	3.93738e+02	1.86435e+03	2.47503e+03	6.99351e+00	4.15564e+00	1.48896e+10
1.60463e+03	4.15252e+02	1.82056e+03	2.60273e+03	7.00889e+00	4.16237e+00	5.61943e+09
1.77178e+03	4.36265e+02	1.77676e+03	2.60713e+03	7.02593e+00	4.16996e+00	2.41734e+09
1.93921e+03	4.56775e+02	1.73297e+03	2.61183e+03	7.04329e+00	4.17772e+00	1.14661e+09
2.10694e+03	4.76784e+02	1.68918e+03	2.61653e+03	7.06094e+00	4.18564e+00	5.90768e+08
2.27497e+03	4.96292e+02	1.64538e+03	2.62123e+03	7.07887e+00	4.19372e+00	3.26671e+08
2.44331e+03	5.15300e+02	1.60159e+03	2.62594e+03	7.09705e+00	4.20195e+00	1.91973e+08
2.61195e+03	5.33809e+02	1.55780e+03	2.63065e+03	7.11547e+00	4.21033e+00	1.18937e+08
2.78089e+03	5.51820e+02	1.51400e+03	2.63538e+03	7.13412e+00	4.21886e+00	7.71693e+07
2.95013e+03	5.69332e+02	1.47021e+03	2.64012e+03	7.15298e+00	4.22752e+00	5.21446e+07
3.11968e+03	5.86348e+02	1.42642e+03	2.64487e+03	7.17204e+00	4.23633e+00	3.65240e+07
3.28953e+03	6.02868e+02	1.38262e+03	2.64964e+03	7.19129e+00	4.24526e+00	2.64135e+07
3.45969e+03	6.18894e+02	1.33883e+03	2.65443e+03	7.21071e+00	4.25433e+00	1.96554e+07
3.63016e+03	6.34427e+02	1.29504e+03	2.65924e+03	7.23031e+00	4.26352e+00	1.50067e+07
3.80094e+03	6.49468e+02	1.25124e+03	2.66407e+03	7.25006e+00	4.27283e+00	1.17257e+07
3.97203e+03	6.64020e+02	1.20745e+03	2.66892e+03	7.26996e+00	4.28227e+00	9.35628e+06
4.14342e+03	6.78085e+02	1.16366e+03	2.67379e+03	7.29001e+00	4.29182e+00	7.60932e+06
4.31513e+03	6.91665e+02	1.11987e+03	2.67869e+03	7.31020e+00	4.30148e+00	6.29714e+06
4.48716e+03	7.04763e+02	1.07607e+03	2.68361e+03	7.33051e+00	4.31126e+00	5.29486e+06
4.65950e+03	7.17382e+02	1.03228e+03	2.68854e+03	7.35095e+00	4.32114e+00	4.51764e+06
4.83216e+03	7.29527e+02	9.88486e+02	2.69351e+03	7.37150e+00	4.33113e+00	3.90666e+06
5.00514e+03	7.41202e+02	9.44693e+02	2.69849e+03	7.39216e+00	4.34122e+00	3.42043e+06
5.17843e+03	7.52412e+02	9.00900e+02	2.70350e+03	7.41293e+00	4.35140e+00	3.02916e+06
5.35205e+03	7.63165e+02	8.57106e+02	2.70852e+03	7.43379e+00	4.36168e+00	2.71114e+06
5.52599e+03	7.73468e+02	8.13313e+02	2.71357e+03	7.45474e+00	4.37205e+00	2.45027e+06
5.70026e+03	7.83332e+02	7.69520e+02	2.71864e+03	7.47578e+00	4.38251e+00	2.23449e+06
5.87485e+03	7.92770e+02	7.25727e+02	2.72373e+03	7.49689e+00	4.39304e+00	2.05457e+06
6.04977e+03	8.01796e+02	6.81934e+02	2.72884e+03	7.51808e+00	4.40365e+00	1.90339e+06
6.22502e+03	8.10431e+02	6.38141e+02	2.73396e+03	7.53950e+00	4.41442e+00	1.77529e+06
6.40059e+03	8.18701e+02	5.94348e+02	2.73914e+03	7.56116e+00	4.42533e+00	1.66571e+06
6.57650e+03	8.26641e+02	5.50554e+02	2.74438e+03	7.58307e+00	4.43639e+00	1.57084e+06
6.75274e+03	8.34295e+02	5.06761e+02	2.74966e+03	7.60521e+00	4.44757e+00	1.48737e+06
6.92933e+03	8.41728e+02	4.62968e+02	2.75498e+03	7.62756e+00	4.45887e+00	1.41219e+06
7.10625e+03	8.49030e+02	4.19175e+02	2.76034e+03	7.65007e+00	4.47025e+00	1.34224e+06
7.28352e+03	8.56332e+02	3.75382e+02	2.76574e+03	7.67268e+00	4.48171e+00	1.27415e+06
7.46114e+03	8.63836e+02	3.31589e+02	2.77119e+03	7.69877e+00	4.48936e+00	1.20392e+06
7.46114e+03	8.63836e+02	3.31589e+02	7.02772e+03	2.87204e+00	0.00000e+00	1.00000e+04
8.00170e+03	8.64796e+02	2.94745e+02	7.04287e+03	2.86895e+00	0.00000e+00	1.00000e+04
8.54344e+03	8.65756e+02	2.57902e+02	7.05650e+03	2.92779e+00	0.00000e+00	1.00000e+04
9.08622e+03	8.66715e+02	2.21059e+02	7.06882e+03	2.98565e+00	0.00000e+00	1.00000e+04
9.62995e+03	8.67675e+02	1.84216e+02	7.08002e+03	3.04258e+00	0.00000e+00	1.00000e+04
1.01745e+04	8.68635e+02	1.47373e+02	7.09024e+03	3.09860e+00	0.00000e+00	1.00000e+04
1.07199e+04	8.69595e+02	1.10530e+02	7.09961e+03	3.15374e+00	0.00000e+00	1.00000e+04
1.12660e+04	8.70555e+02	7.36864e+01	7.10823e+03	3.20805e+00	0.00000e+00	1.00000e+04
1.18128e+04	8.71514e+02	3.68432e+01	7.11617e+03	3.26155e+00	0.00000e+00	1.00000e+04
1.23601e+04	8.72474e+02	0.00000e+00	7.12353e+03	3.31427e+00	0.00000e+00	1.00000e+04
