P (MPa)		T (K)		r (km)		rho (kg m-3)	VP (km s-1)	VS (km s-1)	QS/gamma	KS (GPa)	GS (GPa)	
0.00000e+00	9.40000e+01	2.57470e+03	9.32607e+02	3.87821e+00	1.96165e+00	1.43092e+05	9.24000e+00	3.58800e+00
1.98913e+00	1.13794e+02	2.57313e+03	9.32607e+02	3.88095e+00	1.96335e+00	1.64066e+04	9.24655e+00	3.59227e+00
3.97825e+00	1.37756e+02	2.57155e+03	9.32796e+02	3.88458e+00	1.96550e+00	2.74180e+03	9.25309e+00	3.59653e+00
5.96738e+00	1.66764e+02	2.56998e+03	9.32985e+02	3.88975e+00	1.96842e+00	6.25467e+02	9.25960e+00	3.60078e+00
7.95650e+00	2.01880e+02	2.56840e+03	9.33173e+02	3.89748e+00	1.97264e+00	1.84508e+02	9.26609e+00	3.60503e+00
9.94563e+00	2.44390e+02	2.56683e+03	9.33360e+02	3.90901e+00	1.97879e+00	6.73057e+01	9.27256e+00	3.60926e+00
1.19348e+01	2.44420e+02	2.56526e+03	9.33546e+02	3.91024e+00	1.97972e+00	6.72669e+01	9.27901e+00	3.61349e+00
1.39239e+01	2.44449e+02	2.56369e+03	9.33732e+02	3.91145e+00	1.98064e+00	6.72277e+01	9.28544e+00	3.61771e+00
1.59130e+01	2.44479e+02	2.56212e+03	9.33916e+02	3.91267e+00	1.98157e+00	6.71882e+01	9.29185e+00	3.62193e+00
1.79021e+01	2.44510e+02	2.56055e+03	9.34100e+02	3.91388e+00	1.98249e+00	6.71484e+01	9.29824e+00	3.62613e+00
1.98913e+01	2.44540e+02	2.55898e+03	9.34283e+02	3.91508e+00	1.98341e+00	6.71082e+01	9.30461e+00	3.63033e+00
2.18804e+01	2.44571e+02	2.55742e+03	9.34464e+02	3.91628e+00	1.98432e+00	6.70676e+01	9.31096e+00	3.63452e+00
2.38695e+01	2.44602e+02	2.55585e+03	9.34645e+02	3.91747e+00	1.98523e+00	6.70267e+01	9.31729e+00	3.63870e+00
2.58586e+01	2.44634e+02	2.55428e+03	9.34824e+02	3.91866e+00	1.98614e+00	6.69854e+01	9.32359e+00	3.64288e+00
2.78478e+01	2.44666e+02	2.55272e+03	9.35002e+02	3.91985e+00	1.98705e+00	6.69438e+01	9.32988e+00	3.64704e+00
2.98369e+01	2.44698e+02	2.55116e+03	9.35179e+02	3.92103e+00	1.98795e+00	6.69017e+01	9.33615e+00	3.65120e+00
3.18260e+01	2.44730e+02	2.54959e+03	9.35354e+02	3.92220e+00	1.98885e+00	6.68593e+01	9.34239e+00	3.65535e+00
3.38151e+01	2.44763e+02	2.54803e+03	9.35528e+02	3.92337e+00	1.98975e+00	6.68166e+01	9.34862e+00	3.65949e+00
3.58043e+01	2.44796e+02	2.54647e+03	9.35701e+02	3.92454e+00	1.99065e+00	6.67734e+01	9.35482e+00	3.66363e+00
3.77934e+01	2.44829e+02	2.54491e+03	9.35872e+02	3.92570e+00	1.99154e+00	6.67299e+01	9.36100e+00	3.66775e+00
3.97825e+01	2.44863e+02	2.54335e+03	9.36041e+02	3.92686e+00	1.99243e+00	6.66860e+01	9.36717e+00	3.67187e+00
4.17716e+01	2.44897e+02	2.54179e+03	9.36209e+02	3.92802e+00	1.99332e+00	6.66417e+01	9.37331e+00	3.67598e+00
4.37608e+01	2.44932e+02	2.54023e+03	9.36376e+02	3.92917e+00	1.99421e+00	6.65970e+01	9.37943e+00	3.68008e+00
4.57499e+01	2.44966e+02	2.53867e+03	9.36540e+02	3.93031e+00	1.99509e+00	6.65519e+01	9.38553e+00	3.68418e+00
4.77390e+01	2.45001e+02	2.53712e+03	9.36703e+02	3.93146e+00	1.99598e+00	6.65064e+01	9.39161e+00	3.68826e+00
4.97281e+01	2.45037e+02	2.53556e+03	9.36864e+02	3.93259e+00	1.99686e+00	6.64605e+01	9.39767e+00	3.69234e+00
5.17173e+01	2.45072e+02	2.53401e+03	9.37023e+02	3.93373e+00	1.99773e+00	6.64142e+01	9.40371e+00	3.69641e+00
5.37064e+01	2.45109e+02	2.53245e+03	9.37180e+02	3.93486e+00	1.99861e+00	6.63676e+01	9.40973e+00	3.70048e+00
5.56955e+01	2.45145e+02	2.53090e+03	9.37335e+02	3.93599e+00	1.99948e+00	6.63205e+01	9.41573e+00	3.70453e+00
5.76846e+01	2.45182e+02	2.52934e+03	9.37488e+02	3.93711e+00	2.00035e+00	6.62730e+01	9.42171e+00	3.70858e+00
5.96738e+01	2.45219e+02	2.52779e+03	9.37639e+02	3.93823e+00	2.00122e+00	6.62250e+01	9.42766e+00	3.71262e+00
6.16629e+01	2.45256e+02	2.52624e+03	9.37788e+02	3.93935e+00	2.00209e+00	6.61767e+01	9.43360e+00	3.71665e+00
6.36520e+01	2.45294e+02	2.52469e+03	9.37934e+02	3.94046e+00	2.00295e+00	6.61279e+01	9.43952e+00	3.72067e+00
6.56411e+01	2.45333e+02	2.52314e+03	9.38078e+02	3.94157e+00	2.00381e+00	6.60787e+01	9.44541e+00	3.72469e+00
6.76303e+01	2.45371e+02	2.52159e+03	9.38219e+02	3.94267e+00	2.00467e+00	6.60291e+01	9.45129e+00	3.72870e+00
6.96194e+01	2.45410e+02	2.52004e+03	9.38358e+02	3.94378e+00	2.00553e+00	6.59791e+01	9.45714e+00	3.73270e+00
7.16085e+01	2.45450e+02	2.51850e+03	9.38494e+02	3.94488e+00	2.00639e+00	6.59286e+01	9.46298e+00	3.73669e+00
7.35976e+01	2.45489e+02	2.51695e+03	9.38628e+02	3.94597e+00	2.00724e+00	6.58777e+01	9.46879e+00	3.74067e+00
7.55868e+01	2.45530e+02	2.51540e+03	9.38759e+02	3.94706e+00	2.00809e+00	6.58263e+01	9.47458e+00	3.74465e+00
7.75759e+01	2.45570e+02	2.51386e+03	9.38887e+02	3.94815e+00	2.00894e+00	6.57745e+01	9.48035e+00	3.74861e+00
7.95650e+01	2.45611e+02	2.51231e+03	9.39012e+02	3.94924e+00	2.00979e+00	6.57222e+01	9.48611e+00	3.75258e+00
8.15541e+01	2.45653e+02	2.51077e+03	9.39135e+02	3.95032e+00	2.01064e+00	6.56695e+01	9.49184e+00	3.75653e+00
8.35433e+01	2.45694e+02	2.50923e+03	9.39254e+02	3.95140e+00	2.01148e+00	6.56164e+01	9.49755e+00	3.76047e+00
8.55324e+01	2.45736e+02	2.50768e+03	9.39370e+02	3.95248e+00	2.01233e+00	6.55628e+01	9.50324e+00	3.76441e+00
8.75215e+01	2.45779e+02	2.50614e+03	9.39483e+02	3.95356e+00	2.01317e+00	6.55087e+01	9.50890e+00	3.76834e+00
8.95106e+01	2.45822e+02	2.50460e+03	9.39593e+02	3.95463e+00	2.01401e+00	6.54541e+01	9.51455e+00	3.77226e+00
9.14998e+01	2.45865e+02	2.50306e+03	9.39699e+02	3.95570e+00	2.01485e+00	6.53991e+01	9.52018e+00	3.77617e+00
9.34889e+01	2.45909e+02	2.50152e+03	9.39802e+02	3.95677e+00	2.01568e+00	6.53437e+01	9.52579e+00	3.78007e+00
9.54780e+01	2.45954e+02	2.49998e+03	9.39902e+02	3.95783e+00	2.01652e+00	6.52877e+01	9.53138e+00	3.78397e+00
9.74671e+01	2.45998e+02	2.49844e+03	9.39997e+02	3.95889e+00	2.01735e+00	6.52313e+01	9.53694e+00	3.78786e+00
9.94563e+01	2.46043e+02	2.49691e+03	9.40090e+02	3.95995e+00	2.01818e+00	6.51743e+01	9.54249e+00	3.79174e+00
1.01445e+02	2.46089e+02	2.49537e+03	9.40178e+02	3.96100e+00	2.01901e+00	6.51169e+01	9.54801e+00	3.79561e+00
1.03435e+02	2.46135e+02	2.49383e+03	9.40262e+02	3.96206e+00	2.01984e+00	6.50590e+01	9.55352e+00	3.79948e+00
1.05424e+02	2.46182e+02	2.49230e+03	9.40343e+02	3.96311e+00	2.02067e+00	6.50007e+01	9.55900e+00	3.80334e+00
1.07413e+02	2.46228e+02	2.49076e+03	9.40419e+02	3.96416e+00	2.02149e+00	6.49418e+01	9.56446e+00	3.80719e+00
1.09402e+02	2.46276e+02	2.48923e+03	9.40491e+02	3.96520e+00	2.02231e+00	6.48824e+01	9.56991e+00	3.81103e+00
1.11391e+02	2.46324e+02	2.48770e+03	9.40559e+02	3.96625e+00	2.02314e+00	6.48225e+01	9.57533e+00	3.81486e+00
1.13380e+02	2.46372e+02	2.48616e+03	9.40623e+02	3.96729e+00	2.02396e+00	6.47621e+01	9.58073e+00	3.81869e+00
1.15369e+02	2.46421e+02	2.48463e+03	9.40682e+02	3.96833e+00	2.02478e+00	6.47012e+01	9.58611e+00	3.82250e+00
1.17358e+02	2.46470e+02	2.48310e+03	9.40737e+02	3.96936e+00	2.02559e+00	6.46398e+01	9.59147e+00	3.82631e+00
1.19348e+02	2.46520e+02	2.48157e+03	9.40787e+02	3.97040e+00	2.02641e+00	6.45779e+01	9.59681e+00	3.83011e+00
1.21337e+02	2.46570e+02	2.48004e+03	9.40832e+02	3.97143e+00	2.02723e+00	6.45154e+01	9.60213e+00	3.83391e+00
1.23326e+02	2.46621e+02	2.47851e+03	9.40872e+02	3.97246e+00	2.02804e+00	6.44524e+01	9.60743e+00	3.83769e+00
1.25315e+02	2.46672e+02	2.47698e+03	9.40908e+02	3.97349e+00	2.02885e+00	6.43889e+01	9.61271e+00	3.84147e+00
1.27304e+02	2.46724e+02	2.47545e+03	9.40938e+02	3.97451e+00	2.02966e+00	6.43249e+01	9.61797e+00	3.84524e+00
1.29293e+02	2.46776e+02	2.47393e+03	9.40964e+02	3.97554e+00	2.03047e+00	6.42603e+01	9.62320e+00	3.84900e+00
1.31282e+02	2.46829e+02	2.47240e+03	9.40984e+02	3.97656e+00	2.03128e+00	6.41952e+01	9.62842e+00	3.85276e+00
1.33271e+02	2.46882e+02	2.47087e+03	9.40999e+02	3.97758e+00	2.03209e+00	6.41295e+01	9.63362e+00	3.85651e+00
1.35261e+02	2.46936e+02	2.46935e+03	9.41008e+02	3.97860e+00	2.03290e+00	6.40633e+01	9.63879e+00	3.86024e+00
1.37250e+02	2.46990e+02	2.46782e+03	9.41012e+02	3.97961e+00	2.03370e+00	6.39965e+01	9.64395e+00	3.86397e+00
1.39239e+02	2.47045e+02	2.46630e+03	9.41010e+02	3.98062e+00	2.03450e+00	6.39292e+01	9.64908e+00	3.86770e+00
1.41228e+02	2.47101e+02	2.46477e+03	9.41002e+02	3.98164e+00	2.03531e+00	6.38613e+01	9.65419e+00	3.87141e+00
1.43217e+02	2.47157e+02	2.46325e+03	9.40989e+02	3.98265e+00	2.03611e+00	6.37929e+01	9.65929e+00	3.87512e+00
1.45206e+02	2.47213e+02	2.46172e+03	9.40969e+02	3.98365e+00	2.03691e+00	6.37239e+01	9.66436e+00	3.87882e+00
1.47195e+02	2.47270e+02	2.46020e+03	9.40944e+02	3.98466e+00	2.03771e+00	6.36543e+01	9.66941e+00	3.88251e+00
1.49184e+02	2.47328e+02	2.45868e+03	9.40912e+02	3.98566e+00	2.03850e+00	6.35841e+01	9.67444e+00	3.88619e+00
1.51174e+02	2.47386e+02	2.45716e+03	9.40874e+02	3.98667e+00	2.03930e+00	6.35134e+01	9.67945e+00	3.88987e+00
1.53163e+02	2.47445e+02	2.45564e+03	9.40830e+02	3.98767e+00	2.04009e+00	6.34421e+01	9.68444e+00	3.89353e+00
1.55152e+02	2.47504e+02	2.45412e+03	9.40780e+02	3.98866e+00	2.04089e+00	6.33702e+01	9.68941e+00	3.89719e+00
1.57141e+02	2.47564e+02	2.45260e+03	9.40723e+02	3.98966e+00	2.04168e+00	6.32977e+01	9.69436e+00	3.90085e+00
1.59130e+02	2.47624e+02	2.45108e+03	9.40659e+02	3.99066e+00	2.04247e+00	6.32247e+01	9.69929e+00	3.90449e+00
1.61119e+02	2.47686e+02	2.44956e+03	9.40589e+02	3.99165e+00	2.04326e+00	6.31510e+01	9.70420e+00	3.90812e+00
1.63108e+02	2.47747e+02	2.44804e+03	9.40512e+02	3.99264e+00	2.04405e+00	6.30767e+01	9.70909e+00	3.91175e+00
1.65097e+02	2.47810e+02	2.44652e+03	9.40429e+02	3.99363e+00	2.04484e+00	6.30018e+01	9.71395e+00	3.91537e+00
1.67087e+02	2.47872e+02	2.44500e+03	9.40338e+02	3.99462e+00	2.04563e+00	6.29263e+01	9.71880e+00	3.91898e+00
1.69076e+02	2.47936e+02	2.44349e+03	9.40241e+02	3.99560e+00	2.04642e+00	6.28502e+01	9.72362e+00	3.92259e+00
1.71065e+02	2.48000e+02	2.44197e+03	9.40137e+02	3.99659e+00	2.04720e+00	6.27735e+01	9.72843e+00	3.92618e+00
1.73054e+02	2.48065e+02	2.44045e+03	9.40026e+02	3.99757e+00	2.04799e+00	6.26962e+01	9.73321e+00	3.92977e+00
1.75043e+02	2.48130e+02	2.43894e+03	9.39908e+02	3.99855e+00	2.04877e+00	6.26182e+01	9.73798e+00	3.93335e+00
1.77032e+02	2.48196e+02	2.43742e+03	9.39783e+02	3.99953e+00	2.04955e+00	6.25397e+01	9.74272e+00	3.93692e+00
1.79021e+02	2.48263e+02	2.43591e+03	9.39651e+02	4.00051e+00	2.05033e+00	6.24604e+01	9.74744e+00	3.94049e+00
1.81010e+02	2.48331e+02	2.43439e+03	9.39512e+02	4.00149e+00	2.05111e+00	6.23806e+01	9.75215e+00	3.94405e+00
1.83000e+02	2.48399e+02	2.43288e+03	9.39366e+02	4.00246e+00	2.05189e+00	6.23001e+01	9.75683e+00	3.94759e+00
1.84989e+02	2.48467e+02	2.43136e+03	9.39213e+02	4.00343e+00	2.05267e+00	6.22190e+01	9.76149e+00	3.95113e+00
1.86978e+02	2.48537e+02	2.42985e+03	9.39054e+02	4.00440e+00	2.05345e+00	6.21372e+01	9.76613e+00	3.95467e+00
1.88967e+02	2.48607e+02	2.42834e+03	9.38887e+02	4.00537e+00	2.05422e+00	6.20548e+01	9.77075e+00	3.95819e+00
1.90956e+02	2.48678e+02	2.42682e+03	9.38714e+02	4.00634e+00	2.05500e+00	6.19717e+01	9.77535e+00	3.96171e+00
1.92945e+02	2.48749e+02	2.42531e+03	9.38534e+02	4.00731e+00	2.05577e+00	6.18879e+01	9.77993e+00	3.96522e+00
1.94934e+02	2.48821e+02	2.42380e+03	9.38347e+02	4.00827e+00	2.05654e+00	6.18035e+01	9.78448e+00	3.96872e+00
1.96923e+02	2.51500e+02	2.42228e+03	9.38154e+02	4.00996e+00	2.05769e+00	5.87834e+01	9.78902e+00	3.97221e+00
2.00486e+02	2.51499e+02	2.42013e+03	1.18094e+03	1.83756e+00	0.00000e+00	0.00000e+00	3.98758e+00	0.00000e+00
2.04048e+02	2.51498e+02	2.41798e+03	1.18199e+03	1.84350e+00	0.00000e+00	0.00000e+00	4.01696e+00	0.00000e+00
2.07611e+02	2.51498e+02	2.41584e+03	1.18303e+03	1.84940e+00	0.00000e+00	0.00000e+00	4.04627e+00	0.00000e+00
2.11173e+02	2.51498e+02	2.41369e+03	1.18406e+03	1.85525e+00	0.00000e+00	0.00000e+00	4.07549e+00	0.00000e+00
2.14735e+02	2.51499e+02	2.41155e+03	1.18509e+03	1.86106e+00	0.00000e+00	0.00000e+00	4.10462e+00	0.00000e+00
2.18298e+02	2.51501e+02	2.40941e+03	1.18611e+03	1.86683e+00	0.00000e+00	0.00000e+00	4.13366e+00	0.00000e+00
2.21860e+02	2.51503e+02	2.40728e+03	1.18713e+03	1.87255e+00	0.00000e+00	0.00000e+00	4.16260e+00	0.00000e+00
2.25423e+02	2.51507e+02	2.40514e+03	1.18814e+03	1.87822e+00	0.00000e+00	0.00000e+00	4.19142e+00	0.00000e+00
2.28985e+02	2.51510e+02	2.40301e+03	1.18915e+03	1.88384e+00	0.00000e+00	0.00000e+00	4.22013e+00	0.00000e+00
2.32547e+02	2.51515e+02	2.40088e+03	1.19014e+03	1.88942e+00	0.00000e+00	0.00000e+00	4.24872e+00	0.00000e+00
2.36110e+02	2.51520e+02	2.39876e+03	1.19114e+03	1.89495e+00	0.00000e+00	0.00000e+00	4.27719e+00	0.00000e+00
2.39672e+02	2.51525e+02	2.39663e+03	1.19212e+03	1.90044e+00	0.00000e+00	0.00000e+00	4.30557e+00	0.00000e+00
2.43235e+02	2.51531e+02	2.39451e+03	1.19311e+03	1.90589e+00	0.00000e+00	0.00000e+00	4.33387e+00	0.00000e+00
2.46797e+02	2.51538e+02	2.39239e+03	1.19408e+03	1.91131e+00	0.00000e+00	0.00000e+00	4.36210e+00	0.00000e+00
2.50359e+02	2.51546e+02	2.39027e+03	1.19505e+03	1.91669e+00	0.00000e+00	0.00000e+00	4.39027e+00	0.00000e+00
2.53922e+02	2.51554e+02	2.38815e+03	1.19602e+03	1.92205e+00	0.00000e+00	0.00000e+00	4.41841e+00	0.00000e+00
2.57484e+02	2.51563e+02	2.38604e+03	1.19698e+03	1.92737e+00	0.00000e+00	0.00000e+00	4.44649e+00	0.00000e+00
2.61046e+02	2.51572e+02	2.38393e+03	1.19794e+03	1.93266e+00	0.00000e+00	0.00000e+00	4.47450e+00	0.00000e+00
2.64609e+02	2.51582e+02	2.38182e+03	1.19889e+03	1.93791e+00	0.00000e+00	0.00000e+00	4.50243e+00	0.00000e+00
2.68171e+02	2.51593e+02	2.37971e+03	1.19983e+03	1.94312e+00	0.00000e+00	0.00000e+00	4.53024e+00	0.00000e+00
2.71734e+02	2.51605e+02	2.37761e+03	1.20077e+03	1.94828e+00	0.00000e+00	0.00000e+00	4.55790e+00	0.00000e+00
2.75296e+02	2.51617e+02	2.37551e+03	1.20171e+03	1.95339e+00	0.00000e+00	0.00000e+00	4.58539e+00	0.00000e+00
2.78858e+02	2.51629e+02	2.37341e+03	1.20264e+03	1.95844e+00	0.00000e+00	0.00000e+00	4.61271e+00	0.00000e+00
2.82421e+02	2.51643e+02	2.37131e+03	1.20356e+03	1.96344e+00	0.00000e+00	0.00000e+00	4.63987e+00	0.00000e+00
2.85983e+02	2.51657e+02	2.36921e+03	1.20448e+03	1.96840e+00	0.00000e+00	0.00000e+00	4.66688e+00	0.00000e+00
2.89546e+02	2.51672e+02	2.36712e+03	1.20540e+03	1.97331e+00	0.00000e+00	0.00000e+00	4.69376e+00	0.00000e+00
2.93108e+02	2.51687e+02	2.36503e+03	1.20631e+03	1.97818e+00	0.00000e+00	0.00000e+00	4.72055e+00	0.00000e+00
2.96670e+02	2.51703e+02	2.36294e+03	1.20722e+03	1.98303e+00	0.00000e+00	0.00000e+00	4.74728e+00	0.00000e+00
3.00233e+02	2.51720e+02	2.36085e+03	1.20812e+03	1.98785e+00	0.00000e+00	0.00000e+00	4.77397e+00	0.00000e+00
3.03795e+02	2.51737e+02	2.35877e+03	1.20902e+03	1.99265e+00	0.00000e+00	0.00000e+00	4.80063e+00	0.00000e+00
3.07358e+02	2.51755e+02	2.35668e+03	1.20992e+03	1.99743e+00	0.00000e+00	0.00000e+00	4.82726e+00	0.00000e+00
3.10920e+02	2.51773e+02	2.35460e+03	1.21081e+03	2.00219e+00	0.00000e+00	0.00000e+00	4.85386e+00	0.00000e+00
3.14482e+02	2.51792e+02	2.35252e+03	1.21170e+03	2.00693e+00	0.00000e+00	0.00000e+00	4.88041e+00	0.00000e+00
3.18045e+02	2.52343e+02	2.35039e+03	1.18095e+03	3.73091e+00	2.01253e+00	1.08939e+02	1.00609e+01	4.78319e+00
3.21607e+02	2.52396e+02	2.34826e+03	1.18146e+03	3.73510e+00	2.01700e+00	1.08817e+02	1.00739e+01	4.80653e+00
3.25170e+02	2.52450e+02	2.34613e+03	1.18197e+03	3.73929e+00	2.02145e+00	1.08696e+02	1.00869e+01	4.82986e+00
3.28732e+02	2.52503e+02	2.34400e+03	1.18248e+03	3.74348e+00	2.02590e+00	1.08575e+02	1.00999e+01	4.85319e+00
3.32294e+02	2.52592e+02	2.34188e+03	1.18294e+03	3.74772e+00	2.03036e+00	1.08373e+02	1.01129e+01	4.87653e+00
3.35857e+02	2.52686e+02	2.33975e+03	1.18340e+03	3.75196e+00	2.03482e+00	1.08162e+02	1.01259e+01	4.89986e+00
3.39419e+02	2.52779e+02	2.33763e+03	1.18386e+03	3.75620e+00	2.03926e+00	1.07952e+02	1.01389e+01	4.92320e+00
3.42982e+02	2.52873e+02	2.33551e+03	1.18431e+03	3.76044e+00	2.04370e+00	1.07742e+02	1.01519e+01	4.94653e+00
3.46544e+02	2.52966e+02	2.33339e+03	1.18476e+03	3.76468e+00	2.04813e+00	1.07533e+02	1.01649e+01	4.96986e+00
3.50106e+02	2.53060e+02	2.33127e+03	1.18520e+03	3.76892e+00	2.05255e+00	1.07324e+02	1.01779e+01	4.99320e+00
3.53669e+02	2.53154e+02	2.32924e+03	1.23456e+03	4.17528e+00	2.20791e+00	1.23988e+02	1.34976e+01	6.01830e+00
3.57231e+02	2.53329e+02	2.32721e+03	1.23515e+03	4.17636e+00	2.20797e+00	1.23988e+02	1.35147e+01	6.02151e+00
3.60793e+02	2.53527e+02	2.32518e+03	1.23573e+03	4.17744e+00	2.20804e+00	1.23988e+02	1.35318e+01	6.02471e+00
3.64356e+02	2.53725e+02	2.32315e+03	1.23631e+03	4.17853e+00	2.20810e+00	1.23988e+02	1.35489e+01	6.02792e+00
3.67918e+02	2.53923e+02	2.32112e+03	1.23689e+03	4.17961e+00	2.20817e+00	1.23988e+02	1.35660e+01	6.03113e+00
3.71481e+02	2.54121e+02	2.31909e+03	1.23747e+03	4.18071e+00	2.20825e+00	1.23988e+02	1.35831e+01	6.03433e+00
3.75043e+02	2.54319e+02	2.31707e+03	1.23804e+03	4.18180e+00	2.20832e+00	1.23988e+02	1.36002e+01	6.03754e+00
3.78605e+02	2.54517e+02	2.31505e+03	1.23861e+03	4.18291e+00	2.20840e+00	1.23988e+02	1.36173e+01	6.04074e+00
3.82168e+02	2.54717e+02	2.31303e+03	1.23918e+03	4.18401e+00	2.20848e+00	1.23988e+02	1.36344e+01	6.04395e+00
3.85730e+02	2.54917e+02	2.31101e+03	1.23974e+03	4.18512e+00	2.20856e+00	1.23988e+02	1.36515e+01	6.04716e+00
3.89293e+02	2.55117e+02	2.30899e+03	1.24030e+03	4.18623e+00	2.20865e+00	1.23988e+02	1.36686e+01	6.05036e+00
3.92855e+02	2.55318e+02	2.30697e+03	1.24086e+03	4.18735e+00	2.20874e+00	1.23988e+02	1.36857e+01	6.05357e+00
3.96417e+02	2.55518e+02	2.30496e+03	1.24142e+03	4.18847e+00	2.20883e+00	1.23988e+02	1.37028e+01	6.05678e+00
3.99980e+02	2.55718e+02	2.30294e+03	1.24197e+03	4.18959e+00	2.20892e+00	1.23988e+02	1.37199e+01	6.05998e+00
4.03542e+02	2.55919e+02	2.30093e+03	1.24252e+03	4.19072e+00	2.20902e+00	1.23988e+02	1.37370e+01	6.06319e+00
4.07105e+02	2.56117e+02	2.29892e+03	1.24306e+03	4.19185e+00	2.20912e+00	1.23988e+02	1.37541e+01	6.06639e+00
4.10667e+02	2.56315e+02	2.29691e+03	1.24360e+03	4.19299e+00	2.20922e+00	1.23988e+02	1.37712e+01	6.06960e+00
4.14229e+02	2.56513e+02	2.29490e+03	1.24414e+03	4.19413e+00	2.20932e+00	1.23988e+02	1.37883e+01	6.07281e+00
4.17792e+02	2.56710e+02	2.29289e+03	1.24468e+03	4.19527e+00	2.20943e+00	1.23988e+02	1.38054e+01	6.07601e+00
4.21354e+02	2.56908e+02	2.29089e+03	1.24521e+03	4.19642e+00	2.20954e+00	1.23988e+02	1.38225e+01	6.07922e+00
4.24917e+02	2.57105e+02	2.28889e+03	1.24574e+03	4.19757e+00	2.20965e+00	1.23988e+02	1.38396e+01	6.08242e+00
4.28479e+02	2.57303e+02	2.28688e+03	1.24627e+03	4.19873e+00	2.20977e+00	1.23988e+02	1.38567e+01	6.08563e+00
4.32041e+02	2.57498e+02	2.28488e+03	1.24679e+03	4.19989e+00	2.20989e+00	1.23988e+02	1.38738e+01	6.08884e+00
4.35604e+02	2.57690e+02	2.28288e+03	1.24731e+03	4.20105e+00	2.21001e+00	1.23988e+02	1.38909e+01	6.09204e+00
4.39166e+02	2.57882e+02	2.28088e+03	1.24783e+03	4.20222e+00	2.21013e+00	1.23988e+02	1.39080e+01	6.09525e+00
4.42728e+02	2.58075e+02	2.27889e+03	1.24834e+03	4.20339e+00	2.21026e+00	1.23988e+02	1.39251e+01	6.09846e+00
4.46291e+02	2.58267e+02	2.27689e+03	1.24885e+03	4.20457e+00	2.21039e+00	1.23988e+02	1.39422e+01	6.10166e+00
4.49853e+02	2.58459e+02	2.27490e+03	1.24936e+03	4.20575e+00	2.21052e+00	1.23988e+02	1.39593e+01	6.10487e+00
4.53416e+02	2.58651e+02	2.27290e+03	1.24986e+03	4.20694e+00	2.21065e+00	1.23988e+02	1.39764e+01	6.10807e+00
4.56978e+02	2.58841e+02	2.27091e+03	1.25037e+03	4.20812e+00	2.21079e+00	1.23988e+02	1.39935e+01	6.11128e+00
4.60540e+02	2.59026e+02	2.26892e+03	1.25086e+03	4.20932e+00	2.21093e+00	1.23988e+02	1.40106e+01	6.11449e+00
4.64103e+02	2.59212e+02	2.26693e+03	1.25136e+03	4.21051e+00	2.21107e+00	1.23988e+02	1.40277e+01	6.11769e+00
4.67665e+02	2.59397e+02	2.26495e+03	1.25185e+03	4.21171e+00	2.21122e+00	1.23988e+02	1.40448e+01	6.12090e+00
4.71228e+02	2.59582e+02	2.26296e+03	1.25234e+03	4.21292e+00	2.21136e+00	1.23988e+02	1.40619e+01	6.12410e+00
4.74790e+02	2.59768e+02	2.26098e+03	1.25282e+03	4.21413e+00	2.21151e+00	1.23988e+02	1.40790e+01	6.12731e+00
4.78352e+02	2.59953e+02	2.25899e+03	1.25331e+03	4.21534e+00	2.21167e+00	1.23988e+02	1.40961e+01	6.13052e+00
4.81915e+02	2.60137e+02	2.25701e+03	1.25379e+03	4.21656e+00	2.21182e+00	1.23988e+02	1.41132e+01	6.13372e+00
4.85477e+02	2.60314e+02	2.25503e+03	1.25426e+03	4.21778e+00	2.21198e+00	1.23988e+02	1.41303e+01	6.13693e+00
4.89040e+02	2.60492e+02	2.25305e+03	1.25473e+03	4.21900e+00	2.21214e+00	1.23988e+02	1.41474e+01	6.14014e+00
4.92602e+02	2.60670e+02	2.25108e+03	1.25520e+03	4.22023e+00	2.21231e+00	1.23988e+02	1.41645e+01	6.14334e+00
4.96164e+02	2.60848e+02	2.24910e+03	1.25567e+03	4.22146e+00	2.21247e+00	1.23988e+02	1.41816e+01	6.14655e+00
4.99727e+02	2.61026e+02	2.24712e+03	1.25613e+03	4.22270e+00	2.21264e+00	1.23988e+02	1.41987e+01	6.14975e+00
5.03289e+02	2.61204e+02	2.24515e+03	1.25659e+03	4.22394e+00	2.21281e+00	1.23988e+02	1.42158e+01	6.15296e+00
5.06852e+02	2.61381e+02	2.24318e+03	1.25705e+03	4.22519e+00	2.21299e+00	1.23988e+02	1.42329e+01	6.15617e+00
5.10414e+02	2.61551e+02	2.24121e+03	1.25750e+03	4.22644e+00	2.21316e+00	1.23988e+02	1.42500e+01	6.15937e+00
5.13976e+02	2.61721e+02	2.23924e+03	1.25795e+03	4.22769e+00	2.21334e+00	1.23988e+02	1.42671e+01	6.16258e+00
5.17539e+02	2.61891e+02	2.23727e+03	1.25840e+03	4.22895e+00	2.21353e+00	1.23988e+02	1.42842e+01	6.16578e+00
5.21101e+02	2.62061e+02	2.23530e+03	1.25884e+03	4.23021e+00	2.21371e+00	1.23988e+02	1.43013e+01	6.16899e+00
5.24664e+02	2.62231e+02	2.23334e+03	1.25929e+03	4.23147e+00	2.21390e+00	1.23988e+02	1.43184e+01	6.17220e+00
5.28226e+02	2.62401e+02	2.23137e+03	1.25972e+03	4.23274e+00	2.21409e+00	1.23988e+02	1.43355e+01	6.17540e+00
5.31788e+02	2.62571e+02	2.22941e+03	1.26016e+03	4.23402e+00	2.21428e+00	1.23988e+02	1.43526e+01	6.17861e+00
5.35351e+02	2.62733e+02	2.22745e+03	1.26059e+03	4.23529e+00	2.21448e+00	1.23988e+02	1.43697e+01	6.18182e+00
5.38913e+02	2.62896e+02	2.22549e+03	1.26102e+03	4.23657e+00	2.21467e+00	1.23988e+02	1.43868e+01	6.18502e+00
5.42475e+02	2.63058e+02	2.22353e+03	1.26144e+03	4.23786e+00	2.21487e+00	1.23988e+02	1.44039e+01	6.18823e+00
5.46038e+02	2.63220e+02	2.22157e+03	1.26187e+03	4.23915e+00	2.21508e+00	1.23988e+02	1.44210e+01	6.19143e+00
5.49600e+02	2.63382e+02	2.21961e+03	1.26229e+03	4.24044e+00	2.21528e+00	1.23988e+02	1.44381e+01	6.19464e+00
5.53163e+02	2.63545e+02	2.21766e+03	1.26270e+03	4.24174e+00	2.21549e+00	1.23988e+02	1.44552e+01	6.19785e+00
5.56725e+02	2.63707e+02	2.21570e+03	1.26311e+03	4.24304e+00	2.21570e+00	1.23988e+02	1.44723e+01	6.20105e+00
5.60287e+02	2.63862e+02	2.21375e+03	1.26352e+03	4.24435e+00	2.21592e+00	1.23988e+02	1.44894e+01	6.20426e+00
5.63850e+02	2.64017e+02	2.21180e+03	1.26393e+03	4.24565e+00	2.21613e+00	1.23988e+02	1.45065e+01	6.20746e+00
5.67412e+02	2.64171e+02	2.20985e+03	1.26434e+03	4.24697e+00	2.21635e+00	1.23988e+02	1.45236e+01	6.21067e+00
5.70975e+02	2.64326e+02	2.20790e+03	1.26474e+03	4.24828e+00	2.21657e+00	1.23988e+02	1.45407e+01	6.21388e+00
5.74537e+02	2.64480e+02	2.20595e+03	1.26513e+03	4.24960e+00	2.21679e+00	1.23988e+02	1.45578e+01	6.21708e+00
5.78099e+02	2.64635e+02	2.20400e+03	1.26553e+03	4.25093e+00	2.21702e+00	1.23988e+02	1.45749e+01	6.22029e+00
5.81662e+02	2.64790e+02	2.20206e+03	1.26592e+03	4.25226e+00	2.21725e+00	1.23988e+02	1.45920e+01	6.22350e+00
5.85224e+02	2.64938e+02	2.20011e+03	1.26631e+03	4.25359e+00	2.21748e+00	1.23988e+02	1.46091e+01	6.22670e+00
5.88787e+02	2.65085e+02	2.19817e+03	1.26669e+03	4.25493e+00	2.21771e+00	1.23988e+02	1.46262e+01	6.22991e+00
5.92349e+02	2.65232e+02	2.19623e+03	1.26708e+03	4.25626e+00	2.21795e+00	1.23988e+02	1.46433e+01	6.23311e+00
5.95911e+02	2.65379e+02	2.19429e+03	1.26746e+03	4.25761e+00	2.21818e+00	1.23988e+02	1.46604e+01	6.23632e+00
5.99474e+02	2.65526e+02	2.19235e+03	1.26783e+03	4.25896e+00	2.21843e+00	1.23988e+02	1.46775e+01	6.23953e+00
6.03036e+02	2.65673e+02	2.19041e+03	1.26821e+03	4.26031e+00	2.21867e+00	1.23988e+02	1.46946e+01	6.24273e+00
6.06599e+02	2.65820e+02	2.18848e+03	1.26858e+03	4.26166e+00	2.21891e+00	1.23988e+02	1.47117e+01	6.24594e+00
6.10161e+02	2.65962e+02	2.18654e+03	1.26894e+03	4.26302e+00	2.21916e+00	1.23988e+02	1.47288e+01	6.24914e+00
6.13723e+02	2.66101e+02	2.18461e+03	1.26931e+03	4.26438e+00	2.21941e+00	1.23988e+02	1.47459e+01	6.25235e+00
6.17286e+02	2.66241e+02	2.18267e+03	1.26967e+03	4.26575e+00	2.21966e+00	1.23988e+02	1.47630e+01	6.25556e+00
6.20848e+02	2.66381e+02	2.18074e+03	1.27003e+03	4.26712e+00	2.21992e+00	1.23988e+02	1.47801e+01	6.25876e+00
6.24411e+02	2.66520e+02	2.17881e+03	1.27039e+03	4.26849e+00	2.22018e+00	1.23988e+02	1.47972e+01	6.26197e+00
6.27973e+02	2.66660e+02	2.17688e+03	1.27074e+03	4.26987e+00	2.22044e+00	1.23988e+02	1.48143e+01	6.26518e+00
6.31535e+02	2.66800e+02	2.17496e+03	1.27109e+03	4.27125e+00	2.22070e+00	1.23988e+02	1.48314e+01	6.26838e+00
6.35098e+02	2.66992e+02	2.17303e+03	1.27143e+03	4.27264e+00	2.22097e+00	1.23988e+02	1.48485e+01	6.27159e+00
6.38660e+02	2.67218e+02	2.17123e+03	1.36475e+03	4.40152e+00	2.25113e+00	1.47623e+02	1.72185e+01	6.91598e+00
6.42222e+02	2.67444e+02	2.16944e+03	1.36490e+03	4.40367e+00	2.25274e+00	1.46930e+02	1.72331e+01	6.92667e+00
6.45785e+02	2.67669e+02	2.16765e+03	1.36506e+03	4.40583e+00	2.25435e+00	1.46242e+02	1.72477e+01	6.93735e+00
6.49347e+02	2.67895e+02	2.16585e+03	1.36521e+03	4.40798e+00	2.25596e+00	1.45558e+02	1.72623e+01	6.94804e+00
6.52910e+02	2.68121e+02	2.16406e+03	1.36536e+03	4.41013e+00	2.25757e+00	1.44878e+02	1.72769e+01	6.95873e+00
6.56472e+02	2.68346e+02	2.16227e+03	1.36551e+03	4.41228e+00	2.25918e+00	1.44203e+02	1.72915e+01	6.96942e+00
6.60034e+02	2.68582e+02	2.16048e+03	1.36566e+03	4.41444e+00	2.26079e+00	1.43502e+02	1.73061e+01	6.98010e+00
6.63597e+02	2.68827e+02	2.15869e+03	1.36581e+03	4.41659e+00	2.26239e+00	1.42777e+02	1.73207e+01	6.99079e+00
6.67159e+02	2.69073e+02	2.15690e+03	1.36596e+03	4.41874e+00	2.26400e+00	1.42058e+02	1.73354e+01	7.00148e+00
6.70722e+02	2.69318e+02	2.15511e+03	1.36610e+03	4.42089e+00	2.26561e+00	1.41343e+02	1.73500e+01	7.01216e+00
6.74284e+02	2.69563e+02	2.15333e+03	1.36625e+03	4.42304e+00	2.26721e+00	1.40634e+02	1.73646e+01	7.02285e+00
6.77846e+02	2.69809e+02	2.15154e+03	1.36639e+03	4.42519e+00	2.26881e+00	1.39929e+02	1.73792e+01	7.03354e+00
6.81409e+02	2.70054e+02	2.14975e+03	1.36654e+03	4.42735e+00	2.27042e+00	1.39229e+02	1.73938e+01	7.04423e+00
6.84971e+02	2.70295e+02	2.14797e+03	1.36668e+03	4.42950e+00	2.27202e+00	1.38545e+02	1.74084e+01	7.05491e+00
6.88534e+02	2.70530e+02	2.14618e+03	1.36683e+03	4.43164e+00	2.27362e+00	1.37885e+02	1.74230e+01	7.06560e+00
6.92096e+02	2.70764e+02	2.14440e+03	1.36697e+03	4.43379e+00	2.27522e+00	1.37228e+02	1.74376e+01	7.07629e+00
6.95658e+02	2.70999e+02	2.14261e+03	1.36712e+03	4.43594e+00	2.27682e+00	1.36576e+02	1.74522e+01	7.08698e+00
6.99221e+02	2.71233e+02	2.14083e+03	1.36726e+03	4.43809e+00	2.27841e+00	1.35928e+02	1.74668e+01	7.09766e+00
7.02783e+02	2.71468e+02	2.13905e+03	1.36740e+03	4.44023e+00	2.28001e+00	1.35285e+02	1.74814e+01	7.10835e+00
7.06346e+02	2.71703e+02	2.13726e+03	1.36754e+03	4.44238e+00	2.28161e+00	1.34645e+02	1.74960e+01	7.11904e+00
7.09908e+02	2.71934e+02	2.13548e+03	1.36768e+03	4.44453e+00	2.28320e+00	1.34018e+02	1.75106e+01	7.12972e+00
7.13470e+02	2.72159e+02	2.13370e+03	1.36782e+03	4.44667e+00	2.28479e+00	1.33414e+02	1.75252e+01	7.14041e+00
7.17033e+02	2.72383e+02	2.13192e+03	1.36796e+03	4.44882e+00	2.28639e+00	1.32813e+02	1.75398e+01	7.15110e+00
7.20595e+02	2.72608e+02	2.13014e+03	1.36810e+03	4.45096e+00	2.28798e+00	1.32216e+02	1.75544e+01	7.16179e+00
7.24157e+02	2.72833e+02	2.12836e+03	1.36824e+03	4.45310e+00	2.28957e+00	1.31623e+02	1.75690e+01	7.17247e+00
7.27720e+02	2.73057e+02	2.12659e+03	1.36838e+03	4.45525e+00	2.29116e+00	1.31033e+02	1.75837e+01	7.18316e+00
7.31282e+02	2.73282e+02	2.12481e+03	1.36851e+03	4.45739e+00	2.29275e+00	1.30447e+02	1.75983e+01	7.19385e+00
7.34845e+02	2.73504e+02	2.12303e+03	1.36865e+03	4.45953e+00	2.29434e+00	1.29869e+02	1.76129e+01	7.20453e+00
7.38407e+02	2.73719e+02	2.12125e+03	1.36878e+03	4.46167e+00	2.29592e+00	1.29315e+02	1.76275e+01	7.21522e+00
7.41969e+02	2.73935e+02	2.11948e+03	1.36892e+03	4.46381e+00	2.29751e+00	1.28763e+02	1.76421e+01	7.22591e+00
7.45532e+02	2.74150e+02	2.11770e+03	1.36906e+03	4.46596e+00	2.29909e+00	1.28215e+02	1.76567e+01	7.23660e+00
7.49094e+02	2.74365e+02	2.11593e+03	1.36919e+03	4.46810e+00	2.30068e+00	1.27670e+02	1.76713e+01	7.24728e+00
7.52657e+02	2.74580e+02	2.11416e+03	1.36932e+03	4.47024e+00	2.30226e+00	1.27128e+02	1.76859e+01	7.25797e+00
7.56219e+02	2.74795e+02	2.11238e+03	1.36946e+03	4.47237e+00	2.30384e+00	1.26590e+02	1.77005e+01	7.26866e+00
7.59781e+02	2.75009e+02	2.11061e+03	1.36959e+03	4.47451e+00	2.30543e+00	1.26056e+02	1.77151e+01	7.27934e+00
7.63344e+02	2.75216e+02	2.10884e+03	1.36972e+03	4.47665e+00	2.30701e+00	1.25545e+02	1.77297e+01	7.29003e+00
7.66906e+02	2.75422e+02	2.10707e+03	1.36985e+03	4.47879e+00	2.30859e+00	1.25037e+02	1.77443e+01	7.30072e+00
7.70469e+02	2.75628e+02	2.10530e+03	1.36998e+03	4.48093e+00	2.31016e+00	1.24532e+02	1.77589e+01	7.31141e+00
7.74031e+02	2.75835e+02	2.10353e+03	1.37011e+03	4.48306e+00	2.31174e+00	1.24030e+02	1.77735e+01	7.32209e+00
7.77593e+02	2.76041e+02	2.10176e+03	1.37024e+03	4.48520e+00	2.31332e+00	1.23530e+02	1.77881e+01	7.33278e+00
7.81156e+02	2.76247e+02	2.10000e+03	1.37037e+03	4.48733e+00	2.31490e+00	1.23033e+02	1.78027e+01	7.34347e+00
7.84718e+02	2.76453e+02	2.09823e+03	1.37050e+03	4.48947e+00	2.31647e+00	1.22539e+02	1.78173e+01	7.35415e+00
7.88281e+02	2.76652e+02	2.09646e+03	1.37063e+03	4.49160e+00	2.31805e+00	1.22067e+02	1.78320e+01	7.36484e+00
7.91843e+02	2.76850e+02	2.09470e+03	1.37075e+03	4.49374e+00	2.31962e+00	1.21598e+02	1.78466e+01	7.37553e+00
7.95405e+02	2.77048e+02	2.09293e+03	1.37088e+03	4.49587e+00	2.32119e+00	1.21131e+02	1.78612e+01	7.38622e+00
7.98968e+02	2.77246e+02	2.09117e+03	1.37101e+03	4.49801e+00	2.32276e+00	1.20666e+02	1.78758e+01	7.39690e+00
8.02530e+02	2.77444e+02	2.08940e+03	1.37113e+03	4.50014e+00	2.32433e+00	1.20204e+02	1.78904e+01	7.40759e+00
8.06093e+02	2.77642e+02	2.08764e+03	1.37126e+03	4.50227e+00	2.32591e+00	1.19745e+02	1.79050e+01	7.41828e+00
8.09655e+02	2.77840e+02	2.08588e+03	1.37138e+03	4.50440e+00	2.32747e+00	1.19288e+02	1.79196e+01	7.42896e+00
8.13217e+02	2.78032e+02	2.08412e+03	1.37151e+03	4.50654e+00	2.32904e+00	1.18848e+02	1.79342e+01	7.43965e+00
8.16780e+02	2.78222e+02	2.08236e+03	1.37163e+03	4.50867e+00	2.33061e+00	1.18413e+02	1.79488e+01	7.45034e+00
8.20342e+02	2.78413e+02	2.08060e+03	2.75413e+03	7.30078e+00	4.01551e+00	6.04499e+13	8.75875e+01	4.44085e+01
9.92952e+02	2.80730e+02	2.03814e+03	2.75413e+03	7.30445e+00	4.01075e+00	7.30348e+13	8.81250e+01	4.44287e+01
1.16556e+03	2.83000e+02	1.99567e+03	2.76192e+03	7.31103e+00	4.00651e+00	8.78812e+13	8.87610e+01	4.44573e+01
1.33866e+03	2.85223e+02	1.95321e+03	2.76954e+03	7.30341e+00	3.99669e+00	1.05465e+14	8.89872e+01	4.43621e+01
1.51224e+03	2.87397e+02	1.91075e+03	2.77722e+03	7.30672e+00	3.99137e+00	1.26240e+14	8.95221e+01	4.43647e+01
1.68630e+03	2.89524e+02	1.86829e+03	2.78479e+03	7.31739e+00	3.98910e+00	1.50733e+14	9.02660e+01	4.44332e+01
1.86083e+03	2.91602e+02	1.82583e+03	2.79226e+03	7.30857e+00	3.97927e+00	1.79545e+14	9.04415e+01	4.43339e+01
2.03583e+03	2.93633e+02	1.78337e+03	2.79981e+03	7.31533e+00	3.97567e+00	2.13365e+14	9.10653e+01	4.43710e+01
2.21130e+03	2.95617e+02	1.74091e+03	2.80723e+03	7.31545e+00	3.96960e+00	2.52986e+14	9.14915e+01	4.43525e+01
2.38724e+03	2.97552e+02	1.69845e+03	2.81464e+03	7.32163e+00	3.96601e+00	2.99308e+14	9.20927e+01	4.43878e+01
2.56364e+03	2.99440e+02	1.65599e+03	2.82199e+03	7.32825e+00	3.96270e+00	3.53361e+14	9.27052e+01	4.44285e+01
2.74051e+03	3.01280e+02	1.61352e+03	2.82930e+03	7.33816e+00	3.96074e+00	4.16319e+14	9.34134e+01	4.44984e+01
2.91783e+03	3.03072e+02	1.57106e+03	2.83655e+03	7.34517e+00	3.95781e+00	4.89515e+14	9.40321e+01	4.45455e+01
3.09560e+03	3.04816e+02	1.52860e+03	2.84377e+03	7.32657e+00	3.94594e+00	5.74462e+14	9.38498e+01	4.43913e+01
3.27383e+03	3.06513e+02	1.48614e+03	2.85099e+03	7.22400e+00	3.90690e+00	6.72878e+14	9.09921e+01	4.36248e+01
3.45251e+03	3.08161e+02	1.44368e+03	2.85795e+03	7.26732e+00	3.95132e+00	7.86713e+14	9.18937e+01	4.48379e+01
3.63163e+03	3.09762e+02	1.40122e+03	2.87183e+03	7.31026e+00	3.97123e+00	9.18145e+14	9.33710e+01	4.54310e+01
3.81162e+03	3.11316e+02	1.35876e+03	2.88073e+03	7.20461e+00	3.92987e+00	1.07049e+15	9.03770e+01	4.45727e+01
3.99216e+03	3.12821e+02	1.31630e+03	2.88611e+03	7.22172e+00	3.93216e+00	1.24621e+15	9.12208e+01	4.47231e+01
4.17304e+03	3.14278e+02	1.27383e+03	2.89247e+03	7.24308e+00	3.93585e+00	1.44805e+15	9.22014e+01	4.49036e+01
4.35432e+03	3.15688e+02	1.23137e+03	2.89871e+03	7.28596e+00	3.94711e+00	1.67969e+15	9.39043e+01	4.52749e+01
4.53600e+03	3.17050e+02	1.18891e+03	2.90596e+03	7.31009e+00	3.95154e+00	1.94513e+15	9.50011e+01	4.54776e+01
4.71812e+03	3.18364e+02	1.14645e+03	2.91246e+03	7.32890e+00	3.95441e+00	2.24905e+15	9.59313e+01	4.56471e+01
4.90065e+03	3.19631e+02	1.10399e+03	2.91910e+03	7.34936e+00	3.95824e+00	2.59638e+15	9.69206e+01	4.58446e+01
5.08360e+03	3.20849e+02	1.06153e+03	2.92607e+03	7.37035e+00	3.96216e+00	2.99281e+15	9.79414e+01	4.60475e+01
5.26699e+03	3.22020e+02	1.01907e+03	2.93321e+03	7.38675e+00	3.96480e+00	3.44477e+15	9.87970e+01	4.62157e+01
5.45082e+03	3.23143e+02	9.76607e+02	2.93999e+03	7.40468e+00	3.96789e+00	3.95942e+15	9.97102e+01	4.63942e+01
5.63508e+03	3.24219e+02	9.34145e+02	2.94676e+03	7.42572e+00	3.97203e+00	4.54458e+15	1.00718e+02	4.65918e+01
5.81977e+03	3.25246e+02	8.91684e+02	2.95314e+03	7.44809e+00	3.97647e+00	5.20905e+15	1.01791e+02	4.68015e+01
6.00485e+03	3.26226e+02	8.49223e+02	2.95981e+03	7.47009e+00	3.98101e+00	5.96245e+15	1.02830e+02	4.70046e+01
6.19035e+03	3.27158e+02	8.06762e+02	2.96588e+03	7.49582e+00	3.98713e+00	6.81577e+15	1.03954e+02	4.72284e+01
6.37623e+03	3.28042e+02	7.64301e+02	2.97087e+03	7.52233e+00	3.99347e+00	7.78073e+15	1.05123e+02	4.74632e+01
6.56243e+03	3.28878e+02	7.21840e+02	2.97616e+03	7.54779e+00	4.00021e+00	8.86990e+15	1.06262e+02	4.77184e+01
6.74895e+03	3.29667e+02	6.79379e+02	2.98209e+03	7.56829e+00	4.00360e+00	1.00980e+16	1.07334e+02	4.79131e+01
6.93585e+03	3.30407e+02	6.36917e+02	2.98919e+03	7.60773e+00	4.01619e+00	1.14816e+16	1.09106e+02	4.83859e+01
7.12319e+03	3.31100e+02	5.94456e+02	2.99977e+03	7.64459e+00	4.02643e+00	1.30396e+16	1.10910e+02	4.88297e+01
7.31120e+03	3.31745e+02	5.51995e+02	3.01192e+03	7.65150e+00	4.02800e+00	1.47954e+16	1.11013e+02	4.87955e+01
7.49996e+03	3.32343e+02	5.09534e+02	3.00747e+03	7.69187e+00	4.03641e+00	1.67738e+16	1.13321e+02	4.93113e+01
7.68845e+03	3.32892e+02	4.67073e+02	3.02659e+03	7.72050e+00	4.04261e+00	1.89814e+16	1.14865e+02	4.96407e+01
7.87814e+03	3.33394e+02	4.24612e+02	3.03749e+03	7.76575e+00	4.08470e+00	2.14712e+16	1.16223e+02	5.09493e+01
8.06851e+03	3.33848e+02	3.82150e+02	3.05363e+03	7.83454e+00	4.13459e+00	2.42652e+16	1.18798e+02	5.26312e+01
8.25989e+03	3.34254e+02	3.39689e+02	3.07870e+03	7.89698e+00	4.17831e+00	2.74050e+16	1.21166e+02	5.41226e+01
8.45284e+03	3.34613e+02	2.97228e+02	3.10011e+03	7.94353e+00	4.20671e+00	3.09434e+16	1.23063e+02	5.51275e+01
8.64713e+03	3.34923e+02	2.54767e+02	3.11516e+03	7.96945e+00	4.21525e+00	3.49198e+16	1.24336e+02	5.54794e+01
8.84237e+03	3.35186e+02	2.12306e+02	3.12237e+03	8.01116e+00	4.23913e+00	3.93705e+16	1.26099e+02	5.63429e+01
9.03806e+03	3.35401e+02	1.69845e+02	3.13535e+03	8.04789e+00	4.25832e+00	4.43295e+16	1.27716e+02	5.70546e+01
9.23456e+03	3.35569e+02	1.27383e+02	3.14641e+03	8.08104e+00	4.27411e+00	4.98592e+16	1.29227e+02	5.76550e+01
9.43176e+03	3.35688e+02	8.49223e+01	3.15605e+03	8.11192e+00	4.28780e+00	5.60118e+16	1.30674e+02	5.81860e+01
9.62956e+03	3.35760e+02	4.24612e+01	3.16482e+03	8.13800e+00	4.29688e+00	6.28436e+16	1.31980e+02	5.85626e+01
9.82791e+03	NaN	0.00000e+00	3.17186e+03	NaN	NaN	NaN	NaN	NaN
