   0.0000000e+00   9.4000000e+01   2.5750000e+03   9.3330564e+02   3.9786710e+00   1.9649255e+00   1.7255639e+05
   9.5412065e+00   2.0848067e+02   2.5678410e+03   9.3330564e+02   3.9926033e+00   1.9718062e+00   1.6709318e+02
   1.9082413e+01   2.0851187e+02   2.5603005e+03   9.3417152e+02   3.9903521e+00   1.9706944e+00   1.6695075e+02
   2.8623620e+01   2.0854472e+02   2.5527784e+03   9.3500854e+02   3.9881127e+00   1.9695885e+00   1.6680099e+02
   3.8164826e+01   2.0857930e+02   2.5452746e+03   9.3580976e+02   3.9858915e+00   1.9684915e+00   1.6664352e+02
   4.7706033e+01   2.0861571e+02   2.5377890e+03   9.3656767e+02   3.9836944e+00   1.9674064e+00   1.6647796e+02
   5.7247239e+01   2.0865404e+02   2.5303213e+03   9.3727404e+02   3.9815273e+00   1.9663362e+00   1.6630390e+02
   6.6788446e+01   2.0869439e+02   2.5228710e+03   9.3791990e+02   3.9793957e+00   1.9652834e+00   1.6612091e+02
   7.6329652e+01   2.0873687e+02   2.5154379e+03   9.3849540e+02   3.9773046e+00   1.9642507e+00   1.6592856e+02
   8.5870859e+01   2.0878160e+02   2.5080214e+03   9.3898974e+02   3.9752587e+00   1.9632404e+00   1.6572636e+02
   9.5412065e+01   2.0882870e+02   2.5006211e+03   9.3939109e+02   3.9732624e+00   1.9622544e+00   1.6551383e+02
   1.0495327e+02   2.0887828e+02   2.4932362e+03   9.3968659e+02   3.9713193e+00   1.9612948e+00   1.6529046e+02
   1.1449448e+02   2.0893049e+02   2.4858661e+03   9.3986242e+02   3.9694329e+00   1.9603632e+00   1.6505571e+02
   1.2403568e+02   2.0898547e+02   2.4785100e+03   9.3990406e+02   3.9676058e+00   1.9594609e+00   1.6480901e+02
   1.3357689e+02   2.0904336e+02   2.4711669e+03   9.3979672e+02   3.9658405e+00   1.9585890e+00   1.6454978e+02
   1.4311810e+02   2.0910431e+02   2.4638358e+03   9.3952619e+02   3.9641388e+00   1.9577486e+00   1.6427739e+02
   1.5265930e+02   2.0916850e+02   2.4565156e+03   9.3908006e+02   3.9625020e+00   1.9569403e+00   1.6399122e+02
   1.6220051e+02   2.0923610e+02   2.4492051e+03   9.3844952e+02   3.9609311e+00   1.9561644e+00   1.6369057e+02
   1.7174172e+02   2.0930730e+02   2.4419031e+03   9.3763160e+02   3.9594266e+00   1.9554214e+00   1.6337476e+02
   1.8128292e+02   2.5500000e+02   2.4346081e+03   9.3663181e+02   3.9697095e+00   1.9604998e+00   5.9086651e+01
   1.8488007e+02   2.5500000e+02   2.4322289e+03   1.0818254e+03   1.6638741e+00   0.0000000e+00   0.0000000e+00
   1.8847722e+02   2.5500000e+02   2.4298535e+03   1.0831249e+03   1.6710740e+00   0.0000000e+00   0.0000000e+00
   1.9207437e+02   2.5500000e+02   2.4274820e+03   1.0844136e+03   1.6782395e+00   0.0000000e+00   0.0000000e+00
   1.9567152e+02   2.5500000e+02   2.4251141e+03   1.0856917e+03   1.6853697e+00   0.0000000e+00   0.0000000e+00
   1.9926867e+02   2.5500000e+02   2.4227501e+03   1.0869594e+03   1.6924635e+00   0.0000000e+00   0.0000000e+00
   2.0286582e+02   2.5500000e+02   2.4203897e+03   1.0882169e+03   1.6995200e+00   0.0000000e+00   0.0000000e+00
   2.0646297e+02   2.5500000e+02   2.4180330e+03   1.0894644e+03   1.7065379e+00   0.0000000e+00   0.0000000e+00
   2.1006012e+02   2.5500000e+02   2.4156799e+03   1.0907020e+03   1.7135161e+00   0.0000000e+00   0.0000000e+00
   2.1365727e+02   2.5500000e+02   2.4133305e+03   1.0919300e+03   1.7204535e+00   0.0000000e+00   0.0000000e+00
   2.1725441e+02   2.5500000e+02   2.4109846e+03   1.0931484e+03   1.7273498e+00   0.0000000e+00   0.0000000e+00
   2.2085156e+02   2.5500000e+02   2.4086423e+03   1.0943576e+03   1.7342051e+00   0.0000000e+00   0.0000000e+00
   2.2444871e+02   2.5500000e+02   2.4063035e+03   1.0955575e+03   1.7410197e+00   0.0000000e+00   0.0000000e+00
   2.2804586e+02   2.5500000e+02   2.4039682e+03   1.0967484e+03   1.7477951e+00   0.0000000e+00   0.0000000e+00
   2.3164301e+02   2.5500000e+02   2.4016364e+03   1.0979305e+03   1.7545327e+00   0.0000000e+00   0.0000000e+00
   2.3524016e+02   2.5500000e+02   2.3993081e+03   1.0991038e+03   1.7612332e+00   0.0000000e+00   0.0000000e+00
   2.3883731e+02   2.5500000e+02   2.3969832e+03   1.1002686e+03   1.7678958e+00   0.0000000e+00   0.0000000e+00
   2.4243446e+02   2.5500000e+02   2.3946617e+03   1.1014250e+03   1.7745199e+00   0.0000000e+00   0.0000000e+00
   2.4603161e+02   2.5500000e+02   2.3923435e+03   1.1025732e+03   1.7811044e+00   0.0000000e+00   0.0000000e+00
   2.4962876e+02   2.5500000e+02   2.3900288e+03   1.1037133e+03   1.7876477e+00   0.0000000e+00   0.0000000e+00
   2.5322590e+02   2.5500000e+02   2.3877173e+03   1.1048455e+03   1.7941486e+00   0.0000000e+00   0.0000000e+00
   2.5682305e+02   2.5500000e+02   2.3854092e+03   1.1059699e+03   1.8006072e+00   0.0000000e+00   0.0000000e+00
   2.6042020e+02   2.5500000e+02   2.3831043e+03   1.1070866e+03   1.8070240e+00   0.0000000e+00   0.0000000e+00
   2.6401735e+02   2.5500000e+02   2.3808027e+03   1.1081958e+03   1.8133996e+00   0.0000000e+00   0.0000000e+00
   2.6761450e+02   2.5500000e+02   2.3785044e+03   1.1092976e+03   1.8197347e+00   0.0000000e+00   0.0000000e+00
   2.7121165e+02   2.5500000e+02   2.3762092e+03   1.1103920e+03   1.8260301e+00   0.0000000e+00   0.0000000e+00
   2.7480880e+02   2.5500000e+02   2.3739173e+03   1.1114792e+03   1.8322868e+00   0.0000000e+00   0.0000000e+00
   2.7840595e+02   2.5500000e+02   2.3716286e+03   1.1125593e+03   1.8385064e+00   0.0000000e+00   0.0000000e+00
   2.8200310e+02   2.5500000e+02   2.3693430e+03   1.1136324e+03   1.8446902e+00   0.0000000e+00   0.0000000e+00
   2.8560025e+02   2.5500000e+02   2.3670605e+03   1.1146986e+03   1.8508385e+00   0.0000000e+00   0.0000000e+00
   2.8919740e+02   2.5500000e+02   2.3647812e+03   1.1157581e+03   1.8569502e+00   0.0000000e+00   0.0000000e+00
   2.9279454e+02   2.5500000e+02   2.3625050e+03   1.1168108e+03   1.8630244e+00   0.0000000e+00   0.0000000e+00
   2.9639169e+02   2.5500000e+02   2.3602319e+03   1.1178570e+03   1.8690593e+00   0.0000000e+00   0.0000000e+00
   2.9998884e+02   2.5500000e+02   2.3579618e+03   1.1188968e+03   1.8750523e+00   0.0000000e+00   0.0000000e+00
   3.0358599e+02   2.5500000e+02   2.3556948e+03   1.1199301e+03   1.8810022e+00   0.0000000e+00   0.0000000e+00
   3.0718314e+02   2.5507806e+02   2.3534869e+03   1.1494564e+03   1.9468586e+00   0.0000000e+00   0.0000000e+00
   3.1078029e+02   2.5517757e+02   2.3512804e+03   1.1497336e+03   1.9584996e+00   0.0000000e+00   0.0000000e+00
   3.1437744e+02   2.5527709e+02   2.3490753e+03   1.1500102e+03   3.7312897e+00   2.0004729e+00   1.1135008e+02
   3.1797459e+02   2.5537660e+02   2.3468715e+03   1.1502862e+03   3.7308399e+00   2.0002317e+00   1.1112049e+02
   3.2157174e+02   2.5547611e+02   2.3446691e+03   1.1505615e+03   3.7303912e+00   1.9999911e+00   1.1089156e+02
   3.2516889e+02   2.5557563e+02   2.3424681e+03   1.1508361e+03   3.7299437e+00   1.9997512e+00   1.1066327e+02
   3.2876603e+02   2.5567514e+02   2.3402684e+03   1.1511101e+03   3.7294974e+00   1.9995119e+00   1.1043564e+02
   3.3236318e+02   2.5578911e+02   2.3380701e+03   1.1513707e+03   3.7290524e+00   1.9992734e+00   1.1020865e+02
   3.3596033e+02   2.5590464e+02   2.3358731e+03   1.1516292e+03   3.7286086e+00   1.9990354e+00   1.0998230e+02
   3.3955748e+02   2.5602016e+02   2.3336774e+03   1.1518871e+03   3.7281866e+00   1.9988092e+00   1.0972385e+02
   3.4315463e+02   2.5602016e+02   2.3314414e+03   1.1306451e+03   3.7277681e+00   1.9985848e+00   1.0946274e+02
   3.4675178e+02   2.5625120e+02   2.3292485e+03   1.1524007e+03   3.7273508e+00   1.9983611e+00   1.0920248e+02
   3.5034893e+02   2.5625120e+02   2.3270180e+03   1.1325058e+03   3.7265201e+00   1.9979157e+00   1.0868454e+02
   3.5394608e+02   2.5648224e+02   2.3249725e+03   1.2344050e+03   4.2525623e+00   2.2229827e+00   1.2398759e+02
   3.5754323e+02   2.5673466e+02   2.3229285e+03   1.2349953e+03   4.2515459e+00   2.2224514e+00   1.2398759e+02
   3.6114038e+02   2.5700838e+02   2.3208861e+03   1.2355813e+03   4.2505376e+00   2.2219243e+00   1.2398759e+02
   3.6473753e+02   2.5728210e+02   2.3188451e+03   1.2361642e+03   4.2495353e+00   2.2214003e+00   1.2398759e+02
   3.6833467e+02   2.5755582e+02   2.3168057e+03   1.2367441e+03   4.2485390e+00   2.2208795e+00   1.2398759e+02
   3.7193182e+02   2.5782954e+02   2.3147678e+03   1.2373208e+03   4.2475486e+00   2.2203618e+00   1.2398759e+02
   3.7552897e+02   2.5810326e+02   2.3127315e+03   1.2378945e+03   4.2465643e+00   2.2198473e+00   1.2398759e+02
   3.7912612e+02   2.5837698e+02   2.3106966e+03   1.2384651e+03   4.2455860e+00   2.2193359e+00   1.2398759e+02
   3.8272327e+02   2.5864134e+02   2.3086632e+03   1.2390331e+03   4.2446127e+00   2.2188271e+00   1.2398759e+02
   3.8632042e+02   2.5890375e+02   2.3066313e+03   1.2395981e+03   4.2436453e+00   2.2183214e+00   1.2398759e+02
   3.8991757e+02   2.5916615e+02   2.3046010e+03   1.2401599e+03   4.2426839e+00   2.2178189e+00   1.2398759e+02
   3.9351472e+02   2.5942856e+02   2.3025721e+03   1.2407186e+03   4.2417286e+00   2.2173195e+00   1.2398759e+02
   3.9711187e+02   2.5969097e+02   2.3005447e+03   1.2412741e+03   4.2407794e+00   2.2168233e+00   1.2398759e+02
   4.0070902e+02   2.5995338e+02   2.2985187e+03   1.2418264e+03   4.2398362e+00   2.2163303e+00   1.2398759e+02
   4.0430617e+02   2.6021579e+02   2.2964943e+03   1.2423755e+03   4.2388992e+00   2.2158404e+00   1.2398759e+02
   4.0790331e+02   2.6046971e+02   2.2944713e+03   1.2429219e+03   4.2379673e+00   2.2153533e+00   1.2398759e+02
   4.1150046e+02   2.6072137e+02   2.2924498e+03   1.2434653e+03   4.2370413e+00   2.2148692e+00   1.2398759e+02
   4.1509761e+02   2.6097303e+02   2.2904298e+03   1.2440054e+03   4.2361214e+00   2.2143884e+00   1.2398759e+02
   4.1869476e+02   2.6122469e+02   2.2884112e+03   1.2445422e+03   4.2352076e+00   2.2139107e+00   1.2398759e+02
   4.2229191e+02   2.6147635e+02   2.2863940e+03   1.2450759e+03   4.2342999e+00   2.2134362e+00   1.2398759e+02
   4.2588906e+02   2.6172801e+02   2.2843784e+03   1.2456063e+03   4.2333983e+00   2.2129649e+00   1.2398759e+02
   4.2948621e+02   2.6197967e+02   2.2823641e+03   1.2461334e+03   4.2325028e+00   2.2124968e+00   1.2398759e+02
   4.3308336e+02   2.6222363e+02   2.2803513e+03   1.2466577e+03   4.2316126e+00   2.2120315e+00   1.2398759e+02
   4.3668051e+02   2.6246506e+02   2.2783400e+03   1.2471790e+03   4.2307283e+00   2.2115692e+00   1.2398759e+02
   4.4027766e+02   2.6270648e+02   2.2763301e+03   1.2476969e+03   4.2298501e+00   2.2111101e+00   1.2398759e+02
   4.4387480e+02   2.6294791e+02   2.2743216e+03   1.2482116e+03   4.2289779e+00   2.2106542e+00   1.2398759e+02
   4.4747195e+02   2.6318933e+02   2.2723145e+03   1.2487230e+03   4.2281119e+00   2.2102015e+00   1.2398759e+02
   4.5106910e+02   2.6343076e+02   2.2703089e+03   1.2492311e+03   4.2272520e+00   2.2097520e+00   1.2398759e+02
   4.5466625e+02   2.6367218e+02   2.2683047e+03   1.2497359e+03   4.2263981e+00   2.2093056e+00   1.2398759e+02
   4.5826340e+02   2.6390664e+02   2.2663018e+03   1.2502378e+03   4.2255497e+00   2.2088621e+00   1.2398759e+02
   4.6186055e+02   2.6413831e+02   2.2643004e+03   1.2507366e+03   4.2247070e+00   2.2084216e+00   1.2398759e+02
   4.6545770e+02   2.6436997e+02   2.2623005e+03   1.2512321e+03   4.2238703e+00   2.2079843e+00   1.2398759e+02
   4.6905485e+02   2.6460164e+02   2.2603019e+03   1.2517243e+03   4.2230398e+00   2.2075501e+00   1.2398759e+02
   4.7265200e+02   2.6483331e+02   2.2583047e+03   1.2522132e+03   4.2222153e+00   2.2071191e+00   1.2398759e+02
   4.7624915e+02   2.6506497e+02   2.2563089e+03   1.2526989e+03   4.2213969e+00   2.2066913e+00   1.2398759e+02
   4.7984630e+02   2.6529664e+02   2.2543144e+03   1.2531812e+03   4.2205845e+00   2.2062666e+00   1.2398759e+02
   4.8344344e+02   2.6552201e+02   2.2523214e+03   1.2536605e+03   4.2197774e+00   2.2058447e+00   1.2398759e+02
   4.8704059e+02   2.6574436e+02   2.2503298e+03   1.2541368e+03   4.2189761e+00   2.2054258e+00   1.2398759e+02
   4.9063774e+02   2.6596671e+02   2.2483395e+03   1.2546098e+03   4.2181808e+00   2.2050101e+00   1.2398759e+02
   4.9423489e+02   2.6618906e+02   2.2463506e+03   1.2550795e+03   4.2173914e+00   2.2045975e+00   1.2398759e+02
   4.9783204e+02   2.6641141e+02   2.2443631e+03   1.2555458e+03   4.2166081e+00   2.2041880e+00   1.2398759e+02
   5.0142919e+02   2.6663376e+02   2.2423769e+03   1.2560089e+03   4.2158307e+00   2.2037816e+00   1.2398759e+02
   5.0502634e+02   2.6685611e+02   2.2403921e+03   1.2564687e+03   4.2150593e+00   2.2033784e+00   1.2398759e+02
   5.0862349e+02   2.6707279e+02   2.2384087e+03   1.2569255e+03   4.2142932e+00   2.2029779e+00   1.2398759e+02
   5.1222064e+02   2.6728625e+02   2.2364266e+03   1.2573793e+03   4.2135327e+00   2.2025804e+00   1.2398759e+02
   5.1581779e+02   2.6749970e+02   2.2344459e+03   1.2578297e+03   4.2127782e+00   2.2021859e+00   1.2398759e+02
   5.1941494e+02   2.6771316e+02   2.2324665e+03   1.2582769e+03   4.2120295e+00   2.2017946e+00   1.2398759e+02
   5.2301208e+02   2.6792662e+02   2.2304885e+03   1.2587209e+03   4.2112867e+00   2.2014063e+00   1.2398759e+02
   5.2660923e+02   2.6814007e+02   2.2285118e+03   1.2591615e+03   4.2105498e+00   2.2010211e+00   1.2398759e+02
   5.3020638e+02   2.6835353e+02   2.2265364e+03   1.2595989e+03   4.2098187e+00   2.2006389e+00   1.2398759e+02
   5.3380353e+02   2.6856189e+02   2.2245624e+03   1.2600333e+03   4.2090929e+00   2.2002595e+00   1.2398759e+02
   5.3740068e+02   2.6876685e+02   2.2225897e+03   1.2604647e+03   4.2083725e+00   2.1998829e+00   1.2398759e+02
   5.4099783e+02   2.6897181e+02   2.2206184e+03   1.2608929e+03   4.2076580e+00   2.1995094e+00   1.2398759e+02
   5.4459498e+02   2.6917677e+02   2.2186483e+03   1.2613178e+03   4.2069492e+00   2.1991389e+00   1.2398759e+02
   5.4819213e+02   2.6938174e+02   2.2166796e+03   1.2617394e+03   4.2062461e+00   2.1987714e+00   1.2398759e+02
   5.5178928e+02   2.6958670e+02   2.2147122e+03   1.2621579e+03   4.2055488e+00   2.1984069e+00   1.2398759e+02
   5.5538643e+02   2.6979166e+02   2.2127461e+03   1.2625731e+03   4.2048572e+00   2.1980453e+00   1.2398759e+02
   5.5898357e+02   2.6999206e+02   2.2107813e+03   1.2629854e+03   4.2041708e+00   2.1976865e+00   1.2398759e+02
   5.6258072e+02   2.7018891e+02   2.2088178e+03   1.2633948e+03   4.2034897e+00   2.1973305e+00   1.2398759e+02
   5.6617787e+02   2.7038575e+02   2.2068557e+03   1.2638009e+03   4.2028142e+00   2.1969774e+00   1.2398759e+02
   5.6977502e+02   2.7058260e+02   2.2048948e+03   1.2642038e+03   4.2021444e+00   2.1966272e+00   1.2398759e+02
   5.7337217e+02   2.7077945e+02   2.2029352e+03   1.2646036e+03   4.2014801e+00   2.1962800e+00   1.2398759e+02
   5.7696932e+02   2.7097630e+02   2.2009769e+03   1.2650002e+03   4.2008215e+00   2.1959357e+00   1.2398759e+02
   5.8056647e+02   2.7117314e+02   2.1990200e+03   1.2653936e+03   4.2001683e+00   2.1955943e+00   1.2398759e+02
   5.8416362e+02   2.7136593e+02   2.1970643e+03   1.2657842e+03   4.1995203e+00   2.1952555e+00   1.2398759e+02
   5.8776077e+02   2.7155503e+02   2.1951098e+03   1.2661718e+03   4.1988774e+00   2.1949195e+00   1.2398759e+02
   5.9135792e+02   2.7174413e+02   2.1931567e+03   1.2665564e+03   4.1982400e+00   2.1945863e+00   1.2398759e+02
   5.9495507e+02   2.7193323e+02   2.1912048e+03   1.2669378e+03   4.1976080e+00   2.1942559e+00   1.2398759e+02
   5.9855221e+02   2.7212233e+02   2.1892543e+03   1.2673161e+03   4.1969815e+00   2.1939284e+00   1.2398759e+02
   6.0214936e+02   2.7231142e+02   2.1873050e+03   1.2676913e+03   4.1963603e+00   2.1936037e+00   1.2398759e+02
   6.0574651e+02   2.7250052e+02   2.1853569e+03   1.2680634e+03   4.1957446e+00   2.1932818e+00   1.2398759e+02
   6.0934366e+02   2.7268603e+02   2.1834102e+03   1.2684327e+03   4.1951338e+00   2.1929625e+00   1.2398759e+02
   6.1294081e+02   2.7286773e+02   2.1814647e+03   1.2687991e+03   4.1945279e+00   2.1926458e+00   1.2398759e+02
   6.1653796e+02   2.7304943e+02   2.1795204e+03   1.2691625e+03   4.1939273e+00   2.1923319e+00   1.2398759e+02
   6.2013511e+02   2.7323113e+02   2.1775774e+03   1.2695229e+03   4.1933320e+00   2.1920207e+00   1.2398759e+02
   6.2373226e+02   2.7341284e+02   2.1756357e+03   1.2698802e+03   4.1927420e+00   2.1917122e+00   1.2398759e+02
   6.2732941e+02   2.7359454e+02   2.1736952e+03   1.2702346e+03   4.1921572e+00   2.1914065e+00   1.2398759e+02
   6.3092656e+02   2.7377624e+02   2.1717560e+03   1.2705859e+03   4.1915775e+00   2.1911035e+00   1.2398759e+02
   6.3452370e+02   2.7397454e+02   2.1698181e+03   1.2709332e+03   4.1910048e+00   2.1908041e+00   1.2398759e+02
   6.3812085e+02   2.7419328e+02   2.1678813e+03   1.2712763e+03   4.1904393e+00   2.1905085e+00   1.2398759e+02
   6.4171800e+02   2.7441202e+02   2.1659458e+03   1.2716163e+03   4.1898789e+00   2.1902156e+00   1.2398759e+02
   6.4531515e+02   2.7463075e+02   2.1640116e+03   1.2719534e+03   4.1893237e+00   2.1899253e+00   1.2398759e+02
   6.4891230e+02   2.7484949e+02   2.1621685e+03   1.3343791e+03   4.5922172e+00   2.3707787e+00   1.3719100e+02
   6.5250945e+02   2.7506823e+02   2.1603260e+03   1.3344121e+03   4.5921606e+00   2.3707494e+00   1.3659216e+02
   6.5610660e+02   2.7528696e+02   2.1584841e+03   1.3344450e+03   4.5921040e+00   2.3707202e+00   1.3599688e+02
   6.5970375e+02   2.7553138e+02   2.1566428e+03   1.3344762e+03   4.5920501e+00   2.3706924e+00   1.3533590e+02
   6.6330090e+02   2.7581269e+02   2.1548021e+03   1.3345052e+03   4.5920003e+00   2.3706667e+00   1.3458054e+02
   6.6689805e+02   2.7609400e+02   2.1529620e+03   1.3345342e+03   4.5919505e+00   2.3706410e+00   1.3383092e+02
   6.7049520e+02   2.7637531e+02   2.1511225e+03   1.3345631e+03   4.5919007e+00   2.3706152e+00   1.3308699e+02
   6.7409234e+02   2.7665663e+02   2.1492836e+03   1.3345921e+03   4.5918509e+00   2.3705895e+00   1.3234870e+02
   6.7768949e+02   2.7693794e+02   2.1474453e+03   1.3346210e+03   4.5918011e+00   2.3705639e+00   1.3161599e+02
   6.8128664e+02   2.7721925e+02   2.1456076e+03   1.3346499e+03   4.5917514e+00   2.3705382e+00   1.3088881e+02
   6.8488379e+02   2.7749648e+02   2.1437705e+03   1.3346791e+03   4.5917012e+00   2.3705123e+00   1.3017756e+02
   6.8848094e+02   2.7776681e+02   2.1419340e+03   1.3347087e+03   4.5916503e+00   2.3704860e+00   1.2948906e+02
   6.9207809e+02   2.7803715e+02   2.1400981e+03   1.3347382e+03   4.5915995e+00   2.3704597e+00   1.2880553e+02
   6.9567524e+02   2.7830749e+02   2.1382629e+03   1.3347678e+03   4.5915486e+00   2.3704335e+00   1.2812692e+02
   6.9927239e+02   2.7857782e+02   2.1364283e+03   1.3347974e+03   4.5914978e+00   2.3704072e+00   1.2745320e+02
   7.0286954e+02   2.7884816e+02   2.1345943e+03   1.3348269e+03   4.5914469e+00   2.3703810e+00   1.2678431e+02
   7.0646669e+02   2.7911850e+02   2.1327609e+03   1.3348564e+03   4.5913961e+00   2.3703548e+00   1.2612023e+02
   7.1006384e+02   2.7938544e+02   2.1309282e+03   1.3348862e+03   4.5913450e+00   2.3703284e+00   1.2546915e+02
   7.1366098e+02   2.7964562e+02   2.1290961e+03   1.3349163e+03   4.5912931e+00   2.3703016e+00   1.2483897e+02
   7.1725813e+02   2.7990580e+02   2.1272646e+03   1.3349465e+03   4.5912413e+00   2.3702748e+00   1.2421313e+02
   7.2085528e+02   2.8016598e+02   2.1254338e+03   1.3349766e+03   4.5911895e+00   2.3702481e+00   1.2359157e+02
   7.2445243e+02   2.8042616e+02   2.1236036e+03   1.3350068e+03   4.5911376e+00   2.3702213e+00   1.2297427e+02
   7.2804958e+02   2.8068634e+02   2.1217741e+03   1.3350369e+03   4.5910859e+00   2.3701946e+00   1.2236119e+02
   7.3164673e+02   2.8094652e+02   2.1199452e+03   1.3350670e+03   4.5910341e+00   2.3701678e+00   1.2175230e+02
   7.3524388e+02   2.8120392e+02   2.1181170e+03   1.3350973e+03   4.5909820e+00   2.3701410e+00   1.2115400e+02
   7.3884103e+02   2.8145470e+02   2.1162895e+03   1.3351280e+03   4.5909293e+00   2.3701137e+00   1.2057494e+02
   7.4243818e+02   2.8170549e+02   2.1144625e+03   1.3351586e+03   4.5908765e+00   2.3700865e+00   1.1999968e+02
   7.4603533e+02   2.8195628e+02   2.1126363e+03   1.3351893e+03   4.5908238e+00   2.3700593e+00   1.1942817e+02
   7.4963247e+02   2.8220706e+02   2.1108107e+03   1.3352199e+03   4.5907711e+00   2.3700321e+00   1.1886039e+02
   7.5322962e+02   2.8245785e+02   2.1089858e+03   1.3352506e+03   4.5907185e+00   2.3700049e+00   1.1829632e+02
   7.5682677e+02   2.8270863e+02   2.1071616e+03   1.3352812e+03   4.5906658e+00   2.3699777e+00   1.1773591e+02
   7.6042392e+02   2.8295717e+02   2.1053381e+03   1.3353120e+03   4.5906129e+00   2.3699504e+00   1.1718412e+02
   7.6402107e+02   2.8319926e+02   2.1035152e+03   1.3353431e+03   4.5905594e+00   2.3699228e+00   1.1665005e+02
   7.6761822e+02   2.8344136e+02   2.1016930e+03   1.3353743e+03   4.5905058e+00   2.3698951e+00   1.1611931e+02
   7.7121537e+02   2.8368346e+02   2.0998715e+03   1.3354054e+03   4.5904523e+00   2.3698675e+00   1.1559189e+02
   7.7481252e+02   2.8392555e+02   2.0980507e+03   1.3354366e+03   4.5903988e+00   2.3698399e+00   1.1506776e+02
   7.7840967e+02   2.8416765e+02   2.0962306e+03   1.3354677e+03   4.5903453e+00   2.3698123e+00   1.1454689e+02
   7.8200682e+02   2.8440974e+02   2.0944111e+03   1.3354988e+03   4.5902918e+00   2.3697847e+00   1.1402926e+02
   7.8560397e+02   2.8465006e+02   2.0925924e+03   1.3355300e+03   4.5902382e+00   2.3697570e+00   1.1351860e+02
   7.8920111e+02   2.8488413e+02   2.0907744e+03   1.3355616e+03   4.5901839e+00   2.3697289e+00   1.1302426e+02
   7.9279826e+02   2.8511819e+02   2.0889571e+03   1.3355932e+03   4.5901296e+00   2.3697009e+00   1.1253288e+02
   7.9639541e+02   2.8535225e+02   2.0871405e+03   1.3356248e+03   4.5900753e+00   2.3696729e+00   1.1204444e+02
   7.9999256e+02   2.8558632e+02   2.0853245e+03   1.3356563e+03   4.5900211e+00   2.3696449e+00   1.1155891e+02
   8.0358971e+02   2.8582038e+02   2.0835094e+03   3.5279114e+03   4.5768346e+00   2.6034756e+00   2.5041610e+13
   9.1378711e+02   3.2420529e+02   2.0624638e+03   3.5279114e+03   4.5736953e+00   2.5996233e+00   7.8050986e+11
   1.0215750e+03   3.6220050e+02   2.0414183e+03   3.5281198e+03   7.9974141e+00   4.5420245e+00   5.1734840e+10
   1.1269325e+03   3.9980602e+02   2.0203727e+03   3.5281152e+03   7.9900117e+00   4.5342666e+00   5.8350021e+09
   1.2298248e+03   4.3702185e+02   1.9993272e+03   3.5279363e+03   7.9819680e+00   4.5261901e+00   9.7060928e+08
   1.3302176e+03   4.7384798e+02   1.9782816e+03   3.5276178e+03   7.9734117e+00   4.5178721e+00   2.1633777e+08
   1.4280769e+03   5.1028442e+02   1.9572361e+03   3.5271832e+03   7.9644279e+00   4.5093681e+00   6.0438817e+07
   1.5233686e+03   5.4633116e+02   1.9361905e+03   3.5266476e+03   7.9550754e+00   4.5007160e+00   2.0174401e+07
   1.6160579e+03   5.8198821e+02   1.9151450e+03   3.5260200e+03   7.9454219e+00   4.4919538e+00   7.7675040e+06
   1.7061093e+03   6.1725556e+02   1.8940994e+03   3.5253123e+03   7.9354852e+00   4.4831007e+00   3.3592585e+06
   1.7934863e+03   6.5213322e+02   1.8730539e+03   3.5245275e+03   7.9253141e+00   4.4741818e+00   1.5990292e+06
   1.8781511e+03   6.8662118e+02   1.8520083e+03   3.5236742e+03   7.9149074e+00   4.4652052e+00   8.2458499e+05
   1.9600648e+03   7.2071945e+02   1.8309628e+03   3.5227504e+03   7.9043049e+00   4.4561890e+00   4.5491769e+05
   2.0391869e+03   7.5442803e+02   1.8099172e+03   3.5217636e+03   7.8935062e+00   4.4471406e+00   2.6581612e+05
   2.1154756e+03   7.8774691e+02   1.7888717e+03   3.5207138e+03   7.8825176e+00   4.4380657e+00   1.6316937e+05
   2.1888870e+03   8.2067610e+02   1.7678261e+03   3.5196002e+03   7.8713529e+00   4.4289723e+00   1.0452043e+05
   2.2593756e+03   8.5321559e+02   1.7467806e+03   3.5184258e+03   7.8600153e+00   4.4198665e+00   6.9480975e+04
   2.3268939e+03   8.8536539e+02   1.7257350e+03   3.5171898e+03   7.8485067e+00   4.4107500e+00   4.7711904e+04
   2.3913923e+03   9.1712549e+02   1.7046895e+03   3.5158927e+03   7.8368158e+00   4.4016225e+00   3.3712853e+04
   2.4528189e+03   9.4849590e+02   1.6836439e+03   3.5145316e+03   7.8249488e+00   4.3924886e+00   2.4430987e+04
   2.5111195e+03   9.7947661e+02   1.6625984e+03   3.5131062e+03   7.8129029e+00   4.3833495e+00   1.8106797e+04
   2.5662370e+03   1.0100676e+03   1.6415528e+03   3.5116170e+03   7.8006779e+00   4.3742076e+00   1.3691406e+04
   2.6181119e+03   1.0402690e+03   1.6205073e+03   3.5100603e+03   7.7882690e+00   4.3650623e+00   1.0540314e+04
   2.6666818e+03   1.0700806e+03   1.5994617e+03   3.5084383e+03   7.7756544e+00   4.3559092e+00   8.2465112e+03
   2.7118808e+03   1.0995025e+03   1.5784162e+03   3.5067439e+03   7.7628496e+00   4.3467545e+00   6.5465110e+03
   2.7536401e+03   1.1285348e+03   1.5573706e+03   3.5049795e+03   7.7498458e+00   4.3375963e+00   5.2658476e+03
   2.7918871e+03   1.1571773e+03   1.5363251e+03   3.5031429e+03   7.7366040e+00   4.3284239e+00   4.2865948e+03
   2.8265455e+03   1.1854302e+03   1.5152795e+03   3.5012254e+03   7.7231511e+00   4.3192479e+00   3.5275241e+03
   2.8575348e+03   1.2132933e+03   1.4942340e+03   3.4992327e+03   7.7094557e+00   4.3100597e+00   2.9317065e+03
   2.8847703e+03   1.2407668e+03   1.4731884e+03   3.4971563e+03   7.6955057e+00   4.3008568e+00   2.4586007e+03
   2.9081626e+03   1.2678506e+03   1.4521429e+03   3.4949947e+03   7.6813026e+00   4.2916404e+00   2.0789066e+03
   2.9276173e+03   1.2945446e+03   1.4310973e+03   3.4927458e+03   7.6668124e+00   4.2824004e+00   1.7711567e+03
   2.9430347e+03   1.3208490e+03   1.4100518e+03   3.4904016e+03   7.6520415e+00   4.2731422e+00   1.5194219e+03
   2.9543093e+03   1.3467637e+03   1.3890062e+03   3.4879637e+03   7.6369382e+00   4.2638508e+00   1.3117418e+03
   2.9613296e+03   1.3722887e+03   1.3679607e+03   3.4854216e+03   7.6215331e+00   4.2545352e+00   1.1390372e+03
   2.9639771e+03   1.3974240e+03   1.3469151e+03   3.4827782e+03   7.6057554e+00   4.2451762e+00   9.9434427e+02
   2.9621267e+03   1.4221696e+03   1.3258696e+03   3.4800200e+03   7.5896291e+00   4.2357816e+00   8.7227040e+02
   2.9556452e+03   1.4465255e+03   1.3048240e+03   3.4771496e+03   7.5731029e+00   4.2263376e+00   7.6860183e+02
   2.9443913e+03   1.4704917e+03   1.2837785e+03   3.4741561e+03   7.5561568e+00   4.2168397e+00   6.8001797e+02
   2.9282149e+03   1.4940682e+03   1.2627329e+03   3.4710345e+03   7.5387761e+00   4.2072848e+00   6.0388120e+02
   2.9069559e+03   1.5172550e+03   1.2416874e+03   3.4677799e+03   7.5208976e+00   4.1976557e+00   5.3808065e+02
   2.8804440e+03   1.5400522e+03   1.2206418e+03   3.4643792e+03   7.5025284e+00   4.1879543e+00   4.8091507e+02
   2.8484975e+03   1.5624596e+03   1.1995963e+03   3.4608317e+03   7.3947176e+00   4.1204552e+00   4.3100418e+02
   2.8109226e+03   1.5844773e+03   1.1785508e+03   3.4206680e+03   7.2619483e+00   4.0366122e+00   3.8722109e+02
   2.7679696e+03   1.6061054e+03   1.1575052e+03   3.3698335e+03   7.2435135e+00   4.0270669e+00   3.4870259e+02
   2.7197427e+03   1.6273437e+03   1.1364597e+03   3.3657778e+03   7.2245231e+00   4.0174155e+00   3.1470436e+02
   2.6654822e+03   1.6481924e+03   1.1154141e+03   3.3615495e+03   7.2048824e+00   4.0076295e+00   2.8450787e+02
   2.6049436e+03   1.6686514e+03   1.0943686e+03   3.3571213e+03   7.1845270e+00   3.9976909e+00   2.5758164e+02
   2.5378646e+03   1.6887206e+03   1.0733230e+03   3.3524773e+03   7.1633964e+00   3.9875797e+00   2.3348044e+02
   2.4639631e+03   1.7084002e+03   1.0522775e+03   3.3476017e+03   7.1414394e+00   3.9772831e+00   2.1182971e+02
   2.3829357e+03   1.7276901e+03   1.0312319e+03   3.3424811e+03   7.1185723e+00   3.9667796e+00   1.9231298e+02
   2.2944551e+03   1.7465903e+03   1.0101864e+03   3.3370960e+03   7.0947341e+00   3.9560494e+00   1.7466193e+02
   2.1981683e+03   1.7651007e+03   9.8914081e+02   3.3314292e+03   7.0698364e+00   3.9450693e+00   1.5864822e+02
   2.0936937e+03   1.7832215e+03   9.6809526e+02   3.3254601e+03   7.0437829e+00   3.9338123e+00   1.4407698e+02
   1.9806180e+03   1.8009526e+03   9.4704971e+02   3.3191648e+03   7.0164530e+00   3.9222425e+00   1.3078146e+02
   1.8584932e+03   1.8182940e+03   9.2600416e+02   3.3125115e+03   6.9554244e+00   3.8966559e+00   1.1861865e+02
   1.7268332e+03   1.8352458e+03   9.0495861e+02   3.2990246e+03   6.9212611e+00   3.8830115e+00   1.0746570e+02
   1.5853857e+03   1.8518078e+03   8.8391306e+02   3.2908584e+03   6.8885669e+00   3.8703158e+00   9.7227105e+01
   1.4333604e+03   1.8679801e+03   8.6286751e+02   3.2828752e+03   6.8539453e+00   3.8571555e+00   8.7801988e+01
   1.2701046e+03   1.8837627e+03   8.4182196e+02   3.2743912e+03   6.7993981e+00   3.8262124e+00   7.9111057e+01
   1.0949342e+03   1.8991557e+03   8.2077642e+02   3.2555572e+03   6.7327182e+00   3.7971846e+00   7.1087097e+01
   9.0766390e+02   1.9141589e+03   7.9973087e+02   3.2386100e+03   6.6894592e+00   3.7821487e+00   6.3686358e+01
   7.0741448e+02   1.9287724e+03   7.7868532e+02   3.2282369e+03   6.6428736e+00   3.7663522e+00   5.6854104e+01
   4.9288206e+02   1.9429963e+03   7.5763977e+02   3.2170893e+03   6.5922593e+00   3.7496575e+00   5.0537189e+01
   2.6308276e+02   1.9568304e+03   7.3659422e+02   3.2050358e+03   6.5369612e+00   3.7319436e+00   4.4700040e+01
   1.6935375e+01   1.9702749e+03   7.1554867e+02   3.1919544e+03   6.5000306e+00   3.7176671e+00   3.9312727e+01
  -2.4675206e+02   1.9833297e+03   6.9450312e+02   3.1811776e+03   6.5820957e+00   3.7345433e+00   3.4350185e+01
  -5.2960442e+02   1.9959947e+03   6.7345757e+02   3.1932314e+03   6.4203622e+00   3.6914896e+00   2.9787715e+01
  -8.3544304e+02   2.0082701e+03   6.5241202e+02   3.1603789e+03   6.2649728e+00   3.6499279e+00   2.5583816e+01
  -1.1618490e+03   2.0201558e+03   6.3136647e+02   3.1283592e+03   6.1868112e+00   3.6269508e+00   2.1773274e+01
  -1.5106428e+03   2.0316518e+03   6.1032092e+02   3.1099491e+03   6.1045067e+00   3.6029417e+00   1.8337061e+01
  -1.8854488e+03   2.0427581e+03   5.8927538e+02   3.0904941e+03   6.0173249e+00   3.5777049e+00   1.5247768e+01
  -2.2886884e+03   2.0534747e+03   5.6822983e+02   3.0698139e+03   5.9247751e+00   3.5511099e+00   1.2494975e+01
  -2.7231045e+03   2.0638016e+03   5.4718428e+02   3.0477877e+03   5.8263015e+00   3.5230085e+00   1.0068466e+01
  -3.1918289e+03   2.0737388e+03   5.2613873e+02   3.0242790e+03   5.7212695e+00   3.4932319e+00   7.9573668e+00
  -3.6984529e+03   2.0832863e+03   5.0509318e+02   2.9991316e+03   5.6089512e+00   3.4615862e+00   6.1493433e+00
  -4.2471151e+03   2.0924441e+03   4.8404763e+02   2.9721668e+03   5.4885080e+00   3.4278481e+00   4.6298294e+00
  -4.8426098e+03   2.1012123e+03   4.6300208e+02   2.9431783e+03   5.3589684e+00   3.3917590e+00   3.3813451e+00
  -5.4905215e+03   2.1095907e+03   4.4195653e+02   2.9119274e+03   5.2192006e+00   3.3530176e+00   2.3829949e+00
  -6.1973950e+03   2.1175794e+03   4.2091098e+02   2.8781357e+03   5.0678784e+00   3.3112706e+00   1.6102520e+00
  -6.9709502e+03   2.1251785e+03   3.9986543e+02   2.8414774e+03   4.9034374e+00   3.2661015e+00   1.0351469e+00
  -7.8203581e+03   2.1323878e+03   3.7881988e+02   2.8015678e+03   4.7240191e+00   3.2170156e+00   6.2696058e-01
  -8.7565976e+03   2.1392075e+03   3.5777433e+02   2.7579500e+03   4.5273987e+00   3.1634203e+00   3.5346819e-01
  -9.7929227e+03   2.1456374e+03   3.3672879e+02   2.7100772e+03   4.3108902e+00   3.1046006e+00   1.8267964e-01
  -1.0945482e+04   2.1516777e+03   3.1568324e+02   2.6572890e+03   4.0712213e+00   3.0396852e+00   8.4873235e-02
  -1.2234152e+04   2.1573283e+03   2.9463769e+02   2.5987812e+03   3.8043640e+00   2.9676014e+00   3.4562272e-02
  -1.3683674e+04   2.1625892e+03   2.7359214e+02   2.5335633e+03   3.5053048e+00   2.8870145e+00   1.1933102e-02
  -1.5325226e+04   2.1674603e+03   2.5254659e+02   2.4604032e+03   3.1677253e+00   2.7962421e+00   3.3417272e-03
  -1.7198651e+04   2.1719418e+03   2.3150104e+02   2.3777474e+03   2.7835514e+00   2.6931343e+00   7.1468023e-04
  -1.9355658e+04   2.1760336e+03   2.1045549e+02   2.2836113e+03   2.3423045e+00   2.5749010e+00   1.0738986e-04
  -2.1864532e+04   2.1797357e+03   1.8940994e+02   2.1754189e+03   1.8301472e+00   2.4378580e+00   1.0074602e-05
  -2.4817219e+04   2.1830481e+03   1.6836439e+02   2.0497686e+03   1.2284469e+00   2.2770439e+00   4.9701080e-07
  -2.8340238e+04   2.1859708e+03   1.4731884e+02   1.9020801e+03   5.1156444e-01   2.0856321e+00   9.9744099e-09
  -3.2611855e+04   2.1885038e+03   1.2627329e+02   1.7260507e+03  -3.5662445e-01   1.8540040e+00   5.4764410e-11
  -3.7889359e+04   2.1906472e+03   1.0522775e+02   1.5128002e+03  -1.4282590e+00   1.5682768e+00   4.3567814e-14
  -4.4551224e+04   2.1924008e+03   8.4182196e+01   1.2495115e+03  -2.7800353e+00   1.2080292e+00   1.7465799e-18
  -5.3149662e+04   2.1937647e+03   6.3136647e+01   9.1733080e+02  -4.5238575e+00   7.4346523e-01   5.8453250e-25
  -6.4372569e+04   2.1947389e+03   4.2091098e+01   4.8874939e+02  -6.7991248e+00   1.3746806e-01   9.0703846e-35
  -7.7826731e+04   2.1953235e+03   2.1045549e+01  -7.0500470e+01  -9.5261541e+00  -5.8874562e-01   1.4860720e-48
  -7.0063829e+04             NaN   0.0000000e+00  -7.4083068e+02             NaN             NaN             NaN
  -7.0063829e+04             NaN   0.0000000e+00   8.0000000e+03             NaN             NaN   1.0000000e+04
             NaN             NaN   0.0000000e+00             NaN             NaN             NaN   1.0000000e+04
             NaN             NaN   0.0000000e+00             NaN             NaN             NaN   1.0000000e+04
             NaN             NaN   0.0000000e+00             NaN             NaN             NaN   1.0000000e+04
             NaN             NaN   0.0000000e+00             NaN             NaN             NaN   1.0000000e+04
             NaN             NaN   0.0000000e+00             NaN             NaN             NaN   1.0000000e+04
             NaN             NaN   0.0000000e+00             NaN             NaN             NaN   1.0000000e+04
             NaN             NaN   0.0000000e+00             NaN             NaN             NaN   1.0000000e+04
             NaN             NaN   0.0000000e+00             NaN             NaN             NaN   1.0000000e+04
             NaN             NaN   0.0000000e+00             NaN             NaN             NaN   1.0000000e+04
