P (MPa)		T (K)		r (km)		rho (kg m-3)	VP (km s-1)	VS (km s-1)	QS/gamma	KS (GPa)	GS (GPa)	
0.00000e+00	9.40000e+01	2.57470e+03	9.32468e+02	3.87821e+00	1.96165e+00	1.43092e+05	9.24000e+00	3.58800e+00
7.47500e-01	1.03035e+02	2.57411e+03	9.32468e+02	3.87931e+00	1.96232e+00	4.80203e+04	9.24247e+00	3.58961e+00
1.49500e+00	1.12939e+02	2.57352e+03	9.32518e+02	3.88057e+00	1.96308e+00	1.77344e+04	9.24493e+00	3.59121e+00
2.24250e+00	1.23795e+02	2.57292e+03	9.32567e+02	3.88203e+00	1.96393e+00	7.14736e+03	9.24739e+00	3.59281e+00
2.99000e+00	1.35695e+02	2.57233e+03	9.32615e+02	3.88374e+00	1.96491e+00	3.11949e+03	9.24984e+00	3.59441e+00
3.73750e+00	1.48738e+02	2.57174e+03	9.32662e+02	3.88578e+00	1.96606e+00	1.46419e+03	9.25230e+00	3.59601e+00
4.48500e+00	1.63035e+02	2.57115e+03	9.32709e+02	3.88826e+00	1.96743e+00	7.34371e+02	9.25475e+00	3.59761e+00
5.23250e+00	1.78706e+02	2.57056e+03	9.32755e+02	3.89129e+00	1.96908e+00	3.91304e+02	9.25720e+00	3.59921e+00
5.98000e+00	1.95884e+02	2.56997e+03	9.32799e+02	3.89501e+00	1.97108e+00	2.20337e+02	9.25964e+00	3.60081e+00
6.72750e+00	2.14712e+02	2.56938e+03	9.32843e+02	3.89958e+00	1.97351e+00	1.30477e+02	9.26208e+00	3.60241e+00
7.47500e+00	2.35351e+02	2.56878e+03	9.32886e+02	3.90512e+00	1.97643e+00	8.08976e+01	9.26452e+00	3.60400e+00
8.22250e+00	2.57973e+02	2.56819e+03	9.32928e+02	3.91165e+00	1.97985e+00	5.23049e+01	9.26696e+00	3.60559e+00
8.97000e+00	2.58005e+02	2.56760e+03	9.32969e+02	3.91212e+00	1.98021e+00	5.22759e+01	9.26939e+00	3.60719e+00
9.71750e+00	2.58036e+02	2.56701e+03	9.33008e+02	3.91258e+00	1.98056e+00	5.22466e+01	9.27182e+00	3.60878e+00
1.04650e+01	2.58069e+02	2.56642e+03	9.33047e+02	3.91305e+00	1.98091e+00	5.22170e+01	9.27425e+00	3.61037e+00
1.12125e+01	2.58101e+02	2.56583e+03	9.33085e+02	3.91352e+00	1.98127e+00	5.21872e+01	9.27667e+00	3.61196e+00
1.19600e+01	2.58134e+02	2.56524e+03	9.33121e+02	3.91398e+00	1.98162e+00	5.21571e+01	9.27910e+00	3.61355e+00
1.27075e+01	2.58167e+02	2.56465e+03	9.33156e+02	3.91445e+00	1.98197e+00	5.21267e+01	9.28151e+00	3.61513e+00
1.34550e+01	2.58201e+02	2.56406e+03	9.33190e+02	3.91491e+00	1.98232e+00	5.20960e+01	9.28393e+00	3.61672e+00
1.42025e+01	2.58235e+02	2.56347e+03	9.33223e+02	3.91538e+00	1.98267e+00	5.20650e+01	9.28634e+00	3.61831e+00
1.49500e+01	2.58269e+02	2.56288e+03	9.33254e+02	3.91584e+00	1.98302e+00	5.20337e+01	9.28875e+00	3.61989e+00
1.56975e+01	2.58304e+02	2.56229e+03	9.33284e+02	3.91630e+00	1.98337e+00	5.20021e+01	9.29116e+00	3.62147e+00
1.64450e+01	2.58339e+02	2.56170e+03	9.33313e+02	3.91676e+00	1.98372e+00	5.19702e+01	9.29357e+00	3.62305e+00
1.71925e+01	2.58374e+02	2.56111e+03	9.33340e+02	3.91722e+00	1.98407e+00	5.19379e+01	9.29597e+00	3.62463e+00
1.79400e+01	2.58410e+02	2.56052e+03	9.33366e+02	3.91769e+00	1.98442e+00	5.19054e+01	9.29837e+00	3.62621e+00
1.86875e+01	2.58446e+02	2.55993e+03	9.33390e+02	3.91815e+00	1.98477e+00	5.18726e+01	9.30076e+00	3.62779e+00
1.94350e+01	2.58482e+02	2.55934e+03	9.33413e+02	3.91860e+00	1.98512e+00	5.18395e+01	9.30315e+00	3.62937e+00
2.01825e+01	2.58519e+02	2.55875e+03	9.33434e+02	3.91906e+00	1.98547e+00	5.18060e+01	9.30554e+00	3.63094e+00
2.09300e+01	2.58556e+02	2.55816e+03	9.33453e+02	3.91952e+00	1.98582e+00	5.17722e+01	9.30793e+00	3.63252e+00
2.16775e+01	2.58594e+02	2.55757e+03	9.33471e+02	3.91998e+00	1.98616e+00	5.17381e+01	9.31031e+00	3.63409e+00
2.24250e+01	2.58632e+02	2.55698e+03	9.33486e+02	3.92044e+00	1.98651e+00	5.17037e+01	9.31270e+00	3.63567e+00
2.31725e+01	2.58670e+02	2.55639e+03	9.33500e+02	3.92089e+00	1.98686e+00	5.16690e+01	9.31507e+00	3.63724e+00
2.39200e+01	2.58709e+02	2.55580e+03	9.33513e+02	3.92135e+00	1.98720e+00	5.16339e+01	9.31745e+00	3.63881e+00
2.46675e+01	2.58749e+02	2.55522e+03	9.33523e+02	3.92181e+00	1.98755e+00	5.15985e+01	9.31982e+00	3.64038e+00
2.54150e+01	2.58788e+02	2.55463e+03	9.33531e+02	3.92226e+00	1.98790e+00	5.15627e+01	9.32219e+00	3.64195e+00
2.61625e+01	2.58828e+02	2.55404e+03	9.33537e+02	3.92272e+00	1.98824e+00	5.15266e+01	9.32456e+00	3.64351e+00
2.69100e+01	2.58869e+02	2.55345e+03	9.33541e+02	3.92317e+00	1.98859e+00	5.14902e+01	9.32692e+00	3.64508e+00
2.76575e+01	2.58910e+02	2.55286e+03	9.33543e+02	3.92362e+00	1.98893e+00	5.14534e+01	9.32928e+00	3.64664e+00
2.84050e+01	2.58951e+02	2.55227e+03	9.33542e+02	3.92408e+00	1.98928e+00	5.14163e+01	9.33164e+00	3.64821e+00
2.91525e+01	2.58993e+02	2.55168e+03	9.33540e+02	3.92453e+00	1.98962e+00	5.13788e+01	9.33399e+00	3.64977e+00
2.99000e+01	2.59035e+02	2.55109e+03	9.33534e+02	3.92498e+00	1.98997e+00	5.13410e+01	9.33635e+00	3.65133e+00
3.06475e+01	2.59078e+02	2.55051e+03	9.33527e+02	3.92543e+00	1.99031e+00	5.13028e+01	9.33869e+00	3.65289e+00
3.13950e+01	2.59121e+02	2.54992e+03	9.33516e+02	3.92588e+00	1.99065e+00	5.12643e+01	9.34104e+00	3.65445e+00
3.21425e+01	2.59164e+02	2.54933e+03	9.33504e+02	3.92633e+00	1.99100e+00	5.12254e+01	9.34338e+00	3.65601e+00
3.28900e+01	2.59208e+02	2.54874e+03	9.33488e+02	3.92678e+00	1.99134e+00	5.11861e+01	9.34572e+00	3.65757e+00
3.36375e+01	2.59253e+02	2.54815e+03	9.33470e+02	3.92723e+00	1.99168e+00	5.11465e+01	9.34806e+00	3.65912e+00
3.43850e+01	2.59298e+02	2.54756e+03	9.33449e+02	3.92768e+00	1.99202e+00	5.11065e+01	9.35040e+00	3.66068e+00
3.51325e+01	2.59343e+02	2.54698e+03	9.33425e+02	3.92813e+00	1.99237e+00	5.10662e+01	9.35273e+00	3.66223e+00
3.58800e+01	2.59389e+02	2.54639e+03	9.33397e+02	3.92858e+00	1.99271e+00	5.10254e+01	9.35506e+00	3.66378e+00
3.66275e+01	2.59435e+02	2.54580e+03	9.33367e+02	3.92902e+00	1.99305e+00	5.09843e+01	9.35738e+00	3.66533e+00
3.73750e+01	2.59482e+02	2.54521e+03	9.33334e+02	3.92947e+00	1.99339e+00	5.09428e+01	9.35971e+00	3.66688e+00
3.81225e+01	2.59530e+02	2.54462e+03	9.33297e+02	3.92992e+00	1.99373e+00	5.09009e+01	9.36203e+00	3.66843e+00
3.88700e+01	2.59577e+02	2.54404e+03	9.33257e+02	3.93036e+00	1.99407e+00	5.08586e+01	9.36434e+00	3.66998e+00
3.96175e+01	2.59626e+02	2.54345e+03	9.33213e+02	3.93081e+00	1.99441e+00	5.08159e+01	9.36666e+00	3.67153e+00
4.03650e+01	2.59675e+02	2.54286e+03	9.33166e+02	3.93125e+00	1.99475e+00	5.07728e+01	9.36897e+00	3.67307e+00
4.11125e+01	2.59724e+02	2.54227e+03	9.33115e+02	3.93170e+00	1.99509e+00	5.07294e+01	9.37128e+00	3.67462e+00
4.18600e+01	2.59774e+02	2.54169e+03	9.33060e+02	3.93214e+00	1.99543e+00	5.06855e+01	9.37358e+00	3.67616e+00
4.26075e+01	2.59824e+02	2.54110e+03	9.33002e+02	3.93259e+00	1.99577e+00	5.06412e+01	9.37588e+00	3.67771e+00
4.33550e+01	2.59875e+02	2.54051e+03	9.32939e+02	3.93303e+00	1.99611e+00	5.05965e+01	9.37818e+00	3.67925e+00
4.41025e+01	2.59927e+02	2.53992e+03	9.32873e+02	3.93347e+00	1.99645e+00	5.05514e+01	9.38048e+00	3.68079e+00
4.48500e+01	2.59979e+02	2.53934e+03	9.32802e+02	3.93391e+00	1.99678e+00	5.05059e+01	9.38278e+00	3.68233e+00
4.55975e+01	2.60031e+02	2.53875e+03	9.32726e+02	3.93436e+00	1.99712e+00	5.04600e+01	9.38507e+00	3.68386e+00
4.63450e+01	2.60084e+02	2.53816e+03	9.32647e+02	3.93480e+00	1.99746e+00	5.04137e+01	9.38735e+00	3.68540e+00
4.70925e+01	2.60138e+02	2.53757e+03	9.32563e+02	3.93524e+00	1.99780e+00	5.03669e+01	9.38964e+00	3.68694e+00
4.78400e+01	2.60192e+02	2.53699e+03	9.32474e+02	3.93568e+00	1.99814e+00	5.03197e+01	9.39192e+00	3.68847e+00
4.85875e+01	2.60247e+02	2.53640e+03	9.32380e+02	3.93612e+00	1.99847e+00	5.02721e+01	9.39420e+00	3.69001e+00
4.93350e+01	2.60302e+02	2.53581e+03	9.32282e+02	3.93656e+00	1.99881e+00	5.02240e+01	9.39648e+00	3.69154e+00
5.00825e+01	2.60358e+02	2.53522e+03	9.32179e+02	3.93700e+00	1.99915e+00	5.01755e+01	9.39875e+00	3.69307e+00
5.08300e+01	2.60415e+02	2.53464e+03	9.32070e+02	3.93744e+00	1.99948e+00	5.01266e+01	9.40102e+00	3.69460e+00
5.15775e+01	2.60472e+02	2.53405e+03	9.31957e+02	3.93788e+00	1.99982e+00	5.00772e+01	9.40329e+00	3.69613e+00
5.23250e+01	2.60529e+02	2.53346e+03	9.31838e+02	3.93832e+00	2.00015e+00	5.00274e+01	9.40555e+00	3.69766e+00
5.30725e+01	2.60588e+02	2.53288e+03	9.31713e+02	3.93875e+00	2.00049e+00	4.99771e+01	9.40782e+00	3.69918e+00
5.38200e+01	2.60647e+02	2.53229e+03	9.31584e+02	3.93919e+00	2.00082e+00	4.99264e+01	9.41007e+00	3.70071e+00
5.45675e+01	2.60706e+02	2.53170e+03	9.31448e+02	3.93963e+00	2.00116e+00	4.98752e+01	9.41233e+00	3.70223e+00
5.53150e+01	2.60766e+02	2.53111e+03	9.31307e+02	3.94006e+00	2.00149e+00	4.98236e+01	9.41458e+00	3.70376e+00
5.60625e+01	2.60827e+02	2.53053e+03	9.31160e+02	3.94050e+00	2.00183e+00	4.97715e+01	9.41683e+00	3.70528e+00
5.68100e+01	2.60889e+02	2.52994e+03	9.31008e+02	3.94094e+00	2.00216e+00	4.97189e+01	9.41908e+00	3.70680e+00
5.75575e+01	2.60951e+02	2.52935e+03	9.30849e+02	3.94137e+00	2.00250e+00	4.96659e+01	9.42133e+00	3.70832e+00
5.83050e+01	2.61014e+02	2.52876e+03	9.30685e+02	3.94181e+00	2.00283e+00	4.96124e+01	9.42357e+00	3.70984e+00
5.90525e+01	2.61077e+02	2.52818e+03	9.30514e+02	3.94224e+00	2.00317e+00	4.95584e+01	9.42581e+00	3.71136e+00
5.98000e+01	2.61141e+02	2.52759e+03	9.30337e+02	3.94268e+00	2.00350e+00	4.95039e+01	9.42804e+00	3.71287e+00
6.05475e+01	2.61206e+02	2.52700e+03	9.30154e+02	3.94311e+00	2.00383e+00	4.94490e+01	9.43028e+00	3.71439e+00
6.12950e+01	2.61271e+02	2.52641e+03	9.29965e+02	3.94355e+00	2.00417e+00	4.93935e+01	9.43251e+00	3.71590e+00
6.20425e+01	2.61337e+02	2.52583e+03	9.29769e+02	3.94398e+00	2.00450e+00	4.93376e+01	9.43473e+00	3.71742e+00
6.27900e+01	2.61404e+02	2.52524e+03	9.29567e+02	3.94442e+00	2.00483e+00	4.92812e+01	9.43696e+00	3.71893e+00
6.35375e+01	2.61471e+02	2.52465e+03	9.29359e+02	3.94485e+00	2.00516e+00	4.92243e+01	9.43918e+00	3.72044e+00
6.42850e+01	2.61540e+02	2.52406e+03	9.29145e+02	3.94528e+00	2.00550e+00	4.91668e+01	9.44140e+00	3.72195e+00
6.50325e+01	2.61609e+02	2.52348e+03	9.28924e+02	3.94571e+00	2.00583e+00	4.91089e+01	9.44361e+00	3.72346e+00
6.57800e+01	2.61678e+02	2.52289e+03	9.28697e+02	3.94615e+00	2.00616e+00	4.90505e+01	9.44582e+00	3.72497e+00
6.65275e+01	2.61749e+02	2.52230e+03	9.28464e+02	3.94658e+00	2.00649e+00	4.89915e+01	9.44803e+00	3.72648e+00
6.72750e+01	2.61820e+02	2.52171e+03	9.28224e+02	3.94701e+00	2.00682e+00	4.89321e+01	9.45024e+00	3.72798e+00
6.80225e+01	2.61892e+02	2.52112e+03	9.27978e+02	3.94744e+00	2.00716e+00	4.88721e+01	9.45244e+00	3.72949e+00
6.87700e+01	2.61964e+02	2.52054e+03	9.27727e+02	3.94787e+00	2.00749e+00	4.88116e+01	9.45464e+00	3.73099e+00
6.95175e+01	2.62038e+02	2.51995e+03	9.27469e+02	3.94830e+00	2.00782e+00	4.87506e+01	9.45684e+00	3.73249e+00
7.02650e+01	2.62112e+02	2.51936e+03	9.27206e+02	3.94874e+00	2.00815e+00	4.86891e+01	9.45904e+00	3.73399e+00
7.10125e+01	2.62187e+02	2.51877e+03	9.26937e+02	3.94917e+00	2.00848e+00	4.86270e+01	9.46123e+00	3.73549e+00
7.17600e+01	2.62262e+02	2.51818e+03	9.26663e+02	3.94960e+00	2.00881e+00	4.85644e+01	9.46342e+00	3.73699e+00
7.25075e+01	2.62339e+02	2.51759e+03	9.26383e+02	3.95003e+00	2.00914e+00	4.85012e+01	9.46561e+00	3.73849e+00
7.32550e+01	2.65963e+02	2.51700e+03	9.25738e+02	3.95145e+00	2.00998e+00	4.56406e+01	9.46779e+00	3.73999e+00
7.40025e+01	2.66000e+02	2.51642e+03	9.25809e+02	3.95187e+00	2.01030e+00	4.56125e+01	9.46997e+00	3.74148e+00
7.78380e+01	2.66038e+02	2.51396e+03	1.13953e+03	1.66015e+00	0.00000e+00	0.00000e+00	3.14066e+00	0.00000e+00
8.16736e+01	2.66077e+02	2.51151e+03	1.14092e+03	1.66753e+00	0.00000e+00	0.00000e+00	3.17250e+00	0.00000e+00
8.55091e+01	2.66117e+02	2.50906e+03	1.14229e+03	1.67488e+00	0.00000e+00	0.00000e+00	3.20435e+00	0.00000e+00
8.93447e+01	2.66158e+02	2.50662e+03	1.14365e+03	1.68218e+00	0.00000e+00	0.00000e+00	3.23622e+00	0.00000e+00
9.31802e+01	2.66200e+02	2.50418e+03	1.14499e+03	1.68945e+00	0.00000e+00	0.00000e+00	3.26810e+00	0.00000e+00
9.70158e+01	2.66244e+02	2.50174e+03	1.14633e+03	1.69669e+00	0.00000e+00	0.00000e+00	3.29998e+00	0.00000e+00
1.00851e+02	2.66288e+02	2.49931e+03	1.14765e+03	1.70388e+00	0.00000e+00	0.00000e+00	3.33186e+00	0.00000e+00
1.04687e+02	2.66334e+02	2.49687e+03	1.14897e+03	1.71103e+00	0.00000e+00	0.00000e+00	3.36372e+00	0.00000e+00
1.08522e+02	2.66380e+02	2.49445e+03	1.15027e+03	1.71813e+00	0.00000e+00	0.00000e+00	3.39557e+00	0.00000e+00
1.12358e+02	2.66428e+02	2.49202e+03	1.15156e+03	1.72520e+00	0.00000e+00	0.00000e+00	3.42739e+00	0.00000e+00
1.16194e+02	2.66476e+02	2.48960e+03	1.15284e+03	1.73222e+00	0.00000e+00	0.00000e+00	3.45918e+00	0.00000e+00
1.20029e+02	2.66526e+02	2.48718e+03	1.15411e+03	1.73919e+00	0.00000e+00	0.00000e+00	3.49094e+00	0.00000e+00
1.23865e+02	2.66576e+02	2.48477e+03	1.15537e+03	1.74612e+00	0.00000e+00	0.00000e+00	3.52266e+00	0.00000e+00
1.27700e+02	2.66627e+02	2.48236e+03	1.15662e+03	1.75301e+00	0.00000e+00	0.00000e+00	3.55433e+00	0.00000e+00
1.31536e+02	2.66679e+02	2.47995e+03	1.15786e+03	1.75984e+00	0.00000e+00	0.00000e+00	3.58596e+00	0.00000e+00
1.35371e+02	2.66732e+02	2.47755e+03	1.15910e+03	1.76663e+00	0.00000e+00	0.00000e+00	3.61753e+00	0.00000e+00
1.39207e+02	2.66785e+02	2.47514e+03	1.16032e+03	1.77338e+00	0.00000e+00	0.00000e+00	3.64905e+00	0.00000e+00
1.43042e+02	2.66839e+02	2.47275e+03	1.16153e+03	1.78007e+00	0.00000e+00	0.00000e+00	3.68050e+00	0.00000e+00
1.46878e+02	2.66894e+02	2.47035e+03	1.16273e+03	1.78672e+00	0.00000e+00	0.00000e+00	3.71189e+00	0.00000e+00
1.50713e+02	2.66950e+02	2.46796e+03	1.16393e+03	1.79332e+00	0.00000e+00	0.00000e+00	3.74321e+00	0.00000e+00
1.54549e+02	2.67006e+02	2.46557e+03	1.16512e+03	1.79987e+00	0.00000e+00	0.00000e+00	3.77445e+00	0.00000e+00
1.58385e+02	2.67063e+02	2.46318e+03	1.16629e+03	1.80638e+00	0.00000e+00	0.00000e+00	3.80561e+00	0.00000e+00
1.62220e+02	2.67121e+02	2.46080e+03	1.16746e+03	1.81283e+00	0.00000e+00	0.00000e+00	3.83668e+00	0.00000e+00
1.66056e+02	2.67179e+02	2.45842e+03	1.16862e+03	1.81923e+00	0.00000e+00	0.00000e+00	3.86766e+00	0.00000e+00
1.69891e+02	2.67238e+02	2.45604e+03	1.16978e+03	1.82558e+00	0.00000e+00	0.00000e+00	3.89855e+00	0.00000e+00
1.73727e+02	2.67298e+02	2.45367e+03	1.17092e+03	1.83188e+00	0.00000e+00	0.00000e+00	3.92935e+00	0.00000e+00
1.77562e+02	2.67358e+02	2.45129e+03	1.17206e+03	1.83813e+00	0.00000e+00	0.00000e+00	3.96006e+00	0.00000e+00
1.81398e+02	2.67418e+02	2.44892e+03	1.17319e+03	1.84433e+00	0.00000e+00	0.00000e+00	3.99068e+00	0.00000e+00
1.85233e+02	2.67479e+02	2.44656e+03	1.17431e+03	1.85049e+00	0.00000e+00	0.00000e+00	4.02121e+00	0.00000e+00
1.89069e+02	2.67541e+02	2.44420e+03	1.17543e+03	1.85660e+00	0.00000e+00	0.00000e+00	4.05167e+00	0.00000e+00
1.92905e+02	2.67603e+02	2.44183e+03	1.17654e+03	1.86267e+00	0.00000e+00	0.00000e+00	4.08205e+00	0.00000e+00
1.96740e+02	2.67666e+02	2.43948e+03	1.17764e+03	1.86870e+00	0.00000e+00	0.00000e+00	4.11236e+00	0.00000e+00
2.00576e+02	2.67730e+02	2.43712e+03	1.17873e+03	1.87469e+00	0.00000e+00	0.00000e+00	4.14261e+00	0.00000e+00
2.04411e+02	2.67793e+02	2.43477e+03	1.17982e+03	1.88064e+00	0.00000e+00	0.00000e+00	4.17279e+00	0.00000e+00
2.08247e+02	2.67857e+02	2.43242e+03	1.18090e+03	1.88655e+00	0.00000e+00	0.00000e+00	4.20291e+00	0.00000e+00
2.12082e+02	2.67922e+02	2.43007e+03	1.18197e+03	1.89243e+00	0.00000e+00	0.00000e+00	4.23298e+00	0.00000e+00
2.15918e+02	2.67987e+02	2.42773e+03	1.18304e+03	1.89827e+00	0.00000e+00	0.00000e+00	4.26299e+00	0.00000e+00
2.19753e+02	2.68053e+02	2.42539e+03	1.18410e+03	1.90408e+00	0.00000e+00	0.00000e+00	4.29295e+00	0.00000e+00
2.23589e+02	2.68119e+02	2.42305e+03	1.18515e+03	1.90985e+00	0.00000e+00	0.00000e+00	4.32287e+00	0.00000e+00
2.27424e+02	2.68185e+02	2.42071e+03	1.18620e+03	1.91559e+00	0.00000e+00	0.00000e+00	4.35274e+00	0.00000e+00
2.31260e+02	2.68252e+02	2.41838e+03	1.18724e+03	1.92130e+00	0.00000e+00	0.00000e+00	4.38257e+00	0.00000e+00
2.35096e+02	2.68319e+02	2.41605e+03	1.18827e+03	1.92698e+00	0.00000e+00	0.00000e+00	4.41236e+00	0.00000e+00
2.38931e+02	2.68386e+02	2.41372e+03	1.18930e+03	1.93263e+00	0.00000e+00	0.00000e+00	4.44210e+00	0.00000e+00
2.42767e+02	2.68454e+02	2.41140e+03	1.19032e+03	1.93824e+00	0.00000e+00	0.00000e+00	4.47180e+00	0.00000e+00
2.46602e+02	2.68523e+02	2.40907e+03	1.19134e+03	1.94383e+00	0.00000e+00	0.00000e+00	4.50146e+00	0.00000e+00
2.50438e+02	2.68591e+02	2.40675e+03	1.19235e+03	1.94939e+00	0.00000e+00	0.00000e+00	4.53107e+00	0.00000e+00
2.54273e+02	2.68660e+02	2.40443e+03	1.19336e+03	1.95491e+00	0.00000e+00	0.00000e+00	4.56064e+00	0.00000e+00
2.58109e+02	2.68729e+02	2.40212e+03	1.19436e+03	1.96041e+00	0.00000e+00	0.00000e+00	4.59015e+00	0.00000e+00
2.61944e+02	2.68799e+02	2.39981e+03	1.19535e+03	1.96587e+00	0.00000e+00	0.00000e+00	4.61962e+00	0.00000e+00
2.65780e+02	2.68869e+02	2.39750e+03	1.19634e+03	1.97131e+00	0.00000e+00	0.00000e+00	4.64904e+00	0.00000e+00
2.69616e+02	2.68939e+02	2.39519e+03	1.19733e+03	1.97671e+00	0.00000e+00	0.00000e+00	4.67841e+00	0.00000e+00
2.73451e+02	2.69009e+02	2.39288e+03	1.19830e+03	1.98209e+00	0.00000e+00	0.00000e+00	4.70774e+00	0.00000e+00
2.77287e+02	2.69080e+02	2.39058e+03	1.19928e+03	1.98744e+00	0.00000e+00	0.00000e+00	4.73703e+00	0.00000e+00
2.81122e+02	2.69151e+02	2.38828e+03	1.20024e+03	1.99276e+00	0.00000e+00	0.00000e+00	4.76629e+00	0.00000e+00
2.84958e+02	2.69223e+02	2.38598e+03	1.20121e+03	1.99806e+00	0.00000e+00	0.00000e+00	4.79551e+00	0.00000e+00
2.88793e+02	2.69294e+02	2.38368e+03	1.20216e+03	2.00334e+00	0.00000e+00	0.00000e+00	4.82471e+00	0.00000e+00
2.92629e+02	2.69366e+02	2.38139e+03	1.20312e+03	2.00859e+00	0.00000e+00	0.00000e+00	4.85388e+00	0.00000e+00
2.96464e+02	2.69439e+02	2.37910e+03	1.20406e+03	2.01382e+00	0.00000e+00	0.00000e+00	4.88304e+00	0.00000e+00
3.00300e+02	2.69511e+02	2.37681e+03	1.20501e+03	2.01903e+00	0.00000e+00	0.00000e+00	4.91219e+00	0.00000e+00
3.04135e+02	2.69584e+02	2.37453e+03	1.20594e+03	2.02422e+00	0.00000e+00	0.00000e+00	4.94132e+00	0.00000e+00
3.07971e+02	2.69657e+02	2.37224e+03	1.20688e+03	2.02939e+00	0.00000e+00	0.00000e+00	4.97044e+00	0.00000e+00
3.11807e+02	2.69730e+02	2.36996e+03	1.20781e+03	2.03454e+00	0.00000e+00	0.00000e+00	4.99955e+00	0.00000e+00
3.15642e+02	2.69804e+02	2.36768e+03	1.20873e+03	2.03968e+00	0.00000e+00	0.00000e+00	5.02865e+00	0.00000e+00
3.19478e+02	2.69878e+02	2.36541e+03	1.20965e+03	2.04479e+00	0.00000e+00	0.00000e+00	5.05774e+00	0.00000e+00
3.23313e+02	2.69952e+02	2.36313e+03	1.21056e+03	2.04988e+00	0.00000e+00	0.00000e+00	5.08681e+00	0.00000e+00
3.27149e+02	2.70026e+02	2.36086e+03	1.21147e+03	2.05496e+00	0.00000e+00	0.00000e+00	5.11587e+00	0.00000e+00
3.30984e+02	2.70101e+02	2.35859e+03	1.21238e+03	2.06001e+00	0.00000e+00	0.00000e+00	5.14489e+00	0.00000e+00
3.34820e+02	2.70176e+02	2.35632e+03	1.21328e+03	2.06504e+00	0.00000e+00	0.00000e+00	5.17388e+00	0.00000e+00
3.38655e+02	2.70251e+02	2.35406e+03	1.21418e+03	2.07004e+00	0.00000e+00	0.00000e+00	5.20282e+00	0.00000e+00
3.42491e+02	2.70327e+02	2.35179e+03	1.21507e+03	2.07501e+00	0.00000e+00	0.00000e+00	5.23170e+00	0.00000e+00
3.46327e+02	2.70402e+02	2.34953e+03	1.21596e+03	2.07996e+00	0.00000e+00	0.00000e+00	5.26053e+00	0.00000e+00
3.50162e+02	2.70478e+02	2.34727e+03	1.21684e+03	2.08488e+00	0.00000e+00	0.00000e+00	5.28929e+00	0.00000e+00
3.53998e+02	2.70555e+02	2.34502e+03	1.21772e+03	2.08978e+00	0.00000e+00	0.00000e+00	5.31800e+00	0.00000e+00
3.57833e+02	2.70631e+02	2.34276e+03	1.21860e+03	2.09465e+00	0.00000e+00	0.00000e+00	5.34667e+00	0.00000e+00
3.61669e+02	2.70708e+02	2.34051e+03	1.21947e+03	2.09950e+00	0.00000e+00	0.00000e+00	5.37529e+00	0.00000e+00
3.65504e+02	2.70785e+02	2.33826e+03	1.22034e+03	2.10433e+00	0.00000e+00	0.00000e+00	5.40387e+00	0.00000e+00
3.69340e+02	2.70862e+02	2.33602e+03	1.22120e+03	2.10913e+00	0.00000e+00	0.00000e+00	5.43243e+00	0.00000e+00
3.73175e+02	2.70939e+02	2.33377e+03	1.22206e+03	2.11392e+00	0.00000e+00	0.00000e+00	5.46097e+00	0.00000e+00
3.77011e+02	2.71017e+02	2.33153e+03	1.22292e+03	2.11869e+00	0.00000e+00	0.00000e+00	5.48948e+00	0.00000e+00
3.80846e+02	2.71095e+02	2.32929e+03	1.22377e+03	2.12344e+00	0.00000e+00	0.00000e+00	5.51797e+00	0.00000e+00
3.84682e+02	2.71173e+02	2.32705e+03	1.22462e+03	2.12818e+00	0.00000e+00	0.00000e+00	5.54645e+00	0.00000e+00
3.88518e+02	2.71251e+02	2.32481e+03	1.22546e+03	2.13289e+00	0.00000e+00	0.00000e+00	5.57491e+00	0.00000e+00
3.92353e+02	2.71330e+02	2.32258e+03	1.22630e+03	2.13760e+00	0.00000e+00	0.00000e+00	5.60336e+00	0.00000e+00
3.96189e+02	2.71409e+02	2.32035e+03	1.22714e+03	2.14228e+00	0.00000e+00	0.00000e+00	5.63179e+00	0.00000e+00
4.00024e+02	2.71488e+02	2.31812e+03	1.22797e+03	2.14695e+00	0.00000e+00	0.00000e+00	5.66020e+00	0.00000e+00
4.03860e+02	2.71567e+02	2.31589e+03	1.22880e+03	2.15160e+00	0.00000e+00	0.00000e+00	5.68860e+00	0.00000e+00
4.07695e+02	2.71646e+02	2.31366e+03	1.22963e+03	2.15624e+00	0.00000e+00	0.00000e+00	5.71698e+00	0.00000e+00
4.11531e+02	2.71726e+02	2.31144e+03	1.23045e+03	2.16086e+00	0.00000e+00	0.00000e+00	5.74535e+00	0.00000e+00
4.15366e+02	2.71805e+02	2.30922e+03	1.23127e+03	2.16546e+00	0.00000e+00	0.00000e+00	5.77369e+00	0.00000e+00
4.19202e+02	2.71885e+02	2.30700e+03	1.23209e+03	2.17005e+00	0.00000e+00	0.00000e+00	5.80202e+00	0.00000e+00
4.23038e+02	2.71966e+02	2.30478e+03	1.23290e+03	2.17462e+00	0.00000e+00	0.00000e+00	5.83033e+00	0.00000e+00
4.26873e+02	2.72046e+02	2.30257e+03	1.23371e+03	2.17917e+00	0.00000e+00	0.00000e+00	5.85862e+00	0.00000e+00
4.30709e+02	2.72126e+02	2.30036e+03	1.23452e+03	2.18371e+00	0.00000e+00	0.00000e+00	5.88690e+00	0.00000e+00
4.34544e+02	2.72207e+02	2.29814e+03	1.23532e+03	2.18823e+00	0.00000e+00	0.00000e+00	5.91515e+00	0.00000e+00
4.38380e+02	2.72288e+02	2.29594e+03	1.23612e+03	2.19274e+00	0.00000e+00	0.00000e+00	5.94339e+00	0.00000e+00
4.42215e+02	2.72369e+02	2.29373e+03	1.23691e+03	2.19723e+00	0.00000e+00	0.00000e+00	5.97161e+00	0.00000e+00
4.46051e+02	2.72450e+02	2.29152e+03	1.23771e+03	2.20171e+00	0.00000e+00	0.00000e+00	5.99981e+00	0.00000e+00
4.49886e+02	2.72532e+02	2.28932e+03	1.23849e+03	2.20617e+00	0.00000e+00	0.00000e+00	6.02799e+00	0.00000e+00
4.53722e+02	2.72613e+02	2.28712e+03	1.23928e+03	2.21062e+00	0.00000e+00	0.00000e+00	6.05616e+00	0.00000e+00
4.57557e+02	2.72695e+02	2.28492e+03	1.24006e+03	2.21505e+00	0.00000e+00	0.00000e+00	6.08431e+00	0.00000e+00
4.61393e+02	2.72777e+02	2.28273e+03	1.24084e+03	2.21947e+00	0.00000e+00	0.00000e+00	6.11244e+00	0.00000e+00
4.65229e+02	2.72859e+02	2.28053e+03	1.24162e+03	2.22387e+00	0.00000e+00	0.00000e+00	6.14057e+00	0.00000e+00
4.69064e+02	2.72941e+02	2.27834e+03	1.24239e+03	2.22826e+00	0.00000e+00	0.00000e+00	6.16868e+00	0.00000e+00
4.72900e+02	2.73023e+02	2.27615e+03	1.24317e+03	2.23264e+00	0.00000e+00	0.00000e+00	6.19678e+00	0.00000e+00
4.76735e+02	2.73106e+02	2.27396e+03	1.24393e+03	2.23700e+00	0.00000e+00	0.00000e+00	6.22487e+00	0.00000e+00
4.80571e+02	2.73188e+02	2.27178e+03	1.24470e+03	2.24135e+00	0.00000e+00	0.00000e+00	6.25295e+00	0.00000e+00
4.84406e+02	2.73271e+02	2.26959e+03	1.24546e+03	2.24569e+00	0.00000e+00	0.00000e+00	6.28102e+00	0.00000e+00
4.88242e+02	2.73354e+02	2.26741e+03	1.24622e+03	2.25002e+00	0.00000e+00	0.00000e+00	6.30908e+00	0.00000e+00
4.92077e+02	2.73437e+02	2.26523e+03	1.24698e+03	2.25433e+00	0.00000e+00	0.00000e+00	6.33713e+00	0.00000e+00
4.95913e+02	2.73520e+02	2.26305e+03	1.24773e+03	2.25863e+00	0.00000e+00	0.00000e+00	6.36518e+00	0.00000e+00
4.99749e+02	2.73603e+02	2.26087e+03	1.24848e+03	2.26292e+00	0.00000e+00	0.00000e+00	6.39321e+00	0.00000e+00
5.03584e+02	2.73686e+02	2.25870e+03	1.24923e+03	2.26720e+00	0.00000e+00	0.00000e+00	6.42124e+00	0.00000e+00
5.07420e+02	2.73770e+02	2.25653e+03	1.24997e+03	2.27146e+00	0.00000e+00	0.00000e+00	6.44926e+00	0.00000e+00
5.11255e+02	2.73853e+02	2.25436e+03	1.25071e+03	2.27571e+00	0.00000e+00	0.00000e+00	6.47728e+00	0.00000e+00
5.15091e+02	2.73937e+02	2.25219e+03	1.25145e+03	2.27995e+00	0.00000e+00	0.00000e+00	6.50528e+00	0.00000e+00
5.18926e+02	2.74021e+02	2.25002e+03	1.25219e+03	2.28418e+00	0.00000e+00	0.00000e+00	6.53329e+00	0.00000e+00
5.22762e+02	2.74105e+02	2.24786e+03	1.25292e+03	2.28840e+00	0.00000e+00	0.00000e+00	6.56129e+00	0.00000e+00
5.26597e+02	2.74189e+02	2.24569e+03	1.25365e+03	2.29261e+00	0.00000e+00	0.00000e+00	6.58928e+00	0.00000e+00
5.30433e+02	2.74273e+02	2.24353e+03	1.25438e+03	2.29681e+00	0.00000e+00	0.00000e+00	6.61728e+00	0.00000e+00
5.34268e+02	2.74357e+02	2.24137e+03	1.25511e+03	2.30100e+00	0.00000e+00	0.00000e+00	6.64528e+00	0.00000e+00
5.38104e+02	2.74442e+02	2.23922e+03	1.25583e+03	2.30518e+00	0.00000e+00	0.00000e+00	6.67329e+00	0.00000e+00
5.41940e+02	2.74526e+02	2.23706e+03	1.25655e+03	2.30935e+00	0.00000e+00	0.00000e+00	6.70130e+00	0.00000e+00
5.45775e+02	2.74611e+02	2.23491e+03	1.25727e+03	2.31351e+00	0.00000e+00	0.00000e+00	6.72932e+00	0.00000e+00
5.49611e+02	2.74695e+02	2.23276e+03	1.25798e+03	2.31767e+00	0.00000e+00	0.00000e+00	6.75736e+00	0.00000e+00
5.53446e+02	2.74780e+02	2.23061e+03	1.25870e+03	2.32181e+00	0.00000e+00	0.00000e+00	6.78541e+00	0.00000e+00
5.57282e+02	2.74865e+02	2.22846e+03	1.25941e+03	2.32595e+00	0.00000e+00	0.00000e+00	6.81347e+00	0.00000e+00
5.61117e+02	2.74950e+02	2.22632e+03	1.26012e+03	2.33009e+00	0.00000e+00	0.00000e+00	6.84156e+00	0.00000e+00
5.64953e+02	2.75035e+02	2.22417e+03	1.26082e+03	2.33422e+00	0.00000e+00	0.00000e+00	6.86967e+00	0.00000e+00
5.68788e+02	2.75120e+02	2.22203e+03	1.26152e+03	2.33834e+00	0.00000e+00	0.00000e+00	6.89780e+00	0.00000e+00
5.72624e+02	2.75205e+02	2.21989e+03	1.26222e+03	2.34246e+00	0.00000e+00	0.00000e+00	6.92595e+00	0.00000e+00
5.76460e+02	2.75291e+02	2.21776e+03	1.26292e+03	2.34657e+00	0.00000e+00	0.00000e+00	6.95414e+00	0.00000e+00
5.80295e+02	2.75376e+02	2.21562e+03	1.26362e+03	2.35068e+00	0.00000e+00	0.00000e+00	6.98235e+00	0.00000e+00
5.84131e+02	2.75462e+02	2.21349e+03	1.26431e+03	2.35478e+00	0.00000e+00	0.00000e+00	7.01059e+00	0.00000e+00
5.87966e+02	2.75547e+02	2.21135e+03	1.26500e+03	2.35888e+00	0.00000e+00	0.00000e+00	7.03887e+00	0.00000e+00
5.91802e+02	2.75633e+02	2.20922e+03	1.26569e+03	2.36297e+00	0.00000e+00	0.00000e+00	7.06718e+00	0.00000e+00
5.95637e+02	2.75719e+02	2.20710e+03	1.26638e+03	2.36707e+00	0.00000e+00	0.00000e+00	7.09552e+00	0.00000e+00
5.99473e+02	2.75805e+02	2.20497e+03	1.26706e+03	2.37116e+00	0.00000e+00	0.00000e+00	7.12390e+00	0.00000e+00
6.03308e+02	2.75891e+02	2.20284e+03	1.26774e+03	2.37524e+00	0.00000e+00	0.00000e+00	7.15231e+00	0.00000e+00
6.07144e+02	2.75977e+02	2.20072e+03	1.26842e+03	2.37932e+00	0.00000e+00	0.00000e+00	7.18077e+00	0.00000e+00
6.10979e+02	2.76063e+02	2.19860e+03	1.26910e+03	2.38340e+00	0.00000e+00	0.00000e+00	7.20926e+00	0.00000e+00
6.14815e+02	2.76149e+02	2.19648e+03	1.26977e+03	2.38748e+00	0.00000e+00	0.00000e+00	7.23781e+00	0.00000e+00
6.18651e+02	2.76236e+02	2.19436e+03	1.27045e+03	2.39156e+00	0.00000e+00	0.00000e+00	7.26639e+00	0.00000e+00
6.22486e+02	2.76322e+02	2.19225e+03	1.27112e+03	2.39564e+00	0.00000e+00	0.00000e+00	7.29502e+00	0.00000e+00
6.26322e+02	2.76409e+02	2.19014e+03	1.27178e+03	2.39971e+00	0.00000e+00	0.00000e+00	7.32370e+00	0.00000e+00
6.30157e+02	2.76495e+02	2.18802e+03	1.27245e+03	2.40378e+00	0.00000e+00	0.00000e+00	7.35244e+00	0.00000e+00
6.33993e+02	2.76582e+02	2.18592e+03	1.27311e+03	2.40786e+00	0.00000e+00	0.00000e+00	7.38122e+00	0.00000e+00
6.37828e+02	2.76669e+02	2.18381e+03	1.27377e+03	2.41193e+00	0.00000e+00	0.00000e+00	7.41006e+00	0.00000e+00
6.41664e+02	2.76756e+02	2.18170e+03	1.27443e+03	2.41600e+00	0.00000e+00	0.00000e+00	7.43895e+00	0.00000e+00
6.45499e+02	2.76843e+02	2.17960e+03	1.27509e+03	2.42007e+00	0.00000e+00	0.00000e+00	7.46790e+00	0.00000e+00
6.49335e+02	2.76930e+02	2.17749e+03	1.27575e+03	2.42415e+00	0.00000e+00	0.00000e+00	7.49690e+00	0.00000e+00
6.53171e+02	2.77017e+02	2.17539e+03	1.27640e+03	2.42822e+00	0.00000e+00	0.00000e+00	7.52597e+00	0.00000e+00
6.57006e+02	2.77104e+02	2.17330e+03	1.27705e+03	2.43229e+00	0.00000e+00	0.00000e+00	7.55509e+00	0.00000e+00
6.60842e+02	2.77191e+02	2.17120e+03	1.27770e+03	2.43637e+00	0.00000e+00	0.00000e+00	7.58426e+00	0.00000e+00
6.64677e+02	2.77279e+02	2.16910e+03	1.27834e+03	2.44044e+00	0.00000e+00	0.00000e+00	7.61350e+00	0.00000e+00
6.68513e+02	2.77366e+02	2.16701e+03	1.27899e+03	2.44452e+00	0.00000e+00	0.00000e+00	7.64279e+00	0.00000e+00
6.72348e+02	2.77454e+02	2.16492e+03	1.27963e+03	2.44859e+00	0.00000e+00	0.00000e+00	7.67214e+00	0.00000e+00
6.76184e+02	2.77541e+02	2.16283e+03	1.28027e+03	2.45267e+00	0.00000e+00	0.00000e+00	7.70155e+00	0.00000e+00
6.80019e+02	2.77629e+02	2.16074e+03	1.28091e+03	2.45674e+00	0.00000e+00	0.00000e+00	7.73101e+00	0.00000e+00
6.83855e+02	2.77717e+02	2.15866e+03	1.28154e+03	2.46082e+00	0.00000e+00	0.00000e+00	7.76053e+00	0.00000e+00
6.87690e+02	2.77805e+02	2.15657e+03	1.28218e+03	2.46489e+00	0.00000e+00	0.00000e+00	7.79010e+00	0.00000e+00
6.91526e+02	2.77892e+02	2.15449e+03	1.28281e+03	2.46897e+00	0.00000e+00	0.00000e+00	7.81972e+00	0.00000e+00
6.95362e+02	2.77980e+02	2.15241e+03	1.28344e+03	2.47304e+00	0.00000e+00	0.00000e+00	7.84941e+00	0.00000e+00
6.99197e+02	2.78068e+02	2.15033e+03	1.28406e+03	2.47711e+00	0.00000e+00	0.00000e+00	7.87914e+00	0.00000e+00
7.03033e+02	2.78157e+02	2.14825e+03	1.28469e+03	2.48119e+00	0.00000e+00	0.00000e+00	7.90893e+00	0.00000e+00
7.06868e+02	2.78245e+02	2.14618e+03	1.28531e+03	2.48526e+00	0.00000e+00	0.00000e+00	7.93877e+00	0.00000e+00
7.10704e+02	2.78333e+02	2.14410e+03	1.28594e+03	2.48933e+00	0.00000e+00	0.00000e+00	7.96867e+00	0.00000e+00
7.14539e+02	2.78421e+02	2.14203e+03	1.28655e+03	2.49341e+00	0.00000e+00	0.00000e+00	7.99861e+00	0.00000e+00
7.18375e+02	2.78510e+02	2.13996e+03	1.28717e+03	2.49748e+00	0.00000e+00	0.00000e+00	8.02861e+00	0.00000e+00
7.22210e+02	2.78598e+02	2.13789e+03	1.28779e+03	2.50155e+00	0.00000e+00	0.00000e+00	8.05866e+00	0.00000e+00
7.26046e+02	2.78686e+02	2.13583e+03	1.28840e+03	2.50562e+00	0.00000e+00	0.00000e+00	8.08877e+00	0.00000e+00
7.29882e+02	2.78775e+02	2.13376e+03	1.28901e+03	2.50969e+00	0.00000e+00	0.00000e+00	8.11892e+00	0.00000e+00
7.33717e+02	2.78864e+02	2.13170e+03	1.28962e+03	2.51376e+00	0.00000e+00	0.00000e+00	8.14912e+00	0.00000e+00
7.37553e+02	2.78952e+02	2.12964e+03	1.29023e+03	2.51783e+00	0.00000e+00	0.00000e+00	8.17938e+00	0.00000e+00
7.41388e+02	2.79041e+02	2.12758e+03	1.29084e+03	2.52190e+00	0.00000e+00	0.00000e+00	8.20968e+00	0.00000e+00
7.45224e+02	2.79130e+02	2.12552e+03	1.29144e+03	2.52597e+00	0.00000e+00	0.00000e+00	8.24003e+00	0.00000e+00
7.49059e+02	2.79219e+02	2.12347e+03	1.29204e+03	2.53003e+00	0.00000e+00	0.00000e+00	8.27043e+00	0.00000e+00
7.52895e+02	2.79307e+02	2.12141e+03	1.29264e+03	2.53410e+00	0.00000e+00	0.00000e+00	8.30088e+00	0.00000e+00
7.56730e+02	2.79396e+02	2.11936e+03	1.29324e+03	2.53816e+00	0.00000e+00	0.00000e+00	8.33138e+00	0.00000e+00
7.60566e+02	2.79485e+02	2.11731e+03	1.29384e+03	2.54222e+00	0.00000e+00	0.00000e+00	8.36192e+00	0.00000e+00
7.64401e+02	2.79574e+02	2.11526e+03	1.29443e+03	2.54628e+00	0.00000e+00	0.00000e+00	8.39251e+00	0.00000e+00
7.68237e+02	2.79663e+02	2.11321e+03	1.29502e+03	2.55034e+00	0.00000e+00	0.00000e+00	8.42314e+00	0.00000e+00
7.72073e+02	2.79752e+02	2.11117e+03	1.29561e+03	2.55440e+00	0.00000e+00	0.00000e+00	8.45382e+00	0.00000e+00
7.75908e+02	2.79842e+02	2.10913e+03	1.29620e+03	2.55846e+00	0.00000e+00	0.00000e+00	8.48455e+00	0.00000e+00
7.79744e+02	2.79931e+02	2.10708e+03	1.29679e+03	2.56251e+00	0.00000e+00	0.00000e+00	8.51532e+00	0.00000e+00
7.83579e+02	2.80020e+02	2.10504e+03	1.29737e+03	2.56657e+00	0.00000e+00	0.00000e+00	8.54613e+00	0.00000e+00
7.87415e+02	2.80109e+02	2.10301e+03	1.29796e+03	2.57062e+00	0.00000e+00	0.00000e+00	8.57699e+00	0.00000e+00
7.91250e+02	2.80198e+02	2.10097e+03	1.29854e+03	2.57467e+00	0.00000e+00	0.00000e+00	8.60790e+00	0.00000e+00
7.95086e+02	2.80288e+02	2.09893e+03	1.29912e+03	2.57872e+00	0.00000e+00	0.00000e+00	8.63884e+00	0.00000e+00
7.98921e+02	2.80377e+02	2.09690e+03	1.29970e+03	2.58276e+00	0.00000e+00	0.00000e+00	8.66983e+00	0.00000e+00
8.02757e+02	2.80377e+02	2.09497e+03	1.37095e+03	4.50058e+00	2.32459e+00	1.13639e+02	1.78913e+01	7.40827e+00
8.06593e+02	2.80377e+02	2.09305e+03	1.37110e+03	4.50286e+00	2.32627e+00	1.13639e+02	1.79070e+01	7.41978e+00
8.10428e+02	2.80377e+02	2.09112e+03	1.37125e+03	4.50513e+00	2.32795e+00	1.13639e+02	1.79228e+01	7.43128e+00
8.14264e+02	2.80377e+02	2.08920e+03	1.37139e+03	4.50740e+00	2.32963e+00	1.13639e+02	1.79385e+01	7.44279e+00
8.18099e+02	2.80377e+02	2.08728e+03	1.37154e+03	4.50968e+00	2.33131e+00	1.13639e+02	1.79542e+01	7.45430e+00
8.21935e+02	2.80377e+02	2.08535e+03	1.37169e+03	4.51195e+00	2.33298e+00	1.13639e+02	1.79699e+01	7.46580e+00
8.25770e+02	2.80377e+02	2.08343e+03	1.37183e+03	4.51422e+00	2.33465e+00	1.13639e+02	1.79857e+01	7.47731e+00
8.29606e+02	2.80377e+02	2.08151e+03	1.37197e+03	4.51649e+00	2.33633e+00	1.13639e+02	1.80014e+01	7.48882e+00
8.33441e+02	2.80377e+02	2.07959e+03	1.37212e+03	4.51876e+00	2.33800e+00	1.13639e+02	1.80171e+01	7.50032e+00
8.37277e+02	2.80377e+02	2.07767e+03	1.37226e+03	4.52103e+00	2.33967e+00	1.13639e+02	1.80328e+01	7.51183e+00
8.41112e+02	2.80377e+02	2.07575e+03	1.37240e+03	4.52330e+00	2.34134e+00	1.13639e+02	1.80486e+01	7.52334e+00
8.44948e+02	2.80377e+02	2.07384e+03	1.37254e+03	4.52557e+00	2.34301e+00	1.13639e+02	1.80643e+01	7.53484e+00
8.48784e+02	2.80377e+02	2.07192e+03	1.37268e+03	4.52784e+00	2.34468e+00	1.13639e+02	1.80800e+01	7.54635e+00
8.52619e+02	2.80377e+02	2.07000e+03	1.37282e+03	4.53011e+00	2.34635e+00	1.13639e+02	1.80957e+01	7.55786e+00
8.56455e+02	2.80377e+02	2.06809e+03	1.37296e+03	4.53238e+00	2.34802e+00	1.13639e+02	1.81115e+01	7.56936e+00
8.60290e+02	2.80499e+02	2.06618e+03	1.37309e+03	4.53466e+00	2.34969e+00	1.13378e+02	1.81272e+01	7.58087e+00
8.64126e+02	2.80690e+02	2.06426e+03	1.37321e+03	4.53695e+00	2.35137e+00	1.12968e+02	1.81429e+01	7.59238e+00
8.67961e+02	2.80880e+02	2.06235e+03	1.37334e+03	4.53924e+00	2.35304e+00	1.12563e+02	1.81586e+01	7.60388e+00
8.71797e+02	2.81070e+02	2.06044e+03	1.37346e+03	4.54153e+00	2.35472e+00	1.12159e+02	1.81744e+01	7.61539e+00
8.75632e+02	2.81261e+02	2.05853e+03	1.37358e+03	4.54381e+00	2.35639e+00	1.11758e+02	1.81901e+01	7.62690e+00
8.79468e+02	2.81451e+02	2.05662e+03	1.37370e+03	4.54610e+00	2.35806e+00	1.11358e+02	1.82058e+01	7.63840e+00
8.83304e+02	2.81641e+02	2.05471e+03	1.37382e+03	4.54839e+00	2.35973e+00	1.10961e+02	1.82215e+01	7.64991e+00
8.87139e+02	2.81830e+02	2.05280e+03	1.37394e+03	4.55067e+00	2.36140e+00	1.10569e+02	1.82373e+01	7.66142e+00
8.90975e+02	2.82014e+02	2.05089e+03	1.37406e+03	4.55296e+00	2.36307e+00	1.10189e+02	1.82530e+01	7.67292e+00
8.94810e+02	2.82197e+02	2.04899e+03	1.37418e+03	4.55524e+00	2.36474e+00	1.09811e+02	1.82687e+01	7.68443e+00
8.98646e+02	2.82381e+02	2.04708e+03	1.37430e+03	4.55753e+00	2.36641e+00	1.09434e+02	1.82844e+01	7.69594e+00
9.02481e+02	2.82565e+02	2.04518e+03	1.37442e+03	4.55981e+00	2.36808e+00	1.09059e+02	1.83002e+01	7.70744e+00
9.06317e+02	2.82749e+02	2.04327e+03	1.37454e+03	4.56210e+00	2.36974e+00	1.08686e+02	1.83159e+01	7.71895e+00
9.10152e+02	2.82932e+02	2.04137e+03	1.37465e+03	4.56438e+00	2.37141e+00	1.08315e+02	1.83316e+01	7.73046e+00
9.13988e+02	2.83112e+02	2.03947e+03	1.37477e+03	4.56666e+00	2.37307e+00	1.07954e+02	1.83474e+01	7.74196e+00
9.17823e+02	2.83290e+02	2.03756e+03	1.37488e+03	4.56894e+00	2.37473e+00	1.07598e+02	1.83631e+01	7.75347e+00
9.21659e+02	2.83467e+02	2.03566e+03	2.75845e+03	7.31729e+00	4.01846e+00	4.43191e+13	8.83043e+01	4.45436e+01
2.29576e+03	3.01384e+02	1.69639e+03	2.75845e+03	7.33770e+00	3.97481e+00	1.59506e+14	9.23574e+01	4.45187e+01
3.66987e+03	3.16044e+02	1.35711e+03	2.81780e+03	7.31259e+00	3.97044e+00	4.90443e+14	9.35311e+01	4.54311e+01
5.07354e+03	3.27445e+02	1.01783e+03	2.88189e+03	7.37132e+00	3.96191e+00	1.42167e+15	9.80057e+01	4.60489e+01
6.50914e+03	3.35590e+02	6.78555e+02	2.93366e+03	7.53864e+00	3.99700e+00	3.95140e+15	1.05873e+02	4.76059e+01
7.97052e+03	3.40476e+02	3.39277e+02	2.97983e+03	7.75950e+00	4.07152e+00	1.05509e+16	1.16189e+02	5.05444e+01
9.45491e+03	NaN	0.00000e+00	3.04902e+03	NaN	NaN	NaN	NaN	NaN
