P (MPa)		T (K)		r (km)		rho (kg m-3)	VP (km s-1)	VS (km s-1)	QS/gamma	
0.00000e+00	9.40000e+01	2.57470e+03	9.32478e+02	3.87821e+00	1.96165e+00	1.49949e+05
8.41665e-01	1.03948e+02	2.57403e+03	9.32478e+02	3.88049e+00	1.96307e+00	4.53434e+04
1.68333e+00	1.14948e+02	2.57337e+03	9.32539e+02	3.88335e+00	1.96478e+00	1.53742e+04
2.52500e+00	1.27113e+02	2.57270e+03	9.32598e+02	3.88712e+00	1.96695e+00	5.78124e+03
3.36666e+00	1.40565e+02	2.57203e+03	9.32657e+02	3.89234e+00	1.96986e+00	2.38727e+03
4.20833e+00	1.55440e+02	2.57137e+03	9.32715e+02	3.89974e+00	1.97386e+00	1.07285e+03
5.04999e+00	1.71890e+02	2.57070e+03	9.32772e+02	3.91003e+00	1.97933e+00	5.20502e+02
5.89166e+00	1.90080e+02	2.57004e+03	9.32829e+02	3.91107e+00	1.98013e+00	2.70623e+02
6.73332e+00	2.10196e+02	2.56937e+03	9.32884e+02	3.91211e+00	1.98092e+00	1.49793e+02
7.57499e+00	2.32440e+02	2.56871e+03	9.32938e+02	3.91314e+00	1.98170e+00	8.77408e+01
8.41665e+00	2.57038e+02	2.56804e+03	9.32992e+02	3.91417e+00	1.98249e+00	5.40930e+01
9.25832e+00	2.57070e+02	2.56738e+03	9.33044e+02	3.91520e+00	1.98327e+00	5.40628e+01
1.01000e+01	2.57101e+02	2.56671e+03	9.33096e+02	3.91623e+00	1.98405e+00	5.40324e+01
1.09416e+01	2.57133e+02	2.56604e+03	9.33146e+02	3.91725e+00	1.98483e+00	5.40017e+01
1.17833e+01	2.57166e+02	2.56538e+03	9.33195e+02	3.91827e+00	1.98561e+00	5.39706e+01
1.26250e+01	2.57199e+02	2.56472e+03	9.33244e+02	3.91928e+00	1.98638e+00	5.39393e+01
1.34666e+01	2.57232e+02	2.56405e+03	9.33291e+02	3.92029e+00	1.98716e+00	5.39077e+01
1.43083e+01	2.57265e+02	2.56339e+03	9.33336e+02	3.92130e+00	1.98793e+00	5.38758e+01
1.51500e+01	2.57299e+02	2.56272e+03	9.33381e+02	3.92231e+00	1.98870e+00	5.38436e+01
1.59916e+01	2.57333e+02	2.56206e+03	9.33424e+02	3.92331e+00	1.98947e+00	5.38110e+01
1.68333e+01	2.57367e+02	2.56139e+03	9.33466e+02	3.92431e+00	1.99023e+00	5.37782e+01
1.76750e+01	2.57402e+02	2.56073e+03	9.33507e+02	3.92530e+00	1.99100e+00	5.37450e+01
1.85166e+01	2.57437e+02	2.56007e+03	9.33546e+02	3.92629e+00	1.99176e+00	5.37116e+01
1.93583e+01	2.57473e+02	2.55940e+03	9.33584e+02	3.92728e+00	1.99252e+00	5.36778e+01
2.02000e+01	2.57508e+02	2.55874e+03	9.33621e+02	3.92827e+00	1.99328e+00	5.36437e+01
2.10416e+01	2.57545e+02	2.55807e+03	9.33655e+02	3.92925e+00	1.99404e+00	5.36092e+01
2.18833e+01	2.57581e+02	2.55741e+03	9.33689e+02	3.93023e+00	1.99479e+00	5.35745e+01
2.27250e+01	2.57618e+02	2.55675e+03	9.33720e+02	3.93121e+00	1.99554e+00	5.35394e+01
2.35666e+01	2.57656e+02	2.55608e+03	9.33750e+02	3.93219e+00	1.99630e+00	5.35039e+01
2.44083e+01	2.57693e+02	2.55542e+03	9.33779e+02	3.93316e+00	1.99705e+00	5.34682e+01
2.52500e+01	2.57732e+02	2.55476e+03	9.33805e+02	3.93413e+00	1.99780e+00	5.34321e+01
2.60916e+01	2.57770e+02	2.55410e+03	9.33830e+02	3.93509e+00	1.99854e+00	5.33956e+01
2.69333e+01	2.57809e+02	2.55343e+03	9.33853e+02	3.93606e+00	1.99929e+00	5.33589e+01
2.77750e+01	2.57849e+02	2.55277e+03	9.33873e+02	3.93702e+00	2.00003e+00	5.33217e+01
2.86166e+01	2.57888e+02	2.55211e+03	9.33892e+02	3.93798e+00	2.00077e+00	5.32842e+01
2.94583e+01	2.57929e+02	2.55144e+03	9.33909e+02	3.93893e+00	2.00151e+00	5.32464e+01
3.03000e+01	2.57969e+02	2.55078e+03	9.33924e+02	3.93989e+00	2.00225e+00	5.32082e+01
3.11416e+01	2.58010e+02	2.55012e+03	9.33936e+02	3.94084e+00	2.00299e+00	5.31697e+01
3.19833e+01	2.58052e+02	2.54946e+03	9.33947e+02	3.94179e+00	2.00373e+00	5.31308e+01
3.28249e+01	2.58094e+02	2.54880e+03	9.33954e+02	3.94273e+00	2.00446e+00	5.30915e+01
3.36666e+01	2.58136e+02	2.54813e+03	9.33960e+02	3.94367e+00	2.00520e+00	5.30519e+01
3.45083e+01	2.58179e+02	2.54747e+03	9.33963e+02	3.94462e+00	2.00593e+00	5.30119e+01
3.53499e+01	2.58222e+02	2.54681e+03	9.33964e+02	3.94555e+00	2.00666e+00	5.29715e+01
3.61916e+01	2.58266e+02	2.54615e+03	9.33961e+02	3.94649e+00	2.00739e+00	5.29307e+01
3.70333e+01	2.58310e+02	2.54549e+03	9.33957e+02	3.94743e+00	2.00811e+00	5.28896e+01
3.78749e+01	2.58355e+02	2.54483e+03	9.33949e+02	3.94836e+00	2.00884e+00	5.28481e+01
3.87166e+01	2.58400e+02	2.54416e+03	9.33939e+02	3.94929e+00	2.00957e+00	5.28062e+01
3.95583e+01	2.58445e+02	2.54350e+03	9.33925e+02	3.95021e+00	2.01029e+00	5.27639e+01
4.03999e+01	2.58491e+02	2.54284e+03	9.33909e+02	3.95114e+00	2.01101e+00	5.27212e+01
4.12416e+01	2.58538e+02	2.54218e+03	9.33889e+02	3.95206e+00	2.01173e+00	5.26781e+01
4.20833e+01	2.58585e+02	2.54152e+03	9.33867e+02	3.95298e+00	2.01245e+00	5.26346e+01
4.29249e+01	2.58632e+02	2.54086e+03	9.33841e+02	3.95390e+00	2.01317e+00	5.25908e+01
4.37666e+01	2.58680e+02	2.54020e+03	9.33811e+02	3.95482e+00	2.01389e+00	5.25465e+01
4.46083e+01	2.58729e+02	2.53954e+03	9.33779e+02	3.95574e+00	2.01460e+00	5.25018e+01
4.54499e+01	2.58778e+02	2.53888e+03	9.33742e+02	3.95665e+00	2.01532e+00	5.24567e+01
4.62916e+01	2.58827e+02	2.53822e+03	9.33702e+02	3.95756e+00	2.01603e+00	5.24112e+01
4.71333e+01	2.58877e+02	2.53755e+03	9.33658e+02	3.95847e+00	2.01675e+00	5.23652e+01
4.79749e+01	2.58928e+02	2.53689e+03	9.33610e+02	3.95938e+00	2.01746e+00	5.23189e+01
4.88166e+01	2.58979e+02	2.53623e+03	9.33559e+02	3.96028e+00	2.01817e+00	5.22721e+01
4.96583e+01	2.59030e+02	2.53557e+03	9.33503e+02	3.96119e+00	2.01888e+00	5.22249e+01
5.04999e+01	2.59082e+02	2.53491e+03	9.33443e+02	3.96209e+00	2.01958e+00	5.21773e+01
5.13416e+01	2.59135e+02	2.53425e+03	9.33379e+02	3.96299e+00	2.02029e+00	5.21292e+01
5.21833e+01	2.59188e+02	2.53359e+03	9.33310e+02	3.96389e+00	2.02100e+00	5.20807e+01
5.30249e+01	2.59242e+02	2.53293e+03	9.33237e+02	3.96478e+00	2.02170e+00	5.20318e+01
5.38666e+01	2.59296e+02	2.53227e+03	9.33159e+02	3.96568e+00	2.02240e+00	5.19824e+01
5.47082e+01	2.59351e+02	2.53161e+03	9.33076e+02	3.96657e+00	2.02311e+00	5.19325e+01
5.55499e+01	2.59407e+02	2.53095e+03	9.32989e+02	3.96746e+00	2.02381e+00	5.18823e+01
5.63916e+01	2.59463e+02	2.53029e+03	9.32897e+02	3.96835e+00	2.02451e+00	5.18315e+01
5.72332e+01	2.59519e+02	2.52963e+03	9.32799e+02	3.96924e+00	2.02521e+00	5.17803e+01
5.80749e+01	2.59577e+02	2.52897e+03	9.32697e+02	3.97013e+00	2.02591e+00	5.17287e+01
5.89166e+01	2.59634e+02	2.52831e+03	9.32589e+02	3.97101e+00	2.02660e+00	5.16766e+01
5.97582e+01	2.59693e+02	2.52765e+03	9.32476e+02	3.97190e+00	2.02730e+00	5.16240e+01
6.05999e+01	2.59752e+02	2.52699e+03	9.32357e+02	3.97278e+00	2.02800e+00	5.15709e+01
6.14416e+01	2.59812e+02	2.52633e+03	9.32233e+02	3.97366e+00	2.02869e+00	5.15174e+01
6.22832e+01	2.59872e+02	2.52567e+03	9.32103e+02	3.97454e+00	2.02939e+00	5.14634e+01
6.31249e+01	2.59933e+02	2.52501e+03	9.31967e+02	3.97541e+00	2.03008e+00	5.14089e+01
6.39666e+01	2.59994e+02	2.52435e+03	9.31826e+02	3.97629e+00	2.03077e+00	5.13539e+01
6.48082e+01	2.60057e+02	2.52369e+03	9.31679e+02	3.97717e+00	2.03146e+00	5.12985e+01
6.56499e+01	2.60119e+02	2.52303e+03	9.31525e+02	3.97804e+00	2.03215e+00	5.12425e+01
6.64916e+01	2.60183e+02	2.52237e+03	9.31366e+02	3.97891e+00	2.03284e+00	5.11861e+01
6.73332e+01	2.60247e+02	2.52171e+03	9.31200e+02	3.97978e+00	2.03353e+00	5.11291e+01
6.81749e+01	2.60312e+02	2.52105e+03	9.31028e+02	3.98065e+00	2.03422e+00	5.10717e+01
6.90166e+01	2.60377e+02	2.52039e+03	9.30850e+02	3.98152e+00	2.03490e+00	5.10138e+01
6.98582e+01	2.60444e+02	2.51973e+03	9.30666e+02	3.98238e+00	2.03559e+00	5.09553e+01
7.06999e+01	2.60510e+02	2.51907e+03	9.30475e+02	3.98325e+00	2.03627e+00	5.08963e+01
7.15416e+01	2.60578e+02	2.51841e+03	9.30278e+02	3.98411e+00	2.03696e+00	5.08368e+01
7.23832e+01	2.60646e+02	2.51775e+03	9.30075e+02	3.98497e+00	2.03764e+00	5.07768e+01
7.32249e+01	2.60715e+02	2.51709e+03	9.29866e+02	3.98584e+00	2.03832e+00	5.07163e+01
7.40666e+01	2.60785e+02	2.51643e+03	9.29650e+02	3.98669e+00	2.03900e+00	5.06553e+01
7.49082e+01	2.60855e+02	2.51577e+03	9.29428e+02	3.98755e+00	2.03968e+00	5.05937e+01
7.57499e+01	2.60927e+02	2.51511e+03	9.29199e+02	3.98841e+00	2.04036e+00	5.05316e+01
7.65915e+01	2.60998e+02	2.51445e+03	9.28965e+02	3.98927e+00	2.04104e+00	5.04689e+01
7.74332e+01	2.61071e+02	2.51379e+03	9.28724e+02	3.99012e+00	2.04172e+00	5.04057e+01
7.82749e+01	2.61145e+02	2.51313e+03	9.28478e+02	3.99097e+00	2.04240e+00	5.03420e+01
7.91165e+01	2.61219e+02	2.51247e+03	9.28226e+02	3.99183e+00	2.04308e+00	5.02777e+01
7.99582e+01	2.61294e+02	2.51181e+03	9.27968e+02	3.99268e+00	2.04375e+00	5.02129e+01
8.07999e+01	2.61369e+02	2.51114e+03	9.27704e+02	3.99353e+00	2.04443e+00	5.01475e+01
8.16415e+01	2.61446e+02	2.51048e+03	9.27435e+02	3.99438e+00	2.04510e+00	5.00815e+01
8.24832e+01	2.64964e+02	2.50982e+03	9.26803e+02	3.99603e+00	2.04619e+00	4.71811e+01
8.33249e+01	2.65000e+02	2.50916e+03	9.26882e+02	3.99686e+00	2.04685e+00	4.71526e+01
8.71397e+01	2.65037e+02	2.50673e+03	1.14304e+03	1.79946e+00	0.00000e+00	0.00000e+00
9.09545e+01	2.65075e+02	2.50430e+03	1.14440e+03	1.80563e+00	0.00000e+00	0.00000e+00
9.47694e+01	2.65114e+02	2.50188e+03	1.14574e+03	1.81176e+00	0.00000e+00	0.00000e+00
9.85842e+01	2.65154e+02	2.49946e+03	1.14707e+03	1.81784e+00	0.00000e+00	0.00000e+00
1.02399e+02	2.65195e+02	2.49704e+03	1.14838e+03	1.82389e+00	0.00000e+00	0.00000e+00
1.06214e+02	2.65238e+02	2.49463e+03	1.14969e+03	1.82990e+00	0.00000e+00	0.00000e+00
1.10029e+02	2.65281e+02	2.49222e+03	1.15099e+03	1.83587e+00	0.00000e+00	0.00000e+00
1.13844e+02	2.65325e+02	2.48981e+03	1.15227e+03	1.84181e+00	0.00000e+00	0.00000e+00
1.17658e+02	2.65370e+02	2.48741e+03	1.15355e+03	1.84772e+00	0.00000e+00	0.00000e+00
1.21473e+02	2.65417e+02	2.48501e+03	1.15481e+03	1.85359e+00	0.00000e+00	0.00000e+00
1.25288e+02	2.65464e+02	2.48261e+03	1.15607e+03	1.85944e+00	0.00000e+00	0.00000e+00
1.29103e+02	2.65511e+02	2.48022e+03	1.15731e+03	1.86525e+00	0.00000e+00	0.00000e+00
1.32918e+02	2.65560e+02	2.47783e+03	1.15855e+03	1.87103e+00	0.00000e+00	0.00000e+00
1.36733e+02	2.65610e+02	2.47544e+03	1.15977e+03	1.87678e+00	0.00000e+00	0.00000e+00
1.40547e+02	2.65660e+02	2.47306e+03	1.16099e+03	1.88249e+00	0.00000e+00	0.00000e+00
1.44362e+02	2.65711e+02	2.47068e+03	1.16220e+03	1.88818e+00	0.00000e+00	0.00000e+00
1.48177e+02	2.65763e+02	2.46830e+03	1.16339e+03	1.89383e+00	0.00000e+00	0.00000e+00
1.51992e+02	2.65815e+02	2.46592e+03	1.16458e+03	1.89945e+00	0.00000e+00	0.00000e+00
1.55807e+02	2.65869e+02	2.46355e+03	1.16577e+03	1.90503e+00	0.00000e+00	0.00000e+00
1.59622e+02	2.65923e+02	2.46118e+03	1.16694e+03	1.91057e+00	0.00000e+00	0.00000e+00
1.63436e+02	2.65977e+02	2.45881e+03	1.16810e+03	1.91606e+00	0.00000e+00	0.00000e+00
1.67251e+02	2.66032e+02	2.45645e+03	1.16926e+03	1.92151e+00	0.00000e+00	0.00000e+00
1.71066e+02	2.66088e+02	2.45409e+03	1.17041e+03	1.92691e+00	0.00000e+00	0.00000e+00
1.74881e+02	2.66145e+02	2.45173e+03	1.17155e+03	1.93226e+00	0.00000e+00	0.00000e+00
1.78696e+02	2.66202e+02	2.44937e+03	1.17268e+03	1.93756e+00	0.00000e+00	0.00000e+00
1.82511e+02	2.66259e+02	2.44702e+03	1.17380e+03	1.94282e+00	0.00000e+00	0.00000e+00
1.86325e+02	2.66318e+02	2.44467e+03	1.17492e+03	1.94803e+00	0.00000e+00	0.00000e+00
1.90140e+02	2.66376e+02	2.44233e+03	1.17603e+03	1.95320e+00	0.00000e+00	0.00000e+00
1.93955e+02	2.66436e+02	2.43998e+03	1.17713e+03	1.95833e+00	0.00000e+00	0.00000e+00
1.97770e+02	2.66496e+02	2.43764e+03	1.17823e+03	1.96343e+00	0.00000e+00	0.00000e+00
2.01585e+02	2.66556e+02	2.43530e+03	1.17932e+03	1.96851e+00	0.00000e+00	0.00000e+00
2.05400e+02	2.66617e+02	2.43297e+03	1.18040e+03	1.97354e+00	0.00000e+00	0.00000e+00
2.09214e+02	2.66678e+02	2.43063e+03	1.18147e+03	1.97855e+00	0.00000e+00	0.00000e+00
2.13029e+02	2.66740e+02	2.42830e+03	1.18254e+03	1.98352e+00	0.00000e+00	0.00000e+00
2.16844e+02	2.66802e+02	2.42598e+03	1.18361e+03	1.98845e+00	0.00000e+00	0.00000e+00
2.20659e+02	2.66865e+02	2.42365e+03	1.18466e+03	1.99334e+00	0.00000e+00	0.00000e+00
2.24474e+02	2.66928e+02	2.42133e+03	1.18571e+03	1.99819e+00	0.00000e+00	0.00000e+00
2.28289e+02	2.66991e+02	2.41901e+03	1.18675e+03	2.00300e+00	0.00000e+00	0.00000e+00
2.32103e+02	2.67055e+02	2.41669e+03	1.18779e+03	2.00777e+00	0.00000e+00	0.00000e+00
2.35918e+02	2.67119e+02	2.41438e+03	1.18882e+03	2.01251e+00	0.00000e+00	0.00000e+00
2.39733e+02	2.67184e+02	2.41207e+03	1.18984e+03	2.01722e+00	0.00000e+00	0.00000e+00
2.43548e+02	2.67249e+02	2.40976e+03	1.19086e+03	2.02191e+00	0.00000e+00	0.00000e+00
2.47363e+02	2.67314e+02	2.40745e+03	1.19188e+03	2.02658e+00	0.00000e+00	0.00000e+00
2.51178e+02	2.67380e+02	2.40515e+03	1.19288e+03	2.03123e+00	0.00000e+00	0.00000e+00
2.54992e+02	2.67446e+02	2.40284e+03	1.19388e+03	2.03588e+00	0.00000e+00	0.00000e+00
2.58807e+02	2.67513e+02	2.40055e+03	1.19488e+03	2.04051e+00	0.00000e+00	0.00000e+00
2.62622e+02	2.67579e+02	2.39825e+03	1.19587e+03	2.04514e+00	0.00000e+00	0.00000e+00
2.66437e+02	2.67646e+02	2.39595e+03	1.19685e+03	2.04976e+00	0.00000e+00	0.00000e+00
2.70252e+02	2.67714e+02	2.39366e+03	1.19783e+03	2.05437e+00	0.00000e+00	0.00000e+00
2.74067e+02	2.67782e+02	2.39137e+03	1.19881e+03	2.05898e+00	0.00000e+00	0.00000e+00
2.77881e+02	2.67850e+02	2.38909e+03	1.19978e+03	2.06358e+00	0.00000e+00	0.00000e+00
2.81696e+02	2.67918e+02	2.38680e+03	1.20074e+03	2.06817e+00	0.00000e+00	0.00000e+00
2.85511e+02	2.67986e+02	2.38452e+03	1.20170e+03	2.07276e+00	0.00000e+00	0.00000e+00
2.89326e+02	2.68055e+02	2.38224e+03	1.20265e+03	2.07734e+00	0.00000e+00	0.00000e+00
2.93141e+02	2.68124e+02	2.37996e+03	1.20360e+03	2.08192e+00	0.00000e+00	0.00000e+00
2.96956e+02	2.68194e+02	2.37769e+03	1.20454e+03	2.08649e+00	0.00000e+00	0.00000e+00
3.00770e+02	2.68264e+02	2.37542e+03	1.20548e+03	2.09105e+00	0.00000e+00	0.00000e+00
3.04585e+02	2.68334e+02	2.37315e+03	1.20642e+03	2.09560e+00	0.00000e+00	0.00000e+00
3.08400e+02	2.68404e+02	2.37088e+03	1.20735e+03	2.10015e+00	0.00000e+00	0.00000e+00
3.12215e+02	2.68475e+02	2.36861e+03	1.20827e+03	2.10469e+00	0.00000e+00	0.00000e+00
3.16030e+02	2.68545e+02	2.36635e+03	1.20919e+03	2.10922e+00	0.00000e+00	0.00000e+00
3.19845e+02	2.68617e+02	2.36409e+03	1.21011e+03	2.11374e+00	0.00000e+00	0.00000e+00
3.23659e+02	2.68688e+02	2.36183e+03	1.21102e+03	2.11826e+00	0.00000e+00	0.00000e+00
3.27474e+02	2.68760e+02	2.35957e+03	1.21192e+03	2.12276e+00	0.00000e+00	0.00000e+00
3.31289e+02	2.68832e+02	2.35732e+03	1.21283e+03	2.12726e+00	0.00000e+00	0.00000e+00
3.35104e+02	2.68904e+02	2.35507e+03	1.21372e+03	2.13175e+00	0.00000e+00	0.00000e+00
3.38919e+02	2.68976e+02	2.35282e+03	1.21462e+03	2.13624e+00	0.00000e+00	0.00000e+00
3.42734e+02	2.69049e+02	2.35057e+03	1.21551e+03	2.14071e+00	0.00000e+00	0.00000e+00
3.46548e+02	2.69122e+02	2.34833e+03	1.21639e+03	2.14518e+00	0.00000e+00	0.00000e+00
3.50363e+02	2.69195e+02	2.34608e+03	1.21727e+03	2.14963e+00	0.00000e+00	0.00000e+00
3.54178e+02	2.69269e+02	2.34384e+03	1.21815e+03	2.15408e+00	0.00000e+00	0.00000e+00
3.57993e+02	2.69343e+02	2.34161e+03	1.21902e+03	NaN	NaN	NaN
3.61808e+02	2.69417e+02	2.33937e+03	1.21989e+03	NaN	NaN	NaN
3.65623e+02	2.69491e+02	2.33714e+03	1.22076e+03	NaN	NaN	NaN
3.69437e+02	2.69566e+02	2.33490e+03	1.22162e+03	NaN	NaN	NaN
3.73252e+02	2.69640e+02	2.33267e+03	1.22247e+03	NaN	NaN	NaN
3.77067e+02	2.69715e+02	2.33045e+03	1.22333e+03	NaN	NaN	NaN
3.80882e+02	2.69791e+02	2.32822e+03	1.22418e+03	NaN	NaN	NaN
3.84697e+02	2.69866e+02	2.32600e+03	1.22502e+03	NaN	NaN	NaN
3.88512e+02	2.69942e+02	2.32378e+03	1.22586e+03	NaN	NaN	NaN
3.92326e+02	2.70018e+02	2.32156e+03	1.22670e+03	NaN	NaN	NaN
3.96141e+02	2.70094e+02	2.31934e+03	1.22754e+03	NaN	NaN	NaN
3.99956e+02	2.70170e+02	2.31713e+03	1.22837e+03	NaN	NaN	NaN
4.03771e+02	2.70247e+02	2.31492e+03	1.22919e+03	NaN	NaN	NaN
4.07586e+02	2.70323e+02	2.31271e+03	1.23002e+03	NaN	NaN	NaN
4.11401e+02	2.70400e+02	2.31050e+03	1.23084e+03	NaN	NaN	NaN
4.15215e+02	2.70477e+02	2.30829e+03	1.23165e+03	NaN	NaN	NaN
4.19030e+02	2.70555e+02	2.30609e+03	1.23247e+03	NaN	NaN	NaN
4.22845e+02	2.70632e+02	2.30389e+03	1.23328e+03	NaN	NaN	NaN
4.26660e+02	2.70710e+02	2.30169e+03	1.23408e+03	NaN	NaN	NaN
4.30475e+02	2.70788e+02	2.29949e+03	1.23489e+03	NaN	NaN	NaN
4.34290e+02	2.70866e+02	2.29729e+03	1.23569e+03	NaN	NaN	NaN
4.38104e+02	2.70944e+02	2.29510e+03	1.23648e+03	NaN	NaN	NaN
4.41919e+02	2.71023e+02	2.29291e+03	1.23728e+03	NaN	NaN	NaN
4.45734e+02	2.71101e+02	2.29072e+03	1.23807e+03	NaN	NaN	NaN
4.49549e+02	2.71180e+02	2.28853e+03	1.23885e+03	NaN	NaN	NaN
4.53364e+02	2.71259e+02	2.28635e+03	1.23964e+03	NaN	NaN	NaN
4.57179e+02	2.71338e+02	2.28416e+03	1.24042e+03	NaN	NaN	NaN
4.60993e+02	2.71417e+02	2.28198e+03	1.24119e+03	NaN	NaN	NaN
4.64808e+02	2.71497e+02	2.27980e+03	1.24197e+03	NaN	NaN	NaN
4.68623e+02	2.71576e+02	2.27762e+03	1.24274e+03	NaN	NaN	NaN
4.72438e+02	2.71656e+02	2.27545e+03	1.24351e+03	NaN	NaN	NaN
4.76253e+02	2.71736e+02	2.27328e+03	1.24427e+03	NaN	NaN	NaN
4.80068e+02	2.71816e+02	2.27111e+03	1.24504e+03	NaN	NaN	NaN
4.83882e+02	2.71896e+02	2.26894e+03	1.24579e+03	NaN	NaN	NaN
4.87697e+02	2.71976e+02	2.26677e+03	1.24655e+03	NaN	NaN	NaN
4.91512e+02	2.72057e+02	2.26460e+03	1.24730e+03	NaN	NaN	NaN
4.95327e+02	2.72137e+02	2.26244e+03	1.24806e+03	NaN	NaN	NaN
4.99142e+02	2.72218e+02	2.26028e+03	1.24880e+03	NaN	NaN	NaN
5.02957e+02	2.72299e+02	2.25812e+03	1.24955e+03	NaN	NaN	NaN
5.06771e+02	2.72380e+02	2.25596e+03	1.25029e+03	NaN	NaN	NaN
5.10586e+02	2.72461e+02	2.25381e+03	1.25103e+03	NaN	NaN	NaN
5.14401e+02	2.72542e+02	2.25165e+03	1.25177e+03	NaN	NaN	NaN
5.18216e+02	2.72623e+02	2.24950e+03	1.25250e+03	NaN	NaN	NaN
5.22031e+02	2.72704e+02	2.24735e+03	1.25323e+03	NaN	NaN	NaN
5.25846e+02	2.72786e+02	2.24520e+03	1.25396e+03	NaN	NaN	NaN
5.29660e+02	2.72868e+02	2.24306e+03	1.25469e+03	NaN	NaN	NaN
5.33475e+02	2.72949e+02	2.24091e+03	1.25541e+03	NaN	NaN	NaN
5.37290e+02	2.73031e+02	2.23877e+03	1.25613e+03	NaN	NaN	NaN
5.41105e+02	2.73113e+02	2.23663e+03	1.25685e+03	NaN	NaN	NaN
5.44920e+02	2.73195e+02	2.23449e+03	1.25756e+03	NaN	NaN	NaN
5.48735e+02	2.73277e+02	2.23236e+03	1.25828e+03	NaN	NaN	NaN
5.52549e+02	2.73359e+02	2.23022e+03	1.25899e+03	NaN	NaN	NaN
5.56364e+02	2.73442e+02	2.22809e+03	1.25969e+03	NaN	NaN	NaN
5.60179e+02	2.73524e+02	2.22596e+03	1.26040e+03	NaN	NaN	NaN
5.63994e+02	2.73606e+02	2.22383e+03	1.26110e+03	NaN	NaN	NaN
5.67809e+02	2.73689e+02	2.22170e+03	1.26180e+03	NaN	NaN	NaN
5.71624e+02	2.73772e+02	2.21958e+03	1.26250e+03	NaN	NaN	NaN
5.75438e+02	2.73854e+02	2.21745e+03	1.26320e+03	NaN	NaN	NaN
5.79253e+02	2.73937e+02	2.21533e+03	1.26389e+03	NaN	NaN	NaN
5.83068e+02	2.74020e+02	2.21321e+03	1.26458e+03	NaN	NaN	NaN
5.86883e+02	2.74103e+02	2.21110e+03	1.26527e+03	NaN	NaN	NaN
5.90698e+02	2.74187e+02	2.20898e+03	1.26596e+03	NaN	NaN	NaN
5.94513e+02	2.74270e+02	2.20687e+03	1.26664e+03	NaN	NaN	NaN
5.98327e+02	2.74353e+02	2.20475e+03	1.26732e+03	NaN	NaN	NaN
6.02142e+02	2.74437e+02	2.20264e+03	1.26800e+03	NaN	NaN	NaN
6.05957e+02	2.74520e+02	2.20054e+03	1.26868e+03	NaN	NaN	NaN
6.09772e+02	2.74604e+02	2.19843e+03	1.26935e+03	NaN	NaN	NaN
6.13587e+02	2.74687e+02	2.19633e+03	1.27002e+03	NaN	NaN	NaN
6.17402e+02	2.74771e+02	2.19422e+03	1.27069e+03	NaN	NaN	NaN
6.21216e+02	2.74855e+02	2.19212e+03	1.27136e+03	NaN	NaN	NaN
6.25031e+02	2.74939e+02	2.19002e+03	1.27203e+03	NaN	NaN	NaN
6.28846e+02	2.75023e+02	2.18793e+03	1.27269e+03	NaN	NaN	NaN
6.32661e+02	2.75107e+02	2.18583e+03	1.27335e+03	NaN	NaN	NaN
6.36476e+02	2.75192e+02	2.18374e+03	1.27401e+03	NaN	NaN	NaN
6.40291e+02	2.75276e+02	2.18164e+03	1.27467e+03	NaN	NaN	NaN
6.44105e+02	2.75360e+02	2.17955e+03	1.27532e+03	NaN	NaN	NaN
6.47920e+02	2.75445e+02	2.17747e+03	1.27598e+03	NaN	NaN	NaN
6.51735e+02	2.75529e+02	2.17538e+03	1.27663e+03	NaN	NaN	NaN
6.55550e+02	2.75614e+02	2.17330e+03	1.27727e+03	NaN	NaN	NaN
6.59365e+02	2.75699e+02	2.17121e+03	1.27792e+03	NaN	NaN	NaN
6.63180e+02	2.75784e+02	2.16913e+03	1.27857e+03	NaN	NaN	NaN
6.66994e+02	2.75868e+02	2.16705e+03	1.27921e+03	NaN	NaN	NaN
6.70809e+02	2.75953e+02	2.16498e+03	1.27985e+03	NaN	NaN	NaN
6.74624e+02	2.76038e+02	2.16290e+03	1.28049e+03	NaN	NaN	NaN
6.78439e+02	2.76124e+02	2.16083e+03	1.28112e+03	NaN	NaN	NaN
6.82254e+02	2.76209e+02	2.15875e+03	1.28175e+03	NaN	NaN	NaN
6.86069e+02	2.76294e+02	2.15668e+03	1.28239e+03	NaN	NaN	NaN
6.89883e+02	2.76379e+02	2.15462e+03	1.28302e+03	NaN	NaN	NaN
6.93698e+02	2.76465e+02	2.15255e+03	1.28364e+03	NaN	NaN	NaN
6.97513e+02	2.76550e+02	2.15048e+03	1.28427e+03	NaN	NaN	NaN
7.01328e+02	2.76636e+02	2.14842e+03	1.28489e+03	NaN	NaN	NaN
7.05143e+02	2.76722e+02	2.14636e+03	1.28551e+03	NaN	NaN	NaN
7.08958e+02	2.76807e+02	2.14430e+03	1.28613e+03	NaN	NaN	NaN
7.12772e+02	2.76893e+02	2.14224e+03	1.28675e+03	NaN	NaN	NaN
7.16587e+02	2.76979e+02	2.14019e+03	1.28737e+03	NaN	NaN	NaN
7.20402e+02	2.77065e+02	2.13813e+03	1.28798e+03	NaN	NaN	NaN
7.24217e+02	2.77151e+02	2.13608e+03	1.28859e+03	NaN	NaN	NaN
7.28032e+02	2.77237e+02	2.13403e+03	1.28920e+03	NaN	NaN	NaN
7.31847e+02	2.77323e+02	2.13198e+03	1.28981e+03	NaN	NaN	NaN
7.35661e+02	2.77409e+02	2.12993e+03	1.29042e+03	NaN	NaN	NaN
7.39476e+02	2.77495e+02	2.12789e+03	1.29102e+03	NaN	NaN	NaN
7.43291e+02	2.74014e+02	2.12599e+03	1.39440e+03	4.45796e+00	2.30159e+00	1.31214e+02
7.47106e+02	2.74245e+02	2.12410e+03	1.39439e+03	4.46035e+00	2.30330e+00	1.30614e+02
7.50921e+02	2.74475e+02	2.12221e+03	1.39437e+03	4.46273e+00	2.30500e+00	1.30018e+02
7.54736e+02	2.74705e+02	2.12032e+03	1.39436e+03	4.46511e+00	2.30670e+00	1.29425e+02
7.58550e+02	2.74936e+02	2.11843e+03	1.39434e+03	4.46749e+00	2.30841e+00	1.28836e+02
7.62365e+02	2.75159e+02	2.11653e+03	1.39433e+03	4.46987e+00	2.31011e+00	1.28269e+02
7.66180e+02	2.75380e+02	2.11464e+03	1.39431e+03	4.47225e+00	2.31181e+00	1.27711e+02
7.69995e+02	2.75601e+02	2.11275e+03	1.39430e+03	4.47463e+00	2.31351e+00	1.27157e+02
7.73810e+02	2.75822e+02	2.11087e+03	1.39428e+03	4.47700e+00	2.31520e+00	1.26605e+02
7.77625e+02	2.76043e+02	2.10898e+03	1.39427e+03	4.47937e+00	2.31690e+00	1.26057e+02
7.81439e+02	2.76264e+02	2.10709e+03	1.39425e+03	4.48175e+00	2.31859e+00	1.25512e+02
7.85254e+02	2.76483e+02	2.10520e+03	1.39424e+03	4.48412e+00	2.32029e+00	1.24973e+02
7.89069e+02	2.76696e+02	2.10331e+03	1.39423e+03	4.48649e+00	2.32198e+00	1.24456e+02
7.92884e+02	2.76908e+02	2.10143e+03	1.39421e+03	4.48886e+00	2.32367e+00	1.23942e+02
7.96699e+02	2.77120e+02	2.09954e+03	1.39420e+03	4.49122e+00	2.32536e+00	1.23431e+02
8.00514e+02	2.77332e+02	2.09765e+03	1.39418e+03	4.49359e+00	2.32705e+00	1.22923e+02
8.04328e+02	2.77544e+02	2.09577e+03	1.39417e+03	4.49595e+00	2.32873e+00	1.22417e+02
8.08143e+02	2.77756e+02	2.09388e+03	1.39416e+03	4.49832e+00	2.33042e+00	1.21915e+02
8.11958e+02	2.77964e+02	2.09200e+03	1.39414e+03	4.50068e+00	2.33210e+00	1.21424e+02
8.15773e+02	2.78168e+02	2.09011e+03	1.39413e+03	4.50304e+00	2.33379e+00	1.20946e+02
8.19588e+02	2.78372e+02	2.08823e+03	1.39412e+03	4.50540e+00	2.33547e+00	1.20471e+02
8.23403e+02	2.78576e+02	2.08635e+03	1.39410e+03	4.50776e+00	2.33715e+00	1.19998e+02
8.27217e+02	2.78780e+02	2.08447e+03	1.39409e+03	4.51011e+00	2.33883e+00	1.19528e+02
8.31032e+02	2.78984e+02	2.08258e+03	1.39408e+03	4.51247e+00	2.34051e+00	1.19060e+02
8.34847e+02	2.79188e+02	2.08070e+03	1.39406e+03	4.51482e+00	2.34218e+00	1.18595e+02
8.38662e+02	2.79385e+02	2.07882e+03	1.39405e+03	4.51717e+00	2.34386e+00	1.18147e+02
8.42477e+02	2.79582e+02	2.07694e+03	1.39404e+03	4.51953e+00	2.34554e+00	1.17704e+02
8.46292e+02	2.79778e+02	2.07506e+03	1.39402e+03	4.52188e+00	2.34721e+00	1.17263e+02
8.50106e+02	2.79974e+02	2.07318e+03	1.39401e+03	4.52422e+00	2.34888e+00	1.16824e+02
8.53921e+02	2.80171e+02	2.07130e+03	1.39400e+03	4.52657e+00	2.35055e+00	1.16388e+02
8.57736e+02	2.80367e+02	2.06943e+03	1.39398e+03	4.52892e+00	2.35222e+00	1.15953e+02
8.61551e+02	2.80562e+02	2.06755e+03	1.39397e+03	4.53126e+00	2.35389e+00	1.15525e+02
8.65366e+02	2.80751e+02	2.06567e+03	1.39396e+03	4.53361e+00	2.35556e+00	1.15110e+02
8.69181e+02	2.80941e+02	2.06380e+03	1.93311e+03	3.85000e+00	1.86840e+00	5.14499e+13
1.18499e+03	3.42826e+02	1.95182e+03	1.93311e+03	3.97643e+00	1.86949e+00	3.05131e+11
1.50080e+03	4.01336e+02	1.83985e+03	1.94897e+03	6.99876e+00	4.15793e+00	1.04150e+10
1.81920e+03	4.56482e+02	1.72788e+03	2.60425e+03	7.02359e+00	4.16754e+00	9.71795e+08
2.24465e+03	5.08277e+02	1.61591e+03	2.61178e+03	7.06815e+00	4.18739e+00	1.95152e+08
2.67134e+03	5.56737e+02	1.50394e+03	2.62357e+03	7.11434e+00	4.20821e+00	5.77807e+07
3.09994e+03	6.01884e+02	1.39197e+03	2.63539e+03	7.16201e+00	4.22998e+00	2.25030e+07
3.53048e+03	6.43750e+02	1.28000e+03	2.64733e+03	7.21095e+00	4.25265e+00	1.07135e+07
3.96297e+03	6.82375e+02	1.16803e+03	2.65940e+03	7.26098e+00	4.27615e+00	5.93789e+06
4.39744e+03	7.17820e+02	1.05606e+03	2.67162e+03	7.31195e+00	4.30041e+00	3.70303e+06
4.83389e+03	7.50171e+02	9.44085e+02	2.68398e+03	7.36373e+00	4.32539e+00	2.53499e+06
5.27237e+03	7.79564e+02	8.32114e+02	2.69650e+03	7.41619e+00	4.35100e+00	1.86929e+06
5.71290e+03	8.06216e+02	7.20143e+02	2.70916e+03	7.46919e+00	4.37715e+00	1.46165e+06
6.15549e+03	8.30509e+02	6.08172e+02	2.72193e+03	7.52264e+00	4.40376e+00	1.19397e+06
6.60016e+03	8.53163e+02	4.96201e+02	2.73481e+03	7.57728e+00	4.43107e+00	1.00091e+06
7.04695e+03	8.75744e+02	3.84230e+02	2.74792e+03	9.50387e+00	1.75785e+00	8.36775e+05
7.04695e+03	8.75744e+02	3.84230e+02	7.02772e+03	2.82382e+00	0.00000e+00	1.00000e+04
8.02778e+03	8.76717e+02	3.41538e+02	7.04334e+03	2.82069e+00	0.00000e+00	1.00000e+04
9.01080e+03	8.77690e+02	2.98846e+02	7.05624e+03	2.93078e+00	0.00000e+00	1.00000e+04
9.99562e+03	8.78663e+02	2.56153e+02	7.06707e+03	3.03719e+00	0.00000e+00	1.00000e+04
1.09820e+04	8.79636e+02	2.13461e+02	7.07629e+03	3.14023e+00	0.00000e+00	1.00000e+04
1.19696e+04	8.80609e+02	1.70769e+02	7.08424e+03	3.24018e+00	0.00000e+00	1.00000e+04
1.29583e+04	8.81582e+02	1.28077e+02	7.09116e+03	3.33730e+00	0.00000e+00	1.00000e+04
1.39480e+04	8.82555e+02	8.53844e+01	7.09724e+03	3.43179e+00	0.00000e+00	1.00000e+04
1.49385e+04	8.83528e+02	4.26922e+01	7.10263e+03	3.52386e+00	0.00000e+00	1.00000e+04
1.59298e+04	8.84501e+02	0.00000e+00	7.10743e+03	3.61368e+00	0.00000e+00	1.00000e+04
