P (MPa)		T (K)		r (km)		rho (kg m-3)	VP (km s-1)	VS (km s-1)	QS/gamma	
0.00000e+00	9.40000e+01	2.57500e+03	9.32543e+02	3.87821e+00	1.96165e+00	1.72556e+05
1.41615e+00	1.08243e+02	2.57394e+03	9.32543e+02	3.88013e+00	1.96284e+00	3.27129e+04
2.83229e+00	1.24643e+02	2.57282e+03	9.32667e+02	3.88248e+00	1.96425e+00	7.71854e+03
4.24844e+00	1.43529e+02	2.57169e+03	9.32791e+02	3.88544e+00	1.96597e+00	2.20230e+03
5.66459e+00	1.65276e+02	2.57057e+03	9.32914e+02	3.88933e+00	1.96816e+00	7.41114e+02
7.08074e+00	1.90318e+02	2.56945e+03	9.33037e+02	3.89458e+00	1.97104e+00	2.87826e+02
8.49688e+00	2.19155e+02	2.56833e+03	9.33158e+02	3.90172e+00	1.97487e+00	1.26597e+02
9.91303e+00	2.52361e+02	2.56721e+03	9.33279e+02	3.91115e+00	1.97986e+00	6.20370e+01
1.13292e+01	2.52391e+02	2.56609e+03	9.33399e+02	3.91202e+00	1.98053e+00	6.20015e+01
1.27453e+01	2.52422e+02	2.56498e+03	9.33518e+02	3.91289e+00	1.98119e+00	6.19656e+01
1.41615e+01	2.52454e+02	2.56386e+03	9.33636e+02	3.91376e+00	1.98185e+00	6.19294e+01
1.55776e+01	2.52485e+02	2.56274e+03	9.33753e+02	3.91463e+00	1.98251e+00	6.18929e+01
1.69938e+01	2.52517e+02	2.56162e+03	9.33868e+02	3.91549e+00	1.98317e+00	6.18561e+01
1.84099e+01	2.52550e+02	2.56051e+03	9.33983e+02	3.91636e+00	1.98382e+00	6.18189e+01
1.98261e+01	2.52582e+02	2.55939e+03	9.34097e+02	3.91722e+00	1.98448e+00	6.17813e+01
2.12422e+01	2.52615e+02	2.55827e+03	9.34209e+02	3.91808e+00	1.98513e+00	6.17434e+01
2.26584e+01	2.52648e+02	2.55716e+03	9.34321e+02	3.91893e+00	1.98578e+00	6.17052e+01
2.40745e+01	2.52682e+02	2.55604e+03	9.34431e+02	3.91978e+00	1.98643e+00	6.16666e+01
2.54906e+01	2.52716e+02	2.55493e+03	9.34540e+02	3.92063e+00	1.98708e+00	6.16276e+01
2.69068e+01	2.52750e+02	2.55381e+03	9.34647e+02	3.92148e+00	1.98773e+00	6.15883e+01
2.83229e+01	2.52785e+02	2.55270e+03	9.34753e+02	3.92233e+00	1.98838e+00	6.15486e+01
2.97391e+01	2.52820e+02	2.55158e+03	9.34858e+02	3.92317e+00	1.98902e+00	6.15086e+01
3.11552e+01	2.52855e+02	2.55047e+03	9.34961e+02	3.92401e+00	1.98967e+00	6.14682e+01
3.25714e+01	2.52891e+02	2.54936e+03	9.35063e+02	3.92485e+00	1.99031e+00	6.14274e+01
3.39875e+01	2.52927e+02	2.54824e+03	9.35163e+02	3.92569e+00	1.99095e+00	6.13862e+01
3.54037e+01	2.52964e+02	2.54713e+03	9.35262e+02	3.92653e+00	1.99159e+00	6.13447e+01
3.68198e+01	2.53000e+02	2.54602e+03	9.35359e+02	3.92736e+00	1.99223e+00	6.13027e+01
3.82360e+01	2.53038e+02	2.54491e+03	9.35454e+02	3.92819e+00	1.99287e+00	6.12604e+01
3.96521e+01	2.53075e+02	2.54379e+03	9.35547e+02	3.92902e+00	1.99351e+00	6.12177e+01
4.10683e+01	2.53113e+02	2.54268e+03	9.35639e+02	3.92985e+00	1.99414e+00	6.11746e+01
4.24844e+01	2.53152e+02	2.54157e+03	9.35729e+02	3.93067e+00	1.99478e+00	6.11312e+01
4.39006e+01	2.53190e+02	2.54046e+03	9.35816e+02	3.93149e+00	1.99541e+00	6.10873e+01
4.53167e+01	2.53229e+02	2.53935e+03	9.35902e+02	3.93231e+00	1.99604e+00	6.10430e+01
4.67329e+01	2.53269e+02	2.53824e+03	9.35986e+02	3.93313e+00	1.99667e+00	6.09983e+01
4.81490e+01	2.53309e+02	2.53713e+03	9.36068e+02	3.93395e+00	1.99730e+00	6.09532e+01
4.95651e+01	2.53349e+02	2.53603e+03	9.36147e+02	3.93477e+00	1.99793e+00	6.09077e+01
5.09813e+01	2.53390e+02	2.53492e+03	9.36224e+02	3.93558e+00	1.99856e+00	6.08618e+01
5.23974e+01	2.53431e+02	2.53381e+03	9.36299e+02	3.93639e+00	1.99919e+00	6.08155e+01
5.38136e+01	2.53473e+02	2.53270e+03	9.36372e+02	3.93720e+00	1.99981e+00	6.07687e+01
5.52297e+01	2.53515e+02	2.53159e+03	9.36442e+02	3.93801e+00	2.00044e+00	6.07215e+01
5.66459e+01	2.53557e+02	2.53049e+03	9.36509e+02	3.93881e+00	2.00106e+00	6.06739e+01
5.80620e+01	2.53600e+02	2.52938e+03	9.36574e+02	3.93962e+00	2.00168e+00	6.06259e+01
5.94782e+01	2.53643e+02	2.52827e+03	9.36636e+02	3.94042e+00	2.00230e+00	6.05774e+01
6.08943e+01	2.53687e+02	2.52717e+03	9.36695e+02	3.94122e+00	2.00292e+00	6.05285e+01
6.23105e+01	2.53731e+02	2.52606e+03	9.36752e+02	3.94202e+00	2.00354e+00	6.04792e+01
6.37266e+01	2.53776e+02	2.52496e+03	9.36806e+02	3.94282e+00	2.00416e+00	6.04294e+01
6.51428e+01	2.53821e+02	2.52385e+03	9.36856e+02	3.94361e+00	2.00478e+00	6.03792e+01
6.65589e+01	2.53867e+02	2.52275e+03	9.36904e+02	3.94441e+00	2.00539e+00	6.03285e+01
6.79751e+01	2.53913e+02	2.52164e+03	9.36948e+02	3.94520e+00	2.00601e+00	6.02773e+01
6.93912e+01	2.53959e+02	2.52054e+03	9.36990e+02	3.94599e+00	2.00662e+00	6.02257e+01
7.08074e+01	2.54006e+02	2.51943e+03	9.37027e+02	3.94678e+00	2.00723e+00	6.01737e+01
7.22235e+01	2.54054e+02	2.51833e+03	9.37062e+02	3.94756e+00	2.00785e+00	6.01212e+01
7.36397e+01	2.54101e+02	2.51723e+03	9.37093e+02	3.94835e+00	2.00846e+00	6.00682e+01
7.50558e+01	2.54150e+02	2.51612e+03	9.37120e+02	3.94913e+00	2.00907e+00	6.00147e+01
7.64719e+01	2.54199e+02	2.51502e+03	9.37143e+02	3.94992e+00	2.00968e+00	5.99608e+01
7.78881e+01	2.54248e+02	2.51392e+03	9.37163e+02	3.95070e+00	2.01028e+00	5.99063e+01
7.93042e+01	2.54298e+02	2.51282e+03	9.37179e+02	3.95148e+00	2.01089e+00	5.98514e+01
8.07204e+01	2.54348e+02	2.51172e+03	9.37191e+02	3.95226e+00	2.01150e+00	5.97961e+01
8.21365e+01	2.54399e+02	2.51062e+03	9.37198e+02	3.95303e+00	2.01210e+00	5.97402e+01
8.35527e+01	2.54451e+02	2.50951e+03	9.37202e+02	3.95381e+00	2.01271e+00	5.96838e+01
8.49688e+01	2.54503e+02	2.50841e+03	9.37201e+02	3.95458e+00	2.01331e+00	5.96269e+01
8.63850e+01	2.54555e+02	2.50731e+03	9.37195e+02	3.95536e+00	2.01392e+00	5.95696e+01
8.78011e+01	2.54608e+02	2.50621e+03	9.37185e+02	3.95613e+00	2.01452e+00	5.95117e+01
8.92173e+01	2.54662e+02	2.50511e+03	9.37171e+02	3.95690e+00	2.01512e+00	5.94533e+01
9.06334e+01	2.54716e+02	2.50401e+03	9.37151e+02	3.95767e+00	2.01572e+00	5.93944e+01
9.20496e+01	2.54771e+02	2.50291e+03	9.37127e+02	3.95844e+00	2.01632e+00	5.93350e+01
9.34657e+01	2.54826e+02	2.50181e+03	9.37098e+02	3.95920e+00	2.01692e+00	5.92751e+01
9.48819e+01	2.54882e+02	2.50071e+03	9.37064e+02	3.95997e+00	2.01752e+00	5.92147e+01
9.62980e+01	2.54938e+02	2.49962e+03	9.37024e+02	3.96073e+00	2.01812e+00	5.91537e+01
9.77142e+01	2.54995e+02	2.49852e+03	9.36980e+02	3.96149e+00	2.01871e+00	5.90922e+01
9.91303e+01	2.55052e+02	2.49742e+03	9.36930e+02	3.96225e+00	2.01931e+00	5.90301e+01
1.00546e+02	2.55110e+02	2.49632e+03	9.36874e+02	3.96302e+00	2.01990e+00	5.89676e+01
1.01963e+02	2.55169e+02	2.49522e+03	9.36813e+02	3.96377e+00	2.02050e+00	5.89044e+01
1.03379e+02	2.55228e+02	2.49413e+03	9.36746e+02	3.96453e+00	2.02109e+00	5.88408e+01
1.04795e+02	2.55288e+02	2.49303e+03	9.36673e+02	3.96529e+00	2.02168e+00	5.87766e+01
1.06211e+02	2.55349e+02	2.49193e+03	9.36594e+02	3.96604e+00	2.02228e+00	5.87118e+01
1.07627e+02	2.55410e+02	2.49083e+03	9.36510e+02	3.96680e+00	2.02287e+00	5.86465e+01
1.09043e+02	2.55472e+02	2.48974e+03	9.36419e+02	3.96755e+00	2.02346e+00	5.85806e+01
1.10459e+02	2.55534e+02	2.48864e+03	9.36322e+02	3.96830e+00	2.02405e+00	5.85142e+01
1.11876e+02	2.55597e+02	2.48754e+03	9.36219e+02	3.96905e+00	2.02464e+00	5.84471e+01
1.13292e+02	2.55661e+02	2.48645e+03	9.36109e+02	3.96980e+00	2.02523e+00	5.83796e+01
1.14708e+02	2.55725e+02	2.48535e+03	9.35994e+02	3.97055e+00	2.02582e+00	5.83114e+01
1.16124e+02	2.55790e+02	2.48425e+03	9.35871e+02	3.97130e+00	2.02640e+00	5.82427e+01
1.17540e+02	2.55856e+02	2.48316e+03	9.35742e+02	3.97205e+00	2.02699e+00	5.81733e+01
1.18956e+02	2.55922e+02	2.48206e+03	9.35607e+02	3.97279e+00	2.02758e+00	5.81034e+01
1.20373e+02	2.55989e+02	2.48097e+03	9.35465e+02	3.97354e+00	2.02816e+00	5.80329e+01
1.21789e+02	2.56056e+02	2.47987e+03	9.35317e+02	3.97428e+00	2.02875e+00	5.79618e+01
1.23205e+02	2.56125e+02	2.47878e+03	9.35161e+02	3.97503e+00	2.02933e+00	5.78901e+01
1.24621e+02	2.56194e+02	2.47768e+03	9.35000e+02	3.97577e+00	2.02992e+00	5.78178e+01
1.26037e+02	2.56263e+02	2.47659e+03	9.34831e+02	3.97651e+00	2.03050e+00	5.77449e+01
1.27453e+02	2.56334e+02	2.47549e+03	9.34656e+02	3.97725e+00	2.03108e+00	5.76714e+01
1.28869e+02	2.56405e+02	2.47439e+03	9.34475e+02	3.97799e+00	2.03166e+00	5.75973e+01
1.30286e+02	2.56477e+02	2.47330e+03	9.34287e+02	3.97873e+00	2.03225e+00	5.75225e+01
1.31702e+02	2.56550e+02	2.47220e+03	9.34092e+02	3.97946e+00	2.03283e+00	5.74472e+01
1.33118e+02	2.56623e+02	2.47111e+03	9.33892e+02	3.98020e+00	2.03341e+00	5.73712e+01
1.34534e+02	2.56697e+02	2.47002e+03	9.33685e+02	3.98093e+00	2.03399e+00	5.72945e+01
1.35950e+02	2.56772e+02	2.46892e+03	9.33471e+02	3.98167e+00	2.03457e+00	5.72173e+01
1.37366e+02	2.56848e+02	2.46783e+03	9.33252e+02	3.98240e+00	2.03514e+00	5.71394e+01
1.38782e+02	2.59968e+02	2.46673e+03	9.33027e+02	3.98399e+00	2.03616e+00	5.40536e+01
1.40199e+02	2.60000e+02	2.46564e+03	9.32797e+02	3.98471e+00	2.03673e+00	5.40231e+01
1.43887e+02	2.60040e+02	2.46314e+03	1.06554e+03	1.60161e+00	0.00000e+00	0.00000e+00
1.47575e+02	2.60081e+02	2.46065e+03	1.06697e+03	1.60921e+00	0.00000e+00	0.00000e+00
1.51264e+02	2.60124e+02	2.45816e+03	1.06839e+03	1.61679e+00	0.00000e+00	0.00000e+00
1.54952e+02	2.60168e+02	2.45568e+03	1.06979e+03	1.62436e+00	0.00000e+00	0.00000e+00
1.58641e+02	2.60214e+02	2.45320e+03	1.07118e+03	1.63191e+00	0.00000e+00	0.00000e+00
1.62329e+02	2.60262e+02	2.45073e+03	1.07256e+03	1.63944e+00	0.00000e+00	0.00000e+00
1.66018e+02	2.60311e+02	2.44826e+03	1.07393e+03	1.64695e+00	0.00000e+00	0.00000e+00
1.69706e+02	2.60361e+02	2.44579e+03	1.07528e+03	1.65443e+00	0.00000e+00	0.00000e+00
1.73395e+02	2.60413e+02	2.44333e+03	1.07662e+03	1.66189e+00	0.00000e+00	0.00000e+00
1.77083e+02	2.60466e+02	2.44087e+03	1.07795e+03	1.66933e+00	0.00000e+00	0.00000e+00
1.80771e+02	2.60521e+02	2.43842e+03	1.07927e+03	1.67675e+00	0.00000e+00	0.00000e+00
1.84460e+02	2.60576e+02	2.43597e+03	1.08058e+03	1.68413e+00	0.00000e+00	0.00000e+00
1.88148e+02	2.60633e+02	2.43352e+03	1.08187e+03	1.69149e+00	0.00000e+00	0.00000e+00
1.91837e+02	2.60692e+02	2.43108e+03	1.08316e+03	1.69882e+00	0.00000e+00	0.00000e+00
1.95525e+02	2.60751e+02	2.42864e+03	1.08443e+03	1.70613e+00	0.00000e+00	0.00000e+00
1.99214e+02	2.60811e+02	2.42621e+03	1.08569e+03	1.71340e+00	0.00000e+00	0.00000e+00
2.02902e+02	2.60873e+02	2.42377e+03	1.08694e+03	1.72065e+00	0.00000e+00	0.00000e+00
2.06591e+02	2.60936e+02	2.42135e+03	1.08818e+03	1.72786e+00	0.00000e+00	0.00000e+00
2.10279e+02	2.61000e+02	2.41893e+03	1.08941e+03	1.73505e+00	0.00000e+00	0.00000e+00
2.13968e+02	2.61064e+02	2.41651e+03	1.09063e+03	1.74221e+00	0.00000e+00	0.00000e+00
2.17656e+02	2.61130e+02	2.41409e+03	1.09184e+03	1.74933e+00	0.00000e+00	0.00000e+00
2.21344e+02	2.61197e+02	2.41168e+03	1.09305e+03	1.75642e+00	0.00000e+00	0.00000e+00
2.25033e+02	2.61265e+02	2.40927e+03	1.09424e+03	1.76346e+00	0.00000e+00	0.00000e+00
2.28721e+02	2.61333e+02	2.40687e+03	1.09542e+03	1.77046e+00	0.00000e+00	0.00000e+00
2.32410e+02	2.61403e+02	2.40446e+03	1.09659e+03	1.77740e+00	0.00000e+00	0.00000e+00
2.36098e+02	2.61473e+02	2.40207e+03	1.09775e+03	1.78429e+00	0.00000e+00	0.00000e+00
2.39787e+02	2.61545e+02	2.39967e+03	1.09891e+03	1.79112e+00	0.00000e+00	0.00000e+00
2.43475e+02	2.61617e+02	2.39728e+03	1.10005e+03	1.79790e+00	0.00000e+00	0.00000e+00
2.47164e+02	2.61689e+02	2.39490e+03	1.10119e+03	1.80463e+00	0.00000e+00	0.00000e+00
2.50852e+02	2.61763e+02	2.39251e+03	1.10232e+03	1.81130e+00	0.00000e+00	0.00000e+00
2.54540e+02	2.61838e+02	2.39013e+03	1.10344e+03	1.81794e+00	0.00000e+00	0.00000e+00
2.58229e+02	2.61913e+02	2.38776e+03	1.10455e+03	1.82453e+00	0.00000e+00	0.00000e+00
2.61917e+02	2.61989e+02	2.38538e+03	1.10566e+03	1.83108e+00	0.00000e+00	0.00000e+00
2.65606e+02	2.62065e+02	2.38301e+03	1.10675e+03	1.83759e+00	0.00000e+00	0.00000e+00
2.69294e+02	2.62143e+02	2.38065e+03	1.10784e+03	1.84406e+00	0.00000e+00	0.00000e+00
2.72983e+02	2.62221e+02	2.37828e+03	1.10892e+03	1.85049e+00	0.00000e+00	0.00000e+00
2.76671e+02	2.62300e+02	2.37592e+03	1.11000e+03	1.85688e+00	0.00000e+00	0.00000e+00
2.80360e+02	2.62379e+02	2.37357e+03	1.11106e+03	1.86322e+00	0.00000e+00	0.00000e+00
2.84048e+02	2.62459e+02	2.37121e+03	1.11212e+03	1.86953e+00	0.00000e+00	0.00000e+00
2.87736e+02	2.62539e+02	2.36886e+03	1.11317e+03	1.87581e+00	0.00000e+00	0.00000e+00
2.91425e+02	2.62621e+02	2.36651e+03	1.11422e+03	1.88205e+00	0.00000e+00	0.00000e+00
2.95113e+02	2.62703e+02	2.36417e+03	1.11526e+03	1.88827e+00	0.00000e+00	0.00000e+00
2.98802e+02	2.62785e+02	2.36183e+03	1.11629e+03	1.89448e+00	0.00000e+00	0.00000e+00
3.02490e+02	2.62868e+02	2.35949e+03	1.11731e+03	1.90068e+00	0.00000e+00	0.00000e+00
3.06179e+02	2.62951e+02	2.35716e+03	1.11833e+03	1.90687e+00	0.00000e+00	0.00000e+00
3.09867e+02	2.63036e+02	2.35483e+03	1.11934e+03	1.91305e+00	0.00000e+00	0.00000e+00
3.13556e+02	2.63120e+02	2.35250e+03	1.12035e+03	1.91920e+00	0.00000e+00	0.00000e+00
3.17244e+02	2.63205e+02	2.35017e+03	1.12135e+03	1.92533e+00	0.00000e+00	0.00000e+00
3.20933e+02	2.63291e+02	2.34785e+03	1.12234e+03	1.93142e+00	0.00000e+00	0.00000e+00
3.24621e+02	2.63377e+02	2.34553e+03	1.12332e+03	1.93747e+00	0.00000e+00	0.00000e+00
3.28309e+02	2.63464e+02	2.34322e+03	1.12430e+03	1.94348e+00	0.00000e+00	0.00000e+00
3.31998e+02	2.63551e+02	2.34090e+03	1.12528e+03	1.94945e+00	0.00000e+00	0.00000e+00
3.35686e+02	2.63639e+02	2.33859e+03	1.12625e+03	1.95538e+00	0.00000e+00	0.00000e+00
3.39375e+02	2.63727e+02	2.33629e+03	1.12721e+03	1.96126e+00	0.00000e+00	0.00000e+00
3.43063e+02	2.63815e+02	2.33398e+03	1.12816e+03	1.96711e+00	0.00000e+00	0.00000e+00
3.46752e+02	2.63904e+02	2.33168e+03	1.12912e+03	1.97291e+00	0.00000e+00	0.00000e+00
3.50440e+02	2.63994e+02	2.32938e+03	1.13006e+03	1.97867e+00	0.00000e+00	0.00000e+00
3.54129e+02	2.64083e+02	2.32709e+03	1.13100e+03	1.98438e+00	0.00000e+00	0.00000e+00
3.57817e+02	2.64174e+02	2.32480e+03	1.13194e+03	1.99006e+00	0.00000e+00	0.00000e+00
3.61505e+02	2.64264e+02	2.32251e+03	1.13286e+03	1.99569e+00	0.00000e+00	0.00000e+00
3.65194e+02	2.64355e+02	2.32022e+03	1.13379e+03	2.00128e+00	0.00000e+00	0.00000e+00
3.68882e+02	2.64447e+02	2.31794e+03	1.13471e+03	2.00683e+00	0.00000e+00	0.00000e+00
3.72571e+02	2.64538e+02	2.31565e+03	1.13562e+03	2.01235e+00	0.00000e+00	0.00000e+00
3.76259e+02	2.64630e+02	2.31338e+03	1.13653e+03	2.01782e+00	0.00000e+00	0.00000e+00
3.79948e+02	2.64723e+02	2.31110e+03	1.13743e+03	2.02326e+00	0.00000e+00	0.00000e+00
3.83636e+02	2.64816e+02	2.30883e+03	1.13833e+03	2.02866e+00	0.00000e+00	0.00000e+00
3.87325e+02	2.64909e+02	2.30656e+03	1.13923e+03	2.03403e+00	0.00000e+00	0.00000e+00
3.91013e+02	2.65002e+02	2.30429e+03	1.14012e+03	2.03937e+00	0.00000e+00	0.00000e+00
3.94701e+02	2.65096e+02	2.30203e+03	1.14100e+03	2.04467e+00	0.00000e+00	0.00000e+00
3.98390e+02	2.65190e+02	2.29977e+03	1.14188e+03	2.04995e+00	0.00000e+00	0.00000e+00
4.02078e+02	2.65285e+02	2.29751e+03	1.14276e+03	2.05519e+00	0.00000e+00	0.00000e+00
4.05767e+02	2.65379e+02	2.29525e+03	1.14363e+03	2.06041e+00	0.00000e+00	0.00000e+00
4.09455e+02	2.65474e+02	2.29300e+03	1.14450e+03	2.06560e+00	0.00000e+00	0.00000e+00
4.13144e+02	2.65570e+02	2.29075e+03	1.14536e+03	2.07078e+00	0.00000e+00	0.00000e+00
4.16832e+02	2.65665e+02	2.28850e+03	1.14622e+03	2.07594e+00	0.00000e+00	0.00000e+00
4.20521e+02	2.65761e+02	2.28626e+03	1.14707e+03	2.08108e+00	0.00000e+00	0.00000e+00
4.24209e+02	2.65857e+02	2.28401e+03	1.14792e+03	2.08620e+00	0.00000e+00	0.00000e+00
4.27897e+02	2.65954e+02	2.28177e+03	1.14877e+03	2.09131e+00	0.00000e+00	0.00000e+00
4.31586e+02	2.66050e+02	2.27954e+03	1.14961e+03	2.09640e+00	0.00000e+00	0.00000e+00
4.35274e+02	2.66147e+02	2.27730e+03	1.15045e+03	2.10147e+00	0.00000e+00	0.00000e+00
4.38963e+02	2.66245e+02	2.27507e+03	1.15128e+03	2.10652e+00	0.00000e+00	0.00000e+00
4.42651e+02	2.66342e+02	2.27284e+03	1.15211e+03	2.11156e+00	0.00000e+00	0.00000e+00
4.46340e+02	2.66440e+02	2.27062e+03	1.15294e+03	2.11658e+00	0.00000e+00	0.00000e+00
4.50028e+02	2.66538e+02	2.26839e+03	1.15376e+03	2.12158e+00	0.00000e+00	0.00000e+00
4.53717e+02	2.66636e+02	2.26617e+03	1.15458e+03	2.12657e+00	0.00000e+00	0.00000e+00
4.57405e+02	2.66735e+02	2.26395e+03	1.15539e+03	2.13153e+00	0.00000e+00	0.00000e+00
4.61094e+02	2.66833e+02	2.26174e+03	1.15620e+03	2.13648e+00	0.00000e+00	0.00000e+00
4.64782e+02	2.66932e+02	2.25952e+03	1.15701e+03	2.14140e+00	0.00000e+00	0.00000e+00
4.68470e+02	2.67032e+02	2.25731e+03	1.15781e+03	2.14631e+00	0.00000e+00	0.00000e+00
4.72159e+02	2.67131e+02	2.25510e+03	1.15861e+03	2.15121e+00	0.00000e+00	0.00000e+00
4.75847e+02	2.67231e+02	2.25290e+03	1.15941e+03	2.15609e+00	0.00000e+00	0.00000e+00
4.79536e+02	2.67331e+02	2.25069e+03	1.16020e+03	2.16096e+00	0.00000e+00	0.00000e+00
4.83224e+02	2.67431e+02	2.24849e+03	1.16099e+03	2.16581e+00	0.00000e+00	0.00000e+00
4.86913e+02	2.67531e+02	2.24630e+03	1.16177e+03	2.17066e+00	0.00000e+00	0.00000e+00
4.90601e+02	2.67632e+02	2.24410e+03	1.16255e+03	2.17550e+00	0.00000e+00	0.00000e+00
4.94290e+02	2.67733e+02	2.24191e+03	1.16333e+03	2.18033e+00	0.00000e+00	0.00000e+00
4.97978e+02	2.67834e+02	2.23972e+03	1.16410e+03	2.18516e+00	0.00000e+00	0.00000e+00
5.01666e+02	2.67935e+02	2.23753e+03	1.16488e+03	2.18999e+00	0.00000e+00	0.00000e+00
5.05355e+02	2.68037e+02	2.23534e+03	1.16564e+03	2.19482e+00	0.00000e+00	0.00000e+00
5.09043e+02	2.68138e+02	2.23316e+03	1.16641e+03	2.19963e+00	0.00000e+00	0.00000e+00
5.12732e+02	2.68240e+02	2.23098e+03	1.16717e+03	2.20445e+00	0.00000e+00	0.00000e+00
5.16420e+02	2.68342e+02	2.22880e+03	1.16793e+03	2.20925e+00	0.00000e+00	0.00000e+00
5.20109e+02	2.68445e+02	2.22663e+03	1.16868e+03	2.21405e+00	0.00000e+00	0.00000e+00
5.23797e+02	2.68547e+02	2.22445e+03	1.16943e+03	2.21885e+00	0.00000e+00	0.00000e+00
5.27486e+02	2.68650e+02	2.22228e+03	1.17018e+03	2.22363e+00	0.00000e+00	0.00000e+00
5.31174e+02	2.68752e+02	2.22011e+03	1.17092e+03	2.22841e+00	0.00000e+00	0.00000e+00
5.34862e+02	2.68855e+02	2.21795e+03	1.17167e+03	2.23319e+00	0.00000e+00	0.00000e+00
5.38551e+02	2.68959e+02	2.21578e+03	1.17240e+03	2.23795e+00	0.00000e+00	0.00000e+00
5.42239e+02	2.69043e+02	2.21377e+03	1.26104e+03	4.23841e+00	2.21519e+00	1.23988e+02
5.45928e+02	2.69253e+02	2.21176e+03	1.26147e+03	4.23975e+00	2.21540e+00	1.23988e+02
5.49616e+02	2.69463e+02	2.20976e+03	1.26191e+03	4.24109e+00	2.21562e+00	1.23988e+02
5.53305e+02	2.69673e+02	2.20775e+03	1.26233e+03	4.24244e+00	2.21584e+00	1.23988e+02
5.56993e+02	2.69883e+02	2.20574e+03	1.26276e+03	4.24379e+00	2.21606e+00	1.23988e+02
5.60682e+02	2.70085e+02	2.20374e+03	1.26318e+03	4.24515e+00	2.21628e+00	1.23988e+02
5.64370e+02	2.70287e+02	2.20174e+03	1.26360e+03	4.24651e+00	2.21651e+00	1.23988e+02
5.68058e+02	2.70489e+02	2.19974e+03	1.26401e+03	4.24787e+00	2.21674e+00	1.23988e+02
5.71747e+02	2.70691e+02	2.19774e+03	1.26442e+03	4.24924e+00	2.21697e+00	1.23988e+02
5.75435e+02	2.70892e+02	2.19574e+03	1.26483e+03	4.25061e+00	2.21720e+00	1.23988e+02
5.79124e+02	2.71094e+02	2.19374e+03	1.26524e+03	4.25199e+00	2.21744e+00	1.23988e+02
5.82812e+02	2.71295e+02	2.19175e+03	1.26564e+03	4.25337e+00	2.21768e+00	1.23988e+02
5.86501e+02	2.71489e+02	2.18975e+03	1.26604e+03	4.25476e+00	2.21792e+00	1.23988e+02
5.90189e+02	2.71683e+02	2.18776e+03	1.26643e+03	4.25615e+00	2.21817e+00	1.23988e+02
5.93878e+02	2.71877e+02	2.18577e+03	1.26682e+03	4.25754e+00	2.21841e+00	1.23988e+02
5.97566e+02	2.72070e+02	2.18378e+03	1.26721e+03	4.25894e+00	2.21866e+00	1.23988e+02
6.01255e+02	2.72264e+02	2.18179e+03	1.26760e+03	4.26034e+00	2.21892e+00	1.23988e+02
6.04943e+02	2.72458e+02	2.17981e+03	1.26798e+03	4.26174e+00	2.21917e+00	1.23988e+02
6.08631e+02	2.72650e+02	2.17782e+03	1.26836e+03	4.26315e+00	2.21943e+00	1.23988e+02
6.12320e+02	2.72836e+02	2.17584e+03	1.26874e+03	4.26457e+00	2.21969e+00	1.23988e+02
6.16008e+02	2.73023e+02	2.17385e+03	1.26911e+03	4.26599e+00	2.21995e+00	1.23988e+02
6.19697e+02	2.73209e+02	2.17187e+03	1.26948e+03	4.26741e+00	2.22022e+00	1.23988e+02
6.23385e+02	2.73395e+02	2.16989e+03	1.26985e+03	4.26883e+00	2.22049e+00	1.23988e+02
6.27074e+02	2.73582e+02	2.16791e+03	1.27021e+03	4.27026e+00	2.22076e+00	1.23988e+02
6.30762e+02	2.73768e+02	2.16593e+03	1.27057e+03	4.27170e+00	2.22103e+00	1.23988e+02
6.34451e+02	2.73970e+02	2.16396e+03	1.27093e+03	4.27313e+00	2.22131e+00	1.23988e+02
6.38139e+02	2.74194e+02	2.16198e+03	1.27128e+03	4.27458e+00	2.22159e+00	1.23988e+02
6.41827e+02	2.74419e+02	2.16001e+03	1.27163e+03	4.27603e+00	2.22187e+00	1.23988e+02
6.45516e+02	2.74643e+02	2.15804e+03	1.27197e+03	4.27748e+00	2.22216e+00	1.23988e+02
6.49204e+02	2.74867e+02	2.15616e+03	1.33438e+03	4.45851e+00	2.28180e+00	1.37142e+02
6.52893e+02	2.75092e+02	2.15428e+03	1.33442e+03	4.46096e+00	2.28359e+00	1.36529e+02
6.56581e+02	2.75316e+02	2.15240e+03	1.33445e+03	4.46341e+00	2.28537e+00	1.35919e+02
6.60270e+02	2.75576e+02	2.15052e+03	1.33448e+03	4.46587e+00	2.28716e+00	1.35217e+02
6.63958e+02	2.75864e+02	2.14864e+03	1.33451e+03	4.46832e+00	2.28895e+00	1.34443e+02
6.67647e+02	2.76153e+02	2.14677e+03	1.33454e+03	4.47078e+00	2.29073e+00	1.33676e+02
6.71335e+02	2.76441e+02	2.14489e+03	1.33457e+03	4.47323e+00	2.29252e+00	1.32914e+02
6.75023e+02	2.76729e+02	2.14302e+03	1.33460e+03	4.47568e+00	2.29430e+00	1.32159e+02
6.78712e+02	2.77018e+02	2.14114e+03	1.33463e+03	4.47813e+00	2.29608e+00	1.31409e+02
6.82400e+02	2.77306e+02	2.13927e+03	1.33466e+03	4.48058e+00	2.29786e+00	1.30665e+02
6.86089e+02	2.77587e+02	2.13740e+03	1.33469e+03	4.48303e+00	2.29964e+00	1.29946e+02
6.89777e+02	2.77864e+02	2.13552e+03	1.33472e+03	4.48547e+00	2.30141e+00	1.29242e+02
6.93466e+02	2.78141e+02	2.13365e+03	1.33475e+03	4.48792e+00	2.30319e+00	1.28543e+02
6.97154e+02	2.78419e+02	2.13178e+03	1.33478e+03	4.49036e+00	2.30496e+00	1.27849e+02
7.00843e+02	2.78696e+02	2.12991e+03	1.33481e+03	4.49280e+00	2.30673e+00	1.27161e+02
7.04531e+02	2.78973e+02	2.12804e+03	1.33484e+03	4.49524e+00	2.30850e+00	1.26477e+02
7.08220e+02	2.79250e+02	2.12617e+03	1.33487e+03	4.49768e+00	2.31027e+00	1.25798e+02
7.11908e+02	2.79519e+02	2.12430e+03	1.33490e+03	4.50011e+00	2.31203e+00	1.25146e+02
7.15596e+02	2.79786e+02	2.12244e+03	1.33493e+03	4.50255e+00	2.31380e+00	1.24502e+02
7.19285e+02	2.80052e+02	2.12057e+03	1.33496e+03	4.50498e+00	2.31556e+00	1.23862e+02
7.22973e+02	2.80319e+02	2.11870e+03	1.33499e+03	4.50741e+00	2.31733e+00	1.23228e+02
7.26662e+02	2.80586e+02	2.11684e+03	1.33503e+03	4.50984e+00	2.31909e+00	1.22597e+02
7.30350e+02	2.80853e+02	2.11497e+03	1.33506e+03	4.51227e+00	2.32085e+00	1.21971e+02
7.34039e+02	2.81120e+02	2.11311e+03	1.33509e+03	4.51470e+00	2.32260e+00	1.21350e+02
7.37727e+02	2.81377e+02	2.11125e+03	1.33512e+03	4.51712e+00	2.32436e+00	1.20754e+02
7.41416e+02	2.81634e+02	2.10938e+03	1.33515e+03	4.51954e+00	2.32612e+00	1.20163e+02
7.45104e+02	2.81891e+02	2.10752e+03	1.33518e+03	4.52196e+00	2.32787e+00	1.19576e+02
7.48792e+02	2.82148e+02	2.10566e+03	1.33521e+03	4.52439e+00	2.32962e+00	1.18993e+02
7.52481e+02	2.82406e+02	2.10380e+03	1.33524e+03	4.52680e+00	2.33137e+00	1.18413e+02
7.56169e+02	2.82663e+02	2.10194e+03	1.33528e+03	4.52922e+00	2.33312e+00	1.17838e+02
7.59858e+02	2.82919e+02	2.10008e+03	1.33531e+03	4.53164e+00	2.33487e+00	1.17268e+02
7.63546e+02	2.83167e+02	2.09822e+03	1.33534e+03	4.53405e+00	2.33661e+00	1.16720e+02
7.67235e+02	2.83416e+02	2.09636e+03	1.33537e+03	4.53646e+00	2.33836e+00	1.16176e+02
7.70923e+02	2.83664e+02	2.09451e+03	1.33540e+03	4.53887e+00	2.34010e+00	1.15635e+02
7.74612e+02	2.83912e+02	2.09265e+03	1.33543e+03	4.54128e+00	2.34184e+00	1.15097e+02
7.78300e+02	2.84160e+02	2.09080e+03	1.33547e+03	4.54369e+00	2.34358e+00	1.14563e+02
7.81988e+02	2.84409e+02	2.08894e+03	1.33550e+03	4.54610e+00	2.34532e+00	1.14032e+02
7.85677e+02	2.84655e+02	2.08709e+03	1.33553e+03	4.54850e+00	2.34706e+00	1.13509e+02
7.89365e+02	2.84895e+02	2.08523e+03	1.33556e+03	4.55091e+00	2.34880e+00	1.13002e+02
7.93054e+02	2.85135e+02	2.08338e+03	1.33560e+03	4.55331e+00	2.35053e+00	1.12498e+02
7.96742e+02	2.85375e+02	2.08153e+03	1.33563e+03	4.55571e+00	2.35226e+00	1.11998e+02
8.00431e+02	2.85615e+02	2.07968e+03	1.33566e+03	4.55811e+00	2.35400e+00	1.11500e+02
8.04119e+02	2.85855e+02	2.07783e+03	1.33569e+03	4.56051e+00	2.35573e+00	1.11005e+02
8.07808e+02	2.86095e+02	2.07598e+03	1.33572e+03	4.56290e+00	2.35746e+00	1.10514e+02
8.11496e+02	2.86332e+02	2.07413e+03	1.33576e+03	4.56530e+00	2.35918e+00	1.10031e+02
8.15184e+02	2.86564e+02	2.07228e+03	1.33579e+03	4.56769e+00	2.36091e+00	1.09561e+02
8.18873e+02	2.86797e+02	2.07044e+03	1.33582e+03	4.57008e+00	2.36263e+00	1.09094e+02
8.22561e+02	2.87029e+02	2.06859e+03	1.33586e+03	4.57247e+00	2.36436e+00	1.08629e+02
8.26250e+02	2.87262e+02	2.06674e+03	1.33589e+03	4.57486e+00	2.36608e+00	1.08167e+02
8.29938e+02	2.87494e+02	2.06490e+03	1.33592e+03	4.57725e+00	2.36780e+00	1.07708e+02
8.33627e+02	2.87726e+02	2.06306e+03	1.33595e+03	4.57964e+00	2.36952e+00	1.07251e+02
8.37315e+02	2.87955e+02	2.06121e+03	1.33599e+03	4.58202e+00	2.37124e+00	1.06804e+02
8.41004e+02	2.88181e+02	2.05937e+03	1.33602e+03	4.58440e+00	2.37295e+00	1.06367e+02
8.44692e+02	2.88406e+02	2.05753e+03	1.33605e+03	4.58678e+00	2.37467e+00	1.05931e+02
8.48381e+02	2.88631e+02	2.05569e+03	1.33609e+03	4.58916e+00	2.37638e+00	1.05499e+02
8.52069e+02	2.88857e+02	2.05385e+03	1.33612e+03	4.59154e+00	2.37810e+00	1.05068e+02
8.55757e+02	2.89082e+02	2.05201e+03	1.33615e+03	4.59392e+00	2.37981e+00	1.04640e+02
8.59446e+02	2.89308e+02	2.05017e+03	1.33619e+03	4.59630e+00	2.38152e+00	1.04215e+02
8.63134e+02	2.89529e+02	2.04833e+03	1.33622e+03	4.59867e+00	2.38322e+00	1.03800e+02
8.66823e+02	2.89748e+02	2.04650e+03	1.33625e+03	4.60104e+00	2.38493e+00	1.03391e+02
8.70511e+02	2.89967e+02	2.04466e+03	1.33629e+03	4.60341e+00	2.38664e+00	1.02984e+02
8.74200e+02	2.90185e+02	2.04283e+03	1.33632e+03	4.60578e+00	2.38834e+00	1.02580e+02
8.77888e+02	2.90404e+02	2.04099e+03	1.33635e+03	4.60815e+00	2.39004e+00	1.02178e+02
8.81577e+02	2.90623e+02	2.03916e+03	1.33639e+03	4.61052e+00	2.39175e+00	1.01778e+02
8.85265e+02	2.90842e+02	2.03733e+03	1.33642e+03	4.61289e+00	2.39345e+00	1.01380e+02
8.88953e+02	2.91056e+02	2.03549e+03	1.33645e+03	4.61525e+00	2.39514e+00	1.00993e+02
8.92642e+02	2.91269e+02	2.03366e+03	1.33649e+03	4.61761e+00	2.39684e+00	1.00610e+02
8.96330e+02	2.91482e+02	2.03183e+03	1.33652e+03	4.61998e+00	2.39854e+00	1.00229e+02
9.00019e+02	2.91695e+02	2.03001e+03	1.33656e+03	4.62234e+00	2.40023e+00	9.98502e+01
9.03707e+02	2.91908e+02	2.02818e+03	1.33659e+03	4.62469e+00	2.40193e+00	9.94733e+01
9.07396e+02	2.92121e+02	2.02635e+03	1.33662e+03	4.62705e+00	2.40362e+00	9.90983e+01
9.11084e+02	2.92334e+02	2.02452e+03	1.33666e+03	4.62941e+00	2.40531e+00	9.87254e+01
9.14773e+02	2.92542e+02	2.02270e+03	1.33669e+03	4.63176e+00	2.40700e+00	9.83630e+01
9.18461e+02	2.92750e+02	2.02087e+03	1.33672e+03	4.63412e+00	2.40869e+00	9.80033e+01
9.22149e+02	2.92957e+02	2.01905e+03	1.33676e+03	4.63647e+00	2.41038e+00	9.76454e+01
9.25838e+02	2.93165e+02	2.01723e+03	1.33679e+03	4.63882e+00	2.41206e+00	9.72894e+01
9.29526e+02	2.93372e+02	2.01540e+03	1.33683e+03	4.64117e+00	2.41375e+00	9.69351e+01
9.33215e+02	2.93580e+02	2.01358e+03	1.33686e+03	4.64352e+00	2.41543e+00	9.65826e+01
9.36903e+02	2.93787e+02	2.01176e+03	1.33689e+03	4.64586e+00	2.41711e+00	9.62323e+01
9.40592e+02	2.93990e+02	2.00994e+03	1.33693e+03	4.64821e+00	2.41879e+00	9.58918e+01
9.44280e+02	2.94192e+02	2.00812e+03	1.33696e+03	4.65055e+00	2.42047e+00	9.55529e+01
9.47969e+02	2.94395e+02	2.00631e+03	1.33700e+03	4.65289e+00	2.42215e+00	9.52156e+01
9.51657e+02	2.94597e+02	2.00449e+03	1.33703e+03	4.65523e+00	2.42383e+00	9.48801e+01
9.55345e+02	2.94800e+02	2.00267e+03	1.33707e+03	4.65757e+00	2.42550e+00	9.45461e+01
9.59034e+02	2.95002e+02	2.00086e+03	1.33710e+03	4.65991e+00	2.42718e+00	9.42138e+01
9.62722e+02	2.95204e+02	1.99905e+03	1.33713e+03	4.66225e+00	2.42885e+00	9.38845e+01
9.66411e+02	2.95402e+02	1.99723e+03	1.33717e+03	4.66458e+00	2.43052e+00	9.35628e+01
9.70099e+02	2.95600e+02	1.99542e+03	1.33720e+03	4.66692e+00	2.43219e+00	9.32427e+01
9.73788e+02	2.95798e+02	1.99361e+03	1.33724e+03	4.66925e+00	2.43386e+00	9.29241e+01
9.77476e+02	2.95996e+02	1.99180e+03	1.33727e+03	4.67158e+00	2.43553e+00	9.26069e+01
9.81165e+02	2.96194e+02	1.98999e+03	1.33731e+03	4.67391e+00	2.43719e+00	9.22913e+01
9.84853e+02	2.96392e+02	1.98818e+03	1.33734e+03	4.67624e+00	2.43886e+00	9.19772e+01
9.88542e+02	2.96588e+02	1.98637e+03	1.33738e+03	4.67857e+00	2.44052e+00	9.16667e+01
9.92230e+02	2.96782e+02	1.98457e+03	1.33741e+03	4.68090e+00	2.44219e+00	9.13621e+01
9.95918e+02	2.96976e+02	1.98276e+03	1.33745e+03	4.68322e+00	2.44385e+00	9.10588e+01
9.99607e+02	2.97170e+02	1.98096e+03	1.33748e+03	4.68554e+00	2.44551e+00	9.07570e+01
1.00330e+03	2.97363e+02	1.97915e+03	1.33752e+03	4.68787e+00	2.44717e+00	9.04565e+01
1.00698e+03	2.97557e+02	1.97735e+03	1.33755e+03	4.69019e+00	2.44883e+00	9.01575e+01
1.01067e+03	2.97751e+02	1.97555e+03	1.33758e+03	4.69251e+00	2.45048e+00	8.98598e+01
1.01436e+03	2.97943e+02	1.97375e+03	1.33762e+03	4.69483e+00	2.45214e+00	8.95661e+01
1.01805e+03	2.98133e+02	1.97195e+03	1.33765e+03	4.69714e+00	2.45379e+00	8.92769e+01
1.02174e+03	2.98323e+02	1.97015e+03	1.33769e+03	4.69946e+00	2.45545e+00	8.89889e+01
1.02543e+03	2.98513e+02	1.96835e+03	1.33772e+03	4.70177e+00	2.45710e+00	8.87023e+01
1.02911e+03	2.98703e+02	1.96655e+03	1.33776e+03	4.70409e+00	2.45875e+00	8.84169e+01
1.03280e+03	2.98893e+02	1.96476e+03	1.33779e+03	4.70640e+00	2.46040e+00	8.81328e+01
1.03649e+03	2.99083e+02	1.96296e+03	1.33783e+03	4.70871e+00	2.46205e+00	8.78500e+01
1.04018e+03	2.99271e+02	1.96117e+03	1.33786e+03	4.71102e+00	2.46369e+00	8.75714e+01
1.04387e+03	2.99458e+02	1.95937e+03	1.33790e+03	4.71333e+00	2.46534e+00	8.72961e+01
1.04756e+03	2.99644e+02	1.95758e+03	1.33793e+03	4.71563e+00	2.46698e+00	8.70220e+01
1.05125e+03	2.99831e+02	1.95579e+03	1.33797e+03	4.71794e+00	2.46863e+00	8.67492e+01
1.05493e+03	3.00018e+02	1.95400e+03	1.33800e+03	4.72024e+00	2.47027e+00	8.64775e+01
1.05862e+03	3.00204e+02	1.95221e+03	1.33804e+03	4.72255e+00	2.47191e+00	8.62070e+01
1.06231e+03	3.00391e+02	1.95042e+03	1.33807e+03	4.72485e+00	2.47355e+00	8.59376e+01
1.06600e+03	3.00575e+02	1.94863e+03	1.33811e+03	4.72715e+00	2.47519e+00	8.56727e+01
1.06969e+03	3.00759e+02	1.94685e+03	1.33814e+03	4.72945e+00	2.47683e+00	8.54101e+01
1.07338e+03	3.00942e+02	1.94506e+03	1.33818e+03	4.73174e+00	2.47846e+00	8.51485e+01
1.07706e+03	3.01126e+02	1.94328e+03	1.33821e+03	4.73404e+00	2.48010e+00	8.48882e+01
1.08075e+03	3.01310e+02	1.94149e+03	1.33825e+03	4.73634e+00	2.48173e+00	8.46289e+01
1.08444e+03	3.01493e+02	1.93971e+03	1.33828e+03	4.73863e+00	2.48336e+00	8.43707e+01
1.08813e+03	3.01677e+02	1.93793e+03	1.33832e+03	4.74092e+00	2.48500e+00	8.41136e+01
1.09182e+03	3.01858e+02	1.93615e+03	1.33835e+03	4.74321e+00	2.48663e+00	8.38610e+01
1.09551e+03	3.02039e+02	1.93437e+03	1.33839e+03	4.74550e+00	2.48826e+00	8.36098e+01
1.09919e+03	3.02220e+02	1.93259e+03	1.33842e+03	4.74779e+00	2.48988e+00	8.33598e+01
1.10288e+03	3.02400e+02	1.93082e+03	1.33846e+03	4.75008e+00	2.49151e+00	8.31107e+01
1.10657e+03	3.02581e+02	1.92904e+03	1.33849e+03	4.75237e+00	2.49314e+00	8.28628e+01
1.11026e+03	3.02762e+02	1.92726e+03	1.33853e+03	4.75465e+00	2.49476e+00	8.26158e+01
1.11395e+03	3.02943e+02	1.92549e+03	1.33856e+03	4.75694e+00	2.49638e+00	8.23699e+01
1.11764e+03	3.03121e+02	1.92372e+03	1.33860e+03	4.75922e+00	2.49801e+00	8.21283e+01
1.12133e+03	3.03300e+02	1.92195e+03	1.33863e+03	4.76150e+00	2.49963e+00	8.18877e+01
1.12501e+03	3.03478e+02	1.92017e+03	1.33867e+03	4.76378e+00	2.50125e+00	8.16480e+01
1.12870e+03	3.03657e+02	1.91841e+03	1.33871e+03	4.76606e+00	2.50287e+00	8.14094e+01
1.13239e+03	3.03835e+02	1.91664e+03	1.33874e+03	4.76834e+00	2.50448e+00	8.11717e+01
1.13608e+03	3.04013e+02	1.91487e+03	1.33878e+03	4.77062e+00	2.50610e+00	8.09350e+01
1.13977e+03	3.04192e+02	1.91310e+03	1.33881e+03	4.77289e+00	2.50772e+00	8.06997e+01
1.14346e+03	3.04368e+02	1.91134e+03	1.33885e+03	4.77517e+00	2.50933e+00	8.04677e+01
1.14714e+03	3.04544e+02	1.90957e+03	1.33888e+03	4.77744e+00	2.51094e+00	8.02366e+01
1.15083e+03	3.04720e+02	1.90781e+03	1.33892e+03	4.77971e+00	2.51256e+00	8.00065e+01
1.15452e+03	3.04897e+02	1.90605e+03	1.33895e+03	4.78198e+00	2.51417e+00	7.97773e+01
1.15821e+03	3.05073e+02	1.90428e+03	1.33899e+03	4.78425e+00	2.51578e+00	7.95490e+01
1.16190e+03	3.05249e+02	1.90252e+03	1.33902e+03	4.78652e+00	2.51739e+00	7.93217e+01
1.16559e+03	3.05425e+02	1.90076e+03	1.33906e+03	4.78879e+00	2.51899e+00	7.90959e+01
1.16928e+03	3.05599e+02	1.89901e+03	1.33909e+03	4.79105e+00	2.52060e+00	7.88727e+01
1.17296e+03	3.05774e+02	1.89725e+03	1.33913e+03	4.79332e+00	2.52221e+00	7.86504e+01
1.17665e+03	3.05948e+02	1.89549e+03	1.33916e+03	4.79558e+00	2.52381e+00	7.84290e+01
1.18034e+03	3.06123e+02	1.89374e+03	1.33920e+03	4.79784e+00	2.52541e+00	7.82084e+01
1.18403e+03	3.06297e+02	1.89198e+03	1.33923e+03	4.80010e+00	2.52701e+00	7.79888e+01
1.18772e+03	3.06472e+02	1.89023e+03	1.33927e+03	4.80236e+00	2.52862e+00	7.77699e+01
1.19141e+03	3.06645e+02	1.88848e+03	1.33930e+03	4.80462e+00	2.53022e+00	7.75528e+01
1.19509e+03	3.06818e+02	1.88673e+03	1.33934e+03	4.80688e+00	2.53181e+00	7.73377e+01
1.19878e+03	3.06991e+02	1.88498e+03	1.33938e+03	4.80914e+00	2.53341e+00	7.71234e+01
1.20247e+03	3.07164e+02	1.88323e+03	1.33941e+03	4.81139e+00	2.53501e+00	7.69100e+01
1.20616e+03	3.07337e+02	1.88148e+03	1.33945e+03	4.81365e+00	2.53660e+00	7.66973e+01
1.20985e+03	3.07510e+02	1.87974e+03	1.33948e+03	4.81590e+00	2.53820e+00	7.64856e+01
1.21354e+03	3.07682e+02	1.87799e+03	1.33952e+03	4.81815e+00	2.53979e+00	7.62746e+01
1.21723e+03	3.07855e+02	1.87625e+03	1.33955e+03	4.82040e+00	2.54138e+00	7.60653e+01
1.22091e+03	3.08026e+02	1.87451e+03	1.33959e+03	4.82265e+00	2.54298e+00	7.58576e+01
1.22460e+03	3.08198e+02	1.87277e+03	1.33962e+03	4.82490e+00	2.54457e+00	7.56507e+01
1.22829e+03	3.08369e+02	1.87103e+03	1.33966e+03	4.82715e+00	2.54615e+00	7.54445e+01
1.23198e+03	3.08541e+02	1.86929e+03	1.33969e+03	4.82939e+00	2.54774e+00	7.52392e+01
1.23567e+03	3.08712e+02	1.86755e+03	1.33973e+03	4.83164e+00	2.54933e+00	7.50346e+01
1.23936e+03	3.08884e+02	1.86581e+03	1.33976e+03	4.83388e+00	2.55092e+00	7.48308e+01
1.24304e+03	3.09054e+02	1.86407e+03	1.33980e+03	4.83612e+00	2.55250e+00	7.46287e+01
1.24673e+03	3.09225e+02	1.86234e+03	1.33983e+03	4.83836e+00	2.55408e+00	7.44278e+01
1.25042e+03	3.09395e+02	1.86061e+03	1.33987e+03	4.84060e+00	2.55567e+00	7.42276e+01
1.25411e+03	3.09566e+02	1.85887e+03	1.33990e+03	4.84284e+00	2.55725e+00	7.40282e+01
1.25780e+03	3.09736e+02	1.85714e+03	1.33994e+03	4.84508e+00	2.55883e+00	7.38295e+01
1.26149e+03	3.09906e+02	1.85541e+03	1.33997e+03	4.84732e+00	2.56041e+00	7.36316e+01
1.26518e+03	3.10077e+02	1.85368e+03	1.34001e+03	4.84955e+00	2.56199e+00	7.34344e+01
1.26886e+03	3.10246e+02	1.85196e+03	1.34005e+03	4.85179e+00	2.56356e+00	7.32388e+01
1.27255e+03	3.10416e+02	1.85023e+03	1.34008e+03	4.85402e+00	2.56514e+00	7.30442e+01
1.27624e+03	3.10586e+02	1.84850e+03	1.34012e+03	4.85625e+00	2.56672e+00	7.28502e+01
1.27993e+03	3.10755e+02	1.84678e+03	1.34015e+03	4.85848e+00	2.56829e+00	7.26570e+01
1.28362e+03	3.10925e+02	1.84506e+03	1.34019e+03	4.86071e+00	2.56986e+00	7.24644e+01
1.28731e+03	3.11094e+02	1.84333e+03	1.34022e+03	4.86294e+00	2.57144e+00	7.22727e+01
1.29099e+03	3.11264e+02	1.84161e+03	1.34026e+03	4.86517e+00	2.57301e+00	7.20816e+01
1.29468e+03	3.11433e+02	1.83989e+03	1.34029e+03	4.86740e+00	2.57458e+00	7.18919e+01
1.29837e+03	3.11602e+02	1.83818e+03	1.34033e+03	4.86962e+00	2.57615e+00	7.17030e+01
1.30206e+03	3.11770e+02	1.83646e+03	1.34036e+03	4.87185e+00	2.57771e+00	7.15148e+01
1.30575e+03	3.11939e+02	1.83474e+03	1.34040e+03	4.87407e+00	2.57928e+00	7.13272e+01
1.30944e+03	3.12108e+02	1.83303e+03	1.34043e+03	4.87629e+00	2.58085e+00	7.11404e+01
1.31312e+03	3.12277e+02	1.83131e+03	1.34047e+03	4.87851e+00	2.58241e+00	7.09542e+01
1.31681e+03	3.12446e+02	1.82960e+03	1.34050e+03	4.88073e+00	2.58398e+00	7.07688e+01
1.32050e+03	3.12614e+02	1.82789e+03	1.34054e+03	4.88295e+00	2.58554e+00	7.05845e+01
1.32419e+03	3.12783e+02	1.82618e+03	1.34057e+03	4.88517e+00	2.58710e+00	7.04009e+01
1.32788e+03	3.12951e+02	1.82447e+03	1.34061e+03	4.88739e+00	2.58866e+00	7.02180e+01
1.33157e+03	3.13120e+02	1.82276e+03	1.34064e+03	4.88960e+00	2.59022e+00	7.00357e+01
1.33526e+03	3.13288e+02	1.82106e+03	1.34068e+03	4.89182e+00	2.59178e+00	6.98541e+01
1.33894e+03	3.13457e+02	1.81935e+03	1.34071e+03	4.89403e+00	2.59334e+00	6.96732e+01
1.34263e+03	3.13625e+02	1.81765e+03	1.34075e+03	4.89624e+00	2.59489e+00	6.94930e+01
1.34632e+03	3.13793e+02	1.81594e+03	1.34078e+03	4.89845e+00	2.59645e+00	6.93136e+01
1.35001e+03	3.13961e+02	1.81424e+03	1.34082e+03	4.90066e+00	2.59801e+00	6.91349e+01
1.35370e+03	3.14130e+02	1.81254e+03	1.34085e+03	4.90287e+00	2.59956e+00	6.89569e+01
1.35739e+03	3.14298e+02	1.81084e+03	1.34089e+03	4.90508e+00	2.60111e+00	6.87795e+01
1.36107e+03	3.14466e+02	1.80914e+03	1.34092e+03	4.90729e+00	2.60266e+00	6.86027e+01
1.36476e+03	3.14634e+02	1.80745e+03	1.34096e+03	4.90949e+00	2.60422e+00	6.84266e+01
1.36845e+03	3.14802e+02	1.80575e+03	1.34099e+03	4.91170e+00	2.60577e+00	6.82512e+01
1.37214e+03	3.14971e+02	1.80406e+03	1.34103e+03	4.91390e+00	2.60731e+00	6.80764e+01
1.37583e+03	3.15139e+02	1.80237e+03	1.34106e+03	4.91610e+00	2.60886e+00	6.79023e+01
1.37952e+03	3.15307e+02	1.80067e+03	1.34110e+03	4.91830e+00	2.61041e+00	6.77288e+01
1.38321e+03	3.15475e+02	1.79898e+03	1.34113e+03	4.92050e+00	2.61195e+00	6.75559e+01
1.38689e+03	3.15643e+02	1.79729e+03	1.34117e+03	4.92270e+00	2.61350e+00	6.73836e+01
1.39058e+03	3.15811e+02	1.79561e+03	1.34120e+03	4.92490e+00	2.61504e+00	6.72120e+01
1.39427e+03	3.15979e+02	1.79392e+03	1.34124e+03	4.92710e+00	2.61659e+00	6.70409e+01
1.39796e+03	3.16148e+02	1.79223e+03	1.34127e+03	4.92929e+00	2.61813e+00	6.68704e+01
1.40165e+03	3.16316e+02	1.79055e+03	1.34131e+03	4.93149e+00	2.61967e+00	6.67005e+01
1.40534e+03	3.16484e+02	1.78887e+03	1.34134e+03	4.93368e+00	2.62121e+00	6.65312e+01
1.40902e+03	3.16653e+02	1.78718e+03	1.34138e+03	4.93588e+00	2.62275e+00	6.63625e+01
1.41271e+03	3.16821e+02	1.78550e+03	1.34141e+03	4.93807e+00	2.62429e+00	6.61944e+01
1.41640e+03	3.16989e+02	1.78382e+03	1.34144e+03	4.94026e+00	2.62582e+00	6.60269e+01
1.42009e+03	3.17157e+02	1.78215e+03	1.34148e+03	4.94245e+00	2.62736e+00	6.58599e+01
1.42378e+03	3.17326e+02	1.78047e+03	1.34151e+03	4.94464e+00	2.62890e+00	6.56933e+01
1.42747e+03	3.17495e+02	1.77879e+03	1.34155e+03	4.94683e+00	2.63043e+00	6.55273e+01
1.43116e+03	3.17663e+02	1.77712e+03	1.34158e+03	4.94901e+00	2.63196e+00	6.53619e+01
1.43484e+03	3.17832e+02	1.77545e+03	1.34162e+03	4.95120e+00	2.63350e+00	6.51971e+01
1.43853e+03	3.18000e+02	1.77377e+03	1.34165e+03	4.95338e+00	2.63503e+00	6.50329e+01
1.44222e+03	3.18169e+02	1.77210e+03	1.34169e+03	4.95557e+00	2.63656e+00	6.48693e+01
1.44591e+03	3.18338e+02	1.77044e+03	1.34172e+03	4.95775e+00	2.63809e+00	6.47059e+01
1.44960e+03	3.18507e+02	1.76877e+03	1.34176e+03	4.95993e+00	2.63962e+00	6.45430e+01
1.45329e+03	3.18676e+02	1.76710e+03	1.34179e+03	4.96211e+00	2.64115e+00	6.43807e+01
1.45697e+03	3.18845e+02	1.76544e+03	1.34183e+03	4.96429e+00	2.64267e+00	6.42190e+01
1.46066e+03	3.19014e+02	1.76377e+03	1.34186e+03	4.96647e+00	2.64420e+00	6.40578e+01
1.46435e+03	3.19183e+02	1.76211e+03	1.34189e+03	4.96864e+00	2.64572e+00	6.38972e+01
1.46804e+03	3.19352e+02	1.76045e+03	1.34193e+03	4.97082e+00	2.64725e+00	6.37372e+01
1.47173e+03	3.19522e+02	1.75879e+03	1.34196e+03	4.97300e+00	2.64877e+00	6.35772e+01
1.47542e+03	3.19691e+02	1.75713e+03	1.34200e+03	4.97517e+00	2.65029e+00	6.34178e+01
1.47911e+03	3.19861e+02	1.75547e+03	1.34203e+03	4.97734e+00	2.65181e+00	6.32589e+01
1.48279e+03	3.20031e+02	1.75382e+03	1.34207e+03	4.97952e+00	2.65333e+00	6.31006e+01
1.48648e+03	3.20200e+02	1.75216e+03	1.34210e+03	4.98169e+00	2.65485e+00	6.29428e+01
1.49017e+03	3.20370e+02	1.75051e+03	1.34213e+03	4.98386e+00	2.65637e+00	6.27856e+01
1.49386e+03	3.20540e+02	1.74886e+03	1.34217e+03	4.98603e+00	2.65789e+00	6.26289e+01
1.49755e+03	3.20710e+02	1.74720e+03	1.34220e+03	4.98819e+00	2.65941e+00	6.24721e+01
1.50124e+03	3.20881e+02	1.74556e+03	1.34224e+03	4.99036e+00	2.66092e+00	6.23159e+01
1.50492e+03	3.21051e+02	1.74391e+03	1.34227e+03	4.99253e+00	2.66244e+00	6.21602e+01
1.50861e+03	3.21221e+02	1.74226e+03	1.34231e+03	4.99469e+00	2.66395e+00	6.20050e+01
1.51230e+03	3.21392e+02	1.74061e+03	1.34234e+03	4.99686e+00	2.66546e+00	6.18504e+01
1.51599e+03	3.21562e+02	1.73897e+03	1.34237e+03	4.99902e+00	2.66697e+00	6.16964e+01
1.51968e+03	3.21733e+02	1.73733e+03	1.34241e+03	5.00118e+00	2.66849e+00	6.15427e+01
1.52337e+03	3.21904e+02	1.73569e+03	1.34244e+03	5.00334e+00	2.67000e+00	6.13890e+01
1.52705e+03	3.22076e+02	1.73405e+03	1.34248e+03	5.00550e+00	2.67151e+00	6.12357e+01
1.53074e+03	3.22247e+02	1.73241e+03	1.34251e+03	5.00766e+00	2.67301e+00	6.10830e+01
1.53443e+03	3.22418e+02	1.73077e+03	1.34254e+03	5.00982e+00	2.67452e+00	6.09309e+01
1.53812e+03	3.22590e+02	1.72913e+03	1.34258e+03	5.01198e+00	2.67603e+00	6.07793e+01
1.54181e+03	3.22761e+02	1.72750e+03	1.34261e+03	5.01413e+00	2.67753e+00	6.06282e+01
1.54550e+03	3.22933e+02	1.72586e+03	1.34264e+03	5.01629e+00	2.67904e+00	6.04773e+01
1.54919e+03	3.23105e+02	1.72423e+03	1.34268e+03	5.01844e+00	2.68054e+00	6.03264e+01
1.55287e+03	3.23278e+02	1.72260e+03	1.34271e+03	5.02060e+00	2.68205e+00	6.01760e+01
1.55656e+03	3.23450e+02	1.72097e+03	1.34275e+03	5.02275e+00	2.68355e+00	6.00261e+01
1.56025e+03	3.23623e+02	1.71934e+03	1.34278e+03	5.02490e+00	2.68505e+00	5.98767e+01
1.56394e+03	3.23795e+02	1.71772e+03	3.54599e+03	4.60923e+00	2.60994e+00	3.43932e+12
1.63184e+03	3.56340e+02	1.70639e+03	3.54599e+03	4.60480e+00	2.60602e+00	2.66897e+11
1.69927e+03	3.88690e+02	1.69505e+03	3.54536e+03	4.60007e+00	2.60192e+00	3.21167e+10
1.76624e+03	4.20846e+02	1.68372e+03	3.54462e+03	8.04141e+00	4.54594e+00	5.40024e+09
1.83274e+03	4.52808e+02	1.67239e+03	3.54380e+03	8.03236e+00	4.53832e+00	1.17880e+09
1.89876e+03	4.84576e+02	1.66106e+03	3.54292e+03	8.02304e+00	4.53055e+00	3.16656e+08
1.96431e+03	5.16152e+02	1.64973e+03	3.54199e+03	8.01348e+00	4.52264e+00	1.00594e+08
2.02939e+03	5.47534e+02	1.63840e+03	3.54101e+03	8.00374e+00	4.51464e+00	3.66665e+07
2.09399e+03	5.78724e+02	1.62707e+03	3.54000e+03	7.99385e+00	4.50656e+00	1.49803e+07
2.15811e+03	6.09721e+02	1.61574e+03	3.53895e+03	7.98384e+00	4.49842e+00	6.73532e+06
2.22176e+03	6.40526e+02	1.60441e+03	3.53788e+03	7.97373e+00	4.49023e+00	3.28419e+06
2.28494e+03	6.71140e+02	1.59308e+03	3.53679e+03	7.96353e+00	4.48200e+00	1.71638e+06
2.34764e+03	7.01563e+02	1.58174e+03	3.53567e+03	7.95326e+00	4.47374e+00	9.52231e+05
2.40987e+03	7.31795e+02	1.57041e+03	3.53454e+03	7.94293e+00	4.46546e+00	5.56386e+05
2.47162e+03	7.61836e+02	1.55908e+03	3.53340e+03	7.93256e+00	4.45717e+00	3.40143e+05
2.53290e+03	7.91687e+02	1.54775e+03	3.53224e+03	7.92215e+00	4.44887e+00	2.16376e+05
2.59370e+03	8.21348e+02	1.53642e+03	3.53107e+03	7.91171e+00	4.44056e+00	1.42560e+05
2.65404e+03	8.50820e+02	1.52509e+03	3.52989e+03	7.90125e+00	4.43226e+00	9.68980e+04
2.71389e+03	8.80104e+02	1.51376e+03	3.52870e+03	7.89075e+00	4.42396e+00	6.77162e+04
2.77328e+03	9.09199e+02	1.50243e+03	3.52751e+03	7.88026e+00	4.41566e+00	4.85142e+04
2.83220e+03	9.38106e+02	1.49110e+03	3.52630e+03	7.86975e+00	4.40737e+00	3.55428e+04
2.89064e+03	9.66825e+02	1.47977e+03	3.52510e+03	7.85923e+00	4.39909e+00	2.65700e+04
2.94862e+03	9.95358e+02	1.46844e+03	3.52388e+03	7.84872e+00	4.39083e+00	2.02284e+04
3.00612e+03	1.02370e+03	1.45710e+03	3.52266e+03	7.83820e+00	4.38259e+00	1.56578e+04
3.06316e+03	1.05186e+03	1.44577e+03	3.52144e+03	7.82768e+00	4.37435e+00	1.23044e+04
3.11973e+03	1.07984e+03	1.43444e+03	3.52021e+03	7.81717e+00	4.36614e+00	9.80346e+03
3.17582e+03	1.10763e+03	1.42311e+03	3.51898e+03	7.80667e+00	4.35794e+00	7.91022e+03
3.23146e+03	1.13523e+03	1.41178e+03	3.51774e+03	7.79617e+00	4.34977e+00	6.45711e+03
3.28662e+03	1.16266e+03	1.40045e+03	3.51650e+03	7.78568e+00	4.34161e+00	5.32753e+03
3.34132e+03	1.18989e+03	1.38912e+03	3.51526e+03	7.77519e+00	4.33348e+00	4.43909e+03
3.39555e+03	1.21695e+03	1.37779e+03	3.51401e+03	7.76473e+00	4.32537e+00	3.73265e+03
3.44932e+03	1.24383e+03	1.36646e+03	3.51277e+03	7.75427e+00	4.31729e+00	3.16524e+03
3.50263e+03	1.27052e+03	1.35513e+03	3.51152e+03	7.74384e+00	4.30923e+00	2.70518e+03
3.55547e+03	1.29703e+03	1.34379e+03	3.51027e+03	7.73340e+00	4.30119e+00	2.32888e+03
3.60785e+03	1.32336e+03	1.33246e+03	3.50901e+03	7.72300e+00	4.29318e+00	2.01858e+03
3.65976e+03	1.34952e+03	1.32113e+03	3.50776e+03	7.71260e+00	4.28519e+00	1.76072e+03
3.71122e+03	1.37549e+03	1.30980e+03	3.50650e+03	7.70222e+00	4.27723e+00	1.54491e+03
3.76221e+03	1.40129e+03	1.29847e+03	3.50524e+03	7.69185e+00	4.26929e+00	1.36307e+03
3.81275e+03	1.42691e+03	1.28714e+03	3.50398e+03	7.68151e+00	4.26139e+00	1.20889e+03
3.86283e+03	1.45236e+03	1.27581e+03	3.50272e+03	7.67117e+00	4.25350e+00	1.07737e+03
3.91244e+03	1.47763e+03	1.26448e+03	3.50145e+03	7.66087e+00	4.24565e+00	9.64563e+02
3.96161e+03	1.50273e+03	1.25315e+03	3.50019e+03	7.65057e+00	4.23783e+00	8.67289e+02
4.01031e+03	1.52765e+03	1.24182e+03	3.49892e+03	7.64029e+00	4.23003e+00	7.82990e+02
4.05856e+03	1.55240e+03	1.23049e+03	3.49766e+03	7.63002e+00	4.22225e+00	7.09590e+02
4.10636e+03	1.57698e+03	1.21915e+03	3.49639e+03	7.61978e+00	4.21451e+00	6.45394e+02
4.15370e+03	1.60139e+03	1.20782e+03	3.49512e+03	7.60956e+00	4.20679e+00	5.89010e+02
4.20058e+03	1.62563e+03	1.19649e+03	3.49384e+03	7.59935e+00	4.19910e+00	5.39288e+02
4.24702e+03	1.64971e+03	1.18516e+03	3.49257e+03	7.58916e+00	4.19144e+00	4.95273e+02
4.29300e+03	1.67361e+03	1.17383e+03	3.49130e+03	7.57898e+00	4.18380e+00	4.56168e+02
4.33853e+03	1.69736e+03	1.16250e+03	3.49002e+03	7.56881e+00	4.17619e+00	4.21305e+02
4.38362e+03	1.72093e+03	1.15117e+03	3.48874e+03	7.55869e+00	4.16862e+00	3.90122e+02
4.42825e+03	1.74435e+03	1.13984e+03	3.48746e+03	7.54855e+00	4.16106e+00	3.62143e+02
4.47244e+03	1.76760e+03	1.12851e+03	3.48618e+03	7.53844e+00	4.15353e+00	3.36963e+02
4.51618e+03	1.79069e+03	1.11718e+03	3.48489e+03	7.50847e+00	4.21168e+00	3.14236e+02
4.55947e+03	1.81363e+03	1.10584e+03	3.52984e+03	7.49789e+00	4.20411e+00	2.93669e+02
4.60289e+03	1.83641e+03	1.09451e+03	3.52858e+03	7.48741e+00	4.19659e+00	2.75049e+02
4.64584e+03	1.85903e+03	1.08318e+03	3.52733e+03	7.47694e+00	4.18909e+00	2.58107e+02
4.68832e+03	1.88150e+03	1.07185e+03	3.52609e+03	7.46650e+00	4.18161e+00	2.42655e+02
4.73034e+03	1.90381e+03	1.06052e+03	3.52483e+03	7.45603e+00	4.17416e+00	2.28528e+02
4.77190e+03	1.92598e+03	1.04919e+03	3.52358e+03	7.44558e+00	4.16674e+00	2.15584e+02
4.81298e+03	1.94800e+03	1.03786e+03	3.52232e+03	7.43515e+00	4.15934e+00	2.03700e+02
4.85361e+03	1.96987e+03	1.02653e+03	3.52106e+03	7.42469e+00	4.15196e+00	1.92765e+02
4.89377e+03	1.99160e+03	1.01520e+03	3.51979e+03	7.40926e+00	4.14231e+00	1.82685e+02
4.93347e+03	2.01319e+03	1.00387e+03	3.51964e+03	7.38894e+00	4.13037e+00	1.73375e+02
4.97272e+03	2.03463e+03	9.92535e+02	3.52066e+03	7.38233e+00	4.12494e+00	1.64760e+02
5.01153e+03	2.05594e+03	9.81204e+02	3.51858e+03	7.37387e+00	4.11867e+00	1.56776e+02
5.04988e+03	2.07712e+03	9.69873e+02	3.51694e+03	7.36375e+00	4.11161e+00	1.49361e+02
5.08775e+03	2.09816e+03	9.58542e+02	3.51571e+03	7.35387e+00	4.10460e+00	1.42465e+02
5.12517e+03	2.11907e+03	9.47211e+02	3.51449e+03	7.34397e+00	4.09764e+00	1.36040e+02
5.16213e+03	2.13986e+03	9.35880e+02	3.51329e+03	7.33410e+00	4.09073e+00	1.30046e+02
5.19863e+03	2.16052e+03	9.24549e+02	3.51209e+03	7.32445e+00	4.08386e+00	1.24444e+02
5.23468e+03	2.18106e+03	9.13218e+02	3.51091e+03	7.31482e+00	4.07703e+00	1.19203e+02
5.27026e+03	2.20149e+03	9.01887e+02	3.50973e+03	7.30513e+00	4.07023e+00	1.14290e+02
5.30539e+03	2.22180e+03	8.90556e+02	3.50856e+03	7.29568e+00	4.06349e+00	1.09680e+02
5.34007e+03	2.24200e+03	8.79225e+02	3.50739e+03	7.28638e+00	4.05678e+00	1.05348e+02
5.37429e+03	2.26210e+03	8.67894e+02	3.50623e+03	7.27712e+00	4.05009e+00	1.01272e+02
5.40806e+03	2.28209e+03	8.56563e+02	3.50508e+03	7.26780e+00	4.04345e+00	9.74318e+01
5.44137e+03	2.30199e+03	8.45232e+02	3.50394e+03	7.25811e+00	4.03684e+00	9.38091e+01
5.47424e+03	2.32179e+03	8.33901e+02	3.50279e+03	7.24858e+00	4.03026e+00	9.03873e+01
5.50665e+03	2.34150e+03	8.22570e+02	3.50165e+03	7.23926e+00	4.02370e+00	8.71516e+01
5.53861e+03	2.36114e+03	8.11239e+02	3.50052e+03	7.23010e+00	4.01717e+00	8.40882e+01
5.57012e+03	2.38069e+03	7.99908e+02	3.49938e+03	7.22108e+00	4.01066e+00	8.11845e+01
5.60118e+03	2.40017e+03	7.88577e+02	3.49823e+03	7.21214e+00	4.00418e+00	7.84290e+01
5.63180e+03	2.41958e+03	7.77246e+02	3.49710e+03	7.20325e+00	3.99772e+00	7.58112e+01
5.66197e+03	2.43894e+03	7.65915e+02	3.49597e+03	7.19422e+00	3.99126e+00	7.33214e+01
5.69169e+03	2.45824e+03	7.54585e+02	3.49484e+03	7.18515e+00	3.98481e+00	7.09508e+01
5.72096e+03	2.47749e+03	7.43254e+02	3.49371e+03	7.17614e+00	3.97837e+00	6.86912e+01
5.74979e+03	2.49671e+03	7.31923e+02	3.49256e+03	7.16716e+00	3.97195e+00	6.65351e+01
5.77817e+03	2.51589e+03	7.20592e+02	3.49141e+03	7.15785e+00	3.96553e+00	6.44755e+01
5.80611e+03	2.53505e+03	7.09261e+02	3.49025e+03	7.14834e+00	3.95911e+00	6.25059e+01
5.83361e+03	2.55420e+03	6.97930e+02	3.48908e+03	7.13907e+00	3.95269e+00	6.06205e+01
5.86067e+03	2.57335e+03	6.86599e+02	3.48791e+03	7.13005e+00	3.94626e+00	5.88137e+01
5.88728e+03	2.59250e+03	6.75268e+02	3.48673e+03	7.12099e+00	3.93982e+00	5.70803e+01
5.91346e+03	2.61167e+03	6.63937e+02	3.48554e+03	7.11185e+00	3.93334e+00	5.54157e+01
5.93920e+03	2.63087e+03	6.52606e+02	3.48435e+03	7.10267e+00	3.92686e+00	5.38153e+01
5.96449e+03	2.65011e+03	6.41275e+02	3.48315e+03	7.09308e+00	3.92035e+00	5.22750e+01
5.98936e+03	2.66940e+03	6.29944e+02	3.48190e+03	7.08341e+00	3.91382e+00	5.07910e+01
6.01378e+03	2.68877e+03	6.18613e+02	3.48064e+03	7.07339e+00	3.90719e+00	4.93597e+01
6.03777e+03	2.70822e+03	6.07282e+02	3.47929e+03	7.06307e+00	3.90045e+00	4.79777e+01
6.06133e+03	2.72778e+03	5.95951e+02	3.47788e+03	7.05262e+00	3.89366e+00	4.66417e+01
6.08445e+03	2.74745e+03	5.84620e+02	3.47644e+03	7.04203e+00	3.88681e+00	4.53489e+01
6.10714e+03	2.76727e+03	5.73289e+02	3.47497e+03	7.03129e+00	3.87990e+00	4.40963e+01
6.12940e+03	2.78724e+03	5.61958e+02	3.47347e+03	7.02038e+00	3.87291e+00	4.28814e+01
6.15123e+03	2.80740e+03	5.50627e+02	3.47195e+03	7.00929e+00	3.86584e+00	4.17016e+01
6.15123e+03	2.80740e+03	5.50627e+02	8.00000e+03	6.17616e+00	3.33171e+00	1.00000e+04
6.41751e+03	2.81052e+03	4.89446e+02	8.00667e+03	6.17358e+00	3.33032e+00	1.00000e+04
6.52758e+03	2.81364e+03	4.28266e+02	8.01320e+03	6.19168e+00	3.33894e+00	1.00000e+04
6.43993e+03	2.81676e+03	3.67085e+02	8.01979e+03	6.19763e+00	3.34167e+00	1.00000e+04
6.08334e+03	2.81988e+03	3.05904e+02	8.02680e+03	6.18816e+00	3.33694e+00	1.00000e+04
5.32425e+03	2.82300e+03	2.44723e+02	8.03488e+03	6.15748e+00	3.32193e+00	1.00000e+04
3.87971e+03	2.82612e+03	1.83542e+02	8.04623e+03	6.09408e+00	3.29105e+00	1.00000e+04
1.02993e+03	2.82924e+03	1.22362e+02	8.09077e+03	5.96360e+00	3.22711e+00	1.00000e+04
-5.74110e+03	2.83236e+03	6.11808e+01	8.08202e+03	5.73583e+00	3.11774e+00	1.00000e+04
-3.32748e+04	2.83548e+03	0.00000e+00	8.08011e+03	5.14616e+00	2.83666e+00	1.00000e+04
