P (MPa)		T (K)		r (km)		rho (kg m-3)	VP (km s-1)	VS (km s-1)	QS/gamma	k for 0.01 mol/kg MgSO4 (S m-1)	
0.00000e+00	9.40000e+01	2.57470e+03	9.32478e+02	3.87821e+00	1.96165e+00	1.36549e+05	0.00000e+00
8.41665e-01	1.03948e+02	2.57403e+03	9.32478e+02	3.87944e+00	1.96240e+00	4.16627e+04	0.00000e+00
1.68333e+00	1.14948e+02	2.57337e+03	9.32539e+02	3.88086e+00	1.96325e+00	1.42411e+04	0.00000e+00
2.52500e+00	1.27113e+02	2.57270e+03	9.32598e+02	3.88253e+00	1.96423e+00	5.39455e+03	0.00000e+00
3.36666e+00	1.40565e+02	2.57203e+03	9.32657e+02	3.88454e+00	1.96538e+00	2.24240e+03	0.00000e+00
4.20833e+00	1.55440e+02	2.57137e+03	9.32715e+02	3.88698e+00	1.96674e+00	1.01380e+03	0.00000e+00
5.04999e+00	1.71890e+02	2.57070e+03	9.32772e+02	3.89001e+00	1.96841e+00	4.94526e+02	0.00000e+00
5.89166e+00	1.90080e+02	2.57004e+03	9.32829e+02	3.89380e+00	1.97046e+00	2.58380e+02	0.00000e+00
6.73332e+00	2.10196e+02	2.56937e+03	9.32884e+02	3.89855e+00	1.97299e+00	1.43651e+02	0.00000e+00
7.57499e+00	2.32440e+02	2.56871e+03	9.32938e+02	3.90443e+00	1.97610e+00	8.44811e+01	0.00000e+00
8.41665e+00	2.57038e+02	2.56804e+03	9.32992e+02	3.91151e+00	1.97981e+00	5.22724e+01	0.00000e+00
9.25832e+00	2.57069e+02	2.56738e+03	9.33044e+02	3.91203e+00	1.98021e+00	5.22438e+01	0.00000e+00
1.01000e+01	2.57101e+02	2.56671e+03	9.33096e+02	3.91256e+00	1.98061e+00	5.22149e+01	0.00000e+00
1.09416e+01	2.57132e+02	2.56604e+03	9.33146e+02	3.91308e+00	1.98100e+00	5.21857e+01	0.00000e+00
1.17833e+01	2.57164e+02	2.56538e+03	9.33195e+02	3.91361e+00	1.98140e+00	5.21563e+01	0.00000e+00
1.26250e+01	2.57197e+02	2.56472e+03	9.33244e+02	3.91413e+00	1.98180e+00	5.21266e+01	0.00000e+00
1.34666e+01	2.57229e+02	2.56405e+03	9.33291e+02	3.91465e+00	1.98219e+00	5.20966e+01	0.00000e+00
1.43083e+01	2.57262e+02	2.56339e+03	9.33336e+02	3.91517e+00	1.98259e+00	5.20663e+01	0.00000e+00
1.51500e+01	2.57296e+02	2.56272e+03	9.33381e+02	3.91569e+00	1.98298e+00	5.20358e+01	0.00000e+00
1.59916e+01	2.57329e+02	2.56206e+03	9.33424e+02	3.91621e+00	1.98337e+00	5.20049e+01	0.00000e+00
1.68333e+01	2.57364e+02	2.56139e+03	9.33466e+02	3.91673e+00	1.98377e+00	5.19737e+01	0.00000e+00
1.76750e+01	2.57398e+02	2.56073e+03	9.33507e+02	3.91725e+00	1.98416e+00	5.19423e+01	0.00000e+00
1.85166e+01	2.57433e+02	2.56007e+03	9.33546e+02	3.91776e+00	1.98455e+00	5.19105e+01	0.00000e+00
1.93583e+01	2.57468e+02	2.55940e+03	9.33584e+02	3.91828e+00	1.98494e+00	5.18784e+01	0.00000e+00
2.02000e+01	2.57503e+02	2.55874e+03	9.33621e+02	3.91879e+00	1.98533e+00	5.18461e+01	0.00000e+00
2.10416e+01	2.57539e+02	2.55807e+03	9.33655e+02	3.91931e+00	1.98573e+00	5.18134e+01	0.00000e+00
2.18833e+01	2.57575e+02	2.55741e+03	9.33689e+02	3.91982e+00	1.98612e+00	5.17804e+01	0.00000e+00
2.27250e+01	2.57612e+02	2.55675e+03	9.33720e+02	3.92033e+00	1.98651e+00	5.17471e+01	0.00000e+00
2.35666e+01	2.57649e+02	2.55608e+03	9.33750e+02	3.92085e+00	1.98690e+00	5.17135e+01	0.00000e+00
2.44083e+01	2.57686e+02	2.55542e+03	9.33779e+02	3.92136e+00	1.98728e+00	5.16796e+01	0.00000e+00
2.52500e+01	2.57724e+02	2.55476e+03	9.33805e+02	3.92187e+00	1.98767e+00	5.16453e+01	0.00000e+00
2.60916e+01	2.57762e+02	2.55410e+03	9.33830e+02	3.92238e+00	1.98806e+00	5.16107e+01	0.00000e+00
2.69333e+01	2.57801e+02	2.55343e+03	9.33853e+02	3.92289e+00	1.98845e+00	5.15758e+01	0.00000e+00
2.77750e+01	2.57840e+02	2.55277e+03	9.33873e+02	3.92340e+00	1.98884e+00	5.15406e+01	0.00000e+00
2.86166e+01	2.57879e+02	2.55211e+03	9.33892e+02	3.92390e+00	1.98922e+00	5.15050e+01	0.00000e+00
2.94583e+01	2.57919e+02	2.55144e+03	9.33909e+02	3.92441e+00	1.98961e+00	5.14691e+01	0.00000e+00
3.03000e+01	2.57959e+02	2.55078e+03	9.33924e+02	3.92492e+00	1.99000e+00	5.14329e+01	0.00000e+00
3.11416e+01	2.58000e+02	2.55012e+03	9.33936e+02	3.92542e+00	1.99038e+00	5.13963e+01	0.00000e+00
3.19833e+01	2.58041e+02	2.54946e+03	9.33947e+02	3.92593e+00	1.99077e+00	5.13594e+01	0.00000e+00
3.28249e+01	2.58082e+02	2.54880e+03	9.33954e+02	3.92643e+00	1.99115e+00	5.13221e+01	0.00000e+00
3.36666e+01	2.58124e+02	2.54813e+03	9.33960e+02	3.92694e+00	1.99154e+00	5.12845e+01	0.00000e+00
3.45083e+01	2.58166e+02	2.54747e+03	9.33963e+02	3.92744e+00	1.99192e+00	5.12465e+01	0.00000e+00
3.53499e+01	2.58209e+02	2.54681e+03	9.33964e+02	3.92794e+00	1.99230e+00	5.12082e+01	0.00000e+00
3.61916e+01	2.58252e+02	2.54615e+03	9.33961e+02	3.92844e+00	1.99269e+00	5.11695e+01	0.00000e+00
3.70333e+01	2.58296e+02	2.54549e+03	9.33957e+02	3.92894e+00	1.99307e+00	5.11305e+01	0.00000e+00
3.78749e+01	2.58340e+02	2.54483e+03	9.33949e+02	3.92944e+00	1.99345e+00	5.10910e+01	0.00000e+00
3.87166e+01	2.58385e+02	2.54416e+03	9.33939e+02	3.92994e+00	1.99383e+00	5.10513e+01	0.00000e+00
3.95583e+01	2.58430e+02	2.54350e+03	9.33925e+02	3.93044e+00	1.99422e+00	5.10111e+01	0.00000e+00
4.03999e+01	2.58475e+02	2.54284e+03	9.33909e+02	3.93094e+00	1.99460e+00	5.09706e+01	0.00000e+00
4.12416e+01	2.58521e+02	2.54218e+03	9.33889e+02	3.93144e+00	1.99498e+00	5.09297e+01	0.00000e+00
4.20833e+01	2.58568e+02	2.54152e+03	9.33867e+02	3.93194e+00	1.99536e+00	5.08884e+01	0.00000e+00
4.29249e+01	2.58615e+02	2.54086e+03	9.33841e+02	3.93243e+00	1.99574e+00	5.08468e+01	0.00000e+00
4.37666e+01	2.58662e+02	2.54020e+03	9.33811e+02	3.93293e+00	1.99612e+00	5.08048e+01	0.00000e+00
4.46083e+01	2.58710e+02	2.53954e+03	9.33779e+02	3.93342e+00	1.99650e+00	5.07623e+01	0.00000e+00
4.54499e+01	2.58759e+02	2.53888e+03	9.33742e+02	3.93392e+00	1.99688e+00	5.07195e+01	0.00000e+00
4.62916e+01	2.58808e+02	2.53822e+03	9.33702e+02	3.93441e+00	1.99726e+00	5.06763e+01	0.00000e+00
4.71333e+01	2.58857e+02	2.53755e+03	9.33658e+02	3.93491e+00	1.99764e+00	5.06327e+01	0.00000e+00
4.79749e+01	2.58907e+02	2.53689e+03	9.33610e+02	3.93540e+00	1.99801e+00	5.05887e+01	0.00000e+00
4.88166e+01	2.58958e+02	2.53623e+03	9.33559e+02	3.93589e+00	1.99839e+00	5.05443e+01	0.00000e+00
4.96583e+01	2.59009e+02	2.53557e+03	9.33503e+02	3.93638e+00	1.99877e+00	5.04995e+01	0.00000e+00
5.04999e+01	2.59060e+02	2.53491e+03	9.33443e+02	3.93687e+00	1.99915e+00	5.04542e+01	0.00000e+00
5.13416e+01	2.59112e+02	2.53425e+03	9.33379e+02	3.93737e+00	1.99952e+00	5.04086e+01	0.00000e+00
5.21833e+01	2.59165e+02	2.53359e+03	9.33310e+02	3.93786e+00	1.99990e+00	5.03625e+01	0.00000e+00
5.30249e+01	2.59218e+02	2.53293e+03	9.33237e+02	3.93835e+00	2.00027e+00	5.03161e+01	0.00000e+00
5.38666e+01	2.59272e+02	2.53227e+03	9.33159e+02	3.93883e+00	2.00065e+00	5.02692e+01	0.00000e+00
5.47082e+01	2.59326e+02	2.53161e+03	9.33076e+02	3.93932e+00	2.00103e+00	5.02219e+01	0.00000e+00
5.55499e+01	2.59381e+02	2.53095e+03	9.32989e+02	3.93981e+00	2.00140e+00	5.01741e+01	0.00000e+00
5.63916e+01	2.59436e+02	2.53029e+03	9.32897e+02	3.94030e+00	2.00178e+00	5.01259e+01	0.00000e+00
5.72332e+01	2.59492e+02	2.52963e+03	9.32799e+02	3.94079e+00	2.00215e+00	5.00773e+01	0.00000e+00
5.80749e+01	2.59549e+02	2.52897e+03	9.32697e+02	3.94127e+00	2.00252e+00	5.00283e+01	0.00000e+00
5.89166e+01	2.59606e+02	2.52831e+03	9.32589e+02	3.94176e+00	2.00290e+00	4.99788e+01	0.00000e+00
5.97582e+01	2.59664e+02	2.52765e+03	9.32476e+02	3.94224e+00	2.00327e+00	4.99288e+01	0.00000e+00
6.05999e+01	2.59722e+02	2.52699e+03	9.32357e+02	3.94273e+00	2.00364e+00	4.98785e+01	0.00000e+00
6.14416e+01	2.59781e+02	2.52633e+03	9.32233e+02	3.94321e+00	2.00402e+00	4.98276e+01	0.00000e+00
6.22832e+01	2.59841e+02	2.52567e+03	9.32103e+02	3.94370e+00	2.00439e+00	4.97763e+01	0.00000e+00
6.31249e+01	2.59901e+02	2.52501e+03	9.31967e+02	3.94418e+00	2.00476e+00	4.97246e+01	0.00000e+00
6.39666e+01	2.59962e+02	2.52435e+03	9.31826e+02	3.94466e+00	2.00513e+00	4.96724e+01	0.00000e+00
6.48082e+01	2.60024e+02	2.52369e+03	9.31679e+02	3.94515e+00	2.00551e+00	4.96197e+01	0.00000e+00
6.56499e+01	2.60086e+02	2.52303e+03	9.31525e+02	3.94563e+00	2.00588e+00	4.95665e+01	0.00000e+00
6.64916e+01	2.60149e+02	2.52237e+03	9.31366e+02	3.94611e+00	2.00625e+00	4.95129e+01	0.00000e+00
6.73332e+01	2.60212e+02	2.52171e+03	9.31200e+02	3.94659e+00	2.00662e+00	4.94588e+01	0.00000e+00
6.81749e+01	2.60276e+02	2.52105e+03	9.31028e+02	3.94707e+00	2.00699e+00	4.94043e+01	0.00000e+00
6.90166e+01	2.60341e+02	2.52039e+03	9.30850e+02	3.94756e+00	2.00736e+00	4.93492e+01	0.00000e+00
6.98582e+01	2.60407e+02	2.51973e+03	9.30666e+02	3.94804e+00	2.00773e+00	4.92937e+01	0.00000e+00
7.06999e+01	2.60473e+02	2.51907e+03	9.30475e+02	3.94852e+00	2.00810e+00	4.92377e+01	0.00000e+00
7.15416e+01	2.60539e+02	2.51841e+03	9.30278e+02	3.94899e+00	2.00847e+00	4.91812e+01	0.00000e+00
7.23832e+01	2.60607e+02	2.51775e+03	9.30075e+02	3.94947e+00	2.00884e+00	4.91242e+01	0.00000e+00
7.32249e+01	2.60675e+02	2.51709e+03	9.29866e+02	3.94995e+00	2.00921e+00	4.90667e+01	0.00000e+00
7.40666e+01	2.60744e+02	2.51643e+03	9.29650e+02	3.95043e+00	2.00958e+00	4.90086e+01	0.00000e+00
7.49082e+01	2.60814e+02	2.51577e+03	9.29428e+02	3.95091e+00	2.00995e+00	4.89501e+01	0.00000e+00
7.57499e+01	2.60884e+02	2.51511e+03	9.29199e+02	3.95139e+00	2.01032e+00	4.88911e+01	0.00000e+00
7.65915e+01	2.60955e+02	2.51445e+03	9.28965e+02	3.95186e+00	2.01068e+00	4.88316e+01	0.00000e+00
7.74332e+01	2.61027e+02	2.51379e+03	9.28724e+02	3.95234e+00	2.01105e+00	4.87715e+01	0.00000e+00
7.82749e+01	2.61100e+02	2.51313e+03	9.28478e+02	3.95282e+00	2.01142e+00	4.87110e+01	0.00000e+00
7.91165e+01	2.61173e+02	2.51247e+03	9.28226e+02	3.95329e+00	2.01179e+00	4.86499e+01	0.00000e+00
7.99582e+01	2.61247e+02	2.51181e+03	9.27968e+02	3.95377e+00	2.01215e+00	4.85883e+01	0.00000e+00
8.07999e+01	2.61322e+02	2.51114e+03	9.27704e+02	3.95424e+00	2.01252e+00	4.85261e+01	0.00000e+00
8.16415e+01	2.61398e+02	2.51048e+03	9.27435e+02	3.95472e+00	2.01289e+00	4.84635e+01	0.00000e+00
8.24832e+01	2.64963e+02	2.50982e+03	9.27161e+02	3.95617e+00	2.01375e+00	4.56402e+01	0.00000e+00
8.33249e+01	2.65000e+02	2.50916e+03	9.26882e+02	3.95664e+00	2.01411e+00	4.56125e+01	0.00000e+00
8.71397e+01	2.65037e+02	2.50673e+03	1.14304e+03	1.67563e+00	0.00000e+00	0.00000e+00	6.27237e-02
9.09545e+01	2.65075e+02	2.50430e+03	1.14440e+03	1.68297e+00	0.00000e+00	0.00000e+00	6.29870e-02
9.47694e+01	2.65114e+02	2.50188e+03	1.14574e+03	1.69026e+00	0.00000e+00	0.00000e+00	6.32484e-02
9.85842e+01	2.65154e+02	2.49946e+03	1.14707e+03	1.69750e+00	0.00000e+00	0.00000e+00	6.35079e-02
1.02399e+02	2.65195e+02	2.49704e+03	1.14838e+03	1.70470e+00	0.00000e+00	0.00000e+00	6.37655e-02
1.06214e+02	2.65238e+02	2.49463e+03	1.14969e+03	1.71186e+00	0.00000e+00	0.00000e+00	6.40212e-02
1.10029e+02	2.65281e+02	2.49222e+03	1.15099e+03	1.71896e+00	0.00000e+00	0.00000e+00	6.42750e-02
1.13844e+02	2.65325e+02	2.48981e+03	1.15227e+03	1.72602e+00	0.00000e+00	0.00000e+00	6.45269e-02
1.17658e+02	2.65370e+02	2.48741e+03	1.15355e+03	1.73303e+00	0.00000e+00	0.00000e+00	6.47769e-02
1.21473e+02	2.65417e+02	2.48501e+03	1.15481e+03	1.73999e+00	0.00000e+00	0.00000e+00	6.50251e-02
1.25288e+02	2.65464e+02	2.48261e+03	1.15607e+03	1.74690e+00	0.00000e+00	0.00000e+00	6.52714e-02
1.29103e+02	2.65511e+02	2.48022e+03	1.15731e+03	1.75375e+00	0.00000e+00	0.00000e+00	6.55160e-02
1.32918e+02	2.65560e+02	2.47783e+03	1.15855e+03	1.76056e+00	0.00000e+00	0.00000e+00	6.57587e-02
1.36733e+02	2.65610e+02	2.47544e+03	1.15977e+03	1.76731e+00	0.00000e+00	0.00000e+00	6.59997e-02
1.40547e+02	2.65660e+02	2.47306e+03	1.16099e+03	1.77402e+00	0.00000e+00	0.00000e+00	6.62390e-02
1.44362e+02	2.65711e+02	2.47068e+03	1.16220e+03	1.78067e+00	0.00000e+00	0.00000e+00	6.64767e-02
1.48177e+02	2.65763e+02	2.46830e+03	1.16339e+03	1.78727e+00	0.00000e+00	0.00000e+00	6.67127e-02
1.51992e+02	2.65815e+02	2.46592e+03	1.16458e+03	1.79382e+00	0.00000e+00	0.00000e+00	6.69470e-02
1.55807e+02	2.65869e+02	2.46355e+03	1.16577e+03	1.80032e+00	0.00000e+00	0.00000e+00	6.71799e-02
1.59622e+02	2.65923e+02	2.46118e+03	1.16694e+03	1.80676e+00	0.00000e+00	0.00000e+00	6.74112e-02
1.63436e+02	2.65977e+02	2.45881e+03	1.16810e+03	1.81316e+00	0.00000e+00	0.00000e+00	6.76410e-02
1.67251e+02	2.66032e+02	2.45645e+03	1.16926e+03	1.81951e+00	0.00000e+00	0.00000e+00	6.78695e-02
1.71066e+02	2.66088e+02	2.45409e+03	1.17041e+03	1.82581e+00	0.00000e+00	0.00000e+00	6.80965e-02
1.74881e+02	2.66145e+02	2.45173e+03	1.17155e+03	1.83206e+00	0.00000e+00	0.00000e+00	6.83223e-02
1.78696e+02	2.66202e+02	2.44937e+03	1.17268e+03	1.83826e+00	0.00000e+00	0.00000e+00	6.85468e-02
1.82511e+02	2.66259e+02	2.44702e+03	1.17380e+03	1.84442e+00	0.00000e+00	0.00000e+00	6.87701e-02
1.86325e+02	2.66318e+02	2.44467e+03	1.17492e+03	1.85053e+00	0.00000e+00	0.00000e+00	6.89923e-02
1.90140e+02	2.66376e+02	2.44233e+03	1.17603e+03	1.85661e+00	0.00000e+00	0.00000e+00	6.92134e-02
1.93955e+02	2.66436e+02	2.43998e+03	1.17713e+03	1.86264e+00	0.00000e+00	0.00000e+00	6.94335e-02
1.97770e+02	2.66496e+02	2.43764e+03	1.17823e+03	1.86863e+00	0.00000e+00	0.00000e+00	6.96526e-02
2.01585e+02	2.66556e+02	2.43530e+03	1.17932e+03	1.87458e+00	0.00000e+00	0.00000e+00	6.98709e-02
2.05400e+02	2.66617e+02	2.43297e+03	1.18040e+03	1.88050e+00	0.00000e+00	0.00000e+00	7.00883e-02
2.09214e+02	2.66678e+02	2.43063e+03	1.18147e+03	1.88638e+00	0.00000e+00	0.00000e+00	7.03049e-02
2.13029e+02	2.66740e+02	2.42830e+03	1.18254e+03	1.89223e+00	0.00000e+00	0.00000e+00	7.05206e-02
2.16844e+02	2.66802e+02	2.42598e+03	1.18361e+03	1.89804e+00	0.00000e+00	0.00000e+00	7.07354e-02
2.20659e+02	2.66865e+02	2.42365e+03	1.18466e+03	1.90382e+00	0.00000e+00	0.00000e+00	7.09492e-02
2.24474e+02	2.66928e+02	2.42133e+03	1.18571e+03	1.90957e+00	0.00000e+00	0.00000e+00	7.11621e-02
2.28289e+02	2.66991e+02	2.41901e+03	1.18675e+03	1.91530e+00	0.00000e+00	0.00000e+00	7.13741e-02
2.32103e+02	2.67055e+02	2.41669e+03	1.18779e+03	1.92099e+00	0.00000e+00	0.00000e+00	7.15850e-02
2.35918e+02	2.67119e+02	2.41438e+03	1.18882e+03	1.92665e+00	0.00000e+00	0.00000e+00	7.17949e-02
2.39733e+02	2.67184e+02	2.41207e+03	1.18984e+03	1.93228e+00	0.00000e+00	0.00000e+00	7.20038e-02
2.43548e+02	2.67249e+02	2.40976e+03	1.19086e+03	1.93789e+00	0.00000e+00	0.00000e+00	7.22117e-02
2.47363e+02	2.67314e+02	2.40745e+03	1.19188e+03	1.94346e+00	0.00000e+00	0.00000e+00	7.24185e-02
2.51178e+02	2.67380e+02	2.40515e+03	1.19288e+03	1.94900e+00	0.00000e+00	0.00000e+00	7.26243e-02
2.54992e+02	2.67446e+02	2.40284e+03	1.19388e+03	1.95451e+00	0.00000e+00	0.00000e+00	7.28289e-02
2.58807e+02	2.67513e+02	2.40055e+03	1.19488e+03	1.95998e+00	0.00000e+00	0.00000e+00	7.30326e-02
2.62622e+02	2.67579e+02	2.39825e+03	1.19587e+03	1.96542e+00	0.00000e+00	0.00000e+00	7.32351e-02
2.66437e+02	2.67646e+02	2.39595e+03	1.19685e+03	1.97083e+00	0.00000e+00	0.00000e+00	7.34366e-02
2.70252e+02	2.67714e+02	2.39366e+03	1.19783e+03	1.97620e+00	0.00000e+00	0.00000e+00	7.36370e-02
2.74067e+02	2.67782e+02	2.39137e+03	1.19881e+03	1.98153e+00	0.00000e+00	0.00000e+00	7.38363e-02
2.77881e+02	2.67850e+02	2.38909e+03	1.19978e+03	1.98684e+00	0.00000e+00	0.00000e+00	7.40346e-02
2.81696e+02	2.67918e+02	2.38680e+03	1.20074e+03	1.99211e+00	0.00000e+00	0.00000e+00	7.42318e-02
2.85511e+02	2.67986e+02	2.38452e+03	1.20170e+03	1.99736e+00	0.00000e+00	0.00000e+00	7.44279e-02
2.89326e+02	2.68055e+02	2.38224e+03	1.20265e+03	2.00258e+00	0.00000e+00	0.00000e+00	7.46230e-02
2.93141e+02	2.68124e+02	2.37996e+03	1.20360e+03	2.00777e+00	0.00000e+00	0.00000e+00	7.48171e-02
2.96956e+02	2.68194e+02	2.37769e+03	1.20454e+03	2.01295e+00	0.00000e+00	0.00000e+00	7.50102e-02
3.00770e+02	2.68264e+02	2.37542e+03	1.20548e+03	2.01810e+00	0.00000e+00	0.00000e+00	7.52024e-02
3.04585e+02	2.68334e+02	2.37315e+03	1.20642e+03	2.02323e+00	0.00000e+00	0.00000e+00	7.53935e-02
3.08400e+02	2.68404e+02	2.37088e+03	1.20735e+03	2.02834e+00	0.00000e+00	0.00000e+00	7.55837e-02
3.12215e+02	2.68475e+02	2.36861e+03	1.20827e+03	2.03343e+00	0.00000e+00	0.00000e+00	7.57728e-02
3.16030e+02	2.68545e+02	2.36635e+03	1.20919e+03	2.03851e+00	0.00000e+00	0.00000e+00	7.59609e-02
3.19845e+02	2.68617e+02	2.36409e+03	1.21011e+03	2.04356e+00	0.00000e+00	0.00000e+00	7.61479e-02
3.23659e+02	2.68688e+02	2.36183e+03	1.21102e+03	2.04860e+00	0.00000e+00	0.00000e+00	7.63337e-02
3.27474e+02	2.68760e+02	2.35957e+03	1.21192e+03	2.05362e+00	0.00000e+00	0.00000e+00	7.65185e-02
3.31289e+02	2.68832e+02	2.35732e+03	1.21283e+03	2.05862e+00	0.00000e+00	0.00000e+00	7.67020e-02
3.35104e+02	2.68904e+02	2.35507e+03	1.21372e+03	2.06359e+00	0.00000e+00	0.00000e+00	7.68843e-02
3.38919e+02	2.68976e+02	2.35282e+03	1.21462e+03	2.06855e+00	0.00000e+00	0.00000e+00	7.70654e-02
3.42734e+02	2.69049e+02	2.35057e+03	1.21551e+03	2.07348e+00	0.00000e+00	0.00000e+00	7.72452e-02
3.46548e+02	2.69122e+02	2.34833e+03	1.21639e+03	2.07838e+00	0.00000e+00	0.00000e+00	7.74238e-02
3.50363e+02	2.69195e+02	2.34608e+03	1.21727e+03	2.08326e+00	0.00000e+00	0.00000e+00	7.76009e-02
3.54178e+02	2.69269e+02	2.34384e+03	1.21815e+03	2.08812e+00	0.00000e+00	0.00000e+00	7.77767e-02
3.57993e+02	2.69343e+02	2.34161e+03	1.21902e+03	2.09296e+00	0.00000e+00	0.00000e+00	7.79511e-02
3.61808e+02	2.69417e+02	2.33937e+03	1.21989e+03	2.09777e+00	0.00000e+00	0.00000e+00	7.81240e-02
3.65623e+02	2.69491e+02	2.33714e+03	1.22076e+03	2.10257e+00	0.00000e+00	0.00000e+00	7.82955e-02
3.69437e+02	2.69566e+02	2.33490e+03	1.22162e+03	2.10735e+00	0.00000e+00	0.00000e+00	7.84654e-02
3.73252e+02	2.69640e+02	2.33267e+03	1.22247e+03	2.11211e+00	0.00000e+00	0.00000e+00	7.86338e-02
3.77067e+02	2.69715e+02	2.33045e+03	1.22333e+03	2.11685e+00	0.00000e+00	0.00000e+00	7.88006e-02
3.80882e+02	2.69791e+02	2.32822e+03	1.22418e+03	2.12158e+00	0.00000e+00	0.00000e+00	7.89658e-02
3.84697e+02	2.69866e+02	2.32600e+03	1.22502e+03	2.12629e+00	0.00000e+00	0.00000e+00	7.91293e-02
3.88512e+02	2.69942e+02	2.32378e+03	1.22586e+03	2.13099e+00	0.00000e+00	0.00000e+00	7.92910e-02
3.92326e+02	2.70018e+02	2.32156e+03	1.22670e+03	2.13567e+00	0.00000e+00	0.00000e+00	7.94511e-02
3.96141e+02	2.70094e+02	2.31934e+03	1.22754e+03	2.14034e+00	0.00000e+00	0.00000e+00	7.96093e-02
3.99956e+02	2.70170e+02	2.31713e+03	1.22837e+03	2.14499e+00	0.00000e+00	0.00000e+00	7.97658e-02
4.03771e+02	2.70247e+02	2.31492e+03	1.22919e+03	2.14962e+00	0.00000e+00	0.00000e+00	7.99203e-02
4.07586e+02	2.70323e+02	2.31271e+03	1.23002e+03	2.15424e+00	0.00000e+00	0.00000e+00	8.00731e-02
4.11401e+02	2.70400e+02	2.31050e+03	1.23084e+03	2.15885e+00	0.00000e+00	0.00000e+00	8.02240e-02
4.15215e+02	2.70477e+02	2.30829e+03	1.23165e+03	2.16344e+00	0.00000e+00	0.00000e+00	8.03732e-02
4.19030e+02	2.70555e+02	2.30609e+03	1.23247e+03	2.16802e+00	0.00000e+00	0.00000e+00	8.05206e-02
4.22845e+02	2.70632e+02	2.30389e+03	1.23328e+03	2.17259e+00	0.00000e+00	0.00000e+00	8.06663e-02
4.26660e+02	2.70710e+02	2.30169e+03	1.23408e+03	2.17713e+00	0.00000e+00	0.00000e+00	8.08103e-02
4.30475e+02	2.70788e+02	2.29949e+03	1.23489e+03	2.18167e+00	0.00000e+00	0.00000e+00	8.09527e-02
4.34290e+02	2.70866e+02	2.29729e+03	1.23569e+03	2.18619e+00	0.00000e+00	0.00000e+00	8.10936e-02
4.38104e+02	2.70944e+02	2.29510e+03	1.23648e+03	2.19069e+00	0.00000e+00	0.00000e+00	8.12328e-02
4.41919e+02	2.71023e+02	2.29291e+03	1.23728e+03	2.19518e+00	0.00000e+00	0.00000e+00	8.13705e-02
4.45734e+02	2.71101e+02	2.29072e+03	1.23807e+03	2.19966e+00	0.00000e+00	0.00000e+00	8.15068e-02
4.49549e+02	2.71180e+02	2.28853e+03	1.23885e+03	2.20412e+00	0.00000e+00	0.00000e+00	8.16416e-02
4.53364e+02	2.71259e+02	2.28635e+03	1.23964e+03	2.20857e+00	0.00000e+00	0.00000e+00	8.17749e-02
4.57179e+02	2.71338e+02	2.28416e+03	1.24042e+03	2.21300e+00	0.00000e+00	0.00000e+00	8.19070e-02
4.60993e+02	2.71417e+02	2.28198e+03	1.24119e+03	2.21742e+00	0.00000e+00	0.00000e+00	8.20377e-02
4.64808e+02	2.71497e+02	2.27980e+03	1.24197e+03	2.22182e+00	0.00000e+00	0.00000e+00	8.21671e-02
4.68623e+02	2.71576e+02	2.27762e+03	1.24274e+03	2.22621e+00	0.00000e+00	0.00000e+00	8.22953e-02
4.72438e+02	2.71656e+02	2.27545e+03	1.24351e+03	2.23059e+00	0.00000e+00	0.00000e+00	8.24223e-02
4.76253e+02	2.71736e+02	2.27328e+03	1.24427e+03	2.23495e+00	0.00000e+00	0.00000e+00	8.25481e-02
4.80068e+02	2.71816e+02	2.27111e+03	1.24504e+03	2.23930e+00	0.00000e+00	0.00000e+00	8.26729e-02
4.83882e+02	2.71896e+02	2.26894e+03	1.24579e+03	2.24364e+00	0.00000e+00	0.00000e+00	8.27966e-02
4.87697e+02	2.71976e+02	2.26677e+03	1.24655e+03	2.24797e+00	0.00000e+00	0.00000e+00	8.29193e-02
4.91512e+02	2.72057e+02	2.26460e+03	1.24730e+03	2.25228e+00	0.00000e+00	0.00000e+00	8.30410e-02
4.95327e+02	2.72137e+02	2.26244e+03	1.24806e+03	2.25658e+00	0.00000e+00	0.00000e+00	8.31619e-02
4.99142e+02	2.72218e+02	2.26028e+03	1.24880e+03	2.26087e+00	0.00000e+00	0.00000e+00	8.32819e-02
5.02957e+02	2.72299e+02	2.25812e+03	1.24955e+03	2.26515e+00	0.00000e+00	0.00000e+00	8.34011e-02
5.06771e+02	2.72380e+02	2.25596e+03	1.25029e+03	2.26942e+00	0.00000e+00	0.00000e+00	8.35194e-02
5.10586e+02	2.72461e+02	2.25381e+03	1.25103e+03	2.27367e+00	0.00000e+00	0.00000e+00	8.36370e-02
5.14401e+02	2.72542e+02	2.25165e+03	1.25177e+03	2.27791e+00	0.00000e+00	0.00000e+00	8.37536e-02
5.18216e+02	2.72623e+02	2.24950e+03	1.25250e+03	2.28215e+00	0.00000e+00	0.00000e+00	8.38692e-02
5.22031e+02	2.72704e+02	2.24735e+03	1.25323e+03	2.28637e+00	0.00000e+00	0.00000e+00	8.39838e-02
5.25846e+02	2.72786e+02	2.24520e+03	1.25396e+03	2.29057e+00	0.00000e+00	0.00000e+00	8.40974e-02
5.29660e+02	2.72868e+02	2.24306e+03	1.25469e+03	2.29477e+00	0.00000e+00	0.00000e+00	8.42098e-02
5.33475e+02	2.72949e+02	2.24091e+03	1.25541e+03	2.29895e+00	0.00000e+00	0.00000e+00	8.43211e-02
5.37290e+02	2.73031e+02	2.23877e+03	1.25613e+03	2.30312e+00	0.00000e+00	0.00000e+00	8.44311e-02
5.41105e+02	2.73113e+02	2.23663e+03	1.25685e+03	2.30728e+00	0.00000e+00	0.00000e+00	8.45399e-02
5.44920e+02	2.73195e+02	2.23449e+03	1.25756e+03	2.31143e+00	0.00000e+00	0.00000e+00	8.46474e-02
5.48735e+02	2.73277e+02	2.23236e+03	1.25828e+03	2.31557e+00	0.00000e+00	0.00000e+00	8.47534e-02
5.52549e+02	2.73359e+02	2.23022e+03	1.25899e+03	2.31970e+00	0.00000e+00	0.00000e+00	8.48581e-02
5.56364e+02	2.73442e+02	2.22809e+03	1.25969e+03	2.32381e+00	0.00000e+00	0.00000e+00	8.49613e-02
5.60179e+02	2.73524e+02	2.22596e+03	1.26040e+03	2.32792e+00	0.00000e+00	0.00000e+00	8.50630e-02
5.63994e+02	2.73606e+02	2.22383e+03	1.26110e+03	2.33202e+00	0.00000e+00	0.00000e+00	8.51631e-02
5.67809e+02	2.73689e+02	2.22170e+03	1.26180e+03	2.33611e+00	0.00000e+00	0.00000e+00	8.52615e-02
5.71624e+02	2.73772e+02	2.21958e+03	1.26250e+03	2.34019e+00	0.00000e+00	0.00000e+00	8.53583e-02
5.75438e+02	2.73854e+02	2.21745e+03	1.26320e+03	2.34426e+00	0.00000e+00	0.00000e+00	8.54534e-02
5.79253e+02	2.73937e+02	2.21533e+03	1.26389e+03	2.34833e+00	0.00000e+00	0.00000e+00	8.55467e-02
5.83068e+02	2.74020e+02	2.21321e+03	1.26458e+03	2.35239e+00	0.00000e+00	0.00000e+00	8.56382e-02
5.86883e+02	2.74103e+02	2.21110e+03	1.26527e+03	2.35645e+00	0.00000e+00	0.00000e+00	8.57277e-02
5.90698e+02	2.74187e+02	2.20898e+03	1.26596e+03	2.36050e+00	0.00000e+00	0.00000e+00	8.58154e-02
5.94513e+02	2.74270e+02	2.20687e+03	1.26664e+03	2.36455e+00	0.00000e+00	0.00000e+00	8.59011e-02
5.98327e+02	2.74353e+02	2.20475e+03	1.26732e+03	2.36860e+00	0.00000e+00	0.00000e+00	8.59847e-02
6.02142e+02	2.74437e+02	2.20264e+03	1.26800e+03	2.37264e+00	0.00000e+00	0.00000e+00	8.60663e-02
6.05957e+02	2.74520e+02	2.20054e+03	1.26868e+03	2.37668e+00	0.00000e+00	0.00000e+00	8.61457e-02
6.09772e+02	2.74604e+02	2.19843e+03	1.26935e+03	2.38071e+00	0.00000e+00	0.00000e+00	8.62230e-02
6.13587e+02	2.74687e+02	2.19633e+03	1.27002e+03	2.38475e+00	0.00000e+00	0.00000e+00	8.62982e-02
6.17402e+02	2.74771e+02	2.19422e+03	1.27069e+03	2.38878e+00	0.00000e+00	0.00000e+00	8.63713e-02
6.21216e+02	2.74855e+02	2.19212e+03	1.27136e+03	2.39281e+00	0.00000e+00	0.00000e+00	8.64422e-02
6.25031e+02	2.74939e+02	2.19002e+03	1.27203e+03	2.39684e+00	0.00000e+00	0.00000e+00	8.65111e-02
6.28846e+02	2.75023e+02	2.18793e+03	1.27269e+03	2.40087e+00	0.00000e+00	0.00000e+00	8.65778e-02
6.32661e+02	2.75107e+02	2.18583e+03	1.27335e+03	2.40490e+00	0.00000e+00	0.00000e+00	8.66423e-02
6.36476e+02	2.75192e+02	2.18374e+03	1.27401e+03	2.40893e+00	0.00000e+00	0.00000e+00	8.67047e-02
6.40291e+02	2.75276e+02	2.18164e+03	1.27467e+03	2.41296e+00	0.00000e+00	0.00000e+00	8.67650e-02
6.44105e+02	2.75360e+02	2.17955e+03	1.27532e+03	2.41699e+00	0.00000e+00	0.00000e+00	8.68231e-02
6.47920e+02	2.75445e+02	2.17747e+03	1.27598e+03	2.42101e+00	0.00000e+00	0.00000e+00	8.68791e-02
6.51735e+02	2.75529e+02	2.17538e+03	1.27663e+03	2.42504e+00	0.00000e+00	0.00000e+00	8.69330e-02
6.55550e+02	2.75614e+02	2.17330e+03	1.27727e+03	2.42907e+00	0.00000e+00	0.00000e+00	8.69846e-02
6.59365e+02	2.75699e+02	2.17121e+03	1.27792e+03	2.43310e+00	0.00000e+00	0.00000e+00	8.70342e-02
6.63180e+02	2.75784e+02	2.16913e+03	1.27857e+03	2.43713e+00	0.00000e+00	0.00000e+00	8.70816e-02
6.66994e+02	2.75868e+02	2.16705e+03	1.27921e+03	2.44116e+00	0.00000e+00	0.00000e+00	8.71268e-02
6.70809e+02	2.75953e+02	2.16498e+03	1.27985e+03	2.44519e+00	0.00000e+00	0.00000e+00	8.71699e-02
6.74624e+02	2.76038e+02	2.16290e+03	1.28049e+03	2.44922e+00	0.00000e+00	0.00000e+00	8.72108e-02
6.78439e+02	2.76124e+02	2.16083e+03	1.28112e+03	2.45326e+00	0.00000e+00	0.00000e+00	8.72496e-02
6.82254e+02	2.76209e+02	2.15875e+03	1.28175e+03	2.45729e+00	0.00000e+00	0.00000e+00	8.72862e-02
6.86069e+02	2.76294e+02	2.15668e+03	1.28239e+03	2.46133e+00	0.00000e+00	0.00000e+00	8.73207e-02
6.89883e+02	2.76379e+02	2.15462e+03	1.28302e+03	2.46536e+00	0.00000e+00	0.00000e+00	8.73530e-02
6.93698e+02	2.76465e+02	2.15255e+03	1.28364e+03	2.46939e+00	0.00000e+00	0.00000e+00	8.73832e-02
6.97513e+02	2.76550e+02	2.15048e+03	1.28427e+03	2.47343e+00	0.00000e+00	0.00000e+00	8.74112e-02
7.01328e+02	2.76636e+02	2.14842e+03	1.28489e+03	2.47747e+00	0.00000e+00	0.00000e+00	8.74371e-02
7.05143e+02	2.76722e+02	2.14636e+03	1.28551e+03	2.48150e+00	0.00000e+00	0.00000e+00	8.74609e-02
7.08958e+02	2.76807e+02	2.14430e+03	1.28613e+03	2.48554e+00	0.00000e+00	0.00000e+00	8.74826e-02
7.12772e+02	2.76893e+02	2.14224e+03	1.28675e+03	2.48957e+00	0.00000e+00	0.00000e+00	8.75022e-02
7.16587e+02	2.76979e+02	2.14019e+03	1.28737e+03	2.49361e+00	0.00000e+00	0.00000e+00	8.75198e-02
7.20402e+02	2.77065e+02	2.13813e+03	1.28798e+03	2.49765e+00	0.00000e+00	0.00000e+00	8.75354e-02
7.24217e+02	2.77151e+02	2.13608e+03	1.28859e+03	2.50168e+00	0.00000e+00	0.00000e+00	8.75491e-02
7.28032e+02	2.77237e+02	2.13403e+03	1.28920e+03	2.50572e+00	0.00000e+00	0.00000e+00	8.75608e-02
7.31847e+02	2.77323e+02	2.13198e+03	1.28981e+03	2.50976e+00	0.00000e+00	0.00000e+00	8.75707e-02
7.35661e+02	2.77409e+02	2.12993e+03	1.29042e+03	2.51379e+00	0.00000e+00	0.00000e+00	8.75788e-02
7.39476e+02	2.77495e+02	2.12789e+03	1.29102e+03	2.51783e+00	0.00000e+00	0.00000e+00	8.75851e-02
7.43291e+02	2.74014e+02	2.12599e+03	1.39440e+03	4.42371e+00	2.27704e+00	1.25959e+02	0.00000e+00
7.47106e+02	2.74245e+02	2.12410e+03	1.39439e+03	4.42624e+00	2.27886e+00	1.25387e+02	0.00000e+00
7.50921e+02	2.74475e+02	2.12221e+03	1.39437e+03	4.42876e+00	2.28067e+00	1.24819e+02	0.00000e+00
7.54736e+02	2.74705e+02	2.12032e+03	1.39436e+03	4.43129e+00	2.28248e+00	1.24254e+02	0.00000e+00
7.58550e+02	2.74936e+02	2.11843e+03	1.39434e+03	4.43381e+00	2.28429e+00	1.23693e+02	0.00000e+00
7.62365e+02	2.75159e+02	2.11653e+03	1.39433e+03	4.43633e+00	2.28610e+00	1.23153e+02	0.00000e+00
7.66180e+02	2.75380e+02	2.11464e+03	1.39431e+03	4.43885e+00	2.28791e+00	1.22621e+02	0.00000e+00
7.69995e+02	2.75601e+02	2.11275e+03	1.39430e+03	4.44137e+00	2.28971e+00	1.22093e+02	0.00000e+00
7.73810e+02	2.75822e+02	2.11087e+03	1.39428e+03	4.44389e+00	2.29151e+00	1.21567e+02	0.00000e+00
7.77625e+02	2.76043e+02	2.10898e+03	1.39427e+03	4.44641e+00	2.29332e+00	1.21045e+02	0.00000e+00
7.81439e+02	2.76264e+02	2.10709e+03	1.39425e+03	4.44892e+00	2.29512e+00	1.20526e+02	0.00000e+00
7.85254e+02	2.76483e+02	2.10520e+03	1.39424e+03	4.45143e+00	2.29692e+00	1.20012e+02	0.00000e+00
7.89069e+02	2.76696e+02	2.10331e+03	1.39423e+03	4.45395e+00	2.29871e+00	1.19519e+02	0.00000e+00
7.92884e+02	2.76908e+02	2.10143e+03	1.39421e+03	4.45645e+00	2.30051e+00	1.19029e+02	0.00000e+00
7.96699e+02	2.77120e+02	2.09954e+03	1.39420e+03	4.45896e+00	2.30231e+00	1.18542e+02	0.00000e+00
8.00514e+02	2.77332e+02	2.09765e+03	1.39418e+03	4.46147e+00	2.30410e+00	1.18057e+02	0.00000e+00
8.04328e+02	2.77544e+02	2.09577e+03	1.39417e+03	4.46398e+00	2.30589e+00	1.17576e+02	0.00000e+00
8.08143e+02	2.77756e+02	2.09388e+03	1.39416e+03	4.46648e+00	2.30768e+00	1.17096e+02	0.00000e+00
8.11958e+02	2.77964e+02	2.09200e+03	1.39414e+03	4.46898e+00	2.30947e+00	1.16629e+02	0.00000e+00
8.15773e+02	2.78168e+02	2.09011e+03	1.39413e+03	4.47148e+00	2.31126e+00	1.16173e+02	0.00000e+00
8.19588e+02	2.78372e+02	2.08823e+03	1.39412e+03	4.47398e+00	2.31304e+00	1.15720e+02	0.00000e+00
8.23403e+02	2.78576e+02	2.08635e+03	1.39410e+03	4.47648e+00	2.31483e+00	1.15269e+02	0.00000e+00
8.27217e+02	2.78780e+02	2.08447e+03	1.39409e+03	4.47898e+00	2.31661e+00	1.14821e+02	0.00000e+00
8.31032e+02	2.78984e+02	2.08258e+03	1.39408e+03	4.48147e+00	2.31840e+00	1.14375e+02	0.00000e+00
8.34847e+02	2.79188e+02	2.08070e+03	1.39406e+03	4.48396e+00	2.32018e+00	1.13932e+02	0.00000e+00
8.38662e+02	2.79385e+02	2.07882e+03	1.39405e+03	4.48646e+00	2.32196e+00	1.13504e+02	0.00000e+00
8.42477e+02	2.79582e+02	2.07694e+03	1.39404e+03	4.48895e+00	2.32373e+00	1.13082e+02	0.00000e+00
8.46292e+02	2.79778e+02	2.07506e+03	1.39402e+03	4.49144e+00	2.32551e+00	1.12661e+02	0.00000e+00
8.50106e+02	2.79974e+02	2.07318e+03	1.39401e+03	4.49392e+00	2.32729e+00	1.12243e+02	0.00000e+00
8.53921e+02	2.80171e+02	2.07130e+03	1.39400e+03	4.49641e+00	2.32906e+00	1.11827e+02	0.00000e+00
8.57736e+02	2.80367e+02	2.06943e+03	1.39398e+03	4.49889e+00	2.33083e+00	1.11413e+02	0.00000e+00
8.61551e+02	2.80562e+02	2.06755e+03	1.39397e+03	4.50138e+00	2.33260e+00	1.11004e+02	0.00000e+00
8.65366e+02	2.80751e+02	2.06567e+03	1.39396e+03	4.50386e+00	2.33437e+00	1.10609e+02	0.00000e+00
8.69181e+02	2.80941e+02	2.06380e+03	1.39395e+03	4.50634e+00	2.33614e+00	1.10215e+02	0.00000e+00
8.72995e+02	2.81130e+02	2.06192e+03	1.39393e+03	4.50882e+00	2.33791e+00	1.09824e+02	0.00000e+00
8.76810e+02	2.81319e+02	2.06004e+03	1.39392e+03	4.51130e+00	2.33967e+00	1.09435e+02	0.00000e+00
8.80625e+02	2.81508e+02	2.05817e+03	1.39391e+03	4.51377e+00	2.34144e+00	1.09047e+02	0.00000e+00
8.84440e+02	2.81698e+02	2.05630e+03	1.39390e+03	4.51625e+00	2.34320e+00	1.08662e+02	0.00000e+00
8.88255e+02	2.81883e+02	2.05442e+03	1.39389e+03	4.51872e+00	2.34496e+00	1.08286e+02	0.00000e+00
8.92070e+02	2.82066e+02	2.05255e+03	1.39387e+03	4.52119e+00	2.34672e+00	1.07917e+02	0.00000e+00
8.95884e+02	2.82249e+02	2.05068e+03	1.39386e+03	4.52366e+00	2.34848e+00	1.07550e+02	0.00000e+00
8.99699e+02	2.82432e+02	2.04881e+03	1.39385e+03	4.52613e+00	2.35024e+00	1.07185e+02	0.00000e+00
9.03514e+02	2.82614e+02	2.04694e+03	1.39384e+03	4.52860e+00	2.35200e+00	1.06821e+02	0.00000e+00
9.07329e+02	2.82797e+02	2.04506e+03	1.39383e+03	4.53107e+00	2.35375e+00	1.06459e+02	0.00000e+00
9.11144e+02	2.82980e+02	2.04319e+03	1.39381e+03	4.53353e+00	2.35550e+00	1.06099e+02	0.00000e+00
9.14959e+02	2.83157e+02	2.04133e+03	1.39380e+03	4.53600e+00	2.35726e+00	1.05751e+02	0.00000e+00
9.18773e+02	2.83334e+02	2.03946e+03	1.39379e+03	4.53846e+00	2.35901e+00	1.05406e+02	0.00000e+00
9.22588e+02	2.83510e+02	2.03759e+03	1.39378e+03	4.54092e+00	2.36076e+00	1.05063e+02	0.00000e+00
9.26403e+02	2.83687e+02	2.03572e+03	3.53146e+03	4.58407e+00	2.60572e+00	4.37725e+13	0.00000e+00
1.10815e+03	3.50504e+02	2.00062e+03	3.53146e+03	8.01107e+00	4.54767e+00	1.43951e+11	0.00000e+00
1.28321e+03	4.16158e+02	1.96552e+03	3.53145e+03	7.99733e+00	4.53388e+00	3.09270e+09	0.00000e+00
1.45147e+03	4.80650e+02	1.93043e+03	3.53090e+03	7.98182e+00	4.51922e+00	1.95690e+08	0.00000e+00
1.61276e+03	5.43981e+02	1.89533e+03	3.52996e+03	7.96509e+00	4.50401e+00	2.44038e+07	0.00000e+00
1.76692e+03	6.06149e+02	1.86023e+03	3.52874e+03	7.94746e+00	4.48846e+00	4.79196e+06	0.00000e+00
1.91379e+03	6.67156e+02	1.82513e+03	3.52729e+03	7.92910e+00	4.47269e+00	1.29415e+06	0.00000e+00
2.05319e+03	7.27000e+02	1.79003e+03	3.52563e+03	7.91016e+00	4.45679e+00	4.40912e+05	0.00000e+00
2.18493e+03	7.85682e+02	1.75493e+03	3.52380e+03	7.89069e+00	4.44080e+00	1.78864e+05	0.00000e+00
2.30884e+03	8.43202e+02	1.71983e+03	3.52179e+03	7.87075e+00	4.42477e+00	8.30005e+04	0.00000e+00
2.42470e+03	8.99561e+02	1.68474e+03	3.51961e+03	7.85036e+00	4.40872e+00	4.28112e+04	0.00000e+00
2.53229e+03	9.54757e+02	1.64964e+03	3.51728e+03	7.82952e+00	4.39267e+00	2.40316e+04	0.00000e+00
2.63137e+03	1.00879e+03	1.61454e+03	3.51477e+03	7.80822e+00	4.37663e+00	1.44500e+04	0.00000e+00
2.72169e+03	1.06166e+03	1.57944e+03	3.51210e+03	7.78645e+00	4.36059e+00	9.19431e+03	0.00000e+00
2.80295e+03	1.11337e+03	1.54434e+03	3.50924e+03	7.76419e+00	4.34457e+00	6.13218e+03	0.00000e+00
2.87485e+03	1.16392e+03	1.50924e+03	3.50621e+03	7.74140e+00	4.32855e+00	4.25482e+03	0.00000e+00
2.93706e+03	1.21331e+03	1.47414e+03	3.50298e+03	7.71804e+00	4.31254e+00	3.05273e+03	0.00000e+00
2.98922e+03	1.26153e+03	1.43904e+03	3.49954e+03	7.69407e+00	4.29652e+00	2.25367e+03	0.00000e+00
3.03093e+03	1.30859e+03	1.40395e+03	3.49589e+03	7.66942e+00	4.28049e+00	1.70498e+03	0.00000e+00
3.06174e+03	1.35449e+03	1.36885e+03	3.49200e+03	7.64405e+00	4.26443e+00	1.31733e+03	0.00000e+00
3.08118e+03	1.39923e+03	1.33375e+03	3.48786e+03	7.61784e+00	4.24831e+00	1.03649e+03	0.00000e+00
3.08872e+03	1.44281e+03	1.29865e+03	3.48345e+03	7.59076e+00	4.23213e+00	8.28438e+02	0.00000e+00
3.08377e+03	1.48522e+03	1.26355e+03	3.47875e+03	7.56265e+00	4.21585e+00	6.71201e+02	0.00000e+00
3.06568e+03	1.52647e+03	1.22845e+03	3.47373e+03	7.53345e+00	4.19946e+00	5.50206e+02	0.00000e+00
3.03372e+03	1.56656e+03	1.19335e+03	3.46836e+03	7.50298e+00	4.18291e+00	4.55565e+02	0.00000e+00
2.98709e+03	1.60549e+03	1.15826e+03	3.46262e+03	7.44490e+00	4.14908e+00	3.80424e+02	0.00000e+00
2.92489e+03	1.64326e+03	1.12316e+03	3.44560e+03	7.23909e+00	4.01913e+00	3.19940e+02	0.00000e+00
2.84635e+03	1.67986e+03	1.08806e+03	3.36684e+03	7.20674e+00	4.00259e+00	2.70658e+02	0.00000e+00
2.75220e+03	1.71530e+03	1.05296e+03	3.35969e+03	7.17272e+00	3.98574e+00	2.30179e+02	0.00000e+00
2.63981e+03	1.74958e+03	1.01786e+03	3.35202e+03	7.13657e+00	3.96843e+00	1.96447e+02	0.00000e+00
2.50776e+03	1.78270e+03	9.82762e+02	3.34371e+03	7.09798e+00	3.95059e+00	1.68043e+02	0.00000e+00
2.35447e+03	1.81466e+03	9.47664e+02	3.33469e+03	7.05658e+00	3.93210e+00	1.43895e+02	0.00000e+00
2.17811e+03	1.84545e+03	9.12565e+02	3.32485e+03	7.01195e+00	3.91285e+00	1.23180e+02	0.00000e+00
1.97658e+03	1.87508e+03	8.77466e+02	3.31411e+03	6.92945e+00	3.87851e+00	1.05265e+02	0.00000e+00
1.74747e+03	1.90355e+03	8.42368e+02	3.29560e+03	6.87320e+00	3.85642e+00	8.96593e+01	0.00000e+00
1.48849e+03	1.93086e+03	8.07269e+02	3.28205e+03	6.81060e+00	3.83278e+00	7.59949e+01	0.00000e+00
1.19600e+03	1.95700e+03	7.72170e+02	3.26701e+03	6.70141e+00	3.77785e+00	6.39600e+01	0.00000e+00
8.66193e+02	1.98199e+03	7.37072e+02	3.23424e+03	6.62381e+00	3.75141e+00	5.33262e+01	0.00000e+00
4.96415e+02	2.00581e+03	7.01973e+02	3.21575e+03	6.53476e+00	3.72245e+00	4.39504e+01	0.00000e+00
7.97744e+01	2.02847e+03	6.66874e+02	3.19470e+03	6.43015e+00	3.69022e+00	3.56658e+01	0.00000e+00
-3.90035e+02	2.04997e+03	6.31776e+02	3.17032e+03	6.31308e+00	3.65514e+00	2.83802e+01	0.00000e+00
-9.20557e+02	2.07030e+03	5.96677e+02	3.14300e+03	6.18501e+00	3.61734e+00	2.20308e+01	0.00000e+00
-1.52111e+03	2.08947e+03	5.61578e+02	3.11290e+03	6.04392e+00	3.57628e+00	1.65753e+01	0.00000e+00
-2.20334e+03	2.10749e+03	5.26480e+02	3.07951e+03	5.88746e+00	3.53133e+00	1.19849e+01	0.00000e+00
-2.98182e+03	2.12434e+03	4.91381e+02	3.04227e+03	5.71267e+00	3.48172e+00	8.23619e+00	0.00000e+00
-3.87506e+03	2.14002e+03	4.56282e+02	3.00044e+03	5.51580e+00	3.42645e+00	5.30015e+00	0.00000e+00
-4.90694e+03	2.15455e+03	4.21184e+02	2.95311e+03	5.29201e+00	3.36421e+00	3.12982e+00	0.00000e+00
-6.10880e+03	2.16791e+03	3.86085e+02	2.89907e+03	5.03495e+00	3.29333e+00	1.64867e+00	0.00000e+00
-7.52261e+03	2.18011e+03	3.50987e+02	2.83679e+03	4.73611e+00	3.21154e+00	7.43925e-01	0.00000e+00
-9.20594e+03	2.19115e+03	3.15888e+02	2.76415e+03	4.38382e+00	3.11573e+00	2.70854e-01	0.00000e+00
-1.12399e+04	2.20103e+03	2.80789e+02	2.67830e+03	3.96165e+00	3.00152e+00	7.26210e-02	0.00000e+00
-1.37429e+04	2.20974e+03	2.45691e+02	2.57518e+03	3.44562e+00	2.86253e+00	1.23962e-02	0.00000e+00
-1.68944e+04	2.21730e+03	2.10592e+02	2.44892e+03	2.79934e+00	2.68908e+00	1.05554e-03	0.00000e+00
-2.09813e+04	2.22369e+03	1.75493e+02	2.29056e+03	1.96468e+00	2.46567e+00	2.90054e-05	0.00000e+00
-2.64930e+04	2.22892e+03	1.40395e+02	2.08581e+03	8.42487e-01	2.16592e+00	1.10631e-07	0.00000e+00
-3.43413e+04	2.23299e+03	1.05296e+02	1.81030e+03	-7.52071e-01	1.74061e+00	9.44333e-12	0.00000e+00
-4.64564e+04	2.23589e+03	7.01973e+01	1.41860e+03	-3.21008e+00	1.08560e+00	1.77412e-19	0.00000e+00
-6.78213e+04	2.23763e+03	3.50987e+01	8.14557e+02	-7.54136e+00	-6.79779e-02	2.20183e-37	0.00000e+00
-1.16895e+05	NaN	0.00000e+00	-2.50060e+02	NaN	NaN	NaN	NaN
-1.16895e+05	NaN	0.00000e+00	NaN	NaN	NaN	1.00000e+04	0.00000e+00
NaN	NaN	0.00000e+00	NaN	NaN	NaN	1.00000e+04	0.00000e+00
NaN	NaN	0.00000e+00	NaN	NaN	NaN	1.00000e+04	0.00000e+00
NaN	NaN	0.00000e+00	NaN	NaN	NaN	1.00000e+04	0.00000e+00
NaN	NaN	0.00000e+00	NaN	NaN	NaN	1.00000e+04	0.00000e+00
NaN	NaN	0.00000e+00	NaN	NaN	NaN	1.00000e+04	0.00000e+00
NaN	NaN	0.00000e+00	NaN	NaN	NaN	1.00000e+04	0.00000e+00
NaN	NaN	0.00000e+00	NaN	NaN	NaN	1.00000e+04	0.00000e+00
NaN	NaN	0.00000e+00	NaN	NaN	NaN	1.00000e+04	0.00000e+00
NaN	NaN	0.00000e+00	NaN	NaN	NaN	1.00000e+04	0.00000e+00
