P (MPa)		T (K)		r (km)		rho (kg m-3)	VP (km s-1)	VS (km s-1)	QS/gamma	KS (GPa)	GS (GPa)	
0.00000e+00	9.40000e+01	2.57470e+03	9.32456e+02	3.87821e+00	1.96165e+00	1.57135e+05	9.24000e+00	3.58800e+00
6.42623e-01	1.02312e+02	2.57419e+03	9.32456e+02	3.87919e+00	1.96225e+00	5.67108e+04	9.24212e+00	3.58938e+00
1.28525e+00	1.11359e+02	2.57368e+03	9.32494e+02	3.88031e+00	1.96291e+00	2.22339e+04	9.24424e+00	3.59076e+00
1.92787e+00	1.21206e+02	2.57317e+03	9.32531e+02	3.88158e+00	1.96366e+00	9.40596e+03	9.24635e+00	3.59214e+00
2.57049e+00	1.31923e+02	2.57266e+03	9.32567e+02	3.88307e+00	1.96451e+00	4.26720e+03	9.24847e+00	3.59351e+00
3.21312e+00	1.43589e+02	2.57216e+03	9.32603e+02	3.88481e+00	1.96549e+00	2.06428e+03	9.25058e+00	3.59489e+00
3.85574e+00	1.56285e+02	2.57165e+03	9.32638e+02	3.88688e+00	1.96664e+00	1.05929e+03	9.25269e+00	3.59627e+00
4.49836e+00	1.70105e+02	2.57114e+03	9.32671e+02	3.88938e+00	1.96800e+00	5.73857e+02	9.25479e+00	3.59764e+00
5.14098e+00	1.85146e+02	2.57063e+03	9.32704e+02	3.89240e+00	1.96963e+00	3.26752e+02	9.25690e+00	3.59902e+00
5.78361e+00	2.01518e+02	2.57012e+03	9.32736e+02	3.89606e+00	1.97158e+00	1.94762e+02	9.25900e+00	3.60039e+00
6.42623e+00	2.19337e+02	2.56961e+03	9.32767e+02	3.90049e+00	1.97392e+00	1.21072e+02	9.26110e+00	3.60176e+00
7.06885e+00	2.38732e+02	2.56911e+03	9.32797e+02	3.90575e+00	1.97669e+00	7.82274e+01	9.26320e+00	3.60313e+00
7.71148e+00	2.59841e+02	2.56860e+03	9.32826e+02	3.91185e+00	1.97987e+00	5.23700e+01	9.26529e+00	3.60450e+00
8.35410e+00	2.59873e+02	2.56809e+03	9.32853e+02	3.91225e+00	1.98018e+00	5.23407e+01	9.26739e+00	3.60587e+00
8.99672e+00	2.59906e+02	2.56758e+03	9.32880e+02	3.91266e+00	1.98048e+00	5.23111e+01	9.26948e+00	3.60724e+00
9.63935e+00	2.59939e+02	2.56707e+03	9.32905e+02	3.91306e+00	1.98079e+00	5.22812e+01	9.27157e+00	3.60861e+00
1.02820e+01	2.59972e+02	2.56657e+03	9.32930e+02	3.91346e+00	1.98109e+00	5.22510e+01	9.27366e+00	3.60998e+00
1.09246e+01	2.60005e+02	2.56606e+03	9.32953e+02	3.91387e+00	1.98140e+00	5.22205e+01	9.27574e+00	3.61135e+00
1.15672e+01	2.60039e+02	2.56555e+03	9.32975e+02	3.91427e+00	1.98170e+00	5.21897e+01	9.27782e+00	3.61271e+00
1.22098e+01	2.60073e+02	2.56504e+03	9.32995e+02	3.91467e+00	1.98201e+00	5.21586e+01	9.27990e+00	3.61408e+00
1.28525e+01	2.60108e+02	2.56453e+03	9.33015e+02	3.91507e+00	1.98231e+00	5.21272e+01	9.28198e+00	3.61544e+00
1.34951e+01	2.60143e+02	2.56403e+03	9.33032e+02	3.91547e+00	1.98261e+00	5.20955e+01	9.28406e+00	3.61681e+00
1.41377e+01	2.60178e+02	2.56352e+03	9.33049e+02	3.91587e+00	1.98291e+00	5.20635e+01	9.28613e+00	3.61817e+00
1.47803e+01	2.60214e+02	2.56301e+03	9.33064e+02	3.91627e+00	1.98322e+00	5.20311e+01	9.28821e+00	3.61953e+00
1.54230e+01	2.60250e+02	2.56250e+03	9.33077e+02	3.91667e+00	1.98352e+00	5.19985e+01	9.29028e+00	3.62089e+00
1.60656e+01	2.60286e+02	2.56200e+03	9.33089e+02	3.91707e+00	1.98382e+00	5.19656e+01	9.29235e+00	3.62225e+00
1.67082e+01	2.60323e+02	2.56149e+03	9.33100e+02	3.91747e+00	1.98412e+00	5.19323e+01	9.29441e+00	3.62361e+00
1.73508e+01	2.60360e+02	2.56098e+03	9.33109e+02	3.91787e+00	1.98442e+00	5.18987e+01	9.29647e+00	3.62497e+00
1.79934e+01	2.60398e+02	2.56048e+03	9.33116e+02	3.91827e+00	1.98473e+00	5.18648e+01	9.29854e+00	3.62633e+00
1.86361e+01	2.60436e+02	2.55997e+03	9.33121e+02	3.91867e+00	1.98503e+00	5.18306e+01	9.30060e+00	3.62768e+00
1.92787e+01	2.60474e+02	2.55946e+03	9.33124e+02	3.91906e+00	1.98533e+00	5.17960e+01	9.30265e+00	3.62904e+00
1.99213e+01	2.60513e+02	2.55895e+03	9.33126e+02	3.91946e+00	1.98563e+00	5.17611e+01	9.30471e+00	3.63039e+00
2.05639e+01	2.60552e+02	2.55845e+03	9.33126e+02	3.91986e+00	1.98593e+00	5.17259e+01	9.30676e+00	3.63175e+00
2.12066e+01	2.60592e+02	2.55794e+03	9.33124e+02	3.92025e+00	1.98623e+00	5.16903e+01	9.30881e+00	3.63310e+00
2.18492e+01	2.60632e+02	2.55743e+03	9.33119e+02	3.92065e+00	1.98653e+00	5.16544e+01	9.31086e+00	3.63445e+00
2.24918e+01	2.60672e+02	2.55693e+03	9.33113e+02	3.92104e+00	1.98683e+00	5.16182e+01	9.31291e+00	3.63581e+00
2.31344e+01	2.60713e+02	2.55642e+03	9.33105e+02	3.92144e+00	1.98713e+00	5.15816e+01	9.31495e+00	3.63716e+00
2.37771e+01	2.60754e+02	2.55591e+03	9.33094e+02	3.92183e+00	1.98743e+00	5.15447e+01	9.31699e+00	3.63851e+00
2.44197e+01	2.60796e+02	2.55541e+03	9.33081e+02	3.92223e+00	1.98773e+00	5.15074e+01	9.31903e+00	3.63986e+00
2.50623e+01	2.60838e+02	2.55490e+03	9.33066e+02	3.92262e+00	1.98802e+00	5.14697e+01	9.32107e+00	3.64121e+00
2.57049e+01	2.60881e+02	2.55439e+03	9.33048e+02	3.92301e+00	1.98832e+00	5.14317e+01	9.32311e+00	3.64255e+00
2.63475e+01	2.60924e+02	2.55389e+03	9.33027e+02	3.92341e+00	1.98862e+00	5.13933e+01	9.32514e+00	3.64390e+00
2.69902e+01	2.60967e+02	2.55338e+03	9.33005e+02	3.92380e+00	1.98892e+00	5.13546e+01	9.32717e+00	3.64525e+00
2.76328e+01	2.61011e+02	2.55287e+03	9.32979e+02	3.92419e+00	1.98922e+00	5.13155e+01	9.32920e+00	3.64659e+00
2.82754e+01	2.61056e+02	2.55237e+03	9.32951e+02	3.92458e+00	1.98952e+00	5.12761e+01	9.33123e+00	3.64794e+00
2.89180e+01	2.61101e+02	2.55186e+03	9.32920e+02	3.92497e+00	1.98981e+00	5.12362e+01	9.33326e+00	3.64928e+00
2.95607e+01	2.61146e+02	2.55136e+03	9.32886e+02	3.92537e+00	1.99011e+00	5.11960e+01	9.33528e+00	3.65062e+00
3.02033e+01	2.61192e+02	2.55085e+03	9.32849e+02	3.92576e+00	1.99041e+00	5.11554e+01	9.33730e+00	3.65196e+00
3.08459e+01	2.61238e+02	2.55034e+03	9.32809e+02	3.92615e+00	1.99070e+00	5.11144e+01	9.33932e+00	3.65331e+00
3.14885e+01	2.61285e+02	2.54984e+03	9.32765e+02	3.92654e+00	1.99100e+00	5.10731e+01	9.34133e+00	3.65465e+00
3.21312e+01	2.61333e+02	2.54933e+03	9.32719e+02	3.92693e+00	1.99130e+00	5.10313e+01	9.34335e+00	3.65599e+00
3.27738e+01	2.61380e+02	2.54882e+03	9.32669e+02	3.92732e+00	1.99159e+00	5.09892e+01	9.34536e+00	3.65732e+00
3.34164e+01	2.61429e+02	2.54832e+03	9.32616e+02	3.92771e+00	1.99189e+00	5.09467e+01	9.34737e+00	3.65866e+00
3.40590e+01	2.61478e+02	2.54781e+03	9.32559e+02	3.92810e+00	1.99218e+00	5.09037e+01	9.34938e+00	3.66000e+00
3.47016e+01	2.61527e+02	2.54731e+03	9.32498e+02	3.92848e+00	1.99248e+00	5.08604e+01	9.35138e+00	3.66133e+00
3.53443e+01	2.61577e+02	2.54680e+03	9.32434e+02	3.92887e+00	1.99278e+00	5.08167e+01	9.35339e+00	3.66267e+00
3.59869e+01	2.61627e+02	2.54629e+03	9.32366e+02	3.92926e+00	1.99307e+00	5.07725e+01	9.35539e+00	3.66400e+00
3.66295e+01	2.61678e+02	2.54579e+03	9.32294e+02	3.92965e+00	1.99337e+00	5.07280e+01	9.35739e+00	3.66534e+00
3.72721e+01	2.61730e+02	2.54528e+03	9.32218e+02	3.93004e+00	1.99366e+00	5.06830e+01	9.35939e+00	3.66667e+00
3.79148e+01	2.61782e+02	2.54478e+03	9.32138e+02	3.93042e+00	1.99396e+00	5.06376e+01	9.36138e+00	3.66800e+00
3.85574e+01	2.61834e+02	2.54427e+03	9.32053e+02	3.93081e+00	1.99425e+00	5.05918e+01	9.36337e+00	3.66933e+00
3.92000e+01	2.61888e+02	2.54376e+03	9.31964e+02	3.93120e+00	1.99454e+00	5.05456e+01	9.36536e+00	3.67066e+00
3.98426e+01	2.61941e+02	2.54326e+03	9.31871e+02	3.93158e+00	1.99484e+00	5.04989e+01	9.36735e+00	3.67199e+00
4.04853e+01	2.61996e+02	2.54275e+03	9.31773e+02	3.93197e+00	1.99513e+00	5.04519e+01	9.36934e+00	3.67332e+00
4.11279e+01	2.62051e+02	2.54225e+03	9.31670e+02	3.93235e+00	1.99543e+00	5.04043e+01	9.37132e+00	3.67465e+00
4.17705e+01	2.62106e+02	2.54174e+03	9.31562e+02	3.93274e+00	1.99572e+00	5.03564e+01	9.37331e+00	3.67598e+00
4.24131e+01	2.62162e+02	2.54124e+03	9.31450e+02	3.93312e+00	1.99601e+00	5.03080e+01	9.37529e+00	3.67730e+00
4.30557e+01	2.62219e+02	2.54073e+03	9.31332e+02	3.93351e+00	1.99631e+00	5.02592e+01	9.37726e+00	3.67863e+00
4.36984e+01	2.62276e+02	2.54022e+03	9.31210e+02	3.93389e+00	1.99660e+00	5.02099e+01	9.37924e+00	3.67995e+00
4.43410e+01	2.62334e+02	2.53972e+03	9.31082e+02	3.93428e+00	1.99689e+00	5.01602e+01	9.38121e+00	3.68128e+00
4.49836e+01	2.62392e+02	2.53921e+03	9.30948e+02	3.93466e+00	1.99718e+00	5.01100e+01	9.38318e+00	3.68260e+00
4.56262e+01	2.62451e+02	2.53871e+03	9.30809e+02	3.93505e+00	1.99748e+00	5.00593e+01	9.38515e+00	3.68392e+00
4.62689e+01	2.62511e+02	2.53820e+03	9.30665e+02	3.93543e+00	1.99777e+00	5.00082e+01	9.38712e+00	3.68524e+00
4.69115e+01	2.62571e+02	2.53769e+03	9.30515e+02	3.93581e+00	1.99806e+00	4.99567e+01	9.38909e+00	3.68657e+00
4.75541e+01	2.62632e+02	2.53719e+03	9.30359e+02	3.93620e+00	1.99835e+00	4.99046e+01	9.39105e+00	3.68788e+00
4.81967e+01	2.62694e+02	2.53668e+03	9.30197e+02	3.93658e+00	1.99865e+00	4.98521e+01	9.39301e+00	3.68920e+00
4.88394e+01	2.62756e+02	2.53617e+03	9.30030e+02	3.93696e+00	1.99894e+00	4.97991e+01	9.39497e+00	3.69052e+00
4.94820e+01	2.62819e+02	2.53567e+03	9.29856e+02	3.93734e+00	1.99923e+00	4.97457e+01	9.39692e+00	3.69184e+00
5.01246e+01	2.62882e+02	2.53516e+03	9.29676e+02	3.93773e+00	1.99952e+00	4.96917e+01	9.39888e+00	3.69316e+00
5.07672e+01	2.62947e+02	2.53466e+03	9.29490e+02	3.93811e+00	1.99981e+00	4.96373e+01	9.40083e+00	3.69447e+00
5.14098e+01	2.63011e+02	2.53415e+03	9.29298e+02	3.93849e+00	2.00010e+00	4.95824e+01	9.40278e+00	3.69579e+00
5.20525e+01	2.63077e+02	2.53364e+03	9.29100e+02	3.93887e+00	2.00040e+00	4.95270e+01	9.40473e+00	3.69710e+00
5.26951e+01	2.63143e+02	2.53314e+03	9.28895e+02	3.93925e+00	2.00069e+00	4.94711e+01	9.40667e+00	3.69841e+00
5.33377e+01	2.63210e+02	2.53263e+03	9.28684e+02	3.93963e+00	2.00098e+00	4.94147e+01	9.40862e+00	3.69972e+00
5.39803e+01	2.63278e+02	2.53212e+03	9.28466e+02	3.94002e+00	2.00127e+00	4.93578e+01	9.41056e+00	3.70104e+00
5.46230e+01	2.63346e+02	2.53162e+03	9.28243e+02	3.94040e+00	2.00156e+00	4.93004e+01	9.41250e+00	3.70235e+00
5.52656e+01	2.63416e+02	2.53111e+03	9.28013e+02	3.94078e+00	2.00185e+00	4.92425e+01	9.41444e+00	3.70366e+00
5.59082e+01	2.63486e+02	2.53060e+03	9.27776e+02	3.94116e+00	2.00214e+00	4.91841e+01	9.41637e+00	3.70497e+00
5.65508e+01	2.63556e+02	2.53010e+03	9.27533e+02	3.94154e+00	2.00243e+00	4.91251e+01	9.41830e+00	3.70627e+00
5.71934e+01	2.63627e+02	2.52959e+03	9.27284e+02	3.94192e+00	2.00272e+00	4.90657e+01	9.42023e+00	3.70758e+00
5.78361e+01	2.63700e+02	2.52908e+03	9.27029e+02	3.94230e+00	2.00301e+00	4.90057e+01	9.42216e+00	3.70889e+00
5.84787e+01	2.63772e+02	2.52858e+03	9.26768e+02	3.94268e+00	2.00330e+00	4.89452e+01	9.42409e+00	3.71019e+00
5.91213e+01	2.63846e+02	2.52807e+03	9.26501e+02	3.94306e+00	2.00359e+00	4.88841e+01	9.42601e+00	3.71150e+00
5.97639e+01	2.63921e+02	2.52756e+03	9.26228e+02	3.94344e+00	2.00388e+00	4.88226e+01	9.42793e+00	3.71280e+00
6.04066e+01	2.63996e+02	2.52705e+03	9.25949e+02	3.94382e+00	2.00417e+00	4.87605e+01	9.42985e+00	3.71410e+00
6.10492e+01	2.64072e+02	2.52655e+03	9.25665e+02	3.94419e+00	2.00446e+00	4.86978e+01	9.43177e+00	3.71541e+00
6.16918e+01	2.64149e+02	2.52604e+03	9.25375e+02	3.94457e+00	2.00475e+00	4.86346e+01	9.43369e+00	3.71671e+00
6.23344e+01	2.67922e+02	2.52553e+03	9.24353e+02	3.94599e+00	2.00556e+00	4.56712e+01	9.43560e+00	3.71801e+00
6.29771e+01	2.67961e+02	2.52502e+03	9.24415e+02	3.94636e+00	2.00585e+00	4.56418e+01	9.43751e+00	3.71931e+00
6.36197e+01	2.68000e+02	2.52452e+03	9.24477e+02	3.94672e+00	2.00613e+00	4.56125e+01	9.43942e+00	3.72061e+00
6.74783e+01	2.68022e+02	2.52179e+03	1.03219e+03	1.49120e+00	0.00000e+00	0.00000e+00	2.29526e+00	0.00000e+00
7.13369e+01	2.68046e+02	2.51906e+03	1.03392e+03	1.49843e+00	0.00000e+00	0.00000e+00	2.32147e+00	0.00000e+00
7.51955e+01	2.68074e+02	2.51634e+03	1.03563e+03	1.50571e+00	0.00000e+00	0.00000e+00	2.34796e+00	0.00000e+00
7.90542e+01	2.68104e+02	2.51363e+03	1.03732e+03	1.51304e+00	0.00000e+00	0.00000e+00	2.37473e+00	0.00000e+00
8.29128e+01	2.68137e+02	2.51092e+03	1.03900e+03	1.52040e+00	0.00000e+00	0.00000e+00	2.40178e+00	0.00000e+00
8.67714e+01	2.68172e+02	2.50821e+03	1.04066e+03	1.52780e+00	0.00000e+00	0.00000e+00	2.42910e+00	0.00000e+00
9.06300e+01	2.68209e+02	2.50552e+03	1.04231e+03	1.53524e+00	0.00000e+00	0.00000e+00	2.45667e+00	0.00000e+00
9.44887e+01	2.68249e+02	2.50282e+03	1.04394e+03	1.54270e+00	0.00000e+00	0.00000e+00	2.48448e+00	0.00000e+00
9.83473e+01	2.68292e+02	2.50014e+03	1.04555e+03	1.55018e+00	0.00000e+00	0.00000e+00	2.51253e+00	0.00000e+00
1.02206e+02	2.68336e+02	2.49745e+03	1.04715e+03	1.55769e+00	0.00000e+00	0.00000e+00	2.54081e+00	0.00000e+00
1.06065e+02	2.68383e+02	2.49478e+03	1.04873e+03	1.56522e+00	0.00000e+00	0.00000e+00	2.56931e+00	0.00000e+00
1.09923e+02	2.68432e+02	2.49211e+03	1.05030e+03	1.57277e+00	0.00000e+00	0.00000e+00	2.59801e+00	0.00000e+00
1.13782e+02	2.68483e+02	2.48944e+03	1.05185e+03	1.58032e+00	0.00000e+00	0.00000e+00	2.62692e+00	0.00000e+00
1.17640e+02	2.68535e+02	2.48678e+03	1.05339e+03	1.58789e+00	0.00000e+00	0.00000e+00	2.65601e+00	0.00000e+00
1.21499e+02	2.68590e+02	2.48412e+03	1.05491e+03	1.59546e+00	0.00000e+00	0.00000e+00	2.68528e+00	0.00000e+00
1.25358e+02	2.68647e+02	2.48147e+03	1.05642e+03	1.60304e+00	0.00000e+00	0.00000e+00	2.71472e+00	0.00000e+00
1.29216e+02	2.68705e+02	2.47882e+03	1.05791e+03	1.61062e+00	0.00000e+00	0.00000e+00	2.74432e+00	0.00000e+00
1.33075e+02	2.68765e+02	2.47618e+03	1.05939e+03	1.61819e+00	0.00000e+00	0.00000e+00	2.77407e+00	0.00000e+00
1.36934e+02	2.68827e+02	2.47354e+03	1.06086e+03	1.62576e+00	0.00000e+00	0.00000e+00	2.80396e+00	0.00000e+00
1.40792e+02	2.68890e+02	2.47091e+03	1.06231e+03	1.63333e+00	0.00000e+00	0.00000e+00	2.83399e+00	0.00000e+00
1.44651e+02	2.68955e+02	2.46829e+03	1.06375e+03	1.64088e+00	0.00000e+00	0.00000e+00	2.86414e+00	0.00000e+00
1.48509e+02	2.69021e+02	2.46566e+03	1.06518e+03	1.64842e+00	0.00000e+00	0.00000e+00	2.89441e+00	0.00000e+00
1.52368e+02	2.69089e+02	2.46304e+03	1.06659e+03	1.65595e+00	0.00000e+00	0.00000e+00	2.92478e+00	0.00000e+00
1.56227e+02	2.69158e+02	2.46043e+03	1.06799e+03	1.66346e+00	0.00000e+00	0.00000e+00	2.95525e+00	0.00000e+00
1.60085e+02	2.69229e+02	2.45782e+03	1.06938e+03	1.67096e+00	0.00000e+00	0.00000e+00	2.98582e+00	0.00000e+00
1.63944e+02	2.69301e+02	2.45522e+03	1.07076e+03	1.67843e+00	0.00000e+00	0.00000e+00	3.01647e+00	0.00000e+00
1.67802e+02	2.69374e+02	2.45262e+03	1.07212e+03	1.68589e+00	0.00000e+00	0.00000e+00	3.04720e+00	0.00000e+00
1.71661e+02	2.69449e+02	2.45002e+03	1.07347e+03	1.69332e+00	0.00000e+00	0.00000e+00	3.07801e+00	0.00000e+00
1.75520e+02	2.69524e+02	2.44743e+03	1.07481e+03	1.70073e+00	0.00000e+00	0.00000e+00	3.10887e+00	0.00000e+00
1.79378e+02	2.69601e+02	2.44484e+03	1.07614e+03	1.70811e+00	0.00000e+00	0.00000e+00	3.13980e+00	0.00000e+00
1.83237e+02	2.69679e+02	2.44226e+03	1.07746e+03	1.71547e+00	0.00000e+00	0.00000e+00	3.17077e+00	0.00000e+00
1.87096e+02	2.69758e+02	2.43968e+03	1.07876e+03	1.72280e+00	0.00000e+00	0.00000e+00	3.20179e+00	0.00000e+00
1.90954e+02	2.69838e+02	2.43711e+03	1.08006e+03	1.73009e+00	0.00000e+00	0.00000e+00	3.23285e+00	0.00000e+00
1.94813e+02	2.69919e+02	2.43453e+03	1.08134e+03	1.73736e+00	0.00000e+00	0.00000e+00	3.26395e+00	0.00000e+00
1.98671e+02	2.70001e+02	2.43197e+03	1.08261e+03	1.74460e+00	0.00000e+00	0.00000e+00	3.29508e+00	0.00000e+00
2.02530e+02	2.70084e+02	2.42941e+03	1.08388e+03	1.75181e+00	0.00000e+00	0.00000e+00	3.32623e+00	0.00000e+00
2.06389e+02	2.70168e+02	2.42685e+03	1.08513e+03	1.75898e+00	0.00000e+00	0.00000e+00	3.35740e+00	0.00000e+00
2.10247e+02	2.70252e+02	2.42429e+03	1.08637e+03	1.76612e+00	0.00000e+00	0.00000e+00	3.38859e+00	0.00000e+00
2.14106e+02	2.70338e+02	2.42174e+03	1.08760e+03	1.77323e+00	0.00000e+00	0.00000e+00	3.41979e+00	0.00000e+00
2.17965e+02	2.70424e+02	2.41920e+03	1.08882e+03	1.78030e+00	0.00000e+00	0.00000e+00	3.45099e+00	0.00000e+00
2.21823e+02	2.70512e+02	2.41666e+03	1.09004e+03	1.78734e+00	0.00000e+00	0.00000e+00	3.48221e+00	0.00000e+00
2.25682e+02	2.70600e+02	2.41412e+03	1.09124e+03	1.79434e+00	0.00000e+00	0.00000e+00	3.51342e+00	0.00000e+00
2.29540e+02	2.70688e+02	2.41158e+03	1.09243e+03	1.80131e+00	0.00000e+00	0.00000e+00	3.54462e+00	0.00000e+00
2.33399e+02	2.70778e+02	2.40905e+03	1.09362e+03	1.80824e+00	0.00000e+00	0.00000e+00	3.57583e+00	0.00000e+00
2.37258e+02	2.70868e+02	2.40653e+03	1.09479e+03	1.81513e+00	0.00000e+00	0.00000e+00	3.60702e+00	0.00000e+00
2.41116e+02	2.70959e+02	2.40400e+03	1.09596e+03	1.82199e+00	0.00000e+00	0.00000e+00	3.63820e+00	0.00000e+00
2.44975e+02	2.71050e+02	2.40148e+03	1.09712e+03	1.82881e+00	0.00000e+00	0.00000e+00	3.66936e+00	0.00000e+00
2.48834e+02	2.71142e+02	2.39897e+03	1.09827e+03	1.83559e+00	0.00000e+00	0.00000e+00	3.70051e+00	0.00000e+00
2.52692e+02	2.71235e+02	2.39646e+03	1.09941e+03	1.84234e+00	0.00000e+00	0.00000e+00	3.73163e+00	0.00000e+00
2.56551e+02	2.71329e+02	2.39395e+03	1.10054e+03	1.84905e+00	0.00000e+00	0.00000e+00	3.76274e+00	0.00000e+00
2.60409e+02	2.71422e+02	2.39144e+03	1.10166e+03	1.85572e+00	0.00000e+00	0.00000e+00	3.79382e+00	0.00000e+00
2.64268e+02	2.71517e+02	2.38894e+03	1.10278e+03	1.86236e+00	0.00000e+00	0.00000e+00	3.82487e+00	0.00000e+00
2.68127e+02	2.71612e+02	2.38645e+03	1.10389e+03	1.86896e+00	0.00000e+00	0.00000e+00	3.85590e+00	0.00000e+00
2.71985e+02	2.71707e+02	2.38395e+03	1.10499e+03	1.87552e+00	0.00000e+00	0.00000e+00	3.88690e+00	0.00000e+00
2.75844e+02	2.71803e+02	2.38146e+03	1.10608e+03	1.88205e+00	0.00000e+00	0.00000e+00	3.91786e+00	0.00000e+00
2.79703e+02	2.71900e+02	2.37898e+03	1.10717e+03	1.88854e+00	0.00000e+00	0.00000e+00	3.94879e+00	0.00000e+00
2.83561e+02	2.71997e+02	2.37649e+03	1.10825e+03	1.89499e+00	0.00000e+00	0.00000e+00	3.97969e+00	0.00000e+00
2.87420e+02	2.72094e+02	2.37401e+03	1.10932e+03	1.90140e+00	0.00000e+00	0.00000e+00	4.01056e+00	0.00000e+00
2.91278e+02	2.72192e+02	2.37154e+03	1.11038e+03	1.90778e+00	0.00000e+00	0.00000e+00	4.04138e+00	0.00000e+00
2.95137e+02	2.72291e+02	2.36907e+03	1.11144e+03	1.91413e+00	0.00000e+00	0.00000e+00	4.07217e+00	0.00000e+00
2.98996e+02	2.72389e+02	2.36660e+03	1.11249e+03	1.92043e+00	0.00000e+00	0.00000e+00	4.10292e+00	0.00000e+00
3.02854e+02	2.72488e+02	2.36413e+03	1.11353e+03	1.92670e+00	0.00000e+00	0.00000e+00	4.13363e+00	0.00000e+00
3.06713e+02	2.72588e+02	2.36167e+03	1.11457e+03	1.93294e+00	0.00000e+00	0.00000e+00	4.16431e+00	0.00000e+00
3.10572e+02	2.72688e+02	2.35921e+03	1.11560e+03	1.93914e+00	0.00000e+00	0.00000e+00	4.19494e+00	0.00000e+00
3.14430e+02	2.72788e+02	2.35676e+03	1.11662e+03	1.94531e+00	0.00000e+00	0.00000e+00	4.22553e+00	0.00000e+00
3.18289e+02	2.72889e+02	2.35430e+03	1.11764e+03	1.95144e+00	0.00000e+00	0.00000e+00	4.25607e+00	0.00000e+00
3.22147e+02	2.72990e+02	2.35185e+03	1.11865e+03	1.95753e+00	0.00000e+00	0.00000e+00	4.28658e+00	0.00000e+00
3.26006e+02	2.73091e+02	2.34941e+03	1.11965e+03	1.96360e+00	0.00000e+00	0.00000e+00	4.31704e+00	0.00000e+00
3.29865e+02	2.73193e+02	2.34697e+03	1.12065e+03	1.96962e+00	0.00000e+00	0.00000e+00	4.34746e+00	0.00000e+00
3.33723e+02	2.73295e+02	2.34453e+03	1.12164e+03	1.97562e+00	0.00000e+00	0.00000e+00	4.37784e+00	0.00000e+00
3.37582e+02	2.73397e+02	2.34209e+03	1.12262e+03	1.98158e+00	0.00000e+00	0.00000e+00	4.40817e+00	0.00000e+00
3.41441e+02	2.73499e+02	2.33966e+03	1.12360e+03	1.98751e+00	0.00000e+00	0.00000e+00	4.43846e+00	0.00000e+00
3.45299e+02	2.73602e+02	2.33723e+03	1.12458e+03	1.99341e+00	0.00000e+00	0.00000e+00	4.46870e+00	0.00000e+00
3.49158e+02	2.73705e+02	2.33480e+03	1.12555e+03	1.99927e+00	0.00000e+00	0.00000e+00	4.49890e+00	0.00000e+00
3.53016e+02	2.73808e+02	2.33238e+03	1.12651e+03	2.00510e+00	0.00000e+00	0.00000e+00	4.52905e+00	0.00000e+00
3.56875e+02	2.73912e+02	2.32996e+03	1.12747e+03	2.01090e+00	0.00000e+00	0.00000e+00	4.55916e+00	0.00000e+00
3.60734e+02	2.74016e+02	2.32754e+03	1.12842e+03	2.01667e+00	0.00000e+00	0.00000e+00	4.58923e+00	0.00000e+00
3.64592e+02	2.74120e+02	2.32513e+03	1.12936e+03	2.02241e+00	0.00000e+00	0.00000e+00	4.61925e+00	0.00000e+00
3.68451e+02	2.74224e+02	2.32272e+03	1.13030e+03	2.02812e+00	0.00000e+00	0.00000e+00	4.64923e+00	0.00000e+00
3.72310e+02	2.74328e+02	2.32031e+03	1.13124e+03	2.03379e+00	0.00000e+00	0.00000e+00	4.67916e+00	0.00000e+00
3.76168e+02	2.74433e+02	2.31791e+03	1.13217e+03	2.03944e+00	0.00000e+00	0.00000e+00	4.70905e+00	0.00000e+00
3.80027e+02	2.74538e+02	2.31551e+03	1.13309e+03	2.04506e+00	0.00000e+00	0.00000e+00	4.73890e+00	0.00000e+00
3.83885e+02	2.74643e+02	2.31311e+03	1.13401e+03	2.05065e+00	0.00000e+00	0.00000e+00	4.76870e+00	0.00000e+00
3.87744e+02	2.74748e+02	2.31071e+03	1.13493e+03	2.05621e+00	0.00000e+00	0.00000e+00	4.79846e+00	0.00000e+00
3.91603e+02	2.74854e+02	2.30832e+03	1.13584e+03	2.06174e+00	0.00000e+00	0.00000e+00	4.82818e+00	0.00000e+00
3.95461e+02	2.74960e+02	2.30593e+03	1.13675e+03	2.06724e+00	0.00000e+00	0.00000e+00	4.85785e+00	0.00000e+00
3.99320e+02	2.75065e+02	2.30355e+03	1.13765e+03	2.07271e+00	0.00000e+00	0.00000e+00	4.88748e+00	0.00000e+00
4.03178e+02	2.75171e+02	2.30117e+03	1.13854e+03	2.07816e+00	0.00000e+00	0.00000e+00	4.91707e+00	0.00000e+00
4.07037e+02	2.75278e+02	2.29879e+03	1.13943e+03	2.08358e+00	0.00000e+00	0.00000e+00	4.94661e+00	0.00000e+00
4.10896e+02	2.75384e+02	2.29641e+03	1.14032e+03	2.08897e+00	0.00000e+00	0.00000e+00	4.97612e+00	0.00000e+00
4.14754e+02	2.75490e+02	2.29403e+03	1.14120e+03	2.09434e+00	0.00000e+00	0.00000e+00	5.00558e+00	0.00000e+00
4.18613e+02	2.75597e+02	2.29166e+03	1.14208e+03	2.09967e+00	0.00000e+00	0.00000e+00	5.03500e+00	0.00000e+00
4.22472e+02	2.75704e+02	2.28929e+03	1.14295e+03	2.10499e+00	0.00000e+00	0.00000e+00	5.06439e+00	0.00000e+00
4.26330e+02	2.75811e+02	2.28693e+03	1.14382e+03	2.11027e+00	0.00000e+00	0.00000e+00	5.09373e+00	0.00000e+00
4.30189e+02	2.75918e+02	2.28457e+03	1.14468e+03	2.11554e+00	0.00000e+00	0.00000e+00	5.12303e+00	0.00000e+00
4.34047e+02	2.76025e+02	2.28221e+03	1.14554e+03	2.12077e+00	0.00000e+00	0.00000e+00	5.15229e+00	0.00000e+00
4.37906e+02	2.76132e+02	2.27985e+03	1.14640e+03	2.12599e+00	0.00000e+00	0.00000e+00	5.18152e+00	0.00000e+00
4.41765e+02	2.76239e+02	2.27750e+03	1.14725e+03	2.13117e+00	0.00000e+00	0.00000e+00	5.21070e+00	0.00000e+00
4.45623e+02	2.76347e+02	2.27515e+03	1.14810e+03	2.13634e+00	0.00000e+00	0.00000e+00	5.23985e+00	0.00000e+00
4.49482e+02	2.76454e+02	2.27280e+03	1.14894e+03	2.14148e+00	0.00000e+00	0.00000e+00	5.26896e+00	0.00000e+00
4.53341e+02	2.76562e+02	2.27045e+03	1.14978e+03	2.14659e+00	0.00000e+00	0.00000e+00	5.29803e+00	0.00000e+00
4.57199e+02	2.76670e+02	2.26811e+03	1.15062e+03	2.15168e+00	0.00000e+00	0.00000e+00	5.32706e+00	0.00000e+00
4.61058e+02	2.76777e+02	2.26577e+03	1.15145e+03	2.15675e+00	0.00000e+00	0.00000e+00	5.35606e+00	0.00000e+00
4.64916e+02	2.76885e+02	2.26344e+03	1.15228e+03	2.16180e+00	0.00000e+00	0.00000e+00	5.38503e+00	0.00000e+00
4.68775e+02	2.76993e+02	2.26110e+03	1.15310e+03	2.16682e+00	0.00000e+00	0.00000e+00	5.41396e+00	0.00000e+00
4.72634e+02	2.77102e+02	2.25877e+03	1.15392e+03	2.17183e+00	0.00000e+00	0.00000e+00	5.44285e+00	0.00000e+00
4.76492e+02	2.77210e+02	2.25644e+03	1.15474e+03	2.17681e+00	0.00000e+00	0.00000e+00	5.47171e+00	0.00000e+00
4.80351e+02	2.77318e+02	2.25412e+03	1.15555e+03	2.18177e+00	0.00000e+00	0.00000e+00	5.50053e+00	0.00000e+00
4.84210e+02	2.77426e+02	2.25180e+03	1.15636e+03	2.18670e+00	0.00000e+00	0.00000e+00	5.52932e+00	0.00000e+00
4.88068e+02	2.77535e+02	2.24948e+03	1.15716e+03	2.19162e+00	0.00000e+00	0.00000e+00	5.55808e+00	0.00000e+00
4.91927e+02	2.77643e+02	2.24716e+03	1.15796e+03	2.19651e+00	0.00000e+00	0.00000e+00	5.58680e+00	0.00000e+00
4.95785e+02	2.77751e+02	2.24484e+03	1.15876e+03	2.20139e+00	0.00000e+00	0.00000e+00	5.61550e+00	0.00000e+00
4.99644e+02	2.77860e+02	2.24253e+03	1.15956e+03	2.20624e+00	0.00000e+00	0.00000e+00	5.64416e+00	0.00000e+00
5.03503e+02	2.77969e+02	2.24022e+03	1.16035e+03	2.21108e+00	0.00000e+00	0.00000e+00	5.67279e+00	0.00000e+00
5.07361e+02	2.78077e+02	2.23792e+03	1.16114e+03	2.21589e+00	0.00000e+00	0.00000e+00	5.70139e+00	0.00000e+00
5.11220e+02	2.78186e+02	2.23561e+03	1.16192e+03	2.22069e+00	0.00000e+00	0.00000e+00	5.72995e+00	0.00000e+00
5.15079e+02	2.78295e+02	2.23331e+03	1.16270e+03	2.22546e+00	0.00000e+00	0.00000e+00	5.75849e+00	0.00000e+00
5.18937e+02	2.78403e+02	2.23102e+03	1.16348e+03	2.23022e+00	0.00000e+00	0.00000e+00	5.78700e+00	0.00000e+00
5.22796e+02	2.78512e+02	2.22872e+03	1.16425e+03	2.23496e+00	0.00000e+00	0.00000e+00	5.81548e+00	0.00000e+00
5.26654e+02	2.78621e+02	2.22643e+03	1.16502e+03	2.23968e+00	0.00000e+00	0.00000e+00	5.84393e+00	0.00000e+00
5.30513e+02	2.78730e+02	2.22414e+03	1.16579e+03	2.24438e+00	0.00000e+00	0.00000e+00	5.87236e+00	0.00000e+00
5.34372e+02	2.78839e+02	2.22185e+03	1.16656e+03	2.24906e+00	0.00000e+00	0.00000e+00	5.90075e+00	0.00000e+00
5.38230e+02	2.78948e+02	2.21957e+03	1.16732e+03	2.25372e+00	0.00000e+00	0.00000e+00	5.92912e+00	0.00000e+00
5.42089e+02	2.79057e+02	2.21728e+03	1.16807e+03	2.25837e+00	0.00000e+00	0.00000e+00	5.95746e+00	0.00000e+00
5.45948e+02	2.79166e+02	2.21500e+03	1.16883e+03	2.26300e+00	0.00000e+00	0.00000e+00	5.98578e+00	0.00000e+00
5.49806e+02	2.79275e+02	2.21273e+03	1.16958e+03	2.26761e+00	0.00000e+00	0.00000e+00	6.01406e+00	0.00000e+00
5.53665e+02	2.79384e+02	2.21045e+03	1.17033e+03	2.27221e+00	0.00000e+00	0.00000e+00	6.04233e+00	0.00000e+00
5.57523e+02	2.79493e+02	2.20818e+03	1.17108e+03	2.27678e+00	0.00000e+00	0.00000e+00	6.07057e+00	0.00000e+00
5.61382e+02	2.79602e+02	2.20591e+03	1.17182e+03	2.28135e+00	0.00000e+00	0.00000e+00	6.09878e+00	0.00000e+00
5.65241e+02	2.79711e+02	2.20365e+03	1.17256e+03	2.28589e+00	0.00000e+00	0.00000e+00	6.12697e+00	0.00000e+00
5.69099e+02	2.79820e+02	2.20138e+03	1.17330e+03	2.29042e+00	0.00000e+00	0.00000e+00	6.15513e+00	0.00000e+00
5.72958e+02	2.79929e+02	2.19912e+03	1.17403e+03	2.29493e+00	0.00000e+00	0.00000e+00	6.18327e+00	0.00000e+00
5.76817e+02	2.80038e+02	2.19686e+03	1.17476e+03	2.29943e+00	0.00000e+00	0.00000e+00	6.21139e+00	0.00000e+00
5.80675e+02	2.80147e+02	2.19461e+03	1.17549e+03	2.30391e+00	0.00000e+00	0.00000e+00	6.23949e+00	0.00000e+00
5.84534e+02	2.80256e+02	2.19235e+03	1.17622e+03	2.30837e+00	0.00000e+00	0.00000e+00	6.26756e+00	0.00000e+00
5.88392e+02	2.80365e+02	2.19010e+03	1.17694e+03	2.31282e+00	0.00000e+00	0.00000e+00	6.29561e+00	0.00000e+00
5.92251e+02	2.80474e+02	2.18786e+03	1.17766e+03	2.31726e+00	0.00000e+00	0.00000e+00	6.32364e+00	0.00000e+00
5.96110e+02	2.80583e+02	2.18561e+03	1.17838e+03	2.32167e+00	0.00000e+00	0.00000e+00	6.35165e+00	0.00000e+00
5.99968e+02	2.80692e+02	2.18337e+03	1.17909e+03	2.32608e+00	0.00000e+00	0.00000e+00	6.37963e+00	0.00000e+00
6.03827e+02	2.80801e+02	2.18113e+03	1.17980e+03	2.33047e+00	0.00000e+00	0.00000e+00	6.40760e+00	0.00000e+00
6.07686e+02	2.80910e+02	2.17889e+03	1.18051e+03	2.33484e+00	0.00000e+00	0.00000e+00	6.43554e+00	0.00000e+00
6.11544e+02	2.81019e+02	2.17665e+03	1.18122e+03	2.33920e+00	0.00000e+00	0.00000e+00	6.46347e+00	0.00000e+00
6.15403e+02	2.81128e+02	2.17442e+03	1.18192e+03	2.34355e+00	0.00000e+00	0.00000e+00	6.49137e+00	0.00000e+00
6.19261e+02	2.81236e+02	2.17219e+03	1.18262e+03	2.34788e+00	0.00000e+00	0.00000e+00	6.51926e+00	0.00000e+00
6.23120e+02	2.81345e+02	2.16996e+03	1.18332e+03	2.35220e+00	0.00000e+00	0.00000e+00	6.54713e+00	0.00000e+00
6.26979e+02	2.81454e+02	2.16774e+03	1.18402e+03	2.35650e+00	0.00000e+00	0.00000e+00	6.57498e+00	0.00000e+00
6.30837e+02	2.81563e+02	2.16551e+03	1.18471e+03	2.36079e+00	0.00000e+00	0.00000e+00	6.60281e+00	0.00000e+00
6.34696e+02	2.81672e+02	2.16329e+03	1.18540e+03	2.36507e+00	0.00000e+00	0.00000e+00	6.63062e+00	0.00000e+00
6.38554e+02	2.81781e+02	2.16108e+03	1.18609e+03	2.36934e+00	0.00000e+00	0.00000e+00	6.65842e+00	0.00000e+00
6.42413e+02	2.81889e+02	2.15886e+03	1.18678e+03	2.37359e+00	0.00000e+00	0.00000e+00	6.68619e+00	0.00000e+00
6.46272e+02	2.81998e+02	2.15665e+03	1.18746e+03	2.37782e+00	0.00000e+00	0.00000e+00	6.71395e+00	0.00000e+00
6.50130e+02	2.82107e+02	2.15444e+03	1.18814e+03	2.38205e+00	0.00000e+00	0.00000e+00	6.74170e+00	0.00000e+00
6.53989e+02	2.82216e+02	2.15223e+03	1.18882e+03	2.38626e+00	0.00000e+00	0.00000e+00	6.76942e+00	0.00000e+00
6.57848e+02	2.82324e+02	2.15003e+03	1.18950e+03	2.39046e+00	0.00000e+00	0.00000e+00	6.79714e+00	0.00000e+00
6.61706e+02	2.82433e+02	2.14782e+03	1.19017e+03	2.39465e+00	0.00000e+00	0.00000e+00	6.82483e+00	0.00000e+00
6.65565e+02	2.82541e+02	2.14562e+03	1.19084e+03	2.39882e+00	0.00000e+00	0.00000e+00	6.85251e+00	0.00000e+00
6.69423e+02	2.82650e+02	2.14342e+03	1.19151e+03	2.40298e+00	0.00000e+00	0.00000e+00	6.88017e+00	0.00000e+00
6.73282e+02	2.82758e+02	2.14123e+03	1.19218e+03	2.40713e+00	0.00000e+00	0.00000e+00	6.90782e+00	0.00000e+00
6.77141e+02	2.82867e+02	2.13904e+03	1.19284e+03	2.41127e+00	0.00000e+00	0.00000e+00	6.93546e+00	0.00000e+00
6.80999e+02	2.82975e+02	2.13684e+03	1.19351e+03	2.41539e+00	0.00000e+00	0.00000e+00	6.96307e+00	0.00000e+00
6.84858e+02	2.83084e+02	2.13466e+03	1.19417e+03	2.41951e+00	0.00000e+00	0.00000e+00	6.99068e+00	0.00000e+00
6.88717e+02	2.83192e+02	2.13247e+03	1.19483e+03	2.42361e+00	0.00000e+00	0.00000e+00	7.01827e+00	0.00000e+00
6.92575e+02	2.83300e+02	2.13029e+03	1.19548e+03	2.42770e+00	0.00000e+00	0.00000e+00	7.04585e+00	0.00000e+00
6.96434e+02	2.83408e+02	2.12811e+03	1.19613e+03	2.43178e+00	0.00000e+00	0.00000e+00	7.07341e+00	0.00000e+00
7.00292e+02	2.83517e+02	2.12593e+03	1.19679e+03	2.43585e+00	0.00000e+00	0.00000e+00	7.10096e+00	0.00000e+00
7.04151e+02	2.83625e+02	2.12375e+03	1.19744e+03	2.43990e+00	0.00000e+00	0.00000e+00	7.12849e+00	0.00000e+00
7.08010e+02	2.83733e+02	2.12158e+03	1.19808e+03	2.44395e+00	0.00000e+00	0.00000e+00	7.15602e+00	0.00000e+00
7.11868e+02	2.83841e+02	2.11941e+03	1.19873e+03	2.44798e+00	0.00000e+00	0.00000e+00	7.18353e+00	0.00000e+00
7.15727e+02	2.83949e+02	2.11724e+03	1.19937e+03	2.45201e+00	0.00000e+00	0.00000e+00	7.21102e+00	0.00000e+00
7.19586e+02	2.84057e+02	2.11507e+03	1.20001e+03	2.45602e+00	0.00000e+00	0.00000e+00	7.23851e+00	0.00000e+00
7.23444e+02	2.84165e+02	2.11291e+03	1.20065e+03	2.46002e+00	0.00000e+00	0.00000e+00	7.26598e+00	0.00000e+00
7.27303e+02	2.84272e+02	2.11075e+03	1.20129e+03	2.46401e+00	0.00000e+00	0.00000e+00	7.29344e+00	0.00000e+00
7.31161e+02	2.84380e+02	2.10859e+03	1.20192e+03	2.46799e+00	0.00000e+00	0.00000e+00	7.32089e+00	0.00000e+00
7.35020e+02	2.84488e+02	2.10643e+03	1.20255e+03	2.47196e+00	0.00000e+00	0.00000e+00	7.34833e+00	0.00000e+00
7.38879e+02	2.84595e+02	2.10428e+03	2.74907e+03	7.31468e+00	4.01593e+00	2.41751e+13	8.79738e+01	4.43363e+01
9.65634e+02	2.87542e+02	2.04890e+03	2.74907e+03	7.33347e+00	4.02212e+00	3.15318e+13	8.89007e+01	4.46505e+01
1.19239e+03	2.90409e+02	1.99353e+03	2.76005e+03	7.36112e+00	4.02484e+00	4.08128e+13	9.02670e+01	4.48726e+01
1.42005e+03	2.93199e+02	1.93815e+03	2.77003e+03	7.33285e+00	4.00458e+00	5.25595e+13	9.00476e+01	4.45856e+01
1.64853e+03	2.95909e+02	1.88277e+03	2.78021e+03	7.34488e+00	4.00066e+00	6.73476e+13	9.09759e+01	4.46561e+01
1.87786e+03	2.98541e+02	1.82740e+03	2.79008e+03	7.34417e+00	3.99191e+00	8.58858e+13	9.15304e+01	4.46183e+01
2.10800e+03	3.01095e+02	1.77202e+03	2.79995e+03	7.33688e+00	3.98082e+00	1.09020e+14	9.18823e+01	4.45266e+01
2.33895e+03	3.03569e+02	1.71665e+03	2.80979e+03	7.34328e+00	3.97530e+00	1.37773e+14	9.26290e+01	4.45564e+01
2.57071e+03	3.05966e+02	1.66127e+03	2.81948e+03	7.35031e+00	3.97022e+00	1.73366e+14	9.33893e+01	4.45942e+01
2.80327e+03	3.08283e+02	1.60590e+03	2.82910e+03	7.35794e+00	3.96557e+00	2.17253e+14	9.41637e+01	4.46400e+01
3.03663e+03	3.10523e+02	1.55052e+03	2.83866e+03	7.37003e+00	3.96279e+00	2.71165e+14	9.50682e+01	4.47260e+01
3.27078e+03	3.12683e+02	1.49514e+03	2.84812e+03	7.34803e+00	3.94856e+00	3.37149e+14	9.48977e+01	4.45536e+01
3.50570e+03	3.14765e+02	1.43977e+03	2.85751e+03	7.25264e+00	3.95092e+00	4.17624e+14	9.13903e+01	4.48764e+01
3.74140e+03	3.16769e+02	1.38439e+03	2.87488e+03	7.32134e+00	3.97188e+00	5.15434e+14	9.39460e+01	4.55077e+01
3.97853e+03	3.18694e+02	1.32902e+03	2.88465e+03	7.33769e+00	3.97299e+00	6.34647e+14	9.49086e+01	4.56671e+01
4.21647e+03	3.20540e+02	1.27364e+03	2.89275e+03	7.34132e+00	3.96865e+00	7.78762e+14	9.54657e+01	4.57057e+01
4.45508e+03	3.22308e+02	1.21827e+03	2.90181e+03	7.34137e+00	3.96347e+00	9.52222e+14	9.59177e+01	4.57283e+01
4.69443e+03	3.23997e+02	1.16289e+03	2.91093e+03	7.34587e+00	3.96033e+00	1.16047e+15	9.65049e+01	4.57981e+01
4.93454e+03	3.25608e+02	1.10751e+03	2.92001e+03	7.35468e+00	3.95891e+00	1.40973e+15	9.72109e+01	4.58995e+01
5.17539e+03	3.27140e+02	1.05214e+03	2.92857e+03	7.37395e+00	3.96130e+00	1.70719e+15	9.82516e+01	4.60876e+01
5.41695e+03	3.28593e+02	9.96763e+02	2.93704e+03	7.39818e+00	3.96546e+00	2.06099e+15	9.94576e+01	4.63166e+01
5.65921e+03	3.29968e+02	9.41387e+02	2.94544e+03	7.42648e+00	3.97111e+00	2.48057e+15	1.00800e+02	4.65794e+01
5.90217e+03	3.31264e+02	8.86012e+02	2.95372e+03	7.45554e+00	3.97703e+00	2.97671e+15	1.02174e+02	4.68479e+01
6.14580e+03	3.32482e+02	8.30636e+02	2.96191e+03	7.48545e+00	3.98325e+00	3.56169e+15	1.03584e+02	4.71227e+01
6.39011e+03	3.33621e+02	7.75260e+02	2.96999e+03	7.52145e+00	3.99212e+00	4.24948e+15	1.05139e+02	4.74368e+01
6.63509e+03	3.34682e+02	7.19885e+02	2.97652e+03	7.55318e+00	3.99976e+00	5.05589e+15	1.06614e+02	4.77502e+01
6.88061e+03	3.35664e+02	6.64509e+02	2.98474e+03	7.59684e+00	4.01158e+00	5.99799e+15	1.08715e+02	4.82554e+01
7.12680e+03	3.36568e+02	6.09133e+02	2.99855e+03	7.64954e+00	4.02679e+00	7.09668e+15	1.11286e+02	4.89085e+01
7.37413e+03	3.37393e+02	5.53757e+02	3.01625e+03	7.67330e+00	4.03207e+00	8.37859e+15	1.12379e+02	4.91090e+01
7.62293e+03	3.38139e+02	4.98382e+02	3.02066e+03	7.72147e+00	4.04334e+00	9.87362e+15	1.15059e+02	4.97327e+01
7.87208e+03	3.38807e+02	4.43006e+02	3.04201e+03	7.77505e+00	4.09484e+00	1.16012e+16	1.16507e+02	5.12825e+01
8.12300e+03	3.39396e+02	3.87630e+02	3.05838e+03	7.84220e+00	4.13778e+00	1.36087e+16	1.19171e+02	5.27608e+01
8.37527e+03	3.39907e+02	3.32254e+02	3.08160e+03	7.90876e+00	4.18033e+00	1.59300e+16	1.21810e+02	5.42354e+01
8.62946e+03	3.40339e+02	2.76879e+02	3.10358e+03	7.96516e+00	4.21315e+00	1.86150e+16	1.24161e+02	5.54084e+01
8.88545e+03	3.40692e+02	2.21503e+02	3.12149e+03	8.01415e+00	4.23895e+00	2.17101e+16	1.26298e+02	5.63574e+01
9.14293e+03	3.40967e+02	1.66127e+02	3.13642e+03	8.06376e+00	4.26552e+00	2.52609e+16	1.28465e+02	5.73384e+01
9.40163e+03	3.41164e+02	1.10751e+02	3.15138e+03	8.10574e+00	4.28483e+00	2.93169e+16	1.30406e+02	5.80799e+01
9.66157e+03	3.41282e+02	5.53757e+01	3.16342e+03	8.14294e+00	4.29963e+00	3.39343e+16	1.32211e+02	5.86713e+01
9.92250e+03	NaN	0.00000e+00	3.17369e+03	NaN	NaN	NaN	NaN	NaN
