P (MPa)		T (K)		r (km)		rho (kg m-3)	VP (km s-1)	VS (km s-1)	QS/gamma	KS (GPa)	GS (GPa)	
0.00000e+00	9.40000e+01	2.57470e+03	9.32589e+02	3.87821e+00	1.96165e+00	1.57135e+05	9.24000e+00	3.58800e+00
1.83114e+00	1.10472e+02	2.57325e+03	9.32589e+02	3.88057e+00	1.96313e+00	2.42058e+04	9.24603e+00	3.59193e+00
3.66228e+00	1.29831e+02	2.57180e+03	9.32761e+02	3.88352e+00	1.96491e+00	4.92826e+03	9.25205e+00	3.59585e+00
5.49342e+00	1.52583e+02	2.57035e+03	9.32931e+02	3.88738e+00	1.96714e+00	1.27214e+03	9.25805e+00	3.59977e+00
7.32456e+00	1.79321e+02	2.56890e+03	9.33101e+02	3.89268e+00	1.97011e+00	4.01861e+02	9.26403e+00	3.60368e+00
9.15570e+00	2.10745e+02	2.56746e+03	9.33270e+02	3.90016e+00	1.97418e+00	1.50744e+02	9.27000e+00	3.60758e+00
1.09868e+01	2.47675e+02	2.56601e+03	9.33438e+02	3.91053e+00	1.97972e+00	6.54484e+01	9.27594e+00	3.61148e+00
1.28180e+01	2.47705e+02	2.56456e+03	9.33606e+02	3.91166e+00	1.98057e+00	6.54107e+01	9.28187e+00	3.61537e+00
1.46491e+01	2.47735e+02	2.56312e+03	9.33772e+02	3.91278e+00	1.98143e+00	6.53727e+01	9.28778e+00	3.61925e+00
1.64803e+01	2.47766e+02	2.56167e+03	9.33938e+02	3.91389e+00	1.98228e+00	6.53344e+01	9.29368e+00	3.62313e+00
1.83114e+01	2.47796e+02	2.56023e+03	9.34103e+02	3.91501e+00	1.98312e+00	6.52957e+01	9.29956e+00	3.62700e+00
2.01425e+01	2.47828e+02	2.55879e+03	9.34266e+02	3.91611e+00	1.98397e+00	6.52566e+01	9.30542e+00	3.63086e+00
2.19737e+01	2.47859e+02	2.55734e+03	9.34429e+02	3.91722e+00	1.98481e+00	6.52172e+01	9.31126e+00	3.63472e+00
2.38048e+01	2.47891e+02	2.55590e+03	9.34590e+02	3.91832e+00	1.98565e+00	6.51775e+01	9.31708e+00	3.63857e+00
2.56360e+01	2.47923e+02	2.55446e+03	9.34750e+02	3.91942e+00	1.98649e+00	6.51373e+01	9.32289e+00	3.64241e+00
2.74671e+01	2.47955e+02	2.55302e+03	9.34909e+02	3.92051e+00	1.98733e+00	6.50969e+01	9.32868e+00	3.64624e+00
2.92983e+01	2.47988e+02	2.55158e+03	9.35066e+02	3.92160e+00	1.98816e+00	6.50560e+01	9.33445e+00	3.65007e+00
3.11294e+01	2.48021e+02	2.55014e+03	9.35223e+02	3.92268e+00	1.98899e+00	6.50148e+01	9.34021e+00	3.65390e+00
3.29605e+01	2.48055e+02	2.54870e+03	9.35378e+02	3.92376e+00	1.98982e+00	6.49732e+01	9.34595e+00	3.65771e+00
3.47917e+01	2.48088e+02	2.54726e+03	9.35531e+02	3.92484e+00	1.99065e+00	6.49313e+01	9.35167e+00	3.66152e+00
3.66228e+01	2.48122e+02	2.54583e+03	9.35683e+02	3.92591e+00	1.99147e+00	6.48889e+01	9.35737e+00	3.66532e+00
3.84540e+01	2.48157e+02	2.54439e+03	9.35833e+02	3.92698e+00	1.99229e+00	6.48462e+01	9.36305e+00	3.66912e+00
4.02851e+01	2.48191e+02	2.54295e+03	9.35982e+02	3.92805e+00	1.99311e+00	6.48031e+01	9.36872e+00	3.67291e+00
4.21162e+01	2.48226e+02	2.54152e+03	9.36129e+02	3.92911e+00	1.99393e+00	6.47597e+01	9.37437e+00	3.67669e+00
4.39474e+01	2.48262e+02	2.54008e+03	9.36275e+02	3.93017e+00	1.99475e+00	6.47158e+01	9.38000e+00	3.68047e+00
4.57785e+01	2.48298e+02	2.53865e+03	9.36418e+02	3.93123e+00	1.99556e+00	6.46715e+01	9.38562e+00	3.68424e+00
4.76097e+01	2.48334e+02	2.53722e+03	9.36560e+02	3.93228e+00	1.99638e+00	6.46269e+01	9.39122e+00	3.68800e+00
4.94408e+01	2.48370e+02	2.53578e+03	9.36700e+02	3.93333e+00	1.99719e+00	6.45818e+01	9.39680e+00	3.69175e+00
5.12719e+01	2.48407e+02	2.53435e+03	9.36838e+02	3.93438e+00	1.99800e+00	6.45363e+01	9.40236e+00	3.69550e+00
5.31031e+01	2.48444e+02	2.53292e+03	9.36974e+02	3.93542e+00	1.99880e+00	6.44905e+01	9.40791e+00	3.69925e+00
5.49342e+01	2.48482e+02	2.53149e+03	9.37108e+02	3.93646e+00	1.99961e+00	6.44442e+01	9.41344e+00	3.70298e+00
5.67654e+01	2.48520e+02	2.53006e+03	9.37240e+02	3.93750e+00	2.00041e+00	6.43975e+01	9.41895e+00	3.70671e+00
5.85965e+01	2.48558e+02	2.52863e+03	9.37369e+02	3.93853e+00	2.00121e+00	6.43504e+01	9.42444e+00	3.71043e+00
6.04276e+01	2.48597e+02	2.52720e+03	9.37497e+02	3.93957e+00	2.00201e+00	6.43029e+01	9.42992e+00	3.71415e+00
6.22588e+01	2.48636e+02	2.52577e+03	9.37621e+02	3.94059e+00	2.00281e+00	6.42550e+01	9.43538e+00	3.71786e+00
6.40899e+01	2.48675e+02	2.52435e+03	9.37744e+02	3.94162e+00	2.00360e+00	6.42066e+01	9.44082e+00	3.72156e+00
6.59211e+01	2.48715e+02	2.52292e+03	9.37864e+02	3.94264e+00	2.00440e+00	6.41578e+01	9.44624e+00	3.72525e+00
6.77522e+01	2.48756e+02	2.52149e+03	9.37981e+02	3.94366e+00	2.00519e+00	6.41086e+01	9.45165e+00	3.72894e+00
6.95833e+01	2.48796e+02	2.52007e+03	9.38096e+02	3.94468e+00	2.00598e+00	6.40589e+01	9.45704e+00	3.73262e+00
7.14145e+01	2.48837e+02	2.51864e+03	9.38208e+02	3.94569e+00	2.00677e+00	6.40088e+01	9.46241e+00	3.73630e+00
7.32456e+01	2.48879e+02	2.51722e+03	9.38318e+02	3.94670e+00	2.00756e+00	6.39583e+01	9.46776e+00	3.73997e+00
7.50768e+01	2.48921e+02	2.51579e+03	9.38424e+02	3.94771e+00	2.00834e+00	6.39073e+01	9.47310e+00	3.74363e+00
7.69079e+01	2.48963e+02	2.51437e+03	9.38528e+02	3.94871e+00	2.00913e+00	6.38559e+01	9.47842e+00	3.74728e+00
7.87390e+01	2.49006e+02	2.51295e+03	9.38628e+02	3.94972e+00	2.00991e+00	6.38040e+01	9.48372e+00	3.75093e+00
8.05702e+01	2.49049e+02	2.51153e+03	9.38726e+02	3.95072e+00	2.01069e+00	6.37517e+01	9.48900e+00	3.75457e+00
8.24013e+01	2.49092e+02	2.51010e+03	9.38820e+02	3.95172e+00	2.01147e+00	6.36989e+01	9.49427e+00	3.75821e+00
8.42325e+01	2.49136e+02	2.50868e+03	9.38911e+02	3.95271e+00	2.01225e+00	6.36456e+01	9.49952e+00	3.76184e+00
8.60636e+01	2.49181e+02	2.50726e+03	9.38999e+02	3.95371e+00	2.01303e+00	6.35919e+01	9.50475e+00	3.76546e+00
8.78948e+01	2.49226e+02	2.50584e+03	9.39083e+02	3.95470e+00	2.01380e+00	6.35377e+01	9.50997e+00	3.76907e+00
8.97259e+01	2.49271e+02	2.50442e+03	9.39164e+02	3.95568e+00	2.01458e+00	6.34831e+01	9.51516e+00	3.77268e+00
9.15570e+01	2.49317e+02	2.50301e+03	9.39241e+02	3.95667e+00	2.01535e+00	6.34279e+01	9.52034e+00	3.77628e+00
9.33882e+01	2.49363e+02	2.50159e+03	9.39314e+02	3.95765e+00	2.01612e+00	6.33723e+01	9.52551e+00	3.77988e+00
9.52193e+01	2.49410e+02	2.50017e+03	9.39384e+02	3.95864e+00	2.01689e+00	6.33162e+01	9.53065e+00	3.78346e+00
9.70505e+01	2.49457e+02	2.49875e+03	9.39450e+02	3.95961e+00	2.01766e+00	6.32596e+01	9.53578e+00	3.78705e+00
9.88816e+01	2.49505e+02	2.49734e+03	9.39511e+02	3.96059e+00	2.01842e+00	6.32026e+01	9.54089e+00	3.79062e+00
1.00713e+02	2.49553e+02	2.49592e+03	9.39569e+02	3.96157e+00	2.01919e+00	6.31450e+01	9.54598e+00	3.79419e+00
1.02544e+02	2.49601e+02	2.49451e+03	9.39623e+02	3.96254e+00	2.01995e+00	6.30869e+01	9.55106e+00	3.79775e+00
1.04375e+02	2.49650e+02	2.49309e+03	9.39672e+02	3.96351e+00	2.02072e+00	6.30284e+01	9.55611e+00	3.80130e+00
1.06206e+02	2.49700e+02	2.49168e+03	9.39717e+02	3.96448e+00	2.02148e+00	6.29693e+01	9.56115e+00	3.80485e+00
1.08037e+02	2.49750e+02	2.49026e+03	9.39757e+02	3.96545e+00	2.02224e+00	6.29097e+01	9.56618e+00	3.80839e+00
1.09868e+02	2.49801e+02	2.48885e+03	9.39793e+02	3.96641e+00	2.02300e+00	6.28496e+01	9.57118e+00	3.81193e+00
1.11700e+02	2.49852e+02	2.48744e+03	9.39824e+02	3.96737e+00	2.02376e+00	6.27890e+01	9.57617e+00	3.81545e+00
1.13531e+02	2.49903e+02	2.48603e+03	9.39851e+02	3.96833e+00	2.02451e+00	6.27279e+01	9.58114e+00	3.81897e+00
1.15362e+02	2.49955e+02	2.48462e+03	9.39872e+02	3.96929e+00	2.02527e+00	6.26663e+01	9.58609e+00	3.82249e+00
1.17193e+02	2.50008e+02	2.48321e+03	9.39888e+02	3.97025e+00	2.02602e+00	6.26041e+01	9.59103e+00	3.82600e+00
1.19024e+02	2.50061e+02	2.48179e+03	9.39900e+02	3.97120e+00	2.02678e+00	6.25414e+01	9.59595e+00	3.82950e+00
1.20855e+02	2.50115e+02	2.48038e+03	9.39906e+02	3.97216e+00	2.02753e+00	6.24782e+01	9.60085e+00	3.83299e+00
1.22686e+02	2.50169e+02	2.47898e+03	9.39907e+02	3.97311e+00	2.02828e+00	6.24144e+01	9.60573e+00	3.83648e+00
1.24518e+02	2.50224e+02	2.47757e+03	9.39902e+02	3.97406e+00	2.02903e+00	6.23501e+01	9.61060e+00	3.83996e+00
1.26349e+02	2.50279e+02	2.47616e+03	9.39892e+02	3.97500e+00	2.02978e+00	6.22852e+01	9.61544e+00	3.84343e+00
1.28180e+02	2.50335e+02	2.47475e+03	9.39877e+02	3.97595e+00	2.03052e+00	6.22198e+01	9.62028e+00	3.84690e+00
1.30011e+02	2.50391e+02	2.47334e+03	9.39855e+02	3.97689e+00	2.03127e+00	6.21539e+01	9.62509e+00	3.85036e+00
1.31842e+02	2.50448e+02	2.47193e+03	9.39828e+02	3.97784e+00	2.03202e+00	6.20874e+01	9.62988e+00	3.85381e+00
1.33673e+02	2.50506e+02	2.47053e+03	9.39795e+02	3.97878e+00	2.03276e+00	6.20203e+01	9.63466e+00	3.85726e+00
1.35504e+02	2.50564e+02	2.46912e+03	9.39756e+02	3.97972e+00	2.03350e+00	6.19526e+01	9.63942e+00	3.86070e+00
1.37336e+02	2.50622e+02	2.46772e+03	9.39710e+02	3.98065e+00	2.03425e+00	6.18844e+01	9.64417e+00	3.86414e+00
1.39167e+02	2.50682e+02	2.46631e+03	9.39659e+02	3.98159e+00	2.03499e+00	6.18157e+01	9.64889e+00	3.86756e+00
1.40998e+02	2.50741e+02	2.46490e+03	9.39601e+02	3.98252e+00	2.03573e+00	6.17463e+01	9.65360e+00	3.87098e+00
1.42829e+02	2.50802e+02	2.46350e+03	9.39537e+02	3.98346e+00	2.03647e+00	6.16764e+01	9.65830e+00	3.87440e+00
1.44660e+02	2.50863e+02	2.46210e+03	9.39466e+02	3.98439e+00	2.03720e+00	6.16059e+01	9.66297e+00	3.87780e+00
1.46491e+02	2.50925e+02	2.46069e+03	9.39389e+02	3.98532e+00	2.03794e+00	6.15348e+01	9.66763e+00	3.88120e+00
1.48322e+02	2.50987e+02	2.45929e+03	9.39305e+02	3.98625e+00	2.03868e+00	6.14631e+01	9.67227e+00	3.88460e+00
1.50154e+02	2.51050e+02	2.45788e+03	9.39215e+02	3.98717e+00	2.03941e+00	6.13908e+01	9.67689e+00	3.88798e+00
1.51985e+02	2.51113e+02	2.45648e+03	9.39118e+02	3.98810e+00	2.04015e+00	6.13179e+01	9.68149e+00	3.89136e+00
1.53816e+02	2.51177e+02	2.45508e+03	9.39014e+02	3.98902e+00	2.04088e+00	6.12444e+01	9.68608e+00	3.89474e+00
1.55647e+02	2.51242e+02	2.45368e+03	9.38903e+02	3.98994e+00	2.04161e+00	6.11703e+01	9.69065e+00	3.89810e+00
1.57478e+02	2.51308e+02	2.45228e+03	9.38785e+02	3.99086e+00	2.04234e+00	6.10956e+01	9.69520e+00	3.90146e+00
1.59309e+02	2.51374e+02	2.45087e+03	9.38660e+02	3.99178e+00	2.04307e+00	6.10203e+01	9.69973e+00	3.90482e+00
1.61140e+02	2.51440e+02	2.44947e+03	9.38529e+02	3.99270e+00	2.04380e+00	6.09443e+01	9.70425e+00	3.90816e+00
1.62972e+02	2.51508e+02	2.44807e+03	9.38390e+02	3.99361e+00	2.04453e+00	6.08678e+01	9.70875e+00	3.91150e+00
1.64803e+02	2.51576e+02	2.44667e+03	9.38245e+02	3.99453e+00	2.04526e+00	6.07906e+01	9.71323e+00	3.91484e+00
1.66634e+02	2.51645e+02	2.44527e+03	9.38093e+02	3.99544e+00	2.04599e+00	6.07128e+01	9.71770e+00	3.91816e+00
1.68465e+02	2.51714e+02	2.44387e+03	9.37933e+02	3.99635e+00	2.04671e+00	6.06343e+01	9.72215e+00	3.92148e+00
1.70296e+02	2.51784e+02	2.44247e+03	9.37767e+02	3.99726e+00	2.04744e+00	6.05552e+01	9.72658e+00	3.92480e+00
1.72127e+02	2.51855e+02	2.44107e+03	9.37595e+02	3.99817e+00	2.04816e+00	6.04755e+01	9.73099e+00	3.92810e+00
1.73958e+02	2.51927e+02	2.43967e+03	9.37415e+02	3.99908e+00	2.04889e+00	6.03951e+01	9.73538e+00	3.93140e+00
1.75790e+02	2.51999e+02	2.43827e+03	9.37229e+02	3.99999e+00	2.04961e+00	6.03141e+01	9.73976e+00	3.93469e+00
1.77621e+02	2.52072e+02	2.43687e+03	9.37036e+02	4.00089e+00	2.05033e+00	6.02325e+01	9.74412e+00	3.93798e+00
1.79452e+02	2.52146e+02	2.43547e+03	9.36837e+02	4.00180e+00	2.05105e+00	6.01501e+01	9.74846e+00	3.94126e+00
1.81283e+02	2.55000e+02	2.43408e+03	9.36632e+02	4.00348e+00	2.05217e+00	5.70824e+01	9.75279e+00	3.94453e+00
1.84880e+02	2.55045e+02	2.43170e+03	1.08205e+03	1.66421e+00	0.00000e+00	0.00000e+00	2.99683e+00	0.00000e+00
1.88477e+02	2.55092e+02	2.42932e+03	1.08334e+03	1.67160e+00	0.00000e+00	0.00000e+00	3.02711e+00	0.00000e+00
1.92074e+02	2.55140e+02	2.42695e+03	1.08462e+03	1.67895e+00	0.00000e+00	0.00000e+00	3.05740e+00	0.00000e+00
1.95672e+02	2.55189e+02	2.42459e+03	1.08589e+03	1.68626e+00	0.00000e+00	0.00000e+00	3.08770e+00	0.00000e+00
1.99269e+02	2.55239e+02	2.42222e+03	1.08715e+03	1.69354e+00	0.00000e+00	0.00000e+00	3.11801e+00	0.00000e+00
2.02866e+02	2.55290e+02	2.41987e+03	1.08840e+03	1.70077e+00	0.00000e+00	0.00000e+00	3.14832e+00	0.00000e+00
2.06463e+02	2.55342e+02	2.41751e+03	1.08964e+03	1.70797e+00	0.00000e+00	0.00000e+00	3.17863e+00	0.00000e+00
2.10060e+02	2.55395e+02	2.41516e+03	1.09087e+03	1.71512e+00	0.00000e+00	0.00000e+00	3.20894e+00	0.00000e+00
2.13657e+02	2.55450e+02	2.41281e+03	1.09208e+03	1.72224e+00	0.00000e+00	0.00000e+00	3.23923e+00	0.00000e+00
2.17254e+02	2.55505e+02	2.41047e+03	1.09329e+03	1.72931e+00	0.00000e+00	0.00000e+00	3.26951e+00	0.00000e+00
2.20852e+02	2.55561e+02	2.40812e+03	1.09449e+03	1.73635e+00	0.00000e+00	0.00000e+00	3.29978e+00	0.00000e+00
2.24449e+02	2.55618e+02	2.40579e+03	1.09568e+03	1.74334e+00	0.00000e+00	0.00000e+00	3.33003e+00	0.00000e+00
2.28046e+02	2.55676e+02	2.40345e+03	1.09686e+03	1.75030e+00	0.00000e+00	0.00000e+00	3.36026e+00	0.00000e+00
2.31643e+02	2.55735e+02	2.40112e+03	1.09802e+03	1.75721e+00	0.00000e+00	0.00000e+00	3.39047e+00	0.00000e+00
2.35240e+02	2.55795e+02	2.39880e+03	1.09919e+03	1.76408e+00	0.00000e+00	0.00000e+00	3.42065e+00	0.00000e+00
2.38837e+02	2.55856e+02	2.39647e+03	1.10034e+03	1.77091e+00	0.00000e+00	0.00000e+00	3.45081e+00	0.00000e+00
2.42434e+02	2.55917e+02	2.39415e+03	1.10148e+03	1.77771e+00	0.00000e+00	0.00000e+00	3.48094e+00	0.00000e+00
2.46032e+02	2.55979e+02	2.39183e+03	1.10261e+03	1.78446e+00	0.00000e+00	0.00000e+00	3.51103e+00	0.00000e+00
2.49629e+02	2.56043e+02	2.38952e+03	1.10374e+03	1.79117e+00	0.00000e+00	0.00000e+00	3.54110e+00	0.00000e+00
2.53226e+02	2.56106e+02	2.38721e+03	1.10486e+03	1.79784e+00	0.00000e+00	0.00000e+00	3.57114e+00	0.00000e+00
2.56823e+02	2.56171e+02	2.38490e+03	1.10596e+03	1.80447e+00	0.00000e+00	0.00000e+00	3.60113e+00	0.00000e+00
2.60420e+02	2.56237e+02	2.38260e+03	1.10706e+03	1.81106e+00	0.00000e+00	0.00000e+00	3.63110e+00	0.00000e+00
2.64017e+02	2.56303e+02	2.38030e+03	1.10816e+03	1.81761e+00	0.00000e+00	0.00000e+00	3.66103e+00	0.00000e+00
2.67615e+02	2.56370e+02	2.37800e+03	1.10924e+03	1.82412e+00	0.00000e+00	0.00000e+00	3.69092e+00	0.00000e+00
2.71212e+02	2.56437e+02	2.37571e+03	1.11032e+03	1.83060e+00	0.00000e+00	0.00000e+00	3.72077e+00	0.00000e+00
2.74809e+02	2.56506e+02	2.37342e+03	1.11139e+03	1.83703e+00	0.00000e+00	0.00000e+00	3.75058e+00	0.00000e+00
2.78406e+02	2.56575e+02	2.37113e+03	1.11245e+03	1.84343e+00	0.00000e+00	0.00000e+00	3.78035e+00	0.00000e+00
2.82003e+02	2.56644e+02	2.36884e+03	1.11351e+03	1.84978e+00	0.00000e+00	0.00000e+00	3.81009e+00	0.00000e+00
2.85600e+02	2.56715e+02	2.36656e+03	1.11455e+03	1.85611e+00	0.00000e+00	0.00000e+00	3.83978e+00	0.00000e+00
2.89197e+02	2.56786e+02	2.36428e+03	1.11559e+03	1.86239e+00	0.00000e+00	0.00000e+00	3.86943e+00	0.00000e+00
2.92795e+02	2.56857e+02	2.36201e+03	1.11663e+03	1.86864e+00	0.00000e+00	0.00000e+00	3.89904e+00	0.00000e+00
2.96392e+02	2.56929e+02	2.35973e+03	1.11765e+03	1.87485e+00	0.00000e+00	0.00000e+00	3.92861e+00	0.00000e+00
2.99989e+02	2.57002e+02	2.35746e+03	1.11867e+03	1.88102e+00	0.00000e+00	0.00000e+00	3.95814e+00	0.00000e+00
3.03586e+02	2.57076e+02	2.35520e+03	1.11969e+03	1.88716e+00	0.00000e+00	0.00000e+00	3.98763e+00	0.00000e+00
3.07183e+02	2.57150e+02	2.35293e+03	1.12069e+03	1.89326e+00	0.00000e+00	0.00000e+00	4.01707e+00	0.00000e+00
3.10780e+02	2.57225e+02	2.35067e+03	1.12169e+03	1.89933e+00	0.00000e+00	0.00000e+00	4.04648e+00	0.00000e+00
3.14377e+02	2.57300e+02	2.34842e+03	1.12269e+03	1.90537e+00	0.00000e+00	0.00000e+00	4.07584e+00	0.00000e+00
3.17975e+02	2.57376e+02	2.34616e+03	1.12368e+03	1.91137e+00	0.00000e+00	0.00000e+00	4.10516e+00	0.00000e+00
3.21572e+02	2.57452e+02	2.34391e+03	1.12466e+03	1.91733e+00	0.00000e+00	0.00000e+00	4.13444e+00	0.00000e+00
3.25169e+02	2.57529e+02	2.34166e+03	1.12563e+03	1.92327e+00	0.00000e+00	0.00000e+00	4.16367e+00	0.00000e+00
3.28766e+02	2.57606e+02	2.33942e+03	1.12660e+03	1.92917e+00	0.00000e+00	0.00000e+00	4.19287e+00	0.00000e+00
3.32363e+02	2.57684e+02	2.33717e+03	1.12757e+03	1.93504e+00	0.00000e+00	0.00000e+00	4.22203e+00	0.00000e+00
3.35960e+02	2.57763e+02	2.33493e+03	1.12852e+03	1.94087e+00	0.00000e+00	0.00000e+00	4.25114e+00	0.00000e+00
3.39557e+02	2.57842e+02	2.33270e+03	1.12948e+03	1.94668e+00	0.00000e+00	0.00000e+00	4.28022e+00	0.00000e+00
3.43155e+02	2.57921e+02	2.33046e+03	1.13042e+03	1.95245e+00	0.00000e+00	0.00000e+00	4.30925e+00	0.00000e+00
3.46752e+02	2.58001e+02	2.32823e+03	1.13136e+03	1.95820e+00	0.00000e+00	0.00000e+00	4.33825e+00	0.00000e+00
3.50349e+02	2.58082e+02	2.32600e+03	1.13230e+03	1.96391e+00	0.00000e+00	0.00000e+00	4.36721e+00	0.00000e+00
3.53946e+02	2.58163e+02	2.32377e+03	1.13323e+03	1.96959e+00	0.00000e+00	0.00000e+00	4.39613e+00	0.00000e+00
3.57543e+02	2.58244e+02	2.32155e+03	1.13415e+03	1.97525e+00	0.00000e+00	0.00000e+00	4.42501e+00	0.00000e+00
3.61140e+02	2.58326e+02	2.31933e+03	1.13507e+03	1.98087e+00	0.00000e+00	0.00000e+00	4.45385e+00	0.00000e+00
3.64738e+02	2.58409e+02	2.31711e+03	1.13599e+03	1.98647e+00	0.00000e+00	0.00000e+00	4.48266e+00	0.00000e+00
3.68335e+02	2.58492e+02	2.31490e+03	1.13690e+03	1.99203e+00	0.00000e+00	0.00000e+00	4.51143e+00	0.00000e+00
3.71932e+02	2.58575e+02	2.31268e+03	1.13780e+03	1.99757e+00	0.00000e+00	0.00000e+00	4.54016e+00	0.00000e+00
3.75529e+02	2.58659e+02	2.31048e+03	1.13870e+03	2.00309e+00	0.00000e+00	0.00000e+00	4.56886e+00	0.00000e+00
3.79126e+02	2.58743e+02	2.30827e+03	1.13959e+03	2.00857e+00	0.00000e+00	0.00000e+00	4.59753e+00	0.00000e+00
3.82723e+02	2.58828e+02	2.30606e+03	1.14048e+03	2.01403e+00	0.00000e+00	0.00000e+00	4.62615e+00	0.00000e+00
3.86320e+02	2.58904e+02	2.30404e+03	1.23960e+03	2.36614e+00	0.00000e+00	0.00000e+00	6.66463e+00	0.00000e+00
3.89918e+02	2.59166e+02	2.30201e+03	1.24016e+03	4.18571e+00	2.20879e+00	1.23988e+02	1.36543e+01	6.04769e+00
3.93515e+02	2.59429e+02	2.29999e+03	1.24072e+03	4.18684e+00	2.20888e+00	1.23988e+02	1.36716e+01	6.05093e+00
3.97112e+02	2.59691e+02	2.29796e+03	1.24127e+03	4.18797e+00	2.20897e+00	1.23988e+02	1.36889e+01	6.05416e+00
4.00709e+02	2.59953e+02	2.29594e+03	1.24183e+03	4.18911e+00	2.20907e+00	1.23988e+02	1.37061e+01	6.05740e+00
4.04306e+02	2.60216e+02	2.29392e+03	1.24238e+03	4.19025e+00	2.20917e+00	1.23988e+02	1.37234e+01	6.06064e+00
4.07903e+02	2.60470e+02	2.29191e+03	1.24292e+03	4.19140e+00	2.20927e+00	1.23988e+02	1.37407e+01	6.06388e+00
4.11500e+02	2.60721e+02	2.28989e+03	1.24347e+03	4.19255e+00	2.20937e+00	1.23988e+02	1.37579e+01	6.06711e+00
4.15098e+02	2.60973e+02	2.28787e+03	1.24401e+03	4.19370e+00	2.20948e+00	1.23988e+02	1.37752e+01	6.07035e+00
4.18695e+02	2.61225e+02	2.28586e+03	1.24454e+03	4.19486e+00	2.20959e+00	1.23988e+02	1.37925e+01	6.07359e+00
4.22292e+02	2.61476e+02	2.28385e+03	1.24508e+03	4.19602e+00	2.20970e+00	1.23988e+02	1.38097e+01	6.07683e+00
4.25889e+02	2.61728e+02	2.28184e+03	1.24561e+03	4.19719e+00	2.20982e+00	1.23988e+02	1.38270e+01	6.08006e+00
4.29486e+02	2.61980e+02	2.27983e+03	1.24613e+03	4.19836e+00	2.20993e+00	1.23988e+02	1.38443e+01	6.08330e+00
4.33083e+02	2.62224e+02	2.27782e+03	1.24666e+03	4.19953e+00	2.21005e+00	1.23988e+02	1.38615e+01	6.08654e+00
4.36681e+02	2.62465e+02	2.27581e+03	1.24718e+03	4.20071e+00	2.21018e+00	1.23988e+02	1.38788e+01	6.08978e+00
4.40278e+02	2.62706e+02	2.27381e+03	1.24770e+03	4.20189e+00	2.21030e+00	1.23988e+02	1.38961e+01	6.09301e+00
4.43875e+02	2.62948e+02	2.27180e+03	1.24821e+03	4.20308e+00	2.21043e+00	1.23988e+02	1.39133e+01	6.09625e+00
4.47472e+02	2.63189e+02	2.26980e+03	1.24872e+03	4.20427e+00	2.21056e+00	1.23988e+02	1.39306e+01	6.09949e+00
4.51069e+02	2.63431e+02	2.26780e+03	1.24923e+03	4.20546e+00	2.21070e+00	1.23988e+02	1.39479e+01	6.10272e+00
4.54666e+02	2.63672e+02	2.26580e+03	1.24974e+03	4.20666e+00	2.21083e+00	1.23988e+02	1.39651e+01	6.10596e+00
4.58263e+02	2.63907e+02	2.26380e+03	1.25024e+03	4.20787e+00	2.21097e+00	1.23988e+02	1.39824e+01	6.10920e+00
4.61861e+02	2.64138e+02	2.26181e+03	1.25074e+03	4.20907e+00	2.21111e+00	1.23988e+02	1.39997e+01	6.11244e+00
4.65458e+02	2.64370e+02	2.25981e+03	1.25123e+03	4.21028e+00	2.21126e+00	1.23988e+02	1.40169e+01	6.11567e+00
4.69055e+02	2.64602e+02	2.25782e+03	1.25172e+03	4.21150e+00	2.21140e+00	1.23988e+02	1.40342e+01	6.11891e+00
4.72652e+02	2.64833e+02	2.25583e+03	1.25221e+03	4.21272e+00	2.21155e+00	1.23988e+02	1.40515e+01	6.12215e+00
4.76249e+02	2.65065e+02	2.25384e+03	1.25270e+03	4.21394e+00	2.21171e+00	1.23988e+02	1.40687e+01	6.12539e+00
4.79846e+02	2.65297e+02	2.25185e+03	1.25318e+03	4.21517e+00	2.21186e+00	1.23988e+02	1.40860e+01	6.12862e+00
4.83443e+02	2.65522e+02	2.24986e+03	1.25366e+03	4.21640e+00	2.21202e+00	1.23988e+02	1.41033e+01	6.13186e+00
4.87041e+02	2.65744e+02	2.24787e+03	1.25414e+03	4.21763e+00	2.21218e+00	1.23988e+02	1.41205e+01	6.13510e+00
4.90638e+02	2.65967e+02	2.24589e+03	1.25461e+03	4.21887e+00	2.21235e+00	1.23988e+02	1.41378e+01	6.13834e+00
4.94235e+02	2.66189e+02	2.24390e+03	1.25508e+03	4.22012e+00	2.21251e+00	1.23988e+02	1.41551e+01	6.14157e+00
4.97832e+02	2.66411e+02	2.24192e+03	1.25555e+03	4.22136e+00	2.21268e+00	1.23988e+02	1.41723e+01	6.14481e+00
5.01429e+02	2.66634e+02	2.23994e+03	1.25601e+03	4.22262e+00	2.21285e+00	1.23988e+02	1.41896e+01	6.14805e+00
5.05026e+02	2.66856e+02	2.23796e+03	1.25647e+03	4.22387e+00	2.21303e+00	1.23988e+02	1.42069e+01	6.15129e+00
5.08623e+02	2.67073e+02	2.23598e+03	1.25693e+03	4.22513e+00	2.21320e+00	1.23988e+02	1.42241e+01	6.15452e+00
5.12221e+02	2.67286e+02	2.23400e+03	1.25738e+03	4.22640e+00	2.21338e+00	1.23988e+02	1.42414e+01	6.15776e+00
5.15818e+02	2.67500e+02	2.23203e+03	1.25783e+03	4.22766e+00	2.21357e+00	1.23988e+02	1.42587e+01	6.16100e+00
5.19415e+02	2.67713e+02	2.23005e+03	1.25828e+03	4.22894e+00	2.21375e+00	1.23988e+02	1.42759e+01	6.16424e+00
5.23012e+02	2.67927e+02	2.22808e+03	1.25872e+03	4.23021e+00	2.21394e+00	1.23988e+02	1.42932e+01	6.16747e+00
5.26609e+02	2.68140e+02	2.22611e+03	1.25916e+03	4.23149e+00	2.21413e+00	1.23988e+02	1.43105e+01	6.17071e+00
5.30206e+02	2.68354e+02	2.22414e+03	1.25960e+03	4.23278e+00	2.21432e+00	1.23988e+02	1.43277e+01	6.17395e+00
5.33804e+02	2.68562e+02	2.22217e+03	1.26003e+03	4.23407e+00	2.21452e+00	1.23988e+02	1.43450e+01	6.17719e+00
5.37401e+02	2.68767e+02	2.22020e+03	1.26046e+03	4.23536e+00	2.21472e+00	1.23988e+02	1.43623e+01	6.18042e+00
5.40998e+02	2.68972e+02	2.21823e+03	1.26089e+03	4.23666e+00	2.21492e+00	1.23988e+02	1.43795e+01	6.18366e+00
5.44595e+02	2.69177e+02	2.21627e+03	1.26132e+03	4.23796e+00	2.21512e+00	1.23988e+02	1.43968e+01	6.18690e+00
5.48192e+02	2.69382e+02	2.21431e+03	1.26174e+03	4.23926e+00	2.21533e+00	1.23988e+02	1.44141e+01	6.19014e+00
5.51789e+02	2.69587e+02	2.21234e+03	1.26216e+03	4.24057e+00	2.21554e+00	1.23988e+02	1.44313e+01	6.19337e+00
5.55386e+02	2.69792e+02	2.21038e+03	1.26257e+03	4.24188e+00	2.21575e+00	1.23988e+02	1.44486e+01	6.19661e+00
5.58984e+02	2.69992e+02	2.20842e+03	1.26299e+03	4.24320e+00	2.21596e+00	1.23988e+02	1.44659e+01	6.19985e+00
5.62581e+02	2.70189e+02	2.20646e+03	1.26339e+03	4.24452e+00	2.21618e+00	1.23988e+02	1.44831e+01	6.20309e+00
5.66178e+02	2.70386e+02	2.20451e+03	1.26380e+03	4.24585e+00	2.21640e+00	1.23988e+02	1.45004e+01	6.20632e+00
5.69775e+02	2.70583e+02	2.20255e+03	1.26420e+03	4.24718e+00	2.21662e+00	1.23988e+02	1.45177e+01	6.20956e+00
5.73372e+02	2.70779e+02	2.20060e+03	1.26460e+03	4.24851e+00	2.21684e+00	1.23988e+02	1.45349e+01	6.21280e+00
5.76969e+02	2.70976e+02	2.19864e+03	1.26500e+03	4.24984e+00	2.21707e+00	1.23988e+02	1.45522e+01	6.21603e+00
5.80566e+02	2.71173e+02	2.19669e+03	1.26539e+03	4.25119e+00	2.21730e+00	1.23988e+02	1.45695e+01	6.21927e+00
5.84164e+02	2.71366e+02	2.19474e+03	1.26578e+03	4.25253e+00	2.21753e+00	1.23988e+02	1.45867e+01	6.22251e+00
5.87761e+02	2.71555e+02	2.19279e+03	1.26617e+03	4.25388e+00	2.21777e+00	1.23988e+02	1.46040e+01	6.22575e+00
5.91358e+02	2.71744e+02	2.19084e+03	1.26656e+03	4.25523e+00	2.21800e+00	1.23988e+02	1.46213e+01	6.22898e+00
5.94955e+02	2.71933e+02	2.18890e+03	1.26694e+03	4.25659e+00	2.21824e+00	1.23988e+02	1.46385e+01	6.23222e+00
5.98552e+02	2.72122e+02	2.18695e+03	1.26732e+03	4.25795e+00	2.21849e+00	1.23988e+02	1.46558e+01	6.23546e+00
6.02149e+02	2.72311e+02	2.18501e+03	1.26769e+03	4.25931e+00	2.21873e+00	1.23988e+02	1.46731e+01	6.23870e+00
6.05747e+02	2.72501e+02	2.18306e+03	1.26806e+03	4.26068e+00	2.21898e+00	1.23988e+02	1.46903e+01	6.24193e+00
6.09344e+02	2.72686e+02	2.18112e+03	1.26843e+03	4.26205e+00	2.21923e+00	1.23988e+02	1.47076e+01	6.24517e+00
6.12941e+02	2.72868e+02	2.17918e+03	1.26880e+03	4.26343e+00	2.21948e+00	1.23988e+02	1.47248e+01	6.24841e+00
6.16538e+02	2.73049e+02	2.17724e+03	1.26916e+03	4.26481e+00	2.21973e+00	1.23988e+02	1.47421e+01	6.25165e+00
6.20135e+02	2.73231e+02	2.17531e+03	1.26952e+03	4.26619e+00	2.21999e+00	1.23988e+02	1.47594e+01	6.25488e+00
6.23732e+02	2.73413e+02	2.17337e+03	1.26988e+03	4.26758e+00	2.22025e+00	1.23988e+02	1.47766e+01	6.25812e+00
6.27329e+02	2.73595e+02	2.17143e+03	1.27023e+03	4.26897e+00	2.22051e+00	1.23988e+02	1.47939e+01	6.26136e+00
6.30927e+02	2.73776e+02	2.16950e+03	1.27059e+03	4.27036e+00	2.22078e+00	1.23988e+02	1.48112e+01	6.26460e+00
6.34524e+02	2.74025e+02	2.16757e+03	1.27093e+03	4.27176e+00	2.22104e+00	1.23988e+02	1.48284e+01	6.26783e+00
6.38121e+02	2.74358e+02	2.16564e+03	1.27127e+03	4.27317e+00	2.22131e+00	1.23988e+02	1.48457e+01	6.27107e+00
6.41718e+02	2.74458e+02	2.16357e+03	1.19041e+03	4.27459e+00	2.22159e+00	1.23988e+02	1.48630e+01	6.27431e+00
6.45315e+02	2.75022e+02	2.16178e+03	1.36456e+03	4.40630e+00	2.25453e+00	1.31263e+02	1.72458e+01	6.93595e+00
6.48912e+02	2.75354e+02	2.15998e+03	1.36471e+03	4.40849e+00	2.25616e+00	1.30402e+02	1.72605e+01	6.94674e+00
6.52509e+02	2.75686e+02	2.15818e+03	1.36486e+03	4.41067e+00	2.25779e+00	1.29548e+02	1.72753e+01	6.95753e+00
6.56107e+02	2.76018e+02	2.15639e+03	1.36500e+03	4.41286e+00	2.25942e+00	1.28702e+02	1.72900e+01	6.96832e+00
6.59704e+02	2.76374e+02	2.15459e+03	1.36515e+03	4.41504e+00	2.26105e+00	1.27804e+02	1.73048e+01	6.97911e+00
6.63301e+02	2.76765e+02	2.15280e+03	1.36529e+03	4.41723e+00	2.26268e+00	1.26829e+02	1.73195e+01	6.98990e+00
6.66898e+02	2.77155e+02	2.15100e+03	1.36543e+03	4.41942e+00	2.26431e+00	1.25865e+02	1.73343e+01	7.00069e+00
6.70495e+02	2.77545e+02	2.14921e+03	1.36557e+03	4.42161e+00	2.26594e+00	1.24910e+02	1.73490e+01	7.01149e+00
6.74092e+02	2.77935e+02	2.14742e+03	1.36570e+03	4.42380e+00	2.26757e+00	1.23965e+02	1.73638e+01	7.02228e+00
6.77689e+02	2.78325e+02	2.14562e+03	1.36584e+03	4.42599e+00	2.26920e+00	1.23030e+02	1.73785e+01	7.03307e+00
6.81287e+02	2.78716e+02	2.14383e+03	1.36598e+03	4.42817e+00	2.27082e+00	1.22105e+02	1.73933e+01	7.04386e+00
6.84884e+02	2.79101e+02	2.14204e+03	1.36612e+03	4.43036e+00	2.27245e+00	1.21200e+02	1.74080e+01	7.05465e+00
6.88481e+02	2.79478e+02	2.14025e+03	1.36625e+03	4.43254e+00	2.27407e+00	1.20324e+02	1.74228e+01	7.06544e+00
6.92078e+02	2.79856e+02	2.13846e+03	1.36639e+03	4.43473e+00	2.27569e+00	1.19456e+02	1.74375e+01	7.07623e+00
6.95675e+02	2.80233e+02	2.13667e+03	1.36652e+03	4.43691e+00	2.27732e+00	1.18596e+02	1.74523e+01	7.08703e+00
6.99272e+02	2.80610e+02	2.13489e+03	1.36666e+03	4.43910e+00	2.27894e+00	1.17745e+02	1.74670e+01	7.09782e+00
7.02870e+02	2.80988e+02	2.13310e+03	1.36679e+03	4.44128e+00	2.28056e+00	1.16903e+02	1.74818e+01	7.10861e+00
7.06467e+02	2.81365e+02	2.13131e+03	1.36692e+03	4.44346e+00	2.28218e+00	1.16068e+02	1.74965e+01	7.11940e+00
7.10064e+02	2.81738e+02	2.12953e+03	1.36706e+03	4.44564e+00	2.28380e+00	1.15251e+02	1.75113e+01	7.13019e+00
7.13661e+02	2.82104e+02	2.12774e+03	1.36719e+03	4.44782e+00	2.28541e+00	1.14458e+02	1.75260e+01	7.14098e+00
7.17258e+02	2.82469e+02	2.12596e+03	1.36732e+03	4.45001e+00	2.28703e+00	1.13673e+02	1.75408e+01	7.15177e+00
7.20855e+02	2.82835e+02	2.12417e+03	1.36745e+03	4.45219e+00	2.28864e+00	1.12895e+02	1.75555e+01	7.16257e+00
7.24452e+02	2.83201e+02	2.12239e+03	1.36758e+03	4.45437e+00	2.29026e+00	1.12124e+02	1.75703e+01	7.17336e+00
7.28050e+02	2.83566e+02	2.12061e+03	1.36771e+03	4.45654e+00	2.29187e+00	1.11361e+02	1.75850e+01	7.18415e+00
7.31647e+02	2.83932e+02	2.11883e+03	1.36784e+03	4.45872e+00	2.29348e+00	1.10605e+02	1.75998e+01	7.19494e+00
7.35244e+02	2.84294e+02	2.11705e+03	1.36797e+03	4.46090e+00	2.29509e+00	1.09862e+02	1.76145e+01	7.20573e+00
7.38841e+02	2.84649e+02	2.11526e+03	1.36810e+03	4.46308e+00	2.29670e+00	1.09141e+02	1.76292e+01	7.21652e+00
7.42438e+02	2.85003e+02	2.11349e+03	1.36823e+03	4.46526e+00	2.29831e+00	1.08428e+02	1.76440e+01	7.22731e+00
7.46035e+02	2.85358e+02	2.11171e+03	1.36835e+03	4.46743e+00	2.29992e+00	1.07720e+02	1.76587e+01	7.23811e+00
7.49632e+02	2.85713e+02	2.10993e+03	1.36848e+03	4.46961e+00	2.30153e+00	1.07019e+02	1.76735e+01	7.24890e+00
7.53230e+02	2.86068e+02	2.10815e+03	1.36861e+03	4.47178e+00	2.30314e+00	1.06324e+02	1.76882e+01	7.25969e+00
7.56827e+02	2.86423e+02	2.10637e+03	1.36873e+03	4.47396e+00	2.30474e+00	1.05635e+02	1.77030e+01	7.27048e+00
7.60424e+02	2.86775e+02	2.10460e+03	1.36886e+03	4.47613e+00	2.30635e+00	1.04958e+02	1.77177e+01	7.28127e+00
7.64021e+02	2.87120e+02	2.10282e+03	1.36898e+03	4.47831e+00	2.30795e+00	1.04300e+02	1.77325e+01	7.29206e+00
7.67618e+02	2.87464e+02	2.10105e+03	1.36910e+03	4.48048e+00	2.30955e+00	1.03648e+02	1.77472e+01	7.30285e+00
7.71215e+02	2.87809e+02	2.09927e+03	2.75030e+03	7.32745e+00	4.01946e+00	1.85244e+13	8.84232e+01	4.44342e+01
9.45769e+02	2.90107e+02	2.05643e+03	2.75030e+03	7.34011e+00	4.02285e+00	2.26580e+13	8.91044e+01	4.46450e+01
1.12032e+03	2.92356e+02	2.01359e+03	2.75869e+03	7.34606e+00	4.02139e+00	2.75901e+13	8.96512e+01	4.47433e+01
1.29541e+03	2.94559e+02	1.97075e+03	2.76677e+03	7.34732e+00	4.01493e+00	3.34953e+13	9.01444e+01	4.47239e+01
1.47101e+03	2.96714e+02	1.92790e+03	2.77449e+03	7.34300e+00	4.00636e+00	4.05453e+13	9.04739e+01	4.46574e+01
1.64710e+03	2.98822e+02	1.88506e+03	2.78223e+03	7.35527e+00	4.00454e+00	4.89375e+13	9.12775e+01	4.47381e+01
1.82368e+03	3.00882e+02	1.84222e+03	2.78979e+03	7.34505e+00	3.99393e+00	5.89021e+13	9.14249e+01	4.46238e+01
2.00074e+03	3.02895e+02	1.79938e+03	2.79746e+03	7.34688e+00	3.98823e+00	7.07027e+13	9.19171e+01	4.46163e+01
2.17829e+03	3.04860e+02	1.75654e+03	2.80501e+03	7.34838e+00	3.98251e+00	8.46452e+13	9.23958e+01	4.46077e+01
2.35631e+03	3.06779e+02	1.71369e+03	2.81253e+03	7.35409e+00	3.97857e+00	1.01078e+14	9.29956e+01	4.46375e+01
2.53481e+03	3.08650e+02	1.67085e+03	2.81998e+03	7.36528e+00	3.97687e+00	1.20402e+14	9.37565e+01	4.47160e+01
2.71379e+03	3.10473e+02	1.62801e+03	2.82735e+03	7.36930e+00	3.97247e+00	1.43075e+14	9.43004e+01	4.47337e+01
2.89323e+03	3.12249e+02	1.58517e+03	2.83474e+03	7.37382e+00	3.96840e+00	1.69616e+14	9.48564e+01	4.47576e+01
3.07315e+03	3.13978e+02	1.54232e+03	2.84208e+03	7.38001e+00	3.96509e+00	2.00621e+14	9.54599e+01	4.47976e+01
3.25353e+03	3.15660e+02	1.49948e+03	2.84937e+03	7.38910e+00	3.96302e+00	2.36766e+14	9.61498e+01	4.48654e+01
3.43437e+03	3.17294e+02	1.45664e+03	2.85665e+03	7.38092e+00	3.95581e+00	2.78815e+14	9.62678e+01	4.48156e+01
3.61567e+03	3.18880e+02	1.41380e+03	2.86386e+03	7.35726e+00	3.98758e+00	3.27638e+14	9.48334e+01	4.57920e+01
3.79743e+03	3.20420e+02	1.37095e+03	2.87979e+03	7.49261e+00	4.03348e+00	3.84214e+14	9.95431e+01	4.69791e+01
3.98020e+03	3.21912e+02	1.32811e+03	2.88660e+03	7.42623e+00	4.00408e+00	4.50077e+14	9.77425e+01	4.63937e+01
4.16341e+03	3.23356e+02	1.28527e+03	2.89348e+03	7.41555e+00	3.99575e+00	5.26145e+14	9.77642e+01	4.63121e+01
4.34705e+03	3.24753e+02	1.24243e+03	2.90058e+03	7.40281e+00	3.98698e+00	6.13841e+14	9.77108e+01	4.62172e+01
4.53114e+03	3.26103e+02	1.19958e+03	2.90747e+03	7.35995e+00	3.96801e+00	7.14771e+14	9.66752e+01	4.58820e+01
4.71567e+03	3.27406e+02	1.15674e+03	2.91406e+03	7.34720e+00	3.95995e+00	8.30709e+14	9.65941e+01	4.57989e+01
4.90062e+03	3.28661e+02	1.11390e+03	2.92062e+03	7.35614e+00	3.95958e+00	9.63623e+14	9.72099e+01	4.58943e+01
5.08598e+03	3.29869e+02	1.07106e+03	2.92726e+03	7.37193e+00	3.96158e+00	1.11573e+15	9.80535e+01	4.60464e+01
5.27177e+03	3.31029e+02	1.02822e+03	2.93399e+03	7.38444e+00	3.96270e+00	1.28952e+15	9.87757e+01	4.61731e+01
5.45798e+03	3.32142e+02	9.85373e+02	2.94040e+03	7.40190e+00	3.96555e+00	1.48774e+15	9.96613e+01	4.63397e+01
5.64460e+03	3.33208e+02	9.42531e+02	2.94676e+03	7.42342e+00	3.96987e+00	1.71342e+15	1.00680e+02	4.65392e+01
5.83162e+03	3.34226e+02	8.99689e+02	2.95301e+03	7.44602e+00	3.97439e+00	1.96994e+15	1.01759e+02	4.67501e+01
6.01904e+03	3.35197e+02	8.56846e+02	2.95966e+03	7.46839e+00	3.97898e+00	2.26101e+15	1.02820e+02	4.69574e+01
6.20688e+03	3.36121e+02	8.14004e+02	2.96593e+03	7.49539e+00	3.98559e+00	2.59084e+15	1.03976e+02	4.71885e+01
6.39512e+03	3.36997e+02	7.71162e+02	2.97065e+03	7.51907e+00	3.99054e+00	2.96391e+15	1.05104e+02	4.74089e+01
6.58366e+03	3.37826e+02	7.28319e+02	2.97712e+03	7.54694e+00	3.99832e+00	3.38487e+15	1.06295e+02	4.76782e+01
6.77261e+03	3.38607e+02	6.85477e+02	2.98239e+03	7.59417e+00	4.01221e+00	3.85957e+15	1.08616e+02	4.82896e+01
6.96189e+03	3.39342e+02	6.42635e+02	2.99973e+03	7.62971e+00	4.02218e+00	4.39371e+15	1.10324e+02	4.87096e+01
7.15228e+03	3.40028e+02	5.99792e+02	3.01087e+03	7.65596e+00	4.02783e+00	4.99782e+15	1.11691e+02	4.89961e+01
7.34337e+03	3.40668e+02	5.56950e+02	3.02009e+03	7.67934e+00	4.03309e+00	5.67793e+15	1.12862e+02	4.92369e+01
7.53504e+03	3.41260e+02	5.14108e+02	3.02701e+03	7.70803e+00	4.03944e+00	6.44174e+15	1.14393e+02	4.95667e+01
7.72716e+03	3.41805e+02	4.71266e+02	3.03771e+03	7.73433e+00	4.04569e+00	7.29724e+15	1.15762e+02	4.98665e+01
7.91995e+03	3.42302e+02	4.28423e+02	3.04665e+03	7.77415e+00	4.09003e+00	8.25576e+15	1.16589e+02	5.11469e+01
8.11332e+03	3.42752e+02	3.85581e+02	3.05743e+03	7.83970e+00	4.13655e+00	9.32718e+15	1.19072e+02	5.27206e+01
8.30736e+03	3.43154e+02	3.42739e+02	3.08109e+03	7.89922e+00	4.17728e+00	1.05240e+16	1.21353e+02	5.41143e+01
8.50291e+03	3.43510e+02	2.99896e+02	3.10117e+03	7.94855e+00	4.20819e+00	1.18664e+16	1.23341e+02	5.52023e+01
8.69973e+03	3.43818e+02	2.57054e+02	3.11721e+03	7.98937e+00	4.23096e+00	1.33674e+16	1.25076e+02	5.60282e+01
8.89758e+03	3.44078e+02	2.14212e+02	3.12988e+03	8.01426e+00	4.23838e+00	1.50400e+16	1.26332e+02	5.63457e+01
9.09622e+03	3.44291e+02	1.71369e+02	3.13661e+03	8.05133e+00	4.25768e+00	1.68979e+16	1.27966e+02	5.70618e+01
9.29529e+03	3.44457e+02	1.28527e+02	3.14774e+03	8.08476e+00	4.27358e+00	1.89530e+16	1.29493e+02	5.76660e+01
9.49507e+03	3.44575e+02	8.56846e+01	3.15745e+03	8.11593e+00	4.28736e+00	2.12258e+16	1.30956e+02	5.82009e+01
9.69546e+03	3.44646e+02	4.28423e+01	3.16628e+03	8.14562e+00	4.29979e+00	2.37331e+16	1.32379e+02	5.86916e+01
9.89642e+03	NaN	0.00000e+00	3.17454e+03	NaN	NaN	NaN	NaN	NaN
