P (MPa)		T (K)		r (km)		rho (kg m-3)	VP (km s-1)	VS (km s-1)	QS/gamma	
0.00000e+00	9.40000e+01	2.57470e+03	9.32462e+02	3.87821e+00	1.96165e+00	1.46481e+05
6.99642e-01	1.02266e+02	2.57415e+03	9.32462e+02	3.88005e+00	1.96278e+00	5.34433e+04
1.39928e+00	1.11259e+02	2.57359e+03	9.32507e+02	3.88231e+00	1.96413e+00	2.11543e+04
2.09893e+00	1.21042e+02	2.57304e+03	9.32551e+02	3.88520e+00	1.96579e+00	9.02480e+03
2.79857e+00	1.31686e+02	2.57248e+03	9.32593e+02	3.88900e+00	1.96791e+00	4.12457e+03
3.49821e+00	1.43265e+02	2.57193e+03	9.32635e+02	3.89417e+00	1.97073e+00	2.00819e+03
4.19785e+00	1.55863e+02	2.57138e+03	9.32677e+02	3.90123e+00	1.97450e+00	1.03633e+03
4.89749e+00	1.69569e+02	2.57082e+03	9.32717e+02	3.91058e+00	1.97943e+00	5.64171e+02
5.59713e+00	1.84480e+02	2.57027e+03	9.32756e+02	3.91138e+00	1.98004e+00	3.22604e+02
6.29678e+00	2.00702e+02	2.56972e+03	9.32795e+02	3.91217e+00	1.98064e+00	1.92996e+02
6.99642e+00	2.18351e+02	2.56916e+03	9.32832e+02	3.91296e+00	1.98124e+00	1.20354e+02
7.69606e+00	2.37551e+02	2.56861e+03	9.32869e+02	3.91375e+00	1.98184e+00	7.79742e+01
8.39570e+00	2.58440e+02	2.56806e+03	9.32904e+02	3.91454e+00	1.98244e+00	5.23211e+01
9.09534e+00	2.58472e+02	2.56750e+03	9.32938e+02	3.91532e+00	1.98303e+00	5.22918e+01
9.79499e+00	2.58505e+02	2.56695e+03	9.32972e+02	3.91611e+00	1.98363e+00	5.22622e+01
1.04946e+01	2.58537e+02	2.56640e+03	9.33004e+02	3.91689e+00	1.98423e+00	5.22322e+01
1.11943e+01	2.58570e+02	2.56584e+03	9.33035e+02	3.91767e+00	1.98482e+00	5.22020e+01
1.18939e+01	2.58603e+02	2.56529e+03	9.33065e+02	3.91845e+00	1.98541e+00	5.21715e+01
1.25936e+01	2.58637e+02	2.56474e+03	9.33093e+02	3.91922e+00	1.98600e+00	5.21408e+01
1.32932e+01	2.58671e+02	2.56419e+03	9.33120e+02	3.92000e+00	1.98659e+00	5.21097e+01
1.39928e+01	2.58706e+02	2.56363e+03	9.33146e+02	3.92077e+00	1.98718e+00	5.20783e+01
1.46925e+01	2.58740e+02	2.56308e+03	9.33171e+02	3.92154e+00	1.98777e+00	5.20466e+01
1.53921e+01	2.58775e+02	2.56253e+03	9.33194e+02	3.92231e+00	1.98836e+00	5.20146e+01
1.60918e+01	2.58811e+02	2.56198e+03	9.33216e+02	3.92307e+00	1.98895e+00	5.19823e+01
1.67914e+01	2.58847e+02	2.56143e+03	9.33236e+02	3.92384e+00	1.98953e+00	5.19497e+01
1.74910e+01	2.58883e+02	2.56087e+03	9.33255e+02	3.92460e+00	1.99011e+00	5.19168e+01
1.81907e+01	2.58920e+02	2.56032e+03	9.33272e+02	3.92536e+00	1.99070e+00	5.18836e+01
1.88903e+01	2.58956e+02	2.55977e+03	9.33288e+02	3.92612e+00	1.99128e+00	5.18500e+01
1.95900e+01	2.58994e+02	2.55922e+03	9.33302e+02	3.92688e+00	1.99186e+00	5.18161e+01
2.02896e+01	2.59032e+02	2.55867e+03	9.33314e+02	3.92764e+00	1.99244e+00	5.17819e+01
2.09893e+01	2.59070e+02	2.55811e+03	9.33324e+02	3.92839e+00	1.99302e+00	5.17474e+01
2.16889e+01	2.59108e+02	2.55756e+03	9.33333e+02	3.92914e+00	1.99360e+00	5.17126e+01
2.23885e+01	2.59147e+02	2.55701e+03	9.33340e+02	3.92989e+00	1.99417e+00	5.16774e+01
2.30882e+01	2.59187e+02	2.55646e+03	9.33344e+02	3.93064e+00	1.99475e+00	5.16419e+01
2.37878e+01	2.59227e+02	2.55591e+03	9.33347e+02	3.93139e+00	1.99533e+00	5.16060e+01
2.44875e+01	2.59267e+02	2.55536e+03	9.33348e+02	3.93214e+00	1.99590e+00	5.15698e+01
2.51871e+01	2.59307e+02	2.55480e+03	9.33346e+02	3.93288e+00	1.99647e+00	5.15333e+01
2.58867e+01	2.59348e+02	2.55425e+03	9.33343e+02	3.93362e+00	1.99705e+00	5.14964e+01
2.65864e+01	2.59390e+02	2.55370e+03	9.33337e+02	3.93437e+00	1.99762e+00	5.14592e+01
2.72860e+01	2.59432e+02	2.55315e+03	9.33328e+02	3.93511e+00	1.99819e+00	5.14216e+01
2.79857e+01	2.59474e+02	2.55260e+03	9.33318e+02	3.93584e+00	1.99876e+00	5.13836e+01
2.86853e+01	2.59517e+02	2.55205e+03	9.33305e+02	3.93658e+00	1.99932e+00	5.13453e+01
2.93850e+01	2.59560e+02	2.55150e+03	9.33289e+02	3.93732e+00	1.99989e+00	5.13067e+01
3.00846e+01	2.59604e+02	2.55095e+03	9.33271e+02	3.93805e+00	2.00046e+00	5.12677e+01
3.07842e+01	2.59648e+02	2.55040e+03	9.33250e+02	3.93878e+00	2.00103e+00	5.12283e+01
3.14839e+01	2.59693e+02	2.54984e+03	9.33226e+02	3.93951e+00	2.00159e+00	5.11885e+01
3.21835e+01	2.59738e+02	2.54929e+03	9.33199e+02	3.94024e+00	2.00215e+00	5.11484e+01
3.28832e+01	2.59784e+02	2.54874e+03	9.33170e+02	3.94097e+00	2.00272e+00	5.11079e+01
3.35828e+01	2.59830e+02	2.54819e+03	9.33137e+02	3.94170e+00	2.00328e+00	5.10670e+01
3.42824e+01	2.59876e+02	2.54764e+03	9.33101e+02	3.94242e+00	2.00384e+00	5.10257e+01
3.49821e+01	2.59923e+02	2.54709e+03	9.33062e+02	3.94315e+00	2.00440e+00	5.09841e+01
3.56817e+01	2.59971e+02	2.54654e+03	9.33020e+02	3.94387e+00	2.00496e+00	5.09421e+01
3.63814e+01	2.60019e+02	2.54599e+03	9.32974e+02	3.94459e+00	2.00552e+00	5.08996e+01
3.70810e+01	2.60067e+02	2.54544e+03	9.32925e+02	3.94531e+00	2.00608e+00	5.08568e+01
3.77807e+01	2.60116e+02	2.54489e+03	9.32872e+02	3.94603e+00	2.00664e+00	5.08136e+01
3.84803e+01	2.60166e+02	2.54434e+03	9.32816e+02	3.94675e+00	2.00720e+00	5.07700e+01
3.91799e+01	2.60216e+02	2.54379e+03	9.32756e+02	3.94746e+00	2.00775e+00	5.07260e+01
3.98796e+01	2.60267e+02	2.54324e+03	9.32691e+02	3.94818e+00	2.00831e+00	5.06815e+01
4.05792e+01	2.60318e+02	2.54269e+03	9.32623e+02	3.94889e+00	2.00886e+00	5.06367e+01
4.12789e+01	2.60369e+02	2.54214e+03	9.32551e+02	3.94960e+00	2.00942e+00	5.05914e+01
4.19785e+01	2.60422e+02	2.54159e+03	9.32474e+02	3.95032e+00	2.00997e+00	5.05458e+01
4.26782e+01	2.60474e+02	2.54104e+03	9.32394e+02	3.95103e+00	2.01052e+00	5.04997e+01
4.33778e+01	2.60528e+02	2.54049e+03	9.32308e+02	3.95173e+00	2.01107e+00	5.04532e+01
4.40774e+01	2.60582e+02	2.53994e+03	9.32219e+02	3.95244e+00	2.01162e+00	5.04062e+01
4.47771e+01	2.60636e+02	2.53939e+03	9.32124e+02	3.95315e+00	2.01217e+00	5.03589e+01
4.54767e+01	2.60691e+02	2.53884e+03	9.32025e+02	3.95385e+00	2.01272e+00	5.03111e+01
4.61764e+01	2.60747e+02	2.53829e+03	9.31921e+02	3.95456e+00	2.01327e+00	5.02628e+01
4.68760e+01	2.60803e+02	2.53774e+03	9.31812e+02	3.95526e+00	2.01382e+00	5.02142e+01
4.75756e+01	2.60860e+02	2.53718e+03	9.31698e+02	3.95596e+00	2.01437e+00	5.01651e+01
4.82753e+01	2.60917e+02	2.53663e+03	9.31578e+02	3.95667e+00	2.01492e+00	5.01155e+01
4.89749e+01	2.60975e+02	2.53608e+03	9.31454e+02	3.95737e+00	2.01546e+00	5.00655e+01
4.96746e+01	2.61034e+02	2.53553e+03	9.31324e+02	3.95806e+00	2.01601e+00	5.00150e+01
5.03742e+01	2.61093e+02	2.53498e+03	9.31188e+02	3.95876e+00	2.01655e+00	4.99641e+01
5.10739e+01	2.61153e+02	2.53443e+03	9.31047e+02	3.95946e+00	2.01710e+00	4.99127e+01
5.17735e+01	2.61213e+02	2.53388e+03	9.30900e+02	3.96016e+00	2.01764e+00	4.98609e+01
5.24731e+01	2.61274e+02	2.53333e+03	9.30748e+02	3.96085e+00	2.01818e+00	4.98086e+01
5.31728e+01	2.61336e+02	2.53278e+03	9.30589e+02	3.96154e+00	2.01873e+00	4.97558e+01
5.38724e+01	2.61398e+02	2.53223e+03	9.30425e+02	3.96224e+00	2.01927e+00	4.97026e+01
5.45721e+01	2.61461e+02	2.53168e+03	9.30254e+02	3.96293e+00	2.01981e+00	4.96489e+01
5.52717e+01	2.61525e+02	2.53113e+03	9.30078e+02	3.96362e+00	2.02035e+00	4.95947e+01
5.59713e+01	2.61589e+02	2.53058e+03	9.29895e+02	3.96431e+00	2.02089e+00	4.95400e+01
5.66710e+01	2.61654e+02	2.53003e+03	9.29706e+02	3.96500e+00	2.02143e+00	4.94848e+01
5.73706e+01	2.61720e+02	2.52948e+03	9.29511e+02	3.96569e+00	2.02197e+00	4.94292e+01
5.80703e+01	2.61787e+02	2.52893e+03	9.29310e+02	3.96638e+00	2.02251e+00	4.93730e+01
5.87699e+01	2.61854e+02	2.52838e+03	9.29102e+02	3.96706e+00	2.02304e+00	4.93163e+01
5.94696e+01	2.61921e+02	2.52783e+03	9.28888e+02	3.96775e+00	2.02358e+00	4.92592e+01
6.01692e+01	2.61990e+02	2.52728e+03	9.28668e+02	3.96843e+00	2.02412e+00	4.92015e+01
6.08688e+01	2.62059e+02	2.52673e+03	9.28441e+02	3.96912e+00	2.02465e+00	4.91434e+01
6.15685e+01	2.62129e+02	2.52618e+03	9.28208e+02	3.96980e+00	2.02519e+00	4.90847e+01
6.22681e+01	2.62200e+02	2.52562e+03	9.27969e+02	3.97048e+00	2.02573e+00	4.90255e+01
6.29678e+01	2.62271e+02	2.52507e+03	9.27724e+02	3.97116e+00	2.02626e+00	4.89658e+01
6.36674e+01	2.62344e+02	2.52452e+03	9.27473e+02	3.97185e+00	2.02679e+00	4.89056e+01
6.43670e+01	2.62417e+02	2.52397e+03	9.27215e+02	3.97253e+00	2.02733e+00	4.88449e+01
6.50667e+01	2.62490e+02	2.52342e+03	9.26952e+02	3.97320e+00	2.02786e+00	4.87836e+01
6.57663e+01	2.62565e+02	2.52287e+03	9.26683e+02	3.97388e+00	2.02839e+00	4.87218e+01
6.64660e+01	2.62640e+02	2.52232e+03	9.26408e+02	3.97456e+00	2.02893e+00	4.86595e+01
6.71656e+01	2.62716e+02	2.52177e+03	9.26128e+02	3.97524e+00	2.02946e+00	4.85966e+01
6.78653e+01	2.62793e+02	2.52121e+03	9.25843e+02	3.97591e+00	2.02999e+00	4.85332e+01
6.85649e+01	2.66462e+02	2.52066e+03	9.25191e+02	3.97747e+00	2.03097e+00	4.56409e+01
6.92645e+01	2.66500e+02	2.52011e+03	9.25258e+02	3.97813e+00	2.03149e+00	4.56125e+01
7.31106e+01	2.66538e+02	2.51764e+03	1.13773e+03	1.74184e+00	0.00000e+00	0.00000e+00
7.69567e+01	2.66577e+02	2.51518e+03	1.13912e+03	1.74859e+00	0.00000e+00	0.00000e+00
8.08028e+01	2.66618e+02	2.51272e+03	1.14051e+03	1.75529e+00	0.00000e+00	0.00000e+00
8.46489e+01	2.66659e+02	2.51026e+03	1.14189e+03	1.76194e+00	0.00000e+00	0.00000e+00
8.84949e+01	2.66702e+02	2.50781e+03	1.14325e+03	1.76854e+00	0.00000e+00	0.00000e+00
9.23410e+01	2.66746e+02	2.50536e+03	1.14460e+03	1.77508e+00	0.00000e+00	0.00000e+00
9.61871e+01	2.66791e+02	2.50291e+03	1.14594e+03	1.78158e+00	0.00000e+00	0.00000e+00
1.00033e+02	2.66837e+02	2.50047e+03	1.14727e+03	1.78802e+00	0.00000e+00	0.00000e+00
1.03879e+02	2.66884e+02	2.49803e+03	1.14858e+03	1.79442e+00	0.00000e+00	0.00000e+00
1.07725e+02	2.66933e+02	2.49559e+03	1.14989e+03	1.80077e+00	0.00000e+00	0.00000e+00
1.11571e+02	2.66982e+02	2.49316e+03	1.15118e+03	1.80707e+00	0.00000e+00	0.00000e+00
1.15417e+02	2.67032e+02	2.49073e+03	1.15247e+03	1.81332e+00	0.00000e+00	0.00000e+00
1.19264e+02	2.67082e+02	2.48830e+03	1.15374e+03	1.81953e+00	0.00000e+00	0.00000e+00
1.23110e+02	2.67134e+02	2.48588e+03	1.15500e+03	1.82569e+00	0.00000e+00	0.00000e+00
1.26956e+02	2.67187e+02	2.48346e+03	1.15626e+03	1.83182e+00	0.00000e+00	0.00000e+00
1.30802e+02	2.67240e+02	2.48104e+03	1.15750e+03	1.83790e+00	0.00000e+00	0.00000e+00
1.34648e+02	2.67294e+02	2.47863e+03	1.15874e+03	1.84394e+00	0.00000e+00	0.00000e+00
1.38494e+02	2.67349e+02	2.47622e+03	1.15996e+03	1.84994e+00	0.00000e+00	0.00000e+00
1.42340e+02	2.67405e+02	2.47381e+03	1.16118e+03	1.85591e+00	0.00000e+00	0.00000e+00
1.46186e+02	2.67462e+02	2.47141e+03	1.16238e+03	1.86185e+00	0.00000e+00	0.00000e+00
1.50032e+02	2.67519e+02	2.46901e+03	1.16358e+03	1.86775e+00	0.00000e+00	0.00000e+00
1.53878e+02	2.67576e+02	2.46661e+03	1.16477e+03	1.87362e+00	0.00000e+00	0.00000e+00
1.57724e+02	2.67635e+02	2.46421e+03	1.16595e+03	1.87946e+00	0.00000e+00	0.00000e+00
1.61570e+02	2.67694e+02	2.46182e+03	1.16712e+03	1.88527e+00	0.00000e+00	0.00000e+00
1.65417e+02	2.67754e+02	2.45943e+03	1.16829e+03	1.89105e+00	0.00000e+00	0.00000e+00
1.69263e+02	2.67814e+02	2.45705e+03	1.16944e+03	1.89680e+00	0.00000e+00	0.00000e+00
1.73109e+02	2.67875e+02	2.45466e+03	1.17059e+03	1.90252e+00	0.00000e+00	0.00000e+00
1.76955e+02	2.67937e+02	2.45228e+03	1.17173e+03	1.90822e+00	0.00000e+00	0.00000e+00
1.80801e+02	2.67999e+02	2.44991e+03	1.17287e+03	1.91388e+00	0.00000e+00	0.00000e+00
1.84647e+02	2.68061e+02	2.44753e+03	1.17399e+03	1.91952e+00	0.00000e+00	0.00000e+00
1.88493e+02	2.68125e+02	2.44516e+03	1.17511e+03	1.92512e+00	0.00000e+00	0.00000e+00
1.92339e+02	2.68188e+02	2.44279e+03	1.17622e+03	1.93069e+00	0.00000e+00	0.00000e+00
1.96185e+02	2.68252e+02	2.44042e+03	1.17732e+03	1.93622e+00	0.00000e+00	0.00000e+00
2.00031e+02	2.68317e+02	2.43806e+03	1.17842e+03	1.94171e+00	0.00000e+00	0.00000e+00
2.03877e+02	2.68382e+02	2.43570e+03	1.17951e+03	1.94716e+00	0.00000e+00	0.00000e+00
2.07723e+02	2.68448e+02	2.43334e+03	1.18059e+03	1.95255e+00	0.00000e+00	0.00000e+00
2.11569e+02	2.68514e+02	2.43099e+03	1.18166e+03	1.95790e+00	0.00000e+00	0.00000e+00
2.15416e+02	2.68580e+02	2.42863e+03	1.18273e+03	1.96319e+00	0.00000e+00	0.00000e+00
2.19262e+02	2.68647e+02	2.42628e+03	1.18380e+03	1.96843e+00	0.00000e+00	0.00000e+00
2.23108e+02	2.68715e+02	2.42394e+03	1.18485e+03	1.97362e+00	0.00000e+00	0.00000e+00
2.26954e+02	2.68782e+02	2.42159e+03	1.18590e+03	1.97876e+00	0.00000e+00	0.00000e+00
2.30800e+02	2.68850e+02	2.41925e+03	1.18695e+03	1.98387e+00	0.00000e+00	0.00000e+00
2.34646e+02	2.68919e+02	2.41691e+03	1.18798e+03	1.98893e+00	0.00000e+00	0.00000e+00
2.38492e+02	2.68988e+02	2.41457e+03	1.18901e+03	1.99397e+00	0.00000e+00	0.00000e+00
2.42338e+02	2.69057e+02	2.41224e+03	1.19004e+03	1.99897e+00	0.00000e+00	0.00000e+00
2.46184e+02	2.69127e+02	2.40991e+03	1.19106e+03	2.00395e+00	0.00000e+00	0.00000e+00
2.50030e+02	2.69197e+02	2.40758e+03	1.19207e+03	2.00890e+00	0.00000e+00	0.00000e+00
2.53876e+02	2.69267e+02	2.40525e+03	1.19308e+03	2.01382e+00	0.00000e+00	0.00000e+00
2.57722e+02	2.69337e+02	2.40293e+03	1.19408e+03	2.01873e+00	0.00000e+00	0.00000e+00
2.61568e+02	2.69408e+02	2.40061e+03	1.19508e+03	2.02361e+00	0.00000e+00	0.00000e+00
2.65415e+02	2.69480e+02	2.39829e+03	1.19607e+03	2.02848e+00	0.00000e+00	0.00000e+00
2.69261e+02	2.69551e+02	2.39597e+03	1.19706e+03	2.03333e+00	0.00000e+00	0.00000e+00
2.73107e+02	2.69623e+02	2.39366e+03	1.19804e+03	2.03817e+00	0.00000e+00	0.00000e+00
2.76953e+02	2.69695e+02	2.39135e+03	1.19901e+03	2.04299e+00	0.00000e+00	0.00000e+00
2.80799e+02	2.69768e+02	2.38904e+03	1.19998e+03	2.04780e+00	0.00000e+00	0.00000e+00
2.84645e+02	2.69840e+02	2.38674e+03	1.20095e+03	2.05260e+00	0.00000e+00	0.00000e+00
2.88491e+02	2.69913e+02	2.38443e+03	1.20190e+03	2.05738e+00	0.00000e+00	0.00000e+00
2.92337e+02	2.69987e+02	2.38213e+03	1.20286e+03	2.06215e+00	0.00000e+00	0.00000e+00
2.96183e+02	2.70060e+02	2.37983e+03	1.20381e+03	2.06692e+00	0.00000e+00	0.00000e+00
3.00029e+02	2.70134e+02	2.37753e+03	1.20475e+03	2.07167e+00	0.00000e+00	0.00000e+00
3.03875e+02	2.70208e+02	2.37524e+03	1.20569e+03	2.07640e+00	0.00000e+00	0.00000e+00
3.07721e+02	2.70282e+02	2.37295e+03	1.20663e+03	2.08113e+00	0.00000e+00	0.00000e+00
3.11568e+02	2.70357e+02	2.37066e+03	1.20756e+03	2.08584e+00	0.00000e+00	0.00000e+00
3.15414e+02	2.70432e+02	2.36837e+03	1.20848e+03	2.09055e+00	0.00000e+00	0.00000e+00
3.19260e+02	2.70507e+02	2.36609e+03	1.20940e+03	2.09524e+00	0.00000e+00	0.00000e+00
3.23106e+02	2.70583e+02	2.36380e+03	1.21032e+03	2.09991e+00	0.00000e+00	0.00000e+00
3.26952e+02	2.70659e+02	2.36152e+03	1.21123e+03	2.10458e+00	0.00000e+00	0.00000e+00
3.30798e+02	2.70735e+02	2.35925e+03	1.21214e+03	2.10923e+00	0.00000e+00	0.00000e+00
3.34644e+02	2.70811e+02	2.35697e+03	1.21304e+03	2.11386e+00	0.00000e+00	0.00000e+00
3.38490e+02	2.70887e+02	2.35470e+03	1.21394e+03	2.11849e+00	0.00000e+00	0.00000e+00
3.42336e+02	2.70964e+02	2.35243e+03	1.21483e+03	2.12310e+00	0.00000e+00	0.00000e+00
3.46182e+02	2.71041e+02	2.35016e+03	1.21572e+03	2.12770e+00	0.00000e+00	0.00000e+00
3.50028e+02	2.71118e+02	2.34789e+03	1.21661e+03	2.13229e+00	0.00000e+00	0.00000e+00
3.53874e+02	2.71196e+02	2.34563e+03	1.21749e+03	2.13686e+00	0.00000e+00	0.00000e+00
3.57720e+02	2.71274e+02	2.34337e+03	1.21837e+03	2.14143e+00	0.00000e+00	0.00000e+00
3.61567e+02	2.71352e+02	2.34111e+03	1.21924e+03	2.14598e+00	0.00000e+00	0.00000e+00
3.65413e+02	2.71430e+02	2.33885e+03	1.22011e+03	2.15052e+00	0.00000e+00	0.00000e+00
3.69259e+02	2.71508e+02	2.33659e+03	1.22098e+03	2.15505e+00	0.00000e+00	0.00000e+00
3.73105e+02	2.71587e+02	2.33434e+03	1.22184e+03	2.15957e+00	0.00000e+00	0.00000e+00
3.76951e+02	2.71666e+02	2.33209e+03	1.22270e+03	2.16408e+00	0.00000e+00	0.00000e+00
3.80797e+02	2.71745e+02	2.32984e+03	1.22355e+03	2.16858e+00	0.00000e+00	0.00000e+00
3.84643e+02	2.71825e+02	2.32760e+03	1.22440e+03	2.17307e+00	0.00000e+00	0.00000e+00
3.88489e+02	2.71904e+02	2.32535e+03	1.22525e+03	2.17755e+00	0.00000e+00	0.00000e+00
3.92335e+02	2.71984e+02	2.32311e+03	1.22609e+03	2.18202e+00	0.00000e+00	0.00000e+00
3.96181e+02	2.72064e+02	2.32087e+03	1.22693e+03	2.18648e+00	0.00000e+00	0.00000e+00
4.00027e+02	2.72144e+02	2.31863e+03	1.22776e+03	2.19094e+00	0.00000e+00	0.00000e+00
4.03873e+02	2.72225e+02	2.31640e+03	1.22859e+03	2.19538e+00	0.00000e+00	0.00000e+00
4.07719e+02	2.72305e+02	2.31416e+03	1.22942e+03	2.19981e+00	0.00000e+00	0.00000e+00
4.11566e+02	2.72386e+02	2.31193e+03	1.23025e+03	2.20423e+00	0.00000e+00	0.00000e+00
4.15412e+02	2.72467e+02	2.30970e+03	1.23107e+03	2.20864e+00	0.00000e+00	0.00000e+00
4.19258e+02	2.72548e+02	2.30748e+03	1.23188e+03	2.21303e+00	0.00000e+00	0.00000e+00
4.23104e+02	2.72630e+02	2.30525e+03	1.23270e+03	2.21740e+00	0.00000e+00	0.00000e+00
4.26950e+02	2.72711e+02	2.30303e+03	1.23351e+03	2.22175e+00	0.00000e+00	0.00000e+00
4.30796e+02	2.72793e+02	2.30081e+03	1.23432e+03	2.22608e+00	0.00000e+00	0.00000e+00
4.34642e+02	2.72875e+02	2.29859e+03	1.23512e+03	2.23039e+00	0.00000e+00	0.00000e+00
4.38488e+02	2.72957e+02	2.29637e+03	1.23592e+03	2.23468e+00	0.00000e+00	0.00000e+00
4.42334e+02	2.73039e+02	2.29416e+03	1.23672e+03	2.23895e+00	0.00000e+00	0.00000e+00
4.46180e+02	2.73122e+02	2.29195e+03	1.23751e+03	2.24320e+00	0.00000e+00	0.00000e+00
4.50026e+02	2.73205e+02	2.28974e+03	1.23830e+03	2.24744e+00	0.00000e+00	0.00000e+00
4.53872e+02	2.73287e+02	2.28753e+03	1.23909e+03	2.25167e+00	0.00000e+00	0.00000e+00
4.57718e+02	2.73370e+02	2.28532e+03	1.23988e+03	2.25590e+00	0.00000e+00	0.00000e+00
4.61565e+02	2.73453e+02	2.28312e+03	1.24066e+03	2.26012e+00	0.00000e+00	0.00000e+00
4.65411e+02	2.73537e+02	2.28091e+03	1.24144e+03	2.26433e+00	0.00000e+00	0.00000e+00
4.69257e+02	2.73620e+02	2.27871e+03	1.24221e+03	2.26854e+00	0.00000e+00	0.00000e+00
4.73103e+02	2.73703e+02	2.27652e+03	1.24298e+03	2.27274e+00	0.00000e+00	0.00000e+00
4.76949e+02	2.73787e+02	2.27432e+03	1.24375e+03	2.27694e+00	0.00000e+00	0.00000e+00
4.80795e+02	2.73871e+02	2.27213e+03	1.24452e+03	2.28113e+00	0.00000e+00	0.00000e+00
4.84641e+02	2.73955e+02	2.26993e+03	1.24528e+03	2.28532e+00	0.00000e+00	0.00000e+00
4.88487e+02	2.74039e+02	2.26774e+03	1.24604e+03	2.28949e+00	0.00000e+00	0.00000e+00
4.92333e+02	2.74123e+02	2.26556e+03	1.24680e+03	2.29365e+00	0.00000e+00	0.00000e+00
4.96179e+02	2.74208e+02	2.26337e+03	1.24755e+03	2.29780e+00	0.00000e+00	0.00000e+00
5.00025e+02	2.74292e+02	2.26119e+03	1.24831e+03	2.30193e+00	0.00000e+00	0.00000e+00
5.03871e+02	2.74377e+02	2.25901e+03	1.24905e+03	2.30603e+00	0.00000e+00	0.00000e+00
5.07718e+02	2.74461e+02	2.25683e+03	1.24980e+03	2.31011e+00	0.00000e+00	0.00000e+00
5.11564e+02	2.74546e+02	2.25465e+03	1.25054e+03	2.31416e+00	0.00000e+00	0.00000e+00
5.15410e+02	2.74631e+02	2.25247e+03	1.25128e+03	2.31818e+00	0.00000e+00	0.00000e+00
5.19256e+02	2.74716e+02	2.25030e+03	1.25202e+03	2.32218e+00	0.00000e+00	0.00000e+00
5.23102e+02	2.74801e+02	2.24812e+03	1.25276e+03	2.32615e+00	0.00000e+00	0.00000e+00
5.26948e+02	2.74886e+02	2.24595e+03	1.25349e+03	2.33011e+00	0.00000e+00	0.00000e+00
5.30794e+02	2.74972e+02	2.24379e+03	1.25422e+03	2.33406e+00	0.00000e+00	0.00000e+00
5.34640e+02	2.75057e+02	2.24162e+03	1.25495e+03	2.33799e+00	0.00000e+00	0.00000e+00
5.38486e+02	2.75143e+02	2.23946e+03	1.25567e+03	2.34192e+00	0.00000e+00	0.00000e+00
5.42332e+02	2.75229e+02	2.23729e+03	1.25639e+03	2.34585e+00	0.00000e+00	0.00000e+00
5.46178e+02	2.75314e+02	2.23513e+03	1.25711e+03	2.34977e+00	0.00000e+00	0.00000e+00
5.50024e+02	2.75400e+02	2.23297e+03	1.25783e+03	2.35370e+00	0.00000e+00	0.00000e+00
5.53870e+02	2.75486e+02	2.23082e+03	1.25854e+03	2.35763e+00	0.00000e+00	0.00000e+00
5.57717e+02	2.75572e+02	2.22866e+03	1.25925e+03	2.36156e+00	0.00000e+00	0.00000e+00
5.61563e+02	2.75659e+02	2.22651e+03	1.25996e+03	2.36549e+00	0.00000e+00	0.00000e+00
5.65409e+02	2.75745e+02	2.22436e+03	1.26067e+03	2.36943e+00	0.00000e+00	0.00000e+00
5.69255e+02	2.75831e+02	2.22221e+03	1.26137e+03	2.37338e+00	0.00000e+00	0.00000e+00
5.73101e+02	2.75918e+02	2.22006e+03	1.26208e+03	2.37733e+00	0.00000e+00	0.00000e+00
5.76947e+02	2.76004e+02	2.21792e+03	1.26278e+03	2.38129e+00	0.00000e+00	0.00000e+00
5.80793e+02	2.76091e+02	2.21578e+03	1.26347e+03	2.38526e+00	0.00000e+00	0.00000e+00
5.84639e+02	2.76178e+02	2.21363e+03	1.26417e+03	2.38922e+00	0.00000e+00	0.00000e+00
5.88485e+02	2.76264e+02	2.21150e+03	1.26486e+03	2.39320e+00	0.00000e+00	0.00000e+00
5.92331e+02	2.76351e+02	2.20936e+03	1.26555e+03	2.39717e+00	0.00000e+00	0.00000e+00
5.96177e+02	2.76438e+02	2.20722e+03	1.26624e+03	2.40114e+00	0.00000e+00	0.00000e+00
6.00023e+02	2.76526e+02	2.20509e+03	1.26692e+03	2.40511e+00	0.00000e+00	0.00000e+00
6.03869e+02	2.76613e+02	2.20296e+03	1.26760e+03	2.40908e+00	0.00000e+00	0.00000e+00
6.07716e+02	2.76700e+02	2.20083e+03	1.26828e+03	NaN	NaN	NaN
6.11562e+02	2.76788e+02	2.19870e+03	1.26896e+03	NaN	NaN	NaN
6.15408e+02	2.76875e+02	2.19657e+03	1.26964e+03	NaN	NaN	NaN
6.19254e+02	2.76963e+02	2.19445e+03	1.27031e+03	NaN	NaN	NaN
6.23100e+02	2.77050e+02	2.19232e+03	1.27098e+03	NaN	NaN	NaN
6.26946e+02	2.77138e+02	2.19020e+03	1.27165e+03	NaN	NaN	NaN
6.30792e+02	2.77226e+02	2.18809e+03	1.27232e+03	NaN	NaN	NaN
6.34638e+02	2.77314e+02	2.18597e+03	1.27298e+03	NaN	NaN	NaN
6.38484e+02	2.77402e+02	2.18385e+03	1.27365e+03	NaN	NaN	NaN
6.42330e+02	2.77490e+02	2.18174e+03	1.27431e+03	NaN	NaN	NaN
6.46176e+02	2.77578e+02	2.17963e+03	1.27496e+03	NaN	NaN	NaN
6.50022e+02	2.77666e+02	2.17752e+03	1.27562e+03	NaN	NaN	NaN
6.53869e+02	2.77755e+02	2.17541e+03	1.27627e+03	NaN	NaN	NaN
6.57715e+02	2.77843e+02	2.17331e+03	1.27693e+03	NaN	NaN	NaN
6.61561e+02	2.77932e+02	2.17120e+03	1.27757e+03	NaN	NaN	NaN
6.65407e+02	2.78020e+02	2.16910e+03	1.27822e+03	NaN	NaN	NaN
6.69253e+02	2.78109e+02	2.16700e+03	1.27887e+03	NaN	NaN	NaN
6.73099e+02	2.78198e+02	2.16490e+03	1.27951e+03	NaN	NaN	NaN
6.76945e+02	2.78286e+02	2.16280e+03	1.28015e+03	NaN	NaN	NaN
6.80791e+02	2.78375e+02	2.16071e+03	1.28079e+03	NaN	NaN	NaN
6.84637e+02	2.78464e+02	2.15861e+03	1.28143e+03	NaN	NaN	NaN
6.88483e+02	2.78553e+02	2.15652e+03	1.28206e+03	NaN	NaN	NaN
6.92329e+02	2.78642e+02	2.15443e+03	1.28269e+03	NaN	NaN	NaN
6.96175e+02	2.78731e+02	2.15235e+03	1.28332e+03	NaN	NaN	NaN
7.00021e+02	2.78821e+02	2.15026e+03	1.28395e+03	NaN	NaN	NaN
7.03868e+02	2.78910e+02	2.14818e+03	1.28458e+03	NaN	NaN	NaN
7.07714e+02	2.78999e+02	2.14609e+03	1.28520e+03	NaN	NaN	NaN
7.11560e+02	2.79089e+02	2.14401e+03	1.28583e+03	NaN	NaN	NaN
7.15406e+02	2.79178e+02	2.14193e+03	1.28645e+03	NaN	NaN	NaN
7.19252e+02	2.79268e+02	2.13986e+03	1.28706e+03	NaN	NaN	NaN
7.23098e+02	2.79357e+02	2.13778e+03	1.28768e+03	NaN	NaN	NaN
7.26944e+02	2.79447e+02	2.13571e+03	1.28830e+03	NaN	NaN	NaN
7.30790e+02	2.79537e+02	2.13364e+03	1.28891e+03	NaN	NaN	NaN
7.34636e+02	2.79626e+02	2.13157e+03	1.28952e+03	NaN	NaN	NaN
7.38482e+02	2.79716e+02	2.12950e+03	1.29013e+03	NaN	NaN	NaN
7.42328e+02	2.79806e+02	2.12743e+03	1.29073e+03	NaN	NaN	NaN
7.46174e+02	2.79896e+02	2.12537e+03	1.29134e+03	NaN	NaN	NaN
7.50020e+02	2.79986e+02	2.12331e+03	1.29194e+03	NaN	NaN	NaN
7.53867e+02	2.80076e+02	2.12124e+03	1.29254e+03	NaN	NaN	NaN
7.57713e+02	2.80166e+02	2.11919e+03	1.29314e+03	NaN	NaN	NaN
7.61559e+02	2.80256e+02	2.11713e+03	1.29374e+03	NaN	NaN	NaN
7.65405e+02	2.80346e+02	2.11507e+03	1.29433e+03	NaN	NaN	NaN
7.69251e+02	2.80436e+02	2.11302e+03	1.29493e+03	NaN	NaN	NaN
7.73097e+02	2.80527e+02	2.11097e+03	1.29552e+03	NaN	NaN	NaN
7.76943e+02	2.80617e+02	2.10892e+03	1.29611e+03	NaN	NaN	NaN
7.80789e+02	2.76226e+02	2.10701e+03	1.39426e+03	4.47090e+00	2.31085e+00	1.24338e+02
7.84635e+02	2.76449e+02	2.10511e+03	1.39424e+03	4.47334e+00	2.31259e+00	1.23798e+02
7.88481e+02	2.76663e+02	2.10320e+03	1.39423e+03	4.47577e+00	2.31433e+00	1.23282e+02
7.92327e+02	2.76877e+02	2.10130e+03	1.39421e+03	4.47821e+00	2.31606e+00	1.22769e+02
7.96173e+02	2.77091e+02	2.09939e+03	1.39420e+03	4.48064e+00	2.31780e+00	1.22260e+02
8.00020e+02	2.77304e+02	2.09749e+03	1.39419e+03	4.48307e+00	2.31954e+00	1.21753e+02
8.03866e+02	2.77518e+02	2.09559e+03	1.39417e+03	4.48550e+00	2.32127e+00	1.21249e+02
8.07712e+02	2.77732e+02	2.09369e+03	1.39416e+03	4.48793e+00	2.32301e+00	1.20748e+02
8.11558e+02	2.77943e+02	2.09179e+03	1.39414e+03	4.49035e+00	2.32474e+00	1.20257e+02
8.15404e+02	2.78149e+02	2.08989e+03	1.39413e+03	4.49278e+00	2.32647e+00	1.19780e+02
8.19250e+02	2.78354e+02	2.08799e+03	1.39412e+03	4.49520e+00	2.32820e+00	1.19307e+02
8.23096e+02	2.78560e+02	2.08609e+03	1.39410e+03	4.49762e+00	2.32992e+00	1.18835e+02
8.26942e+02	2.78765e+02	2.08419e+03	1.39409e+03	4.50004e+00	2.33165e+00	1.18367e+02
8.30788e+02	2.78971e+02	2.08229e+03	1.39408e+03	4.50246e+00	2.33338e+00	1.17901e+02
8.34634e+02	2.79177e+02	2.08039e+03	1.39406e+03	4.50488e+00	2.33510e+00	1.17437e+02
8.38480e+02	2.79376e+02	2.07849e+03	1.39405e+03	4.50730e+00	2.33682e+00	1.16990e+02
8.42326e+02	2.79574e+02	2.07660e+03	1.39404e+03	4.50971e+00	2.33854e+00	1.16548e+02
8.46172e+02	2.79772e+02	2.07470e+03	1.39402e+03	4.51213e+00	2.34026e+00	1.16109e+02
8.50019e+02	2.79970e+02	2.07280e+03	1.39401e+03	4.51454e+00	2.34198e+00	1.15671e+02
8.53865e+02	2.80168e+02	2.07091e+03	1.39400e+03	4.51695e+00	2.34370e+00	1.15237e+02
8.57711e+02	2.80366e+02	2.06901e+03	1.39398e+03	4.51936e+00	2.34542e+00	1.14804e+02
8.61557e+02	2.80562e+02	2.06712e+03	1.39397e+03	4.52177e+00	2.34713e+00	1.14377e+02
8.65403e+02	2.80753e+02	2.06523e+03	1.39396e+03	4.52418e+00	2.34885e+00	1.13964e+02
8.69249e+02	2.80944e+02	2.06333e+03	1.39395e+03	4.52658e+00	2.35056e+00	1.13553e+02
8.73095e+02	2.81135e+02	2.06144e+03	1.93364e+03	3.85142e+00	1.86852e+00	5.08434e+13
1.26539e+03	3.57749e+02	1.92234e+03	1.93364e+03	4.00994e+00	1.86997e+00	1.16242e+11
1.65769e+03	4.29145e+02	1.78323e+03	1.95206e+03	7.01060e+00	4.16245e+00	2.90634e+09
2.05373e+03	4.95344e+02	1.64413e+03	2.60794e+03	7.04306e+00	4.17523e+00	2.52416e+08
2.58283e+03	5.56378e+02	1.50502e+03	2.61731e+03	7.10023e+00	4.20090e+00	5.28511e+07
3.11384e+03	6.12293e+02	1.36592e+03	2.63199e+03	7.15954e+00	4.22797e+00	1.69414e+07
3.64782e+03	6.63151e+02	1.22682e+03	2.64681e+03	7.22076e+00	4.25640e+00	7.26376e+06
4.18481e+03	7.09051e+02	1.08771e+03	2.66183e+03	7.28357e+00	4.28608e+00	3.83286e+06
4.72484e+03	7.50148e+02	9.48610e+02	2.67709e+03	7.34768e+00	4.31687e+00	2.35749e+06
5.26798e+03	7.86702e+02	8.09506e+02	2.69259e+03	7.41285e+00	4.34865e+00	1.62682e+06
5.81425e+03	8.19190e+02	6.70402e+02	2.70829e+03	7.47877e+00	4.38123e+00	1.22171e+06
6.36371e+03	8.48590e+02	5.31298e+02	2.72417e+03	7.54553e+00	4.41450e+00	9.68221e+05
6.91640e+03	8.77267e+02	3.92195e+02	2.74021e+03	9.52337e+00	1.41002e+00	7.73010e+05
6.91640e+03	8.77267e+02	3.92195e+02	7.02772e+03	2.80845e+00	0.00000e+00	1.00000e+04
8.16026e+03	8.78242e+02	3.48617e+02	7.04326e+03	2.80535e+00	0.00000e+00	1.00000e+04
9.40687e+03	8.79216e+02	3.05040e+02	7.05548e+03	2.94583e+00	0.00000e+00	1.00000e+04
1.06556e+04	8.80191e+02	2.61463e+02	7.06536e+03	3.08026e+00	0.00000e+00	1.00000e+04
1.19062e+04	8.81166e+02	2.17886e+02	7.07351e+03	3.20932e+00	0.00000e+00	1.00000e+04
1.31581e+04	8.82141e+02	1.74309e+02	7.08034e+03	3.33359e+00	0.00000e+00	1.00000e+04
1.44113e+04	8.83115e+02	1.30732e+02	7.08615e+03	3.45356e+00	0.00000e+00	1.00000e+04
1.56655e+04	8.84090e+02	8.71543e+01	7.09116e+03	3.56962e+00	0.00000e+00	1.00000e+04
1.69206e+04	8.85065e+02	4.35772e+01	7.09551e+03	3.68213e+00	0.00000e+00	1.00000e+04
1.81765e+04	8.86040e+02	0.00000e+00	7.09934e+03	3.79138e+00	0.00000e+00	1.00000e+04
