P (MPa)		T (K)		r (km)		rho (kg m-3)	VP (km s-1)	VS (km s-1)	QS/gamma	KS (GPa)	GS (GPa)	k for 0.01 mol/kg MgSO4 (S m-1)	
0.00000e+00	7.50000e+01	2.52000e+02	9.32829e+02	3.87708e+00	1.96108e+00	4.53908e+06	9.24000e+00	3.58800e+00	0.00000e+00
5.37579e-02	8.02488e+01	2.51492e+02	9.32829e+02	3.87740e+00	1.96125e+00	1.60358e+06	9.24018e+00	3.58812e+00	0.00000e+00
1.07516e-01	8.58648e+01	2.50985e+02	9.32678e+02	3.87775e+00	1.96144e+00	6.06415e+05	9.24035e+00	3.58823e+00	0.00000e+00
1.61274e-01	9.18740e+01	2.50478e+02	9.32503e+02	3.87817e+00	1.96165e+00	2.44383e+05	9.24053e+00	3.58835e+00	0.00000e+00
2.15032e-01	9.83036e+01	2.49971e+02	9.32298e+02	3.87864e+00	1.96190e+00	1.04517e+05	9.24071e+00	3.58846e+00	0.00000e+00
2.68790e-01	1.05183e+02	2.49464e+02	9.32059e+02	3.87918e+00	1.96218e+00	4.72534e+04	9.24089e+00	3.58858e+00	0.00000e+00
3.22548e-01	1.12544e+02	2.48957e+02	9.31778e+02	3.87981e+00	1.96251e+00	2.25023e+04	9.24106e+00	3.58869e+00	0.00000e+00
3.76306e-01	1.20421e+02	2.48450e+02	9.31446e+02	3.88055e+00	1.96289e+00	1.12485e+04	9.24124e+00	3.58881e+00	0.00000e+00
4.30063e-01	1.28848e+02	2.47944e+02	9.31053e+02	3.88141e+00	1.96334e+00	5.88379e+03	9.24142e+00	3.58892e+00	0.00000e+00
4.83821e-01	1.37865e+02	2.47438e+02	9.30586e+02	3.88243e+00	1.96386e+00	3.21091e+03	9.24160e+00	3.58904e+00	0.00000e+00
5.37579e-01	1.47514e+02	2.46931e+02	9.30028e+02	3.88364e+00	1.96448e+00	1.82307e+03	9.24177e+00	3.58915e+00	0.00000e+00
5.91337e-01	1.57837e+02	2.46425e+02	9.29363e+02	3.88508e+00	1.96522e+00	1.07413e+03	9.24195e+00	3.58927e+00	0.00000e+00
6.45095e-01	1.68883e+02	2.45919e+02	9.28566e+02	3.88679e+00	1.96609e+00	6.55145e+02	9.24213e+00	3.58939e+00	0.00000e+00
6.98853e-01	1.80702e+02	2.45412e+02	9.27613e+02	3.88883e+00	1.96713e+00	4.12726e+02	9.24230e+00	3.58950e+00	0.00000e+00
7.52611e-01	1.93348e+02	2.44906e+02	9.26477e+02	3.89126e+00	1.96837e+00	2.67985e+02	9.24248e+00	3.58962e+00	0.00000e+00
8.06369e-01	2.06879e+02	2.44399e+02	9.25130e+02	3.89414e+00	1.96983e+00	1.78990e+02	9.24266e+00	3.58973e+00	0.00000e+00
8.60127e-01	2.21358e+02	2.43892e+02	9.23547e+02	3.89752e+00	1.97155e+00	1.22746e+02	9.24284e+00	3.58985e+00	0.00000e+00
9.13885e-01	2.36849e+02	2.43384e+02	9.21713e+02	3.90144e+00	1.97354e+00	8.62790e+01	9.24301e+00	3.58996e+00	0.00000e+00
9.67643e-01	2.53424e+02	2.42876e+02	9.19632e+02	3.90590e+00	1.97581e+00	6.20604e+01	9.24319e+00	3.59008e+00	0.00000e+00
1.02140e+00	2.71160e+02	2.42367e+02	9.17332e+02	3.91084e+00	1.97832e+00	4.56125e+01	9.24337e+00	3.59019e+00	0.00000e+00
1.22093e+00	2.71160e+02	2.40679e+02	1.02873e+03	1.44146e+00	0.00000e+00	0.00000e+00	2.13751e+00	0.00000e+00	2.73941e+00
1.42045e+00	2.71161e+02	2.38993e+02	1.02882e+03	1.44179e+00	0.00000e+00	0.00000e+00	2.13866e+00	0.00000e+00	2.74037e+00
1.61997e+00	2.71161e+02	2.37310e+02	1.02892e+03	1.44211e+00	0.00000e+00	0.00000e+00	2.13982e+00	0.00000e+00	2.74133e+00
1.81950e+00	2.71162e+02	2.35630e+02	1.02902e+03	1.44243e+00	0.00000e+00	0.00000e+00	2.14098e+00	0.00000e+00	2.74229e+00
2.01902e+00	2.71162e+02	2.33953e+02	1.02911e+03	1.44275e+00	0.00000e+00	0.00000e+00	2.14213e+00	0.00000e+00	2.74325e+00
2.21855e+00	2.71162e+02	2.32279e+02	1.02921e+03	1.44308e+00	0.00000e+00	0.00000e+00	2.14329e+00	0.00000e+00	2.74421e+00
2.41807e+00	2.71163e+02	2.30608e+02	1.02930e+03	1.44340e+00	0.00000e+00	0.00000e+00	2.14445e+00	0.00000e+00	2.74517e+00
2.61760e+00	2.71163e+02	2.28941e+02	1.02940e+03	1.44372e+00	0.00000e+00	0.00000e+00	2.14561e+00	0.00000e+00	2.74613e+00
2.81712e+00	2.71164e+02	2.27277e+02	1.02949e+03	1.44404e+00	0.00000e+00	0.00000e+00	2.14677e+00	0.00000e+00	2.74709e+00
3.01664e+00	2.71164e+02	2.25618e+02	1.02959e+03	1.44437e+00	0.00000e+00	0.00000e+00	2.14793e+00	0.00000e+00	2.74805e+00
3.21617e+00	2.71165e+02	2.23962e+02	1.02969e+03	1.44469e+00	0.00000e+00	0.00000e+00	2.14909e+00	0.00000e+00	2.74900e+00
3.41569e+00	2.71165e+02	2.22311e+02	1.02978e+03	1.44502e+00	0.00000e+00	0.00000e+00	2.15026e+00	0.00000e+00	2.74996e+00
3.61522e+00	2.71166e+02	2.20665e+02	1.02988e+03	1.44534e+00	0.00000e+00	0.00000e+00	2.15142e+00	0.00000e+00	2.75091e+00
3.81474e+00	2.71166e+02	2.19023e+02	1.02997e+03	1.44566e+00	0.00000e+00	0.00000e+00	2.15258e+00	0.00000e+00	2.75187e+00
4.01427e+00	2.71167e+02	2.17386e+02	1.03007e+03	1.44599e+00	0.00000e+00	0.00000e+00	2.15375e+00	0.00000e+00	2.75282e+00
4.21379e+00	2.71167e+02	2.15754e+02	1.03016e+03	1.44631e+00	0.00000e+00	0.00000e+00	2.15492e+00	0.00000e+00	2.75378e+00
4.41332e+00	2.71168e+02	2.14128e+02	1.03026e+03	1.44664e+00	0.00000e+00	0.00000e+00	2.15608e+00	0.00000e+00	2.75473e+00
4.61284e+00	2.71168e+02	2.12507e+02	1.03035e+03	1.44696e+00	0.00000e+00	0.00000e+00	2.15725e+00	0.00000e+00	2.75568e+00
4.81236e+00	2.71169e+02	2.10893e+02	1.03045e+03	1.44729e+00	0.00000e+00	0.00000e+00	2.15842e+00	0.00000e+00	2.75663e+00
5.01189e+00	2.71169e+02	2.09284e+02	1.03054e+03	1.44761e+00	0.00000e+00	0.00000e+00	2.15959e+00	0.00000e+00	2.75758e+00
5.21141e+00	2.71170e+02	2.07681e+02	1.03064e+03	1.44794e+00	0.00000e+00	0.00000e+00	2.16076e+00	0.00000e+00	2.75854e+00
5.41094e+00	2.71170e+02	2.06085e+02	1.03074e+03	1.44826e+00	0.00000e+00	0.00000e+00	2.16194e+00	0.00000e+00	2.75949e+00
5.61046e+00	2.71171e+02	2.04495e+02	1.03083e+03	1.44859e+00	0.00000e+00	0.00000e+00	2.16311e+00	0.00000e+00	2.76043e+00
5.80999e+00	2.71172e+02	2.02913e+02	1.03093e+03	1.44892e+00	0.00000e+00	0.00000e+00	2.16428e+00	0.00000e+00	2.76138e+00
6.00951e+00	2.71172e+02	2.01337e+02	1.03102e+03	1.44924e+00	0.00000e+00	0.00000e+00	2.16546e+00	0.00000e+00	2.76233e+00
6.20904e+00	2.71173e+02	1.99769e+02	1.03112e+03	1.44957e+00	0.00000e+00	0.00000e+00	2.16663e+00	0.00000e+00	2.76328e+00
6.40856e+00	2.71173e+02	1.98208e+02	1.03121e+03	1.44990e+00	0.00000e+00	0.00000e+00	2.16781e+00	0.00000e+00	2.76423e+00
6.60808e+00	2.71174e+02	1.96654e+02	1.03131e+03	1.45022e+00	0.00000e+00	0.00000e+00	2.16899e+00	0.00000e+00	2.76517e+00
6.80761e+00	2.71175e+02	1.95109e+02	1.03140e+03	1.45055e+00	0.00000e+00	0.00000e+00	2.17017e+00	0.00000e+00	2.76612e+00
7.00713e+00	2.71175e+02	1.93572e+02	1.03149e+03	1.45088e+00	0.00000e+00	0.00000e+00	2.17135e+00	0.00000e+00	2.76706e+00
7.20666e+00	2.71176e+02	1.92042e+02	1.03159e+03	1.45121e+00	0.00000e+00	0.00000e+00	2.17253e+00	0.00000e+00	2.76801e+00
7.40618e+00	2.71177e+02	1.90522e+02	1.03168e+03	1.45153e+00	0.00000e+00	0.00000e+00	2.17371e+00	0.00000e+00	2.76895e+00
7.60571e+00	2.71177e+02	1.89010e+02	1.03178e+03	1.45186e+00	0.00000e+00	0.00000e+00	2.17489e+00	0.00000e+00	2.76990e+00
7.80523e+00	2.71178e+02	1.87506e+02	2.27441e+03	3.85510e+00	-2.77105e-01	1.41704e+13	1.09862e+02	5.37159e+01	0.00000e+00
8.60976e+00	2.92006e+02	1.85191e+02	2.28248e+03	3.90890e+00	-2.59995e-01	1.57143e+12	1.12805e+02	5.42884e+01	0.00000e+00
9.41429e+00	3.12576e+02	1.82876e+02	2.29288e+03	3.96589e+00	-2.48478e-01	2.38785e+11	1.15577e+02	5.52617e+01	0.00000e+00
1.02198e+01	3.32887e+02	1.80562e+02	2.29921e+03	4.02617e+00	-2.41428e-01	4.66928e+10	1.18813e+02	5.64151e+01	0.00000e+00
1.10247e+01	3.52940e+02	1.78247e+02	2.30525e+03	4.08640e+00	-2.32172e-01	1.12087e+10	1.21943e+02	5.75421e+01	0.00000e+00
1.18291e+01	3.72733e+02	1.75932e+02	2.31112e+03	4.14796e+00	-2.23451e-01	3.18609e+09	1.25205e+02	5.87297e+01	0.00000e+00
1.26328e+01	3.92268e+02	1.73617e+02	2.31678e+03	4.20450e+00	-2.03007e-01	1.04272e+09	1.27478e+02	5.95577e+01	0.00000e+00
1.34359e+01	4.11545e+02	1.71302e+02	2.32225e+03	4.21604e+00	-9.86955e-02	3.84280e+08	1.24467e+02	5.81662e+01	0.00000e+00
1.42383e+01	4.30562e+02	1.68987e+02	2.36266e+03	4.26152e+00	-5.80083e-02	1.56674e+08	1.26535e+02	5.86284e+01	0.00000e+00
1.50535e+01	4.49321e+02	1.66672e+02	2.39140e+03	4.29487e+00	4.51411e-03	6.96592e+07	1.24752e+02	5.81616e+01	0.00000e+00
1.58768e+01	4.67821e+02	1.64357e+02	2.39812e+03	4.31858e+00	8.16861e-02	3.33794e+07	1.24070e+02	5.81607e+01	0.00000e+00
1.67000e+01	4.86062e+02	1.62042e+02	2.44785e+03	4.38525e+00	9.24675e-02	1.70714e+07	1.29098e+02	6.02704e+01	0.00000e+00
1.75391e+01	5.04044e+02	1.59728e+02	2.47907e+03	4.45067e+00	1.09256e-01	9.24358e+06	1.32475e+02	6.15720e+01	0.00000e+00
1.83871e+01	5.21768e+02	1.57413e+02	2.48577e+03	4.32517e+00	3.84898e-01	5.26294e+06	1.10117e+02	5.49089e+01	0.00000e+00
1.92349e+01	5.39233e+02	1.55098e+02	2.55616e+03	4.34897e+00	4.50183e-01	3.13275e+06	1.08907e+02	5.46382e+01	0.00000e+00
2.01061e+01	5.56439e+02	1.52783e+02	2.58408e+03	4.41971e+00	4.63706e-01	1.94005e+06	1.11910e+02	5.57885e+01	0.00000e+00
2.09847e+01	5.73387e+02	1.50468e+02	2.58065e+03	4.45528e+00	5.18511e-01	1.24466e+06	1.10520e+02	5.53951e+01	0.00000e+00
2.18594e+01	5.90076e+02	1.48153e+02	2.58085e+03	4.49785e+00	5.64420e-01	8.24252e+05	1.10681e+02	5.55011e+01	0.00000e+00
2.27315e+01	6.06506e+02	1.45838e+02	2.59068e+03	4.57706e+00	5.79280e-01	5.61657e+05	1.15280e+02	5.97575e+01	0.00000e+00
2.36046e+01	6.22677e+02	1.43523e+02	2.64780e+03	4.61673e+00	6.28566e-01	3.92735e+05	1.15501e+02	5.96042e+01	0.00000e+00
2.44958e+01	6.38589e+02	1.41208e+02	2.66087e+03	4.73113e+00	6.06266e-01	2.81133e+05	1.24818e+02	6.25588e+01	0.00000e+00
2.53891e+01	6.54243e+02	1.38893e+02	2.67512e+03	4.72799e+00	6.98726e-01	2.05582e+05	1.18859e+02	5.97821e+01	0.00000e+00
2.62850e+01	6.69638e+02	1.36579e+02	2.66650e+03	4.83176e+00	6.92463e-01	1.53289e+05	1.25757e+02	6.19453e+01	0.00000e+00
2.71754e+01	6.84775e+02	1.34264e+02	2.66621e+03	4.85791e+00	7.57264e-01	1.16352e+05	1.23217e+02	6.09309e+01	0.00000e+00
2.80633e+01	6.99652e+02	1.31949e+02	2.66394e+03	4.94002e+00	7.73242e-01	8.97714e+04	1.27447e+02	6.22842e+01	0.00000e+00
2.89482e+01	7.14271e+02	1.29634e+02	2.66530e+03	4.95409e+00	8.46758e-01	7.03133e+04	1.24394e+02	6.13630e+01	0.00000e+00
2.98314e+01	7.28631e+02	1.27319e+02	2.67982e+03	4.80433e+00	1.03370e+00	5.58427e+04	1.07149e+02	5.60929e+01	0.00000e+00
3.07175e+01	7.42732e+02	1.25004e+02	2.74882e+03	4.83397e+00	1.08299e+00	4.49234e+04	1.06196e+02	5.55547e+01	0.00000e+00
3.16255e+01	7.56575e+02	1.22689e+02	2.75098e+03	4.73930e+00	1.20900e+00	3.65727e+04	9.52981e+01	5.25172e+01	0.00000e+00
3.25322e+01	7.70159e+02	1.20374e+02	2.79499e+03	4.77310e+00	1.25247e+00	3.01050e+04	9.49211e+01	5.23055e+01	0.00000e+00
3.34520e+01	7.83484e+02	1.18059e+02	2.79815e+03	4.80700e+00	1.29608e+00	2.50375e+04	9.45755e+01	5.21020e+01	0.00000e+00
3.43707e+01	7.96550e+02	1.15745e+02	2.80199e+03	4.84099e+00	1.33929e+00	2.10235e+04	9.42067e+01	5.19312e+01	0.00000e+00
3.52887e+01	8.09358e+02	1.13430e+02	2.80482e+03	4.87419e+00	1.38215e+00	1.78118e+04	9.38254e+01	5.17512e+01	0.00000e+00
3.62056e+01	8.21907e+02	1.11115e+02	2.80766e+03	4.90830e+00	1.42404e+00	1.52177e+04	9.36265e+01	5.16718e+01	0.00000e+00
3.71216e+01	8.34197e+02	1.08800e+02	2.81238e+03	4.94840e+00	1.46279e+00	1.31038e+04	9.40983e+01	5.18391e+01	0.00000e+00
3.80372e+01	8.46229e+02	1.06485e+02	2.82182e+03	5.09394e+00	1.49834e+00	1.13672e+04	1.00034e+02	5.84054e+01	0.00000e+00
3.89542e+01	8.58001e+02	1.04170e+02	2.86170e+03	5.18974e+00	1.53956e+00	9.92929e+03	1.03231e+02	6.23228e+01	0.00000e+00
3.98829e+01	8.69515e+02	1.01855e+02	2.89024e+03	5.21894e+00	1.58289e+00	8.73024e+03	1.03155e+02	6.17393e+01	0.00000e+00
4.08194e+01	8.80771e+02	9.95403e+01	2.89951e+03	5.24214e+00	1.62071e+00	7.72349e+03	1.03947e+02	6.08288e+01	0.00000e+00
4.17572e+01	8.91767e+02	9.72254e+01	2.92565e+03	5.28510e+00	1.65972e+00	6.87275e+03	1.05579e+02	6.12806e+01	0.00000e+00
4.27021e+01	9.02505e+02	9.49105e+01	2.95751e+03	5.32501e+00	1.70222e+00	6.14954e+03	1.05995e+02	6.14295e+01	0.00000e+00
4.36558e+01	9.12984e+02	9.25957e+01	2.96934e+03	5.35802e+00	1.74472e+00	5.53128e+03	1.05949e+02	6.11759e+01	0.00000e+00
4.46117e+01	9.23204e+02	9.02808e+01	2.97722e+03	5.39377e+00	1.78784e+00	4.99989e+03	1.05805e+02	6.10661e+01	0.00000e+00
4.55685e+01	9.33165e+02	8.79659e+01	2.98109e+03	5.42898e+00	1.83050e+00	4.54088e+03	1.05662e+02	6.09559e+01	0.00000e+00
4.65249e+01	9.42868e+02	8.56510e+01	2.98510e+03	5.46347e+00	1.87265e+00	4.14252e+03	1.05494e+02	6.08291e+01	0.00000e+00
4.74810e+01	9.52312e+02	8.33361e+01	2.98869e+03	5.49720e+00	1.91427e+00	3.79526e+03	1.05319e+02	6.06972e+01	0.00000e+00
4.84367e+01	9.61498e+02	8.10212e+01	2.99243e+03	5.53139e+00	1.95535e+00	3.49129e+03	1.05194e+02	6.06016e+01	0.00000e+00
4.93921e+01	9.70424e+02	7.87063e+01	2.99607e+03	5.56504e+00	1.99591e+00	3.22418e+03	1.05062e+02	6.05018e+01	0.00000e+00
5.03472e+01	9.79092e+02	7.63914e+01	2.99957e+03	5.59796e+00	2.03591e+00	2.98859e+03	1.04919e+02	6.03923e+01	0.00000e+00
5.13019e+01	9.87501e+02	7.40765e+01	3.00299e+03	5.63094e+00	2.07545e+00	2.78010e+03	1.04804e+02	6.03067e+01	0.00000e+00
5.22564e+01	9.95651e+02	7.17616e+01	3.00644e+03	5.66455e+00	2.11467e+00	2.59500e+03	1.04753e+02	6.02777e+01	0.00000e+00
5.32105e+01	1.00354e+03	6.94467e+01	3.01035e+03	5.69856e+00	2.15371e+00	2.43017e+03	1.04757e+02	6.03066e+01	0.00000e+00
5.41646e+01	1.01118e+03	6.71318e+01	3.01502e+03	5.73214e+00	2.19227e+00	2.28299e+03	1.04759e+02	6.03313e+01	0.00000e+00
5.51189e+01	1.01855e+03	6.48170e+01	3.01953e+03	5.76465e+00	2.23016e+00	2.15124e+03	1.04721e+02	6.03146e+01	0.00000e+00
5.60734e+01	1.02567e+03	6.25021e+01	3.02343e+03	5.79632e+00	2.26730e+00	2.03303e+03	1.04667e+02	6.02653e+01	0.00000e+00
5.70279e+01	1.03252e+03	6.01872e+01	3.02693e+03	5.82848e+00	2.30420e+00	1.92674e+03	1.04673e+02	6.02658e+01	0.00000e+00
5.79822e+01	1.03912e+03	5.78723e+01	3.03104e+03	5.86910e+00	2.34421e+00	1.83098e+03	1.05160e+02	6.07879e+01	0.00000e+00
5.89367e+01	1.04546e+03	5.55574e+01	3.04127e+03	5.90036e+00	2.38009e+00	1.74457e+03	1.05148e+02	6.07570e+01	0.00000e+00
5.98934e+01	1.05154e+03	5.32425e+01	3.04459e+03	5.92835e+00	2.41433e+00	1.66648e+03	1.04976e+02	6.05554e+01	0.00000e+00
6.08499e+01	1.05736e+03	5.09276e+01	3.04566e+03	5.95963e+00	2.44985e+00	1.59583e+03	1.04995e+02	6.05827e+01	0.00000e+00
6.18057e+01	1.06292e+03	4.86127e+01	3.04939e+03	5.98964e+00	2.48494e+00	1.53185e+03	1.04958e+02	6.05933e+01	0.00000e+00
6.27616e+01	1.06823e+03	4.62978e+01	3.05295e+03	6.01884e+00	2.51965e+00	1.47387e+03	1.04893e+02	6.05995e+01	0.00000e+00
6.37176e+01	1.07327e+03	4.39829e+01	3.05641e+03	6.04735e+00	2.55275e+00	1.42130e+03	1.04856e+02	6.05303e+01	0.00000e+00
6.46737e+01	1.07806e+03	4.16680e+01	3.05900e+03	6.07547e+00	2.58530e+00	1.37365e+03	1.04822e+02	6.04587e+01	0.00000e+00
6.56296e+01	1.08259e+03	3.93532e+01	3.06144e+03	6.10326e+00	2.61812e+00	1.33046e+03	1.04762e+02	6.04345e+01	0.00000e+00
6.65852e+01	1.08686e+03	3.70383e+01	3.06428e+03	6.13075e+00	2.65066e+00	1.29135e+03	1.04704e+02	6.04258e+01	0.00000e+00
6.75409e+01	1.09087e+03	3.47234e+01	3.06724e+03	6.15766e+00	2.68245e+00	1.25598e+03	1.04653e+02	6.04014e+01	0.00000e+00
6.84965e+01	1.09462e+03	3.24085e+01	3.07010e+03	6.18422e+00	2.71376e+00	1.22405e+03	1.04605e+02	6.03792e+01	0.00000e+00
6.94521e+01	1.09811e+03	3.00936e+01	3.07292e+03	6.21101e+00	2.74488e+00	1.19530e+03	1.04587e+02	6.03839e+01	0.00000e+00
7.04077e+01	1.10135e+03	2.77787e+01	3.07591e+03	6.23790e+00	2.77573e+00	1.16950e+03	1.04592e+02	6.04075e+01	0.00000e+00
7.13635e+01	1.10432e+03	2.54638e+01	3.07899e+03	6.26446e+00	2.80604e+00	1.14644e+03	1.04604e+02	6.04261e+01	0.00000e+00
7.23193e+01	1.10704e+03	2.31489e+01	3.08193e+03	6.29034e+00	2.83574e+00	1.12596e+03	1.04601e+02	6.04298e+01	0.00000e+00
7.32752e+01	1.10950e+03	2.08340e+01	3.08461e+03	6.31567e+00	2.86490e+00	1.10790e+03	1.04592e+02	6.04255e+01	0.00000e+00
7.42312e+01	1.11170e+03	1.85191e+01	3.08715e+03	6.34065e+00	2.89362e+00	1.09213e+03	1.04585e+02	6.04228e+01	0.00000e+00
7.51872e+01	1.11364e+03	1.62042e+01	3.08964e+03	6.36528e+00	2.92190e+00	1.07855e+03	1.04580e+02	6.04214e+01	0.00000e+00
7.61432e+01	1.11532e+03	1.38893e+01	3.09208e+03	6.38941e+00	2.94967e+00	1.06704e+03	1.04571e+02	6.04143e+01	0.00000e+00
7.70993e+01	1.11674e+03	1.15745e+01	3.09439e+03	6.41298e+00	2.97689e+00	1.05754e+03	1.04552e+02	6.03984e+01	0.00000e+00
7.80553e+01	1.11791e+03	9.25957e+00	3.09652e+03	6.43615e+00	3.00364e+00	1.04997e+03	1.04534e+02	6.03816e+01	0.00000e+00
7.90113e+01	1.11881e+03	6.94467e+00	3.09858e+03	6.45897e+00	3.02996e+00	1.04429e+03	1.04517e+02	6.03653e+01	0.00000e+00
7.99672e+01	1.11946e+03	4.62978e+00	3.10058e+03	6.48145e+00	3.05586e+00	1.04046e+03	1.04502e+02	6.03508e+01	0.00000e+00
8.09231e+01	1.11985e+03	2.31489e+00	3.10255e+03	6.50365e+00	3.08137e+00	1.03846e+03	1.04491e+02	6.03394e+01	0.00000e+00
8.18790e+01	NaN	0.00000e+00	3.10449e+03	NaN	NaN	NaN	NaN	NaN	NaN
