P (MPa)		T (K)		r (km)		rho (kg m-3)	VP (km s-1)	VS (km s-1)	QS/gamma	k for 0.01 mol/kg MgSO4 (S m-1)	
0.00000e+00	7.50000e+01	2.52000e+02	9.32829e+02	3.87708e+00	1.96108e+00	4.21813e+06	0.00000e+00
5.27040e-02	8.02292e+01	2.51502e+02	9.32829e+02	3.87739e+00	1.96125e+00	1.50276e+06	0.00000e+00
1.05408e-01	8.58231e+01	2.51005e+02	9.32679e+02	3.87775e+00	1.96143e+00	5.72630e+05	0.00000e+00
1.58112e-01	9.18070e+01	2.50507e+02	9.32504e+02	3.87816e+00	1.96165e+00	2.32364e+05	0.00000e+00
2.10816e-01	9.82081e+01	2.50010e+02	9.32301e+02	3.87863e+00	1.96189e+00	9.99992e+04	0.00000e+00
2.63520e-01	1.05055e+02	2.49513e+02	9.32063e+02	3.87917e+00	1.96218e+00	4.54663e+04	0.00000e+00
3.16224e-01	1.12380e+02	2.49017e+02	9.31784e+02	3.87979e+00	1.96250e+00	2.17618e+04	0.00000e+00
3.68928e-01	1.20216e+02	2.48520e+02	9.31454e+02	3.88052e+00	1.96288e+00	1.09284e+04	0.00000e+00
4.21632e-01	1.28598e+02	2.48023e+02	9.31064e+02	3.88138e+00	1.96332e+00	5.74003e+03	0.00000e+00
4.74336e-01	1.37564e+02	2.47527e+02	9.30601e+02	3.88239e+00	1.96384e+00	3.14413e+03	0.00000e+00
5.27040e-01	1.47155e+02	2.47031e+02	9.30049e+02	3.88359e+00	1.96445e+00	1.79112e+03	0.00000e+00
5.79744e-01	1.57415e+02	2.46534e+02	9.29390e+02	3.88501e+00	1.96518e+00	1.05847e+03	0.00000e+00
6.32448e-01	1.68391e+02	2.46038e+02	9.28602e+02	3.88670e+00	1.96605e+00	6.47320e+02	0.00000e+00
6.85152e-01	1.80132e+02	2.45541e+02	9.27660e+02	3.88872e+00	1.96707e+00	4.08772e+02	0.00000e+00
7.37856e-01	1.92691e+02	2.45044e+02	9.26538e+02	3.89112e+00	1.96830e+00	2.65983e+02	0.00000e+00
7.90560e-01	2.06126e+02	2.44548e+02	9.25207e+02	3.89396e+00	1.96974e+00	1.77989e+02	0.00000e+00
8.43264e-01	2.20498e+02	2.44050e+02	9.23643e+02	3.89730e+00	1.97144e+00	1.22265e+02	0.00000e+00
8.95968e-01	2.35872e+02	2.43552e+02	9.21831e+02	3.90118e+00	1.97341e+00	8.60679e+01	0.00000e+00
9.48672e-01	2.52318e+02	2.43054e+02	9.19772e+02	3.90559e+00	1.97565e+00	6.19894e+01	0.00000e+00
1.00138e+00	2.69910e+02	2.42555e+02	9.17493e+02	3.91048e+00	1.97813e+00	4.56125e+01	0.00000e+00
1.20135e+00	2.69910e+02	2.40802e+02	9.92961e+02	1.45536e+00	0.00000e+00	0.00000e+00	NaN
1.40132e+00	2.69911e+02	2.39052e+02	9.93056e+02	1.45578e+00	0.00000e+00	0.00000e+00	NaN
1.60128e+00	2.69911e+02	2.37306e+02	9.93150e+02	1.45620e+00	0.00000e+00	0.00000e+00	NaN
1.80125e+00	2.69912e+02	2.35563e+02	9.93244e+02	1.45663e+00	0.00000e+00	0.00000e+00	NaN
2.00122e+00	2.69912e+02	2.33825e+02	9.93338e+02	1.45705e+00	0.00000e+00	0.00000e+00	NaN
2.20119e+00	2.69912e+02	2.32091e+02	9.93433e+02	1.45747e+00	0.00000e+00	0.00000e+00	NaN
2.40116e+00	2.69913e+02	2.30361e+02	9.93527e+02	1.45789e+00	0.00000e+00	0.00000e+00	NaN
2.60113e+00	2.69913e+02	2.28636e+02	9.93621e+02	1.45832e+00	0.00000e+00	0.00000e+00	NaN
2.80110e+00	2.69914e+02	2.26916e+02	9.93715e+02	1.45874e+00	0.00000e+00	0.00000e+00	NaN
3.00107e+00	2.69914e+02	2.25201e+02	9.93809e+02	1.45916e+00	0.00000e+00	0.00000e+00	NaN
3.20104e+00	2.69915e+02	2.23491e+02	9.93903e+02	1.45959e+00	0.00000e+00	0.00000e+00	NaN
3.40101e+00	2.69915e+02	2.21786e+02	9.93996e+02	1.46001e+00	0.00000e+00	0.00000e+00	NaN
3.60098e+00	2.69915e+02	2.20088e+02	9.94090e+02	1.46043e+00	0.00000e+00	0.00000e+00	NaN
3.80095e+00	2.69916e+02	2.18395e+02	9.94184e+02	1.46085e+00	0.00000e+00	0.00000e+00	NaN
4.00092e+00	2.69916e+02	2.16709e+02	9.94278e+02	1.46127e+00	0.00000e+00	0.00000e+00	NaN
4.20089e+00	2.69917e+02	2.15029e+02	9.94371e+02	1.46170e+00	0.00000e+00	0.00000e+00	NaN
4.40086e+00	2.69917e+02	2.13356e+02	9.94465e+02	1.46212e+00	0.00000e+00	0.00000e+00	NaN
4.60083e+00	2.69918e+02	2.11689e+02	9.94558e+02	1.46254e+00	0.00000e+00	0.00000e+00	NaN
4.80080e+00	2.69918e+02	2.10030e+02	9.94652e+02	1.46296e+00	0.00000e+00	0.00000e+00	NaN
5.00076e+00	2.69919e+02	2.08378e+02	9.94745e+02	1.46338e+00	0.00000e+00	0.00000e+00	NaN
5.20073e+00	2.69919e+02	2.06734e+02	9.94839e+02	1.46380e+00	0.00000e+00	0.00000e+00	NaN
5.40070e+00	2.69920e+02	2.05098e+02	9.94932e+02	1.46423e+00	0.00000e+00	0.00000e+00	NaN
5.60067e+00	2.69920e+02	2.03469e+02	9.95025e+02	1.46465e+00	0.00000e+00	0.00000e+00	NaN
5.80064e+00	2.69921e+02	2.01849e+02	9.95118e+02	1.46507e+00	0.00000e+00	0.00000e+00	NaN
6.00061e+00	2.69922e+02	2.00237e+02	9.95211e+02	1.46549e+00	0.00000e+00	0.00000e+00	NaN
6.20058e+00	2.69922e+02	1.98633e+02	9.95305e+02	1.46591e+00	0.00000e+00	0.00000e+00	NaN
6.40055e+00	2.69923e+02	1.97039e+02	9.95398e+02	1.46633e+00	0.00000e+00	0.00000e+00	NaN
6.60052e+00	2.69923e+02	1.95454e+02	9.95491e+02	1.46675e+00	0.00000e+00	0.00000e+00	NaN
6.80049e+00	2.69924e+02	1.93877e+02	9.95583e+02	1.46717e+00	0.00000e+00	0.00000e+00	NaN
7.00046e+00	2.69924e+02	1.92311e+02	9.95676e+02	1.46759e+00	0.00000e+00	0.00000e+00	NaN
7.20043e+00	2.69925e+02	1.90753e+02	3.36403e+03	4.33639e+00	2.48110e+00	1.63236e+13	0.00000e+00
8.20370e+00	2.70262e+02	1.88455e+02	3.36403e+03	4.33639e+00	2.48107e+00	1.57507e+13	0.00000e+00
9.18085e+00	2.70595e+02	1.86157e+02	3.36404e+03	4.33638e+00	2.48104e+00	1.52052e+13	0.00000e+00
1.01315e+01	2.70924e+02	1.83859e+02	3.36405e+03	4.33637e+00	2.48102e+00	1.46856e+13	0.00000e+00
1.10554e+01	2.71249e+02	1.81561e+02	3.36406e+03	4.33636e+00	2.48099e+00	1.41904e+13	0.00000e+00
1.19520e+01	2.71570e+02	1.79262e+02	3.36407e+03	4.33635e+00	2.48096e+00	1.37182e+13	0.00000e+00
1.28210e+01	2.71887e+02	1.76964e+02	3.36408e+03	4.33634e+00	2.48094e+00	1.32680e+13	0.00000e+00
1.36620e+01	2.72200e+02	1.74666e+02	3.36408e+03	4.33633e+00	2.48091e+00	1.28383e+13	0.00000e+00
1.44744e+01	2.72508e+02	1.72368e+02	3.36409e+03	4.33631e+00	2.48088e+00	1.24282e+13	0.00000e+00
1.52579e+01	2.72813e+02	1.70069e+02	3.36409e+03	4.33630e+00	2.48086e+00	1.20366e+13	0.00000e+00
1.60118e+01	2.73113e+02	1.67771e+02	3.36410e+03	4.33629e+00	2.48083e+00	1.16626e+13	0.00000e+00
1.67358e+01	2.73410e+02	1.65473e+02	3.36410e+03	4.33627e+00	2.48080e+00	1.13051e+13	0.00000e+00
1.74291e+01	2.73702e+02	1.63175e+02	3.36411e+03	4.33626e+00	2.48078e+00	1.09633e+13	0.00000e+00
1.80913e+01	2.73990e+02	1.60876e+02	3.36411e+03	4.33624e+00	2.48075e+00	1.06365e+13	0.00000e+00
1.87218e+01	2.74274e+02	1.58578e+02	3.36411e+03	7.58839e+00	4.34126e+00	1.03238e+13	0.00000e+00
1.93197e+01	2.74554e+02	1.56280e+02	3.36411e+03	7.58835e+00	4.34122e+00	1.00245e+13	0.00000e+00
1.98845e+01	2.74830e+02	1.53982e+02	3.36411e+03	7.58832e+00	4.34117e+00	9.73800e+12	0.00000e+00
2.04155e+01	2.75102e+02	1.51683e+02	3.36411e+03	7.58838e+00	4.34119e+00	9.46356e+12	0.00000e+00
2.09117e+01	2.75370e+02	1.49385e+02	3.36413e+03	7.58859e+00	4.34132e+00	9.20061e+12	0.00000e+00
2.13725e+01	2.75633e+02	1.47087e+02	3.36418e+03	7.58878e+00	4.34144e+00	8.94856e+12	0.00000e+00
2.17968e+01	2.75893e+02	1.44789e+02	3.36423e+03	7.58897e+00	4.34156e+00	8.70689e+12	0.00000e+00
2.21838e+01	2.76148e+02	1.42491e+02	3.36428e+03	7.58914e+00	4.34167e+00	8.47508e+12	0.00000e+00
2.25324e+01	2.76400e+02	1.40192e+02	3.36432e+03	7.58930e+00	4.34177e+00	8.25263e+12	0.00000e+00
2.28416e+01	2.76647e+02	1.37894e+02	3.36436e+03	7.58945e+00	4.34186e+00	8.03910e+12	0.00000e+00
2.31103e+01	2.76890e+02	1.35596e+02	3.36439e+03	7.58959e+00	4.34196e+00	7.83405e+12	0.00000e+00
2.33371e+01	2.77129e+02	1.33298e+02	3.36443e+03	7.58973e+00	4.34204e+00	7.63706e+12	0.00000e+00
2.35208e+01	2.77364e+02	1.30999e+02	3.36446e+03	7.58986e+00	4.34213e+00	7.44775e+12	0.00000e+00
2.36600e+01	2.77595e+02	1.28701e+02	3.36449e+03	7.58998e+00	4.34221e+00	7.26574e+12	0.00000e+00
2.37532e+01	2.77822e+02	1.26403e+02	3.36452e+03	7.59010e+00	4.34229e+00	7.09068e+12	0.00000e+00
2.37988e+01	2.78045e+02	1.24105e+02	3.36454e+03	7.59021e+00	4.34237e+00	6.92224e+12	0.00000e+00
2.37950e+01	2.78264e+02	1.21806e+02	3.36457e+03	7.59033e+00	4.34246e+00	6.76010e+12	0.00000e+00
2.37399e+01	2.78478e+02	1.19508e+02	3.36459e+03	7.59044e+00	4.34254e+00	6.60395e+12	0.00000e+00
2.36316e+01	2.78689e+02	1.17210e+02	3.36462e+03	7.59055e+00	4.34262e+00	6.45351e+12	0.00000e+00
2.34679e+01	2.78895e+02	1.14912e+02	3.36464e+03	7.59066e+00	4.34271e+00	6.30849e+12	0.00000e+00
2.32464e+01	2.79097e+02	1.12614e+02	3.36466e+03	7.59078e+00	4.34280e+00	6.16864e+12	0.00000e+00
2.29646e+01	2.79296e+02	1.10315e+02	3.36468e+03	7.59090e+00	4.34289e+00	6.03369e+12	0.00000e+00
2.26198e+01	2.79490e+02	1.08017e+02	3.36471e+03	7.59102e+00	4.34299e+00	5.90341e+12	0.00000e+00
2.22089e+01	2.79680e+02	1.05719e+02	3.36473e+03	7.59115e+00	4.34310e+00	5.77756e+12	0.00000e+00
2.17287e+01	2.79866e+02	1.03421e+02	3.36475e+03	7.59128e+00	4.34322e+00	5.65592e+12	0.00000e+00
2.11756e+01	2.80048e+02	1.01122e+02	3.36477e+03	7.59142e+00	4.34334e+00	5.53827e+12	0.00000e+00
2.05458e+01	2.80226e+02	9.88241e+01	3.36480e+03	7.59158e+00	4.34347e+00	5.42439e+12	0.00000e+00
1.98351e+01	2.80399e+02	9.65259e+01	3.36482e+03	7.59174e+00	4.34361e+00	5.31409e+12	0.00000e+00
1.90388e+01	2.80569e+02	9.42276e+01	3.36485e+03	7.59191e+00	4.34377e+00	5.20717e+12	0.00000e+00
1.81517e+01	2.80735e+02	9.19294e+01	3.36488e+03	7.59210e+00	4.34394e+00	5.10342e+12	0.00000e+00
1.71683e+01	2.80896e+02	8.96312e+01	3.36490e+03	7.59231e+00	4.34412e+00	5.00267e+12	0.00000e+00
1.60824e+01	2.81053e+02	8.73329e+01	3.36494e+03	7.59253e+00	4.34432e+00	4.90471e+12	0.00000e+00
1.48871e+01	2.81207e+02	8.50347e+01	3.36497e+03	7.59277e+00	4.34454e+00	4.80937e+12	0.00000e+00
1.35748e+01	2.81356e+02	8.27365e+01	3.36501e+03	7.59303e+00	4.34478e+00	4.71646e+12	0.00000e+00
1.21370e+01	2.81501e+02	8.04382e+01	3.36505e+03	7.59332e+00	4.34504e+00	4.62580e+12	0.00000e+00
1.05643e+01	2.81642e+02	7.81400e+01	3.36509e+03	7.59363e+00	4.34532e+00	4.53719e+12	0.00000e+00
8.84596e+00	2.81779e+02	7.58417e+01	3.36514e+03	7.59396e+00	4.34563e+00	4.45045e+12	0.00000e+00
6.97023e+00	2.81912e+02	7.35435e+01	3.36519e+03	7.59433e+00	4.34596e+00	4.36538e+12	0.00000e+00
4.92366e+00	2.82041e+02	7.12453e+01	3.36524e+03	7.59473e+00	4.34633e+00	4.28178e+12	0.00000e+00
2.69110e+00	2.82165e+02	6.89470e+01	3.36530e+03	7.59517e+00	4.34673e+00	4.19946e+12	0.00000e+00
2.55322e-01	2.82286e+02	6.66488e+01	3.36537e+03	7.59565e+00	4.34716e+00	4.11818e+12	0.00000e+00
-2.40330e+00	2.82402e+02	6.43506e+01	3.36544e+03	7.59618e+00	4.34764e+00	4.03773e+12	0.00000e+00
-5.30725e+00	2.82515e+02	6.20523e+01	3.36552e+03	7.59675e+00	4.34816e+00	3.95786e+12	0.00000e+00
-8.48241e+00	2.82623e+02	5.97541e+01	3.36561e+03	7.59738e+00	4.34873e+00	3.87832e+12	0.00000e+00
-1.19587e+01	2.82727e+02	5.74559e+01	3.36570e+03	7.59807e+00	4.34936e+00	3.79881e+12	0.00000e+00
-1.57710e+01	2.82827e+02	5.51576e+01	3.36581e+03	7.59883e+00	4.35005e+00	3.71905e+12	0.00000e+00
-1.99600e+01	2.82923e+02	5.28594e+01	3.36592e+03	7.59967e+00	4.35081e+00	3.63868e+12	0.00000e+00
-2.45738e+01	2.83015e+02	5.05612e+01	3.36605e+03	7.60059e+00	4.35164e+00	3.55733e+12	0.00000e+00
-2.96692e+01	2.83103e+02	4.82629e+01	3.36619e+03	7.60161e+00	4.35257e+00	3.47460e+12	0.00000e+00
-3.53143e+01	2.83187e+02	4.59647e+01	3.36634e+03	7.60274e+00	4.35359e+00	3.38999e+12	0.00000e+00
-4.15910e+01	2.83267e+02	4.36665e+01	3.36651e+03	7.60399e+00	4.35473e+00	3.30298e+12	0.00000e+00
-4.85991e+01	2.83342e+02	4.13682e+01	3.36670e+03	7.60539e+00	4.35600e+00	3.21293e+12	0.00000e+00
-5.64609e+01	2.83414e+02	3.90700e+01	3.36692e+03	7.60697e+00	4.35742e+00	3.11915e+12	0.00000e+00
-6.53287e+01	2.83481e+02	3.67718e+01	3.36716e+03	7.60874e+00	4.35903e+00	3.02078e+12	0.00000e+00
-7.53937e+01	2.83545e+02	3.44735e+01	3.36742e+03	7.61075e+00	4.36085e+00	2.91686e+12	0.00000e+00
-8.68999e+01	2.83604e+02	3.21753e+01	3.36773e+03	7.61304e+00	4.36293e+00	2.80620e+12	0.00000e+00
-1.00164e+02	2.83659e+02	2.98771e+01	3.36808e+03	7.61568e+00	4.36533e+00	2.68744e+12	0.00000e+00
-1.15602e+02	2.83710e+02	2.75788e+01	3.36847e+03	7.61874e+00	4.36811e+00	2.55890e+12	0.00000e+00
-1.33778e+02	2.83757e+02	2.52806e+01	3.36894e+03	7.62234e+00	4.37138e+00	2.41857e+12	0.00000e+00
-1.55467e+02	2.83800e+02	2.29823e+01	3.36948e+03	7.62663e+00	4.37528e+00	2.26406e+12	0.00000e+00
-1.81770e+02	2.83839e+02	2.06841e+01	3.37013e+03	7.63181e+00	4.37999e+00	2.09244e+12	0.00000e+00
-2.14304e+02	2.83874e+02	1.83859e+01	3.37091e+03	7.63821e+00	4.38581e+00	1.90027e+12	0.00000e+00
-2.55548e+02	2.83904e+02	1.60876e+01	3.37187e+03	7.64629e+00	4.39317e+00	1.68360e+12	0.00000e+00
-3.09490e+02	2.83931e+02	1.37894e+01	3.37308e+03	7.65683e+00	4.40278e+00	1.43828e+12	0.00000e+00
-3.82997e+02	2.83954e+02	1.14912e+01	3.37466e+03	7.67115e+00	4.41584e+00	1.16094e+12	0.00000e+00
-4.88958e+02	2.83972e+02	9.19294e+00	3.37681e+03	7.69175e+00	4.43463e+00	8.51994e+11	0.00000e+00
-6.54692e+02	2.83986e+02	6.89470e+00	3.37990e+03	7.72390e+00	4.46397e+00	5.23337e+11	0.00000e+00
-9.49668e+02	2.83996e+02	4.59647e+00	3.38471e+03	7.78101e+00	4.51611e+00	2.16940e+11	0.00000e+00
-1.61439e+03	2.84003e+02	2.29823e+00	3.39324e+03	7.90951e+00	4.63347e+00	2.78722e+10	0.00000e+00
-4.28009e+03	NaN	0.00000e+00	3.41244e+03	NaN	NaN	NaN	NaN
-4.28009e+03	NaN	0.00000e+00	NaN	NaN	NaN	1.00000e+04	0.00000e+00
NaN	NaN	0.00000e+00	NaN	NaN	NaN	1.00000e+04	0.00000e+00
NaN	NaN	0.00000e+00	NaN	NaN	NaN	1.00000e+04	0.00000e+00
NaN	NaN	0.00000e+00	NaN	NaN	NaN	1.00000e+04	0.00000e+00
NaN	NaN	0.00000e+00	NaN	NaN	NaN	1.00000e+04	0.00000e+00
NaN	NaN	0.00000e+00	NaN	NaN	NaN	1.00000e+04	0.00000e+00
NaN	NaN	0.00000e+00	NaN	NaN	NaN	1.00000e+04	0.00000e+00
NaN	NaN	0.00000e+00	NaN	NaN	NaN	1.00000e+04	0.00000e+00
NaN	NaN	0.00000e+00	NaN	NaN	NaN	1.00000e+04	0.00000e+00
NaN	NaN	0.00000e+00	NaN	NaN	NaN	1.00000e+04	0.00000e+00
