P (MPa)		T (K)		r (km)		rho (kg m-3)	VP (km s-1)	VS (km s-1)	QS/gamma	k for 0.01 mol/kg MgSO4 (S m-1)	
0.00000e+00	7.50000e+01	2.52000e+02	9.32830e+02	3.87708e+00	1.96108e+00	5.08325e+06	0.00000e+00
7.28307e-02	8.02787e+01	2.51309e+02	9.32830e+02	3.87741e+00	1.96126e+00	1.77264e+06	0.00000e+00
1.45661e-01	8.59290e+01	2.50622e+02	9.32680e+02	3.87778e+00	1.96146e+00	6.62500e+05	0.00000e+00
2.18492e-01	9.19769e+01	2.49935e+02	9.32506e+02	3.87821e+00	1.96168e+00	2.64154e+05	0.00000e+00
2.91323e-01	9.84505e+01	2.49248e+02	9.32302e+02	3.87869e+00	1.96194e+00	1.11888e+05	0.00000e+00
3.64154e-01	1.05380e+02	2.48562e+02	9.32062e+02	3.87925e+00	1.96224e+00	5.01470e+04	0.00000e+00
4.36984e-01	1.12797e+02	2.47876e+02	9.31780e+02	3.87990e+00	1.96257e+00	2.36931e+04	0.00000e+00
5.09815e-01	1.20736e+02	2.47191e+02	9.31447e+02	3.88066e+00	1.96297e+00	1.17601e+04	0.00000e+00
5.82646e-01	1.29233e+02	2.46506e+02	9.31051e+02	3.88155e+00	1.96343e+00	6.11229e+03	0.00000e+00
6.55476e-01	1.38329e+02	2.45821e+02	9.30579e+02	3.88259e+00	1.96397e+00	3.31653e+03	0.00000e+00
7.28307e-01	1.48065e+02	2.45137e+02	9.30015e+02	3.88383e+00	1.96461e+00	1.87337e+03	0.00000e+00
8.01138e-01	1.58487e+02	2.44452e+02	9.29341e+02	3.88530e+00	1.96536e+00	1.09869e+03	0.00000e+00
8.73969e-01	1.69641e+02	2.43768e+02	9.28533e+02	3.88705e+00	1.96626e+00	6.67367e+02	0.00000e+00
9.46799e-01	1.81581e+02	2.43084e+02	9.27565e+02	3.88914e+00	1.96733e+00	4.18881e+02	0.00000e+00
1.01963e+00	1.94361e+02	2.42400e+02	9.26410e+02	3.89163e+00	1.96860e+00	2.71093e+02	0.00000e+00
1.09246e+00	2.08041e+02	2.41716e+02	9.25039e+02	3.89458e+00	1.97010e+00	1.80539e+02	0.00000e+00
1.16529e+00	2.22684e+02	2.41031e+02	9.23428e+02	3.89803e+00	1.97186e+00	1.23490e+02	0.00000e+00
1.23812e+00	2.38357e+02	2.40346e+02	9.21563e+02	3.90204e+00	1.97390e+00	8.66042e+01	0.00000e+00
1.31095e+00	2.55133e+02	2.39660e+02	9.19450e+02	3.90658e+00	1.97621e+00	6.21696e+01	0.00000e+00
1.38378e+00	2.73090e+02	2.38974e+02	9.17119e+02	3.91161e+00	1.97876e+00	4.56125e+01	0.00000e+00
1.57526e+00	2.73092e+02	2.37479e+02	1.10856e+03	1.54110e+00	0.00000e+00	0.00000e+00	8.15174e-02
1.76673e+00	2.73093e+02	2.35984e+02	1.10864e+03	1.54148e+00	0.00000e+00	0.00000e+00	8.15444e-02
1.95820e+00	2.73095e+02	2.34491e+02	1.10872e+03	1.54185e+00	0.00000e+00	0.00000e+00	8.15714e-02
2.14967e+00	2.73096e+02	2.32999e+02	1.10880e+03	1.54222e+00	0.00000e+00	0.00000e+00	8.15983e-02
2.34114e+00	2.73098e+02	2.31508e+02	1.10888e+03	1.54259e+00	0.00000e+00	0.00000e+00	8.16253e-02
2.53261e+00	2.73099e+02	2.30019e+02	1.10896e+03	1.54296e+00	0.00000e+00	0.00000e+00	8.16522e-02
2.72408e+00	2.73101e+02	2.28531e+02	1.10904e+03	1.54333e+00	0.00000e+00	0.00000e+00	8.16791e-02
2.91556e+00	2.73102e+02	2.27045e+02	1.10912e+03	1.54371e+00	0.00000e+00	0.00000e+00	8.17060e-02
3.10703e+00	2.73104e+02	2.25560e+02	1.10920e+03	1.54408e+00	0.00000e+00	0.00000e+00	8.17329e-02
3.29850e+00	2.73106e+02	2.24078e+02	1.10928e+03	1.54445e+00	0.00000e+00	0.00000e+00	8.17598e-02
3.48997e+00	2.73107e+02	2.22597e+02	1.10936e+03	1.54482e+00	0.00000e+00	0.00000e+00	8.17867e-02
3.68144e+00	2.73109e+02	2.21119e+02	1.10944e+03	1.54519e+00	0.00000e+00	0.00000e+00	8.18135e-02
3.87291e+00	2.73110e+02	2.19644e+02	1.10952e+03	1.54557e+00	0.00000e+00	0.00000e+00	8.18403e-02
4.06438e+00	2.73112e+02	2.18171e+02	1.10960e+03	1.54594e+00	0.00000e+00	0.00000e+00	8.18671e-02
4.25586e+00	2.73113e+02	2.16700e+02	1.10968e+03	1.54631e+00	0.00000e+00	0.00000e+00	8.18939e-02
4.44733e+00	2.73115e+02	2.15233e+02	1.10976e+03	1.54668e+00	0.00000e+00	0.00000e+00	8.19207e-02
4.63880e+00	2.73117e+02	2.13768e+02	1.10984e+03	1.54705e+00	0.00000e+00	0.00000e+00	8.19475e-02
4.83027e+00	2.73118e+02	2.12307e+02	1.10992e+03	1.54742e+00	0.00000e+00	0.00000e+00	8.19742e-02
5.02174e+00	2.73120e+02	2.10849e+02	1.11000e+03	1.54780e+00	0.00000e+00	0.00000e+00	8.20009e-02
5.21321e+00	2.73122e+02	2.09394e+02	1.11008e+03	1.54817e+00	0.00000e+00	0.00000e+00	8.20276e-02
5.40468e+00	2.73123e+02	2.07944e+02	1.11016e+03	1.54854e+00	0.00000e+00	0.00000e+00	8.20543e-02
5.59616e+00	2.73125e+02	2.06496e+02	1.11024e+03	1.54891e+00	0.00000e+00	0.00000e+00	8.20810e-02
5.78763e+00	2.73126e+02	2.05053e+02	1.11032e+03	1.54928e+00	0.00000e+00	0.00000e+00	8.21077e-02
5.97910e+00	2.73128e+02	2.03614e+02	1.11040e+03	1.54966e+00	0.00000e+00	0.00000e+00	8.21343e-02
6.17057e+00	2.73130e+02	2.02180e+02	1.11048e+03	1.55003e+00	0.00000e+00	0.00000e+00	8.21610e-02
6.36204e+00	2.73131e+02	2.00750e+02	1.11056e+03	1.55040e+00	0.00000e+00	0.00000e+00	8.21876e-02
6.55351e+00	2.73133e+02	1.99324e+02	1.11064e+03	1.55077e+00	0.00000e+00	0.00000e+00	8.22142e-02
6.74498e+00	2.73135e+02	1.97903e+02	1.11072e+03	1.55114e+00	0.00000e+00	0.00000e+00	8.22408e-02
6.93646e+00	2.73136e+02	1.96488e+02	1.11080e+03	1.55151e+00	0.00000e+00	0.00000e+00	8.22673e-02
7.12793e+00	2.73138e+02	1.95077e+02	1.11088e+03	1.55189e+00	0.00000e+00	0.00000e+00	8.22939e-02
7.31940e+00	2.73140e+02	1.93671e+02	1.11096e+03	1.55226e+00	0.00000e+00	0.00000e+00	8.23204e-02
7.51087e+00	2.73141e+02	1.92271e+02	1.11104e+03	1.55263e+00	0.00000e+00	0.00000e+00	8.23470e-02
7.70234e+00	2.73143e+02	1.90877e+02	1.11112e+03	1.55300e+00	0.00000e+00	0.00000e+00	8.23735e-02
7.89381e+00	2.73145e+02	1.89488e+02	1.11120e+03	1.55337e+00	0.00000e+00	0.00000e+00	8.24000e-02
8.08529e+00	2.73146e+02	1.88106e+02	1.11128e+03	1.55375e+00	0.00000e+00	0.00000e+00	8.24264e-02
8.27676e+00	2.73148e+02	1.86729e+02	1.11136e+03	1.55412e+00	0.00000e+00	0.00000e+00	8.24529e-02
8.46823e+00	2.73150e+02	1.85359e+02	1.11143e+03	1.55449e+00	0.00000e+00	0.00000e+00	8.24793e-02
8.65970e+00	2.73152e+02	1.83995e+02	1.11151e+03	1.55486e+00	0.00000e+00	0.00000e+00	8.25058e-02
8.85117e+00	2.73153e+02	1.82637e+02	1.11159e+03	1.55523e+00	0.00000e+00	0.00000e+00	8.25322e-02
9.04264e+00	2.73155e+02	1.81286e+02	3.36387e+03	4.33590e+00	2.48070e+00	1.13746e+13	0.00000e+00
1.00709e+01	2.73542e+02	1.78901e+02	3.36387e+03	4.33588e+00	2.48067e+00	1.09243e+13	0.00000e+00
1.10720e+01	2.73924e+02	1.76515e+02	3.36388e+03	4.33587e+00	2.48063e+00	1.04983e+13	0.00000e+00
1.20456e+01	2.74301e+02	1.74130e+02	3.36389e+03	4.33585e+00	2.48060e+00	1.00949e+13	0.00000e+00
1.29914e+01	2.74673e+02	1.71745e+02	3.36389e+03	4.33583e+00	2.48057e+00	9.71279e+12	0.00000e+00
1.39088e+01	2.75040e+02	1.69359e+02	3.36390e+03	4.33584e+00	2.48055e+00	9.35067e+12	0.00000e+00
1.47976e+01	2.75402e+02	1.66974e+02	3.36391e+03	4.33606e+00	2.48069e+00	9.00731e+12	0.00000e+00
1.56571e+01	2.75758e+02	1.64589e+02	3.36400e+03	4.33626e+00	2.48081e+00	8.68159e+12	0.00000e+00
1.64870e+01	2.76110e+02	1.62203e+02	3.36409e+03	4.33644e+00	2.48093e+00	8.37244e+12	0.00000e+00
1.72867e+01	2.76456e+02	1.59818e+02	3.36417e+03	4.33661e+00	2.48103e+00	8.07888e+12	0.00000e+00
1.80557e+01	2.76797e+02	1.57433e+02	3.36424e+03	4.33677e+00	2.48113e+00	7.79999e+12	0.00000e+00
1.87934e+01	2.77133e+02	1.55047e+02	3.36431e+03	4.33692e+00	2.48122e+00	7.53492e+12	0.00000e+00
1.94991e+01	2.77464e+02	1.52662e+02	3.36438e+03	4.33705e+00	2.48130e+00	7.28286e+12	0.00000e+00
2.01721e+01	2.77790e+02	1.50277e+02	3.36444e+03	7.59006e+00	4.34240e+00	7.04306e+12	0.00000e+00
2.08119e+01	2.78110e+02	1.47891e+02	3.36449e+03	7.59026e+00	4.34252e+00	6.81484e+12	0.00000e+00
2.14176e+01	2.78426e+02	1.45506e+02	3.36454e+03	7.59044e+00	4.34263e+00	6.59752e+12	0.00000e+00
2.19884e+01	2.78736e+02	1.43121e+02	3.36459e+03	7.59061e+00	4.34273e+00	6.39050e+12	0.00000e+00
2.25235e+01	2.79041e+02	1.40735e+02	3.36463e+03	7.59077e+00	4.34282e+00	6.19320e+12	0.00000e+00
2.30220e+01	2.79341e+02	1.38350e+02	3.36467e+03	7.59092e+00	4.34291e+00	6.00509e+12	0.00000e+00
2.34828e+01	2.79636e+02	1.35965e+02	3.36471e+03	7.59105e+00	4.34299e+00	5.82565e+12	0.00000e+00
2.39050e+01	2.79926e+02	1.33579e+02	3.36475e+03	7.59118e+00	4.34306e+00	5.65442e+12	0.00000e+00
2.42875e+01	2.80211e+02	1.31194e+02	3.36478e+03	7.59130e+00	4.34313e+00	5.49094e+12	0.00000e+00
2.46289e+01	2.80491e+02	1.28809e+02	3.36481e+03	7.59141e+00	4.34320e+00	5.33481e+12	0.00000e+00
2.49281e+01	2.80765e+02	1.26423e+02	3.36484e+03	7.59152e+00	4.34326e+00	5.18561e+12	0.00000e+00
2.51837e+01	2.81034e+02	1.24038e+02	3.36486e+03	7.59163e+00	4.34333e+00	5.04299e+12	0.00000e+00
2.53941e+01	2.81299e+02	1.21653e+02	3.36489e+03	7.59173e+00	4.34339e+00	4.90660e+12	0.00000e+00
2.55578e+01	2.81558e+02	1.19267e+02	3.36491e+03	7.59183e+00	4.34346e+00	4.77610e+12	0.00000e+00
2.56729e+01	2.81811e+02	1.16882e+02	3.36494e+03	7.59193e+00	4.34353e+00	4.65118e+12	0.00000e+00
2.57377e+01	2.82060e+02	1.14497e+02	3.36496e+03	7.59204e+00	4.34360e+00	4.53155e+12	0.00000e+00
2.57501e+01	2.82304e+02	1.12111e+02	3.36499e+03	7.59215e+00	4.34368e+00	4.41693e+12	0.00000e+00
2.57078e+01	2.82542e+02	1.09726e+02	3.36501e+03	7.59226e+00	4.34376e+00	4.30706e+12	0.00000e+00
2.56084e+01	2.82776e+02	1.07341e+02	3.36503e+03	7.59238e+00	4.34385e+00	4.20168e+12	0.00000e+00
2.54493e+01	2.83004e+02	1.04955e+02	3.36506e+03	7.59251e+00	4.34395e+00	4.10056e+12	0.00000e+00
2.52277e+01	2.83227e+02	1.02570e+02	3.36508e+03	7.59265e+00	4.34406e+00	4.00347e+12	0.00000e+00
2.49403e+01	2.83445e+02	1.00184e+02	3.36511e+03	7.59281e+00	4.34418e+00	3.91020e+12	0.00000e+00
2.45838e+01	2.83658e+02	9.77991e+01	3.36514e+03	7.59297e+00	4.34432e+00	3.82055e+12	0.00000e+00
2.41543e+01	2.83866e+02	9.54138e+01	3.36517e+03	7.59316e+00	4.34446e+00	3.73430e+12	0.00000e+00
2.36476e+01	2.84069e+02	9.30284e+01	3.36521e+03	7.59336e+00	4.34463e+00	3.65128e+12	0.00000e+00
2.30592e+01	2.84266e+02	9.06431e+01	3.36524e+03	7.59358e+00	4.34481e+00	3.57131e+12	0.00000e+00
2.23839e+01	2.84458e+02	8.82577e+01	3.36528e+03	7.59383e+00	4.34501e+00	3.49420e+12	0.00000e+00
2.16162e+01	2.84646e+02	8.58724e+01	3.36533e+03	7.59409e+00	4.34523e+00	3.41978e+12	0.00000e+00
2.07496e+01	2.84828e+02	8.34871e+01	3.36538e+03	7.59439e+00	4.34548e+00	3.34789e+12	0.00000e+00
1.97772e+01	2.85005e+02	8.11017e+01	3.36543e+03	7.59472e+00	4.34575e+00	3.27837e+12	0.00000e+00
1.86911e+01	2.85177e+02	7.87164e+01	3.36549e+03	7.59508e+00	4.34605e+00	3.21105e+12	0.00000e+00
1.74824e+01	2.85343e+02	7.63310e+01	3.36555e+03	7.59548e+00	4.34638e+00	3.14578e+12	0.00000e+00
1.61413e+01	2.85505e+02	7.39457e+01	3.36562e+03	7.59592e+00	4.34674e+00	3.08239e+12	0.00000e+00
1.46564e+01	2.85661e+02	7.15603e+01	3.36570e+03	7.59641e+00	4.34715e+00	3.02072e+12	0.00000e+00
1.30149e+01	2.85813e+02	6.91750e+01	3.36578e+03	7.59694e+00	4.34759e+00	2.96062e+12	0.00000e+00
1.12023e+01	2.85959e+02	6.67896e+01	3.36588e+03	7.59753e+00	4.34809e+00	2.90192e+12	0.00000e+00
9.20189e+00	2.86100e+02	6.44043e+01	3.36598e+03	7.59818e+00	4.34863e+00	2.84444e+12	0.00000e+00
6.99439e+00	2.86236e+02	6.20190e+01	3.36610e+03	7.59890e+00	4.34923e+00	2.78800e+12	0.00000e+00
4.55757e+00	2.86367e+02	5.96336e+01	3.36622e+03	7.59969e+00	4.34989e+00	2.73242e+12	0.00000e+00
1.86555e+00	2.86492e+02	5.72483e+01	3.36636e+03	7.60057e+00	4.35062e+00	2.67749e+12	0.00000e+00
-1.11196e+00	2.86613e+02	5.48629e+01	3.36651e+03	7.60154e+00	4.35143e+00	2.62300e+12	0.00000e+00
-4.41061e+00	2.86728e+02	5.24776e+01	3.36669e+03	7.60262e+00	4.35232e+00	2.56869e+12	0.00000e+00
-8.07270e+00	2.86839e+02	5.00922e+01	3.36687e+03	7.60382e+00	4.35332e+00	2.51432e+12	0.00000e+00
-1.21488e+01	2.86944e+02	4.77069e+01	3.36708e+03	7.60515e+00	4.35443e+00	2.45958e+12	0.00000e+00
-1.66998e+01	2.87044e+02	4.53215e+01	3.36732e+03	7.60664e+00	4.35567e+00	2.40413e+12	0.00000e+00
-2.17998e+01	2.87139e+02	4.29362e+01	3.36758e+03	7.60831e+00	4.35706e+00	2.34759e+12	0.00000e+00
-2.75399e+01	2.87229e+02	4.05509e+01	3.36787e+03	7.61020e+00	4.35863e+00	2.28952e+12	0.00000e+00
-3.40330e+01	2.87313e+02	3.81655e+01	3.36820e+03	7.61232e+00	4.36040e+00	2.22938e+12	0.00000e+00
-4.14214e+01	2.87393e+02	3.57802e+01	3.36858e+03	7.61474e+00	4.36241e+00	2.16655e+12	0.00000e+00
-4.98866e+01	2.87467e+02	3.33948e+01	3.36900e+03	7.61751e+00	4.36472e+00	2.10028e+12	0.00000e+00
-5.96635e+01	2.87536e+02	3.10095e+01	3.36949e+03	7.62071e+00	4.36738e+00	2.02966e+12	0.00000e+00
-7.10626e+01	2.87600e+02	2.86241e+01	3.37005e+03	7.62443e+00	4.37048e+00	1.95357e+12	0.00000e+00
-8.45017e+01	2.87659e+02	2.62388e+01	3.37070e+03	7.62882e+00	4.37413e+00	1.87060e+12	0.00000e+00
-1.00558e+02	2.87713e+02	2.38534e+01	3.37147e+03	7.63405e+00	4.37849e+00	1.77898e+12	0.00000e+00
-1.20050e+02	2.87762e+02	2.14681e+01	3.37239e+03	7.64038e+00	4.38377e+00	1.67648e+12	0.00000e+00
-1.44181e+02	2.87806e+02	1.90828e+01	3.37350e+03	7.64821e+00	4.39029e+00	1.56018e+12	0.00000e+00
-1.74793e+02	2.87844e+02	1.66974e+01	3.37487e+03	7.65813e+00	4.39856e+00	1.42635e+12	0.00000e+00
-2.14856e+02	2.87878e+02	1.43121e+01	3.37661e+03	7.67108e+00	4.40936e+00	1.27019e+12	0.00000e+00
-2.69477e+02	2.87906e+02	1.19267e+01	3.37888e+03	7.68870e+00	4.42406e+00	1.08574e+12	0.00000e+00
-3.48251e+02	2.87929e+02	9.54138e+00	3.38196e+03	7.71408e+00	4.44523e+00	8.66432e+11	0.00000e+00
-4.71517e+02	2.87947e+02	7.15603e+00	3.38640e+03	7.75371e+00	4.47830e+00	6.08173e+11	0.00000e+00
-6.91018e+02	2.87960e+02	4.77069e+00	3.39333e+03	7.82420e+00	4.53714e+00	3.21845e+11	0.00000e+00
-1.18599e+03	2.87967e+02	2.38534e+00	3.40565e+03	7.98298e+00	4.66968e+00	7.39390e+10	0.00000e+00
-3.17321e+03	NaN	0.00000e+00	3.43340e+03	NaN	NaN	NaN	NaN
-3.17321e+03	NaN	0.00000e+00	NaN	NaN	NaN	1.00000e+04	0.00000e+00
NaN	NaN	0.00000e+00	NaN	NaN	NaN	1.00000e+04	0.00000e+00
NaN	NaN	0.00000e+00	NaN	NaN	NaN	1.00000e+04	0.00000e+00
NaN	NaN	0.00000e+00	NaN	NaN	NaN	1.00000e+04	0.00000e+00
NaN	NaN	0.00000e+00	NaN	NaN	NaN	1.00000e+04	0.00000e+00
NaN	NaN	0.00000e+00	NaN	NaN	NaN	1.00000e+04	0.00000e+00
NaN	NaN	0.00000e+00	NaN	NaN	NaN	1.00000e+04	0.00000e+00
NaN	NaN	0.00000e+00	NaN	NaN	NaN	1.00000e+04	0.00000e+00
NaN	NaN	0.00000e+00	NaN	NaN	NaN	1.00000e+04	0.00000e+00
NaN	NaN	0.00000e+00	NaN	NaN	NaN	1.00000e+04	0.00000e+00
