P (MPa)		T (K)		r (km)		rho (kg m-3)	VP (km s-1)	VS (km s-1)	QS/gamma	k for 0.01 mol/kg MgSO4 (S m-1)	
0.00000e+00	7.50000e+01	2.52000e+02	9.32839e+02	3.87708e+00	1.96108e+00	4.52313e+06	0.00000e+00
1.41849e-01	8.62286e+01	2.50654e+02	9.32839e+02	3.87780e+00	1.96146e+00	5.70147e+05	0.00000e+00
2.83698e-01	9.91382e+01	2.49317e+02	9.32698e+02	3.87874e+00	1.96196e+00	9.41153e+04	0.00000e+00
4.25546e-01	1.13981e+02	2.47981e+02	9.32532e+02	3.88000e+00	1.96262e+00	1.96429e+04	0.00000e+00
5.67395e-01	1.31045e+02	2.46647e+02	9.32338e+02	3.88173e+00	1.96352e+00	5.02760e+03	0.00000e+00
7.09244e-01	1.50664e+02	2.45315e+02	9.32108e+02	3.88416e+00	1.96477e+00	1.53668e+03	0.00000e+00
8.51093e-01	1.73221e+02	2.43984e+02	9.31837e+02	3.88763e+00	1.96655e+00	5.48077e+02	0.00000e+00
9.92942e-01	1.99155e+02	2.42656e+02	9.31515e+02	3.89260e+00	1.96908e+00	2.23565e+02	0.00000e+00
1.13479e+00	2.28971e+02	2.41330e+02	9.31131e+02	3.89957e+00	1.97263e+00	1.02489e+02	0.00000e+00
1.27664e+00	2.63251e+02	2.40006e+02	9.30674e+02	3.90880e+00	1.97732e+00	5.20066e+01	0.00000e+00
1.41849e+00	2.63253e+02	2.38684e+02	9.30127e+02	3.90889e+00	1.97739e+00	5.20050e+01	0.00000e+00
1.56034e+00	2.63255e+02	2.37364e+02	9.29471e+02	3.90898e+00	1.97746e+00	5.20032e+01	0.00000e+00
1.70219e+00	2.63257e+02	2.36046e+02	9.28684e+02	3.90907e+00	1.97753e+00	5.20013e+01	0.00000e+00
1.84403e+00	2.63259e+02	2.34730e+02	9.27742e+02	3.90916e+00	1.97759e+00	5.19993e+01	0.00000e+00
1.98588e+00	2.63262e+02	2.33415e+02	9.26616e+02	3.90925e+00	1.97766e+00	5.19971e+01	0.00000e+00
2.12773e+00	2.63264e+02	2.32103e+02	9.25279e+02	3.90934e+00	1.97773e+00	5.19948e+01	0.00000e+00
2.26958e+00	2.63267e+02	2.30791e+02	9.23706e+02	3.90942e+00	1.97780e+00	5.19923e+01	0.00000e+00
2.41143e+00	2.63270e+02	2.29481e+02	9.21883e+02	3.90951e+00	1.97786e+00	5.19896e+01	0.00000e+00
2.55328e+00	2.70682e+02	2.28172e+02	9.19812e+02	3.91166e+00	1.97897e+00	4.59234e+01	0.00000e+00
2.69513e+00	2.71100e+02	2.26864e+02	9.17522e+02	3.91187e+00	1.97910e+00	4.56125e+01	0.00000e+00
2.85746e+00	2.71100e+02	2.25529e+02	1.02858e+03	1.44221e+00	0.00000e+00	0.00000e+00	2.65938e+00
3.01979e+00	2.71101e+02	2.24197e+02	1.02865e+03	1.44248e+00	0.00000e+00	0.00000e+00	2.66013e+00
3.18212e+00	2.71101e+02	2.22868e+02	1.02873e+03	1.44274e+00	0.00000e+00	0.00000e+00	2.66089e+00
3.34445e+00	2.71101e+02	2.21543e+02	1.02881e+03	1.44300e+00	0.00000e+00	0.00000e+00	2.66165e+00
3.50678e+00	2.71102e+02	2.20220e+02	1.02889e+03	1.44327e+00	0.00000e+00	0.00000e+00	2.66240e+00
3.66911e+00	2.71102e+02	2.18900e+02	1.02897e+03	1.44353e+00	0.00000e+00	0.00000e+00	2.66316e+00
3.83144e+00	2.71102e+02	2.17584e+02	1.02904e+03	1.44379e+00	0.00000e+00	0.00000e+00	2.66391e+00
3.99377e+00	2.71103e+02	2.16272e+02	1.02912e+03	1.44406e+00	0.00000e+00	0.00000e+00	2.66466e+00
4.15610e+00	2.71103e+02	2.14963e+02	1.02920e+03	1.44432e+00	0.00000e+00	0.00000e+00	2.66542e+00
4.31843e+00	2.71103e+02	2.13658e+02	1.02928e+03	1.44459e+00	0.00000e+00	0.00000e+00	2.66617e+00
4.48076e+00	2.71104e+02	2.12357e+02	1.02936e+03	1.44485e+00	0.00000e+00	0.00000e+00	2.66692e+00
4.64309e+00	2.71104e+02	2.11059e+02	1.02943e+03	1.44512e+00	0.00000e+00	0.00000e+00	2.66768e+00
4.80542e+00	2.71105e+02	2.09766e+02	1.02951e+03	1.44538e+00	0.00000e+00	0.00000e+00	2.66843e+00
4.96775e+00	2.71105e+02	2.08477e+02	1.02959e+03	1.44564e+00	0.00000e+00	0.00000e+00	2.66918e+00
5.13009e+00	2.71105e+02	2.07192e+02	1.02967e+03	1.44591e+00	0.00000e+00	0.00000e+00	2.66993e+00
5.29242e+00	2.71106e+02	2.05912e+02	1.02974e+03	1.44617e+00	0.00000e+00	0.00000e+00	2.67068e+00
5.45475e+00	2.71106e+02	2.04636e+02	1.02982e+03	1.44644e+00	0.00000e+00	0.00000e+00	2.67143e+00
5.61708e+00	2.71107e+02	2.03364e+02	1.02990e+03	1.44670e+00	0.00000e+00	0.00000e+00	2.67218e+00
5.77941e+00	2.71107e+02	2.02098e+02	1.02998e+03	1.44697e+00	0.00000e+00	0.00000e+00	2.67293e+00
5.94174e+00	2.71108e+02	2.00836e+02	1.03005e+03	1.44723e+00	0.00000e+00	0.00000e+00	2.67368e+00
6.10407e+00	2.71108e+02	1.99579e+02	1.03013e+03	1.44750e+00	0.00000e+00	0.00000e+00	2.67443e+00
6.26640e+00	2.71108e+02	1.98327e+02	1.03021e+03	1.44777e+00	0.00000e+00	0.00000e+00	2.67518e+00
6.42873e+00	2.71109e+02	1.97080e+02	1.03029e+03	1.44803e+00	0.00000e+00	0.00000e+00	2.67593e+00
6.59106e+00	2.71109e+02	1.95838e+02	1.03036e+03	1.44830e+00	0.00000e+00	0.00000e+00	2.67668e+00
6.75339e+00	2.71110e+02	1.94602e+02	1.03044e+03	1.44856e+00	0.00000e+00	0.00000e+00	2.67743e+00
6.91572e+00	2.71110e+02	1.93371e+02	1.03052e+03	1.44883e+00	0.00000e+00	0.00000e+00	2.67817e+00
7.07805e+00	2.71111e+02	1.92145e+02	1.03060e+03	1.44910e+00	0.00000e+00	0.00000e+00	2.67892e+00
7.24038e+00	2.71111e+02	1.90925e+02	1.03067e+03	1.44936e+00	0.00000e+00	0.00000e+00	2.67967e+00
7.40271e+00	2.71112e+02	1.89711e+02	3.36396e+03	4.33618e+00	2.48094e+00	1.42607e+13	0.00000e+00
8.28741e+00	2.71411e+02	1.87693e+02	3.36396e+03	4.33618e+00	2.48092e+00	1.38188e+13	0.00000e+00
9.15216e+00	2.71708e+02	1.85675e+02	3.36397e+03	4.33617e+00	2.48090e+00	1.33956e+13	0.00000e+00
9.99674e+00	2.72001e+02	1.83656e+02	3.36397e+03	4.33616e+00	2.48087e+00	1.29902e+13	0.00000e+00
1.08209e+01	2.72291e+02	1.81638e+02	3.36398e+03	4.33615e+00	2.48085e+00	1.26017e+13	0.00000e+00
1.16244e+01	2.72578e+02	1.79620e+02	3.36399e+03	4.33615e+00	2.48082e+00	1.22292e+13	0.00000e+00
1.24070e+01	2.72861e+02	1.77602e+02	3.36400e+03	4.33614e+00	2.48080e+00	1.18721e+13	0.00000e+00
1.31684e+01	2.73142e+02	1.75584e+02	3.36400e+03	4.33613e+00	2.48078e+00	1.15295e+13	0.00000e+00
1.39083e+01	2.73419e+02	1.73565e+02	3.36401e+03	4.33611e+00	2.48075e+00	1.12009e+13	0.00000e+00
1.46264e+01	2.73693e+02	1.71547e+02	3.36401e+03	4.33610e+00	2.48073e+00	1.08854e+13	0.00000e+00
1.53223e+01	2.73964e+02	1.69529e+02	3.36402e+03	4.33609e+00	2.48070e+00	1.05825e+13	0.00000e+00
1.59959e+01	2.74231e+02	1.67511e+02	3.36402e+03	4.33608e+00	2.48068e+00	1.02917e+13	0.00000e+00
1.66466e+01	2.74495e+02	1.65493e+02	3.36403e+03	4.33607e+00	2.48066e+00	1.00122e+13	0.00000e+00
1.72742e+01	2.74757e+02	1.63474e+02	3.36403e+03	4.33605e+00	2.48063e+00	9.74370e+12	0.00000e+00
1.78782e+01	2.75015e+02	1.61456e+02	3.36403e+03	4.33605e+00	2.48061e+00	9.48559e+12	0.00000e+00
1.84583e+01	2.75269e+02	1.59438e+02	3.36404e+03	7.58831e+00	4.34122e+00	9.23742e+12	0.00000e+00
1.90141e+01	2.75521e+02	1.57420e+02	3.36410e+03	7.58853e+00	4.34135e+00	8.99872e+12	0.00000e+00
1.95450e+01	2.75769e+02	1.55402e+02	3.36415e+03	7.58873e+00	4.34148e+00	8.76908e+12	0.00000e+00
2.00507e+01	2.76014e+02	1.53383e+02	3.36420e+03	7.58893e+00	4.34160e+00	8.54809e+12	0.00000e+00
2.05306e+01	2.76256e+02	1.51365e+02	3.36425e+03	7.58911e+00	4.34171e+00	8.33535e+12	0.00000e+00
2.09842e+01	2.76495e+02	1.49347e+02	3.36429e+03	7.58928e+00	4.34181e+00	8.13051e+12	0.00000e+00
2.14110e+01	2.76731e+02	1.47329e+02	3.36433e+03	7.58944e+00	4.34191e+00	7.93321e+12	0.00000e+00
2.18104e+01	2.76963e+02	1.45311e+02	3.36437e+03	7.58959e+00	4.34200e+00	7.74312e+12	0.00000e+00
2.21817e+01	2.77192e+02	1.43292e+02	3.36441e+03	7.58973e+00	4.34209e+00	7.55993e+12	0.00000e+00
2.25244e+01	2.77418e+02	1.41274e+02	3.36445e+03	7.58987e+00	4.34217e+00	7.38333e+12	0.00000e+00
2.28377e+01	2.77641e+02	1.39256e+02	3.36448e+03	7.58999e+00	4.34225e+00	7.21304e+12	0.00000e+00
2.31210e+01	2.77860e+02	1.37238e+02	3.36451e+03	7.59012e+00	4.34233e+00	7.04879e+12	0.00000e+00
2.33734e+01	2.78076e+02	1.35220e+02	3.36454e+03	7.59023e+00	4.34240e+00	6.89031e+12	0.00000e+00
2.35941e+01	2.78289e+02	1.33201e+02	3.36457e+03	7.59034e+00	4.34247e+00	6.73736e+12	0.00000e+00
2.37824e+01	2.78499e+02	1.31183e+02	3.36459e+03	7.59045e+00	4.34254e+00	6.58969e+12	0.00000e+00
2.39372e+01	2.78706e+02	1.29165e+02	3.36462e+03	7.59055e+00	4.34261e+00	6.44710e+12	0.00000e+00
2.40576e+01	2.78909e+02	1.27147e+02	3.36464e+03	7.59065e+00	4.34268e+00	6.30935e+12	0.00000e+00
2.41426e+01	2.79110e+02	1.25129e+02	3.36467e+03	7.59075e+00	4.34275e+00	6.17625e+12	0.00000e+00
2.41911e+01	2.79307e+02	1.23110e+02	3.36469e+03	7.59085e+00	4.34281e+00	6.04759e+12	0.00000e+00
2.42019e+01	2.79501e+02	1.21092e+02	3.36471e+03	7.59095e+00	4.34288e+00	5.92319e+12	0.00000e+00
2.41737e+01	2.79691e+02	1.19074e+02	3.36473e+03	7.59105e+00	4.34295e+00	5.80286e+12	0.00000e+00
2.41052e+01	2.79879e+02	1.17056e+02	3.36475e+03	7.59114e+00	4.34303e+00	5.68644e+12	0.00000e+00
2.39950e+01	2.80063e+02	1.15037e+02	3.36477e+03	7.59125e+00	4.34310e+00	5.57374e+12	0.00000e+00
2.38415e+01	2.80244e+02	1.13019e+02	3.36479e+03	7.59135e+00	4.34318e+00	5.46463e+12	0.00000e+00
2.36432e+01	2.80422e+02	1.11001e+02	3.36481e+03	7.59146e+00	4.34327e+00	5.35893e+12	0.00000e+00
2.33982e+01	2.80597e+02	1.08983e+02	3.36483e+03	7.59157e+00	4.34336e+00	5.25651e+12	0.00000e+00
2.31046e+01	2.80768e+02	1.06965e+02	3.36486e+03	7.59168e+00	4.34345e+00	5.15721e+12	0.00000e+00
2.27605e+01	2.80936e+02	1.04946e+02	3.36488e+03	7.59181e+00	4.34355e+00	5.06091e+12	0.00000e+00
2.23635e+01	2.81101e+02	1.02928e+02	3.36490e+03	7.59194e+00	4.34366e+00	4.96745e+12	0.00000e+00
2.19115e+01	2.81263e+02	1.00910e+02	3.36492e+03	7.59208e+00	4.34378e+00	4.87673e+12	0.00000e+00
2.14016e+01	2.81422e+02	9.88919e+01	3.36495e+03	7.59222e+00	4.34390e+00	4.78861e+12	0.00000e+00
2.08313e+01	2.81577e+02	9.68737e+01	3.36497e+03	7.59238e+00	4.34404e+00	4.70296e+12	0.00000e+00
2.01975e+01	2.81729e+02	9.48555e+01	3.36500e+03	7.59255e+00	4.34418e+00	4.61967e+12	0.00000e+00
1.94970e+01	2.81878e+02	9.28373e+01	3.36503e+03	7.59273e+00	4.34434e+00	4.53862e+12	0.00000e+00
1.87261e+01	2.82024e+02	9.08191e+01	3.36506e+03	7.59293e+00	4.34451e+00	4.45969e+12	0.00000e+00
1.78810e+01	2.82167e+02	8.88009e+01	3.36509e+03	7.59314e+00	4.34469e+00	4.38278e+12	0.00000e+00
1.69575e+01	2.82306e+02	8.67827e+01	3.36512e+03	7.59337e+00	4.34489e+00	4.30777e+12	0.00000e+00
1.59510e+01	2.82442e+02	8.47645e+01	3.36516e+03	7.59361e+00	4.34510e+00	4.23454e+12	0.00000e+00
1.48563e+01	2.82575e+02	8.27463e+01	3.36520e+03	7.59387e+00	4.34533e+00	4.16299e+12	0.00000e+00
1.36679e+01	2.82705e+02	8.07281e+01	3.36524e+03	7.59416e+00	4.34558e+00	4.09301e+12	0.00000e+00
1.23797e+01	2.82832e+02	7.87099e+01	3.36529e+03	7.59446e+00	4.34585e+00	4.02448e+12	0.00000e+00
1.09849e+01	2.82955e+02	7.66917e+01	3.36534e+03	7.59480e+00	4.34614e+00	3.95730e+12	0.00000e+00
9.47603e+00	2.83075e+02	7.46735e+01	3.36539e+03	7.59515e+00	4.34645e+00	3.89135e+12	0.00000e+00
7.84470e+00	2.83192e+02	7.26553e+01	3.36545e+03	7.59554e+00	4.34679e+00	3.82651e+12	0.00000e+00
6.08167e+00	2.83306e+02	7.06371e+01	3.36551e+03	7.59596e+00	4.34716e+00	3.76266e+12	0.00000e+00
4.17663e+00	2.83416e+02	6.86189e+01	3.36558e+03	7.59641e+00	4.34755e+00	3.69969e+12	0.00000e+00
2.11800e+00	2.83524e+02	6.66007e+01	3.36565e+03	7.59690e+00	4.34798e+00	3.63745e+12	0.00000e+00
-1.07200e-01	2.83628e+02	6.45825e+01	3.36573e+03	7.59743e+00	4.34845e+00	3.57582e+12	0.00000e+00
-2.51362e+00	2.83729e+02	6.25643e+01	3.36582e+03	7.59800e+00	4.34895e+00	3.51466e+12	0.00000e+00
-5.11782e+00	2.83827e+02	6.05461e+01	3.36591e+03	7.59862e+00	4.34949e+00	3.45381e+12	0.00000e+00
-7.93860e+00	2.83921e+02	5.85278e+01	3.36601e+03	7.59930e+00	4.35008e+00	3.39310e+12	0.00000e+00
-1.09974e+01	2.84012e+02	5.65096e+01	3.36612e+03	7.60003e+00	4.35072e+00	3.33238e+12	0.00000e+00
-1.43188e+01	2.84101e+02	5.44914e+01	3.36624e+03	7.60082e+00	4.35142e+00	3.27145e+12	0.00000e+00
-1.79311e+01	2.84186e+02	5.24732e+01	3.36637e+03	7.60169e+00	4.35218e+00	3.21009e+12	0.00000e+00
-2.18669e+01	2.84267e+02	5.04550e+01	3.36651e+03	7.60264e+00	4.35300e+00	3.14810e+12	0.00000e+00
-2.61644e+01	2.84346e+02	4.84368e+01	3.36666e+03	7.60367e+00	4.35391e+00	3.08521e+12	0.00000e+00
-3.08679e+01	2.84421e+02	4.64186e+01	3.36683e+03	7.60480e+00	4.35490e+00	3.02114e+12	0.00000e+00
-3.60301e+01	2.84493e+02	4.44004e+01	3.36701e+03	7.60604e+00	4.35598e+00	2.95559e+12	0.00000e+00
-4.17131e+01	2.84562e+02	4.23822e+01	3.36721e+03	7.60741e+00	4.35718e+00	2.88820e+12	0.00000e+00
-4.79911e+01	2.84628e+02	4.03640e+01	3.36743e+03	7.60892e+00	4.35850e+00	2.81857e+12	0.00000e+00
-5.49538e+01	2.84690e+02	3.83458e+01	3.36768e+03	7.61059e+00	4.35996e+00	2.74624e+12	0.00000e+00
-6.27100e+01	2.84750e+02	3.63276e+01	3.36795e+03	7.61246e+00	4.36159e+00	2.67067e+12	0.00000e+00
-7.13936e+01	2.84806e+02	3.43094e+01	3.36825e+03	7.61454e+00	4.36342e+00	2.59126e+12	0.00000e+00
-8.11708e+01	2.84858e+02	3.22912e+01	3.36859e+03	7.61689e+00	4.36547e+00	2.50728e+12	0.00000e+00
-9.22507e+01	2.84908e+02	3.02730e+01	3.36897e+03	7.61954e+00	4.36779e+00	2.41791e+12	0.00000e+00
-1.04900e+02	2.84955e+02	2.82548e+01	3.36940e+03	7.62257e+00	4.37044e+00	2.32215e+12	0.00000e+00
-1.19464e+02	2.84998e+02	2.62366e+01	3.36989e+03	7.62605e+00	4.37349e+00	2.21883e+12	0.00000e+00
-1.36400e+02	2.85038e+02	2.42184e+01	3.37045e+03	7.63008e+00	4.37702e+00	2.10656e+12	0.00000e+00
-1.56321e+02	2.85075e+02	2.22002e+01	3.37110e+03	7.63482e+00	4.38118e+00	1.98370e+12	0.00000e+00
-1.80075e+02	2.85108e+02	2.01820e+01	3.37186e+03	7.64047e+00	4.38612e+00	1.84827e+12	0.00000e+00
-2.08868e+02	2.85139e+02	1.81638e+01	3.37277e+03	7.64729e+00	4.39210e+00	1.69798e+12	0.00000e+00
-2.44467e+02	2.85166e+02	1.61456e+01	3.37387e+03	7.65571e+00	4.39949e+00	1.53021e+12	0.00000e+00
-2.89581e+02	2.85190e+02	1.41274e+01	3.37523e+03	7.66636e+00	4.40884e+00	1.34212e+12	0.00000e+00
-3.48574e+02	2.85211e+02	1.21092e+01	3.37694e+03	7.68026e+00	4.42104e+00	1.13107e+12	0.00000e+00
-4.28956e+02	2.85229e+02	1.00910e+01	3.37918e+03	7.69916e+00	4.43764e+00	8.95778e+11	0.00000e+00
-5.44831e+02	2.85243e+02	8.07281e+00	3.38222e+03	7.72636e+00	4.46153e+00	6.39155e+11	0.00000e+00
-7.26097e+02	2.85254e+02	6.05461e+00	3.38659e+03	7.76885e+00	4.49886e+00	3.75193e+11	0.00000e+00
-1.04882e+03	2.85262e+02	4.03640e+00	3.39341e+03	7.84440e+00	4.56527e+00	1.42972e+11	0.00000e+00
-1.77646e+03	2.85267e+02	2.01820e+00	3.40554e+03	8.01459e+00	4.71486e+00	1.49692e+10	0.00000e+00
-4.69755e+03	NaN	0.00000e+00	3.43285e+03	NaN	NaN	NaN	NaN
-4.69755e+03	NaN	0.00000e+00	NaN	NaN	NaN	1.00000e+04	0.00000e+00
NaN	NaN	0.00000e+00	NaN	NaN	NaN	1.00000e+04	0.00000e+00
NaN	NaN	0.00000e+00	NaN	NaN	NaN	1.00000e+04	0.00000e+00
NaN	NaN	0.00000e+00	NaN	NaN	NaN	1.00000e+04	0.00000e+00
NaN	NaN	0.00000e+00	NaN	NaN	NaN	1.00000e+04	0.00000e+00
NaN	NaN	0.00000e+00	NaN	NaN	NaN	1.00000e+04	0.00000e+00
NaN	NaN	0.00000e+00	NaN	NaN	NaN	1.00000e+04	0.00000e+00
NaN	NaN	0.00000e+00	NaN	NaN	NaN	1.00000e+04	0.00000e+00
NaN	NaN	0.00000e+00	NaN	NaN	NaN	1.00000e+04	0.00000e+00
NaN	NaN	0.00000e+00	NaN	NaN	NaN	1.00000e+04	0.00000e+00
