P (MPa)		T (K)		r (km)		rho (kg m-3)	VP (km s-1)	VS (km s-1)	QS/gamma	KS (GPa)	GS (GPa)	k for 0.01 mol/kg MgSO4 (S m-1)	
0.00000e+00	7.50000e+01	2.52000e+02	9.32855e+02	3.87708e+00	1.96108e+00	4.53908e+06	9.24000e+00	3.58800e+00	0.00000e+00
2.91035e-01	9.63911e+01	2.49251e+02	9.32855e+02	3.87855e+00	1.96187e+00	1.32976e+05	9.24096e+00	3.58863e+00	0.00000e+00
5.82070e-01	1.23883e+02	2.46511e+02	9.32731e+02	3.88101e+00	1.96316e+00	8.52759e+03	9.24192e+00	3.58925e+00	0.00000e+00
8.73105e-01	1.59216e+02	2.43780e+02	9.32582e+02	3.88545e+00	1.96545e+00	1.00604e+03	9.24288e+00	3.58987e+00	0.00000e+00
1.16414e+00	2.04627e+02	2.41058e+02	9.32404e+02	3.89387e+00	1.96975e+00	1.90720e+02	9.24384e+00	3.59050e+00	0.00000e+00
1.45518e+00	2.62990e+02	2.38346e+02	9.32192e+02	3.90884e+00	1.97737e+00	5.22936e+01	9.24480e+00	3.59112e+00	0.00000e+00
1.74621e+00	2.62992e+02	2.35645e+02	9.31937e+02	3.90902e+00	1.97751e+00	5.22921e+01	9.24575e+00	3.59175e+00	0.00000e+00
2.03725e+00	2.62993e+02	2.32955e+02	9.31632e+02	3.90920e+00	1.97765e+00	5.22904e+01	9.24671e+00	3.59237e+00	0.00000e+00
2.32828e+00	2.62995e+02	2.30278e+02	9.31266e+02	3.90939e+00	1.97779e+00	5.22886e+01	9.24767e+00	3.59300e+00	0.00000e+00
2.61932e+00	2.62997e+02	2.27614e+02	9.30826e+02	3.90957e+00	1.97792e+00	5.22867e+01	9.24863e+00	3.59362e+00	0.00000e+00
2.91035e+00	2.63000e+02	2.24963e+02	9.30297e+02	3.90975e+00	1.97806e+00	5.22847e+01	9.24958e+00	3.59424e+00	0.00000e+00
3.20139e+00	2.63002e+02	2.22327e+02	9.29659e+02	3.90993e+00	1.97820e+00	5.22825e+01	9.25054e+00	3.59487e+00	0.00000e+00
3.49242e+00	2.63005e+02	2.19705e+02	9.28890e+02	3.91011e+00	1.97834e+00	5.22801e+01	9.25149e+00	3.59549e+00	0.00000e+00
3.78346e+00	2.63008e+02	2.17099e+02	9.27967e+02	3.91030e+00	1.97847e+00	5.22776e+01	9.25245e+00	3.59611e+00	0.00000e+00
4.07449e+00	2.63010e+02	2.14508e+02	9.26860e+02	3.91048e+00	1.97861e+00	5.22750e+01	9.25340e+00	3.59674e+00	0.00000e+00
4.36553e+00	2.63014e+02	2.11934e+02	9.25542e+02	3.91066e+00	1.97875e+00	5.22721e+01	9.25436e+00	3.59736e+00	0.00000e+00
4.65656e+00	2.63017e+02	2.09376e+02	9.23990e+02	3.91084e+00	1.97889e+00	5.22690e+01	9.25531e+00	3.59798e+00	0.00000e+00
4.94760e+00	2.63021e+02	2.06835e+02	9.22188e+02	3.91102e+00	1.97902e+00	5.22658e+01	9.25626e+00	3.59860e+00	0.00000e+00
5.23863e+00	2.63025e+02	2.04310e+02	9.20138e+02	3.91120e+00	1.97916e+00	5.22623e+01	9.25722e+00	3.59923e+00	0.00000e+00
5.52967e+00	2.70820e+02	2.01803e+02	9.17868e+02	3.91355e+00	1.98040e+00	4.58651e+01	9.25817e+00	3.59985e+00	0.00000e+00
5.62901e+00	2.70820e+02	2.01047e+02	1.03085e+03	1.44692e+00	0.00000e+00	0.00000e+00	2.15818e+00	0.00000e+00	2.73106e+00
5.72835e+00	2.70821e+02	2.00292e+02	1.03090e+03	1.44708e+00	0.00000e+00	0.00000e+00	2.15876e+00	0.00000e+00	2.73153e+00
5.82769e+00	2.70821e+02	1.99539e+02	1.03095e+03	1.44725e+00	0.00000e+00	0.00000e+00	2.15934e+00	0.00000e+00	2.73200e+00
5.92703e+00	2.70821e+02	1.98788e+02	1.03100e+03	1.44741e+00	0.00000e+00	0.00000e+00	2.15993e+00	0.00000e+00	2.73247e+00
6.02637e+00	2.70821e+02	1.98038e+02	1.03104e+03	1.44757e+00	0.00000e+00	0.00000e+00	2.16051e+00	0.00000e+00	2.73294e+00
6.12571e+00	2.70822e+02	1.97291e+02	1.03109e+03	1.44773e+00	0.00000e+00	0.00000e+00	2.16110e+00	0.00000e+00	2.73341e+00
6.22505e+00	2.70822e+02	1.96546e+02	1.03114e+03	1.44790e+00	0.00000e+00	0.00000e+00	2.16168e+00	0.00000e+00	2.73388e+00
6.32439e+00	2.70822e+02	1.95802e+02	1.03119e+03	1.44806e+00	0.00000e+00	0.00000e+00	2.16226e+00	0.00000e+00	2.73435e+00
6.42373e+00	2.70822e+02	1.95061e+02	1.03123e+03	1.44822e+00	0.00000e+00	0.00000e+00	2.16285e+00	0.00000e+00	2.73482e+00
6.52307e+00	2.70823e+02	1.94322e+02	1.03128e+03	1.44838e+00	0.00000e+00	0.00000e+00	2.16343e+00	0.00000e+00	2.73529e+00
6.62241e+00	2.70823e+02	1.93584e+02	1.03133e+03	1.44855e+00	0.00000e+00	0.00000e+00	2.16402e+00	0.00000e+00	2.73575e+00
6.72176e+00	2.70823e+02	1.92849e+02	1.03138e+03	1.44871e+00	0.00000e+00	0.00000e+00	2.16461e+00	0.00000e+00	2.73622e+00
6.82110e+00	2.70823e+02	1.92116e+02	1.03142e+03	1.44887e+00	0.00000e+00	0.00000e+00	2.16519e+00	0.00000e+00	2.73669e+00
6.92044e+00	2.70824e+02	1.91384e+02	1.03147e+03	1.44903e+00	0.00000e+00	0.00000e+00	2.16578e+00	0.00000e+00	2.73716e+00
7.01978e+00	2.70824e+02	1.90655e+02	1.03152e+03	1.44920e+00	0.00000e+00	0.00000e+00	2.16636e+00	0.00000e+00	2.73763e+00
7.11912e+00	2.70824e+02	1.89928e+02	1.83683e+03	1.99891e+00	-1.66205e+00	1.47232e+13	1.22534e+02	4.81344e+01	0.00000e+00
8.01126e+00	2.87668e+02	1.88010e+02	1.87294e+03	2.03149e+00	-1.66969e+00	2.41730e+12	1.20080e+02	4.97977e+01	0.00000e+00
8.90340e+00	3.04340e+02	1.86092e+02	1.89870e+03	2.06440e+00	-1.66565e+00	4.92232e+11	1.18581e+02	5.10235e+01	0.00000e+00
9.78872e+00	3.20841e+02	1.84173e+02	1.92630e+03	2.09651e+00	-1.60623e+00	1.19903e+11	1.20732e+02	5.01934e+01	0.00000e+00
1.06697e+01	3.37171e+02	1.82255e+02	1.97140e+03	2.12956e+00	-1.59156e+00	3.39591e+10	1.19681e+02	5.09318e+01	0.00000e+00
1.15588e+01	3.53331e+02	1.80336e+02	1.99812e+03	2.16273e+00	-1.56568e+00	1.09317e+10	1.18839e+02	5.15053e+01	0.00000e+00
1.24440e+01	3.69319e+02	1.78418e+02	2.02993e+03	2.19750e+00	-1.60831e+00	3.92670e+09	1.13005e+02	5.47055e+01	0.00000e+00
1.33293e+01	3.85136e+02	1.76499e+02	2.03204e+03	2.23162e+00	-1.58139e+00	1.55046e+09	1.12780e+02	5.51688e+01	0.00000e+00
1.41971e+01	4.00782e+02	1.74581e+02	2.05993e+03	2.26370e+00	-1.53359e+00	6.64646e+08	1.10280e+02	5.46013e+01	0.00000e+00
1.50642e+01	4.16258e+02	1.72662e+02	2.07188e+03	2.29524e+00	-1.47242e+00	3.06161e+08	1.08253e+02	5.30874e+01	0.00000e+00
1.59221e+01	4.31562e+02	1.70744e+02	2.08729e+03	2.32910e+00	-1.44546e+00	1.50236e+08	1.08239e+02	5.35518e+01	0.00000e+00
1.67735e+01	4.46695e+02	1.68825e+02	2.11389e+03	2.36300e+00	-1.41806e+00	7.79629e+07	1.08215e+02	5.40079e+01	0.00000e+00
1.76252e+01	4.61657e+02	1.66907e+02	2.14000e+03	2.39715e+00	-1.38951e+00	4.25196e+07	1.08180e+02	5.44469e+01	0.00000e+00
1.84773e+01	4.76449e+02	1.64988e+02	2.16584e+03	2.43165e+00	-1.36092e+00	2.42416e+07	1.08145e+02	5.48960e+01	0.00000e+00
1.93298e+01	4.91069e+02	1.63070e+02	2.19098e+03	2.46645e+00	-1.33168e+00	1.43817e+07	1.08102e+02	5.53417e+01	0.00000e+00
2.01827e+01	5.05518e+02	1.61151e+02	2.21569e+03	2.50149e+00	-1.30135e+00	8.84306e+06	1.08047e+02	5.57714e+01	0.00000e+00
2.10359e+01	5.19797e+02	1.59233e+02	2.24016e+03	2.53689e+00	-1.27103e+00	5.61613e+06	1.07995e+02	5.62113e+01	0.00000e+00
2.18896e+01	5.33904e+02	1.57314e+02	2.26389e+03	2.57260e+00	-1.24032e+00	3.67279e+06	1.07938e+02	5.66550e+01	0.00000e+00
2.27437e+01	5.47840e+02	1.55396e+02	2.28712e+03	2.60851e+00	-1.20832e+00	2.46675e+06	1.07868e+02	5.70759e+01	0.00000e+00
2.35980e+01	5.61605e+02	1.53478e+02	2.31022e+03	2.64479e+00	-1.17657e+00	1.69748e+06	1.07801e+02	5.75202e+01	0.00000e+00
2.44528e+01	5.75200e+02	1.51559e+02	2.33259e+03	2.68130e+00	-1.14383e+00	1.19435e+06	1.07726e+02	5.79489e+01	0.00000e+00
2.53078e+01	5.88623e+02	1.49641e+02	2.35471e+03	2.71800e+00	-1.11003e+00	8.57638e+05	1.07641e+02	5.83558e+01	0.00000e+00
2.61633e+01	6.01875e+02	1.47722e+02	2.37657e+03	2.75511e+00	-1.07668e+00	6.27494e+05	1.07558e+02	5.87977e+01	0.00000e+00
2.70191e+01	6.14957e+02	1.45804e+02	2.39770e+03	2.79242e+00	-1.04233e+00	4.67097e+05	1.07468e+02	5.92208e+01	0.00000e+00
2.78753e+01	6.27867e+02	1.43885e+02	2.41859e+03	2.82989e+00	-1.00682e+00	3.53285e+05	1.07366e+02	5.96227e+01	0.00000e+00
2.87319e+01	6.40606e+02	1.41967e+02	2.43938e+03	2.86766e+00	-9.71183e-01	2.71174e+05	1.07266e+02	6.00360e+01	0.00000e+00
2.95889e+01	6.53175e+02	1.40048e+02	2.45964e+03	2.90571e+00	-9.35222e-01	2.11013e+05	1.07163e+02	6.04508e+01	0.00000e+00
3.04463e+01	6.65572e+02	1.38130e+02	2.47937e+03	2.94414e+00	-8.99456e-01	1.66300e+05	1.07063e+02	6.08941e+01	0.00000e+00
3.13041e+01	6.77798e+02	1.36211e+02	2.49850e+03	2.98266e+00	-8.62371e-01	1.32620e+05	1.06952e+02	6.13060e+01	0.00000e+00
3.21622e+01	6.89854e+02	1.34293e+02	2.51759e+03	3.02136e+00	-8.24576e-01	1.06935e+05	1.06830e+02	6.17126e+01	0.00000e+00
3.30206e+01	7.01738e+02	1.32374e+02	2.53647e+03	3.06029e+00	-7.86323e-01	8.71180e+04	1.06711e+02	6.21090e+01	0.00000e+00
3.38795e+01	7.13451e+02	1.30456e+02	2.55484e+03	3.09961e+00	-7.48418e-01	7.16611e+04	1.06589e+02	6.25574e+01	0.00000e+00
3.47387e+01	7.24994e+02	1.28537e+02	2.57283e+03	3.13896e+00	-7.09121e-01	5.94819e+04	1.06467e+02	6.29424e+01	0.00000e+00
3.55983e+01	7.36365e+02	1.26619e+02	2.59047e+03	3.17774e+00	-6.65811e-01	4.97933e+04	1.06286e+02	6.30949e+01	0.00000e+00
3.64583e+01	7.47565e+02	1.24700e+02	2.60705e+03	3.21568e+00	-6.17867e-01	4.20166e+04	1.06048e+02	6.29516e+01	0.00000e+00
3.73183e+01	7.58595e+02	1.22782e+02	2.62247e+03	3.25389e+00	-5.70721e-01	3.57215e+04	1.05818e+02	6.28552e+01	0.00000e+00
3.81780e+01	7.69453e+02	1.20864e+02	2.63729e+03	3.29195e+00	-5.22746e-01	3.05853e+04	1.05583e+02	6.27143e+01	0.00000e+00
3.90375e+01	7.80140e+02	1.18945e+02	2.65194e+03	3.33005e+00	-4.74851e-01	2.63630e+04	1.05351e+02	6.25855e+01	0.00000e+00
3.98966e+01	7.90657e+02	1.17027e+02	2.66635e+03	3.36823e+00	-4.27135e-01	2.28675e+04	1.05127e+02	6.24637e+01	0.00000e+00
4.07556e+01	8.01002e+02	1.15108e+02	2.68036e+03	3.40645e+00	-3.79472e-01	1.99542e+04	1.04907e+02	6.23439e+01	0.00000e+00
4.16143e+01	8.11176e+02	1.13190e+02	2.69400e+03	3.44471e+00	-3.31923e-01	1.75109e+04	1.04687e+02	6.22402e+01	0.00000e+00
4.24727e+01	8.21180e+02	1.11271e+02	2.70744e+03	3.48264e+00	-2.83451e-01	1.54494e+04	1.04470e+02	6.20584e+01	0.00000e+00
4.33309e+01	8.31012e+02	1.09353e+02	2.72060e+03	3.52135e+00	-2.37232e-01	1.37001e+04	1.04246e+02	6.20658e+01	0.00000e+00
4.41889e+01	8.40673e+02	1.07434e+02	2.73332e+03	3.55958e+00	-1.89738e-01	1.22079e+04	1.04035e+02	6.19595e+01	0.00000e+00
4.50466e+01	8.50164e+02	1.05516e+02	2.74583e+03	3.59766e+00	-1.41981e-01	1.09285e+04	1.03830e+02	6.18211e+01	0.00000e+00
4.59041e+01	8.59483e+02	1.03597e+02	2.75803e+03	3.63569e+00	-9.42969e-02	9.82617e+03	1.03628e+02	6.16838e+01	0.00000e+00
4.67613e+01	8.68631e+02	1.01679e+02	2.76999e+03	3.67414e+00	-4.76947e-02	8.87208e+03	1.03417e+02	6.16488e+01	0.00000e+00
4.76183e+01	8.77609e+02	9.97604e+01	2.78158e+03	3.71197e+00	-1.15112e-05	8.04268e+03	1.03211e+02	6.15159e+01	0.00000e+00
4.84750e+01	8.86415e+02	9.78419e+01	2.79326e+03	3.75001e+00	4.70389e-02	7.31868e+03	1.03018e+02	6.14211e+01	0.00000e+00
4.93317e+01	8.95051e+02	9.59235e+01	2.80451e+03	3.78791e+00	9.41152e-02	6.68421e+03	1.02834e+02	6.12936e+01	0.00000e+00
5.01881e+01	9.03515e+02	9.40050e+01	2.81525e+03	3.82554e+00	1.41352e-01	6.12610e+03	1.02639e+02	6.11499e+01	0.00000e+00
5.10442e+01	9.11808e+02	9.20865e+01	2.82586e+03	3.86376e+00	1.87447e-01	5.63340e+03	1.02443e+02	6.11406e+01	0.00000e+00
5.19001e+01	9.19931e+02	9.01681e+01	2.83639e+03	3.90112e+00	2.34488e-01	5.19699e+03	1.02269e+02	6.09763e+01	0.00000e+00
5.27558e+01	9.27882e+02	8.82496e+01	2.84657e+03	3.93884e+00	2.80770e-01	4.80917e+03	1.02086e+02	6.09028e+01	0.00000e+00
5.36113e+01	9.35662e+02	8.63311e+01	2.85658e+03	3.97658e+00	3.26780e-01	4.46348e+03	1.01897e+02	6.08633e+01	0.00000e+00
5.44666e+01	9.43272e+02	8.44126e+01	2.86644e+03	4.01422e+00	3.72637e-01	4.15445e+03	1.01721e+02	6.08156e+01	0.00000e+00
5.53217e+01	9.50710e+02	8.24942e+01	2.87606e+03	4.05169e+00	4.18364e-01	3.87741e+03	1.01562e+02	6.07475e+01	0.00000e+00
5.61766e+01	9.57978e+02	8.05757e+01	2.88544e+03	4.08820e+00	4.64738e-01	3.62841e+03	1.01386e+02	6.05776e+01	0.00000e+00
5.70314e+01	9.65074e+02	7.86572e+01	2.89480e+03	4.12513e+00	5.10307e-01	3.40404e+03	1.01222e+02	6.04740e+01	0.00000e+00
5.78860e+01	9.71999e+02	7.67388e+01	2.90364e+03	4.16211e+00	5.55521e-01	3.20139e+03	1.01061e+02	6.03981e+01	0.00000e+00
5.87405e+01	9.78754e+02	7.48203e+01	2.91228e+03	4.19897e+00	6.00519e-01	3.01794e+03	1.00904e+02	6.03307e+01	0.00000e+00
5.95947e+01	9.85337e+02	7.29018e+01	2.92080e+03	4.23553e+00	6.45395e-01	2.85153e+03	1.00752e+02	6.02483e+01	0.00000e+00
6.04487e+01	9.91750e+02	7.09834e+01	2.92921e+03	4.27186e+00	6.90096e-01	2.70027e+03	1.00598e+02	6.01621e+01	0.00000e+00
6.13025e+01	9.97991e+02	6.90649e+01	2.93748e+03	4.30791e+00	7.34625e-01	2.56252e+03	1.00441e+02	6.00690e+01	0.00000e+00
6.21562e+01	1.00406e+03	6.71464e+01	2.94555e+03	4.34368e+00	7.78965e-01	2.43685e+03	1.00279e+02	5.99687e+01	0.00000e+00
6.30098e+01	1.00996e+03	6.52280e+01	2.95344e+03	4.38001e+00	8.22771e-01	2.32202e+03	1.00128e+02	5.99630e+01	0.00000e+00
6.38632e+01	1.01569e+03	6.33095e+01	2.96125e+03	4.41578e+00	8.66368e-01	2.21693e+03	9.99931e+01	5.98932e+01	0.00000e+00
6.47165e+01	1.02125e+03	6.13910e+01	2.96874e+03	4.45086e+00	9.09671e-01	2.12062e+03	9.98791e+01	5.97421e+01	0.00000e+00
6.55696e+01	1.02663e+03	5.94725e+01	2.97588e+03	4.48629e+00	9.52655e-01	2.03224e+03	9.97591e+01	5.96787e+01	0.00000e+00
6.64225e+01	1.03185e+03	5.75541e+01	2.98312e+03	4.52168e+00	9.95369e-01	1.95105e+03	9.96405e+01	5.96376e+01	0.00000e+00
6.72752e+01	1.03689e+03	5.56356e+01	2.99025e+03	4.55705e+00	1.03786e+00	1.87637e+03	9.95172e+01	5.96253e+01	0.00000e+00
6.81279e+01	1.04177e+03	5.37171e+01	2.99725e+03	4.59214e+00	1.08009e+00	1.80763e+03	9.93976e+01	5.96021e+01	0.00000e+00
6.89804e+01	1.04647e+03	5.17987e+01	3.00408e+03	4.62666e+00	1.12203e+00	1.74431e+03	9.92807e+01	5.95386e+01	0.00000e+00
6.98328e+01	1.05100e+03	4.98802e+01	3.01070e+03	4.66114e+00	1.16368e+00	1.68593e+03	9.91696e+01	5.94965e+01	0.00000e+00
7.06851e+01	1.05536e+03	4.79617e+01	3.01725e+03	4.69579e+00	1.20508e+00	1.63210e+03	9.90661e+01	5.95002e+01	0.00000e+00
7.15373e+01	1.05955e+03	4.60433e+01	3.02381e+03	4.73007e+00	1.24617e+00	1.58243e+03	9.89660e+01	5.94845e+01	0.00000e+00
7.23894e+01	1.06357e+03	4.41248e+01	3.03018e+03	4.76336e+00	1.28676e+00	1.53660e+03	9.88696e+01	5.93820e+01	0.00000e+00
7.32414e+01	1.06742e+03	4.22063e+01	3.03616e+03	4.79644e+00	1.32698e+00	1.49431e+03	9.87783e+01	5.92823e+01	0.00000e+00
7.40933e+01	1.07109e+03	4.02879e+01	3.04202e+03	4.82986e+00	1.36710e+00	1.45531e+03	9.86823e+01	5.92535e+01	0.00000e+00
7.49451e+01	1.07460e+03	3.83694e+01	3.04788e+03	4.86316e+00	1.40695e+00	1.41935e+03	9.85893e+01	5.92381e+01	0.00000e+00
7.57967e+01	1.07793e+03	3.64509e+01	3.05365e+03	4.89622e+00	1.44648e+00	1.38622e+03	9.85023e+01	5.92230e+01	0.00000e+00
7.66483e+01	1.08110e+03	3.45324e+01	3.05935e+03	4.92895e+00	1.48564e+00	1.35573e+03	9.84240e+01	5.92006e+01	0.00000e+00
7.74998e+01	1.08409e+03	3.26140e+01	3.06503e+03	4.96143e+00	1.52444e+00	1.32771e+03	9.83505e+01	5.91771e+01	0.00000e+00
7.83512e+01	1.08691e+03	3.06955e+01	3.07058e+03	4.99366e+00	1.56287e+00	1.30200e+03	9.82833e+01	5.91490e+01	0.00000e+00
7.92026e+01	1.08956e+03	2.87770e+01	3.07597e+03	5.02563e+00	1.60088e+00	1.27847e+03	9.82238e+01	5.91136e+01	0.00000e+00
8.00539e+01	1.09204e+03	2.68586e+01	3.08115e+03	5.05737e+00	1.63855e+00	1.25699e+03	9.81683e+01	5.90807e+01	0.00000e+00
8.09052e+01	1.09435e+03	2.49401e+01	3.08623e+03	5.08887e+00	1.67588e+00	1.23746e+03	9.81169e+01	5.90503e+01	0.00000e+00
8.17563e+01	1.09649e+03	2.30216e+01	3.09123e+03	5.11996e+00	1.71282e+00	1.21978e+03	9.80654e+01	5.90118e+01	0.00000e+00
8.26074e+01	1.09845e+03	2.11032e+01	3.09614e+03	5.15073e+00	1.74938e+00	1.20384e+03	9.80158e+01	5.89709e+01	0.00000e+00
8.34585e+01	1.10025e+03	1.91847e+01	3.10097e+03	5.18130e+00	1.78561e+00	1.18959e+03	9.79714e+01	5.89352e+01	0.00000e+00
8.43094e+01	1.10187e+03	1.72662e+01	3.10572e+03	5.21167e+00	1.82148e+00	1.17695e+03	9.79320e+01	5.89045e+01	0.00000e+00
8.51604e+01	1.10333e+03	1.53478e+01	3.11039e+03	5.24183e+00	1.85702e+00	1.16586e+03	9.78977e+01	5.88786e+01	0.00000e+00
8.60112e+01	1.10461e+03	1.34293e+01	3.11498e+03	5.27184e+00	1.89224e+00	1.15627e+03	9.78689e+01	5.88609e+01	0.00000e+00
8.68621e+01	1.10572e+03	1.15108e+01	3.11951e+03	5.30178e+00	1.92720e+00	1.14813e+03	9.78468e+01	5.88580e+01	0.00000e+00
8.77129e+01	1.10666e+03	9.59235e+00	3.12397e+03	5.33148e+00	1.96180e+00	1.14141e+03	9.78289e+01	5.88556e+01	0.00000e+00
8.85637e+01	1.10743e+03	7.67388e+00	3.12835e+03	5.36092e+00	1.99605e+00	1.13607e+03	9.78152e+01	5.88537e+01	0.00000e+00
8.94145e+01	1.10803e+03	5.75541e+00	3.13265e+03	5.39010e+00	2.02993e+00	1.13210e+03	9.78059e+01	5.88526e+01	0.00000e+00
9.02652e+01	1.10846e+03	3.83694e+00	3.13688e+03	5.41904e+00	2.06346e+00	1.12947e+03	9.78008e+01	5.88525e+01	0.00000e+00
9.11160e+01	1.10871e+03	1.91847e+00	3.14103e+03	5.44774e+00	2.09663e+00	1.12817e+03	9.78001e+01	5.88537e+01	0.00000e+00
9.19668e+01	NaN	0.00000e+00	3.14512e+03	NaN	NaN	NaN	NaN	NaN	NaN
