P (MPa)		T (K)		r (km)		rho (kg m-3)	VP (km s-1)	VS (km s-1)	QS/gamma	k for 0.01 mol/kg MgSO4 (S m-1)	
0.00000e+00	7.50000e+01	2.52000e+02	9.32841e+02	3.87708e+00	1.96108e+00	4.49667e+06	0.00000e+00
1.65310e-01	8.77416e+01	2.50432e+02	9.32841e+02	3.87791e+00	1.96152e+00	4.46897e+05	0.00000e+00
3.30620e-01	1.02648e+02	2.48873e+02	9.32703e+02	3.87902e+00	1.96211e+00	6.21057e+04	0.00000e+00
4.95929e-01	1.20087e+02	2.47317e+02	9.32540e+02	3.88059e+00	1.96293e+00	1.14952e+04	0.00000e+00
6.61239e-01	1.40488e+02	2.45764e+02	9.32348e+02	3.88285e+00	1.96410e+00	2.71827e+03	0.00000e+00
8.26549e-01	1.64355e+02	2.44213e+02	9.32121e+02	3.88619e+00	1.96582e+00	7.92512e+02	0.00000e+00
9.91859e-01	1.92277e+02	2.42665e+02	9.31853e+02	3.89120e+00	1.96837e+00	2.76345e+02	0.00000e+00
1.15717e+00	2.24943e+02	2.41120e+02	9.31534e+02	3.89858e+00	1.97214e+00	1.12290e+02	0.00000e+00
1.32248e+00	2.63158e+02	2.39578e+02	9.31153e+02	3.90880e+00	1.97733e+00	5.20032e+01	0.00000e+00
1.48779e+00	2.63159e+02	2.38040e+02	9.30699e+02	3.90891e+00	1.97741e+00	5.20017e+01	0.00000e+00
1.65310e+00	2.63161e+02	2.36504e+02	9.30155e+02	3.90901e+00	1.97749e+00	5.20002e+01	0.00000e+00
1.81841e+00	2.63163e+02	2.34971e+02	9.29502e+02	3.90911e+00	1.97757e+00	5.19985e+01	0.00000e+00
1.98372e+00	2.63165e+02	2.33441e+02	9.28718e+02	3.90922e+00	1.97765e+00	5.19967e+01	0.00000e+00
2.14903e+00	2.63167e+02	2.31915e+02	9.27779e+02	3.90932e+00	1.97772e+00	5.19948e+01	0.00000e+00
2.31434e+00	2.63169e+02	2.30391e+02	9.26657e+02	3.90943e+00	1.97780e+00	5.19928e+01	0.00000e+00
2.47965e+00	2.63172e+02	2.28870e+02	9.25324e+02	3.90953e+00	1.97788e+00	5.19906e+01	0.00000e+00
2.64496e+00	2.63174e+02	2.27352e+02	9.23755e+02	3.90963e+00	1.97796e+00	5.19883e+01	0.00000e+00
2.81027e+00	2.63177e+02	2.25836e+02	9.21936e+02	3.90974e+00	1.97804e+00	5.19858e+01	0.00000e+00
2.97558e+00	2.70583e+02	2.24323e+02	9.19870e+02	3.91190e+00	1.97916e+00	4.59232e+01	0.00000e+00
3.14089e+00	2.71000e+02	2.22812e+02	9.17584e+02	3.91212e+00	1.97930e+00	4.56125e+01	0.00000e+00
3.29331e+00	2.71000e+02	2.21572e+02	1.02973e+03	1.44402e+00	0.00000e+00	0.00000e+00	2.73554e+00
3.44574e+00	2.71001e+02	2.20334e+02	1.02980e+03	1.44427e+00	0.00000e+00	0.00000e+00	2.73626e+00
3.59816e+00	2.71001e+02	2.19100e+02	1.02988e+03	1.44452e+00	0.00000e+00	0.00000e+00	2.73699e+00
3.75058e+00	2.71001e+02	2.17868e+02	1.02995e+03	1.44476e+00	0.00000e+00	0.00000e+00	2.73772e+00
3.90301e+00	2.71002e+02	2.16640e+02	1.03002e+03	1.44501e+00	0.00000e+00	0.00000e+00	2.73845e+00
4.05543e+00	2.71002e+02	2.15415e+02	1.03009e+03	1.44526e+00	0.00000e+00	0.00000e+00	2.73917e+00
4.20786e+00	2.71002e+02	2.14193e+02	1.03017e+03	1.44551e+00	0.00000e+00	0.00000e+00	2.73990e+00
4.36028e+00	2.71003e+02	2.12974e+02	1.03024e+03	1.44576e+00	0.00000e+00	0.00000e+00	2.74063e+00
4.51271e+00	2.71003e+02	2.11759e+02	1.03031e+03	1.44600e+00	0.00000e+00	0.00000e+00	2.74135e+00
4.66513e+00	2.71004e+02	2.10547e+02	1.03039e+03	1.44625e+00	0.00000e+00	0.00000e+00	2.74208e+00
4.81756e+00	2.71004e+02	2.09339e+02	1.03046e+03	1.44650e+00	0.00000e+00	0.00000e+00	2.74280e+00
4.96998e+00	2.71004e+02	2.08135e+02	1.03053e+03	1.44675e+00	0.00000e+00	0.00000e+00	2.74353e+00
5.12241e+00	2.71005e+02	2.06934e+02	1.03060e+03	1.44700e+00	0.00000e+00	0.00000e+00	2.74425e+00
5.27483e+00	2.71005e+02	2.05738e+02	1.03068e+03	1.44725e+00	0.00000e+00	0.00000e+00	2.74498e+00
5.42726e+00	2.71006e+02	2.04545e+02	1.03075e+03	1.44749e+00	0.00000e+00	0.00000e+00	2.74570e+00
5.57968e+00	2.71006e+02	2.03356e+02	1.03082e+03	1.44774e+00	0.00000e+00	0.00000e+00	2.74642e+00
5.73211e+00	2.71006e+02	2.02172e+02	1.03090e+03	1.44799e+00	0.00000e+00	0.00000e+00	2.74715e+00
5.88453e+00	2.71007e+02	2.00991e+02	1.03097e+03	1.44824e+00	0.00000e+00	0.00000e+00	2.74787e+00
6.03696e+00	2.71007e+02	1.99815e+02	1.03104e+03	1.44849e+00	0.00000e+00	0.00000e+00	2.74859e+00
6.18938e+00	2.71008e+02	1.98644e+02	1.03111e+03	1.44874e+00	0.00000e+00	0.00000e+00	2.74931e+00
6.34181e+00	2.71008e+02	1.97477e+02	1.03119e+03	1.44899e+00	0.00000e+00	0.00000e+00	2.75004e+00
6.49423e+00	2.71009e+02	1.96314e+02	1.03126e+03	1.44924e+00	0.00000e+00	0.00000e+00	2.75076e+00
6.64666e+00	2.71009e+02	1.95156e+02	1.03133e+03	1.44949e+00	0.00000e+00	0.00000e+00	2.75148e+00
6.79908e+00	2.71009e+02	1.94003e+02	1.03140e+03	1.44974e+00	0.00000e+00	0.00000e+00	2.75220e+00
6.95150e+00	2.71010e+02	1.92854e+02	1.03148e+03	1.44999e+00	0.00000e+00	0.00000e+00	2.75292e+00
7.10393e+00	2.71010e+02	1.91710e+02	1.03155e+03	1.45024e+00	0.00000e+00	0.00000e+00	2.75364e+00
7.25635e+00	2.71011e+02	1.90572e+02	1.03162e+03	1.45049e+00	0.00000e+00	0.00000e+00	2.75436e+00
7.40878e+00	2.71011e+02	1.89438e+02	3.36396e+03	4.33620e+00	2.48096e+00	1.44248e+13	0.00000e+00
8.30571e+00	2.71315e+02	1.87401e+02	3.36396e+03	4.33620e+00	2.48093e+00	1.39722e+13	0.00000e+00
9.18244e+00	2.71615e+02	1.85364e+02	3.36397e+03	4.33619e+00	2.48091e+00	1.35390e+13	0.00000e+00
1.00387e+01	2.71911e+02	1.83327e+02	3.36398e+03	4.33618e+00	2.48088e+00	1.31242e+13	0.00000e+00
1.08744e+01	2.72205e+02	1.81290e+02	3.36399e+03	4.33617e+00	2.48086e+00	1.27269e+13	0.00000e+00
1.16890e+01	2.72495e+02	1.79253e+02	3.36400e+03	4.33616e+00	2.48084e+00	1.23463e+13	0.00000e+00
1.24825e+01	2.72782e+02	1.77216e+02	3.36400e+03	4.33615e+00	2.48081e+00	1.19815e+13	0.00000e+00
1.32545e+01	2.73065e+02	1.75179e+02	3.36401e+03	4.33614e+00	2.48079e+00	1.16317e+13	0.00000e+00
1.40048e+01	2.73346e+02	1.73142e+02	3.36402e+03	4.33613e+00	2.48076e+00	1.12963e+13	0.00000e+00
1.47329e+01	2.73623e+02	1.71105e+02	3.36402e+03	4.33612e+00	2.48074e+00	1.09746e+13	0.00000e+00
1.54387e+01	2.73896e+02	1.69068e+02	3.36403e+03	4.33611e+00	2.48071e+00	1.06658e+13	0.00000e+00
1.61217e+01	2.74167e+02	1.67031e+02	3.36403e+03	4.33610e+00	2.48069e+00	1.03695e+13	0.00000e+00
1.67816e+01	2.74434e+02	1.64994e+02	3.36404e+03	4.33608e+00	2.48067e+00	1.00849e+13	0.00000e+00
1.74180e+01	2.74698e+02	1.62957e+02	3.36404e+03	4.33607e+00	2.48064e+00	9.81152e+12	0.00000e+00
1.80306e+01	2.74958e+02	1.60920e+02	3.36404e+03	4.33606e+00	2.48062e+00	9.54890e+12	0.00000e+00
1.86189e+01	2.75216e+02	1.58884e+02	3.36404e+03	7.58829e+00	4.34120e+00	9.29650e+12	0.00000e+00
1.91826e+01	2.75470e+02	1.56847e+02	3.36409e+03	7.58851e+00	4.34133e+00	9.05386e+12	0.00000e+00
1.97210e+01	2.75721e+02	1.54810e+02	3.36415e+03	7.58871e+00	4.34146e+00	8.82053e+12	0.00000e+00
2.02339e+01	2.75968e+02	1.52773e+02	3.36420e+03	7.58891e+00	4.34158e+00	8.59608e+12	0.00000e+00
2.07206e+01	2.76212e+02	1.50736e+02	3.36425e+03	7.58909e+00	4.34169e+00	8.38011e+12	0.00000e+00
2.11807e+01	2.76453e+02	1.48699e+02	3.36429e+03	7.58926e+00	4.34179e+00	8.17225e+12	0.00000e+00
2.16135e+01	2.76691e+02	1.46662e+02	3.36433e+03	7.58942e+00	4.34189e+00	7.97212e+12	0.00000e+00
2.20185e+01	2.76926e+02	1.44625e+02	3.36437e+03	7.58957e+00	4.34198e+00	7.77940e+12	0.00000e+00
2.23950e+01	2.77157e+02	1.42588e+02	3.36441e+03	7.58972e+00	4.34207e+00	7.59374e+12	0.00000e+00
2.27425e+01	2.77385e+02	1.40551e+02	3.36445e+03	7.58985e+00	4.34216e+00	7.41484e+12	0.00000e+00
2.30601e+01	2.77609e+02	1.38514e+02	3.36448e+03	7.58998e+00	4.34223e+00	7.24239e+12	0.00000e+00
2.33472e+01	2.77830e+02	1.36477e+02	3.36451e+03	7.59010e+00	4.34231e+00	7.07613e+12	0.00000e+00
2.36030e+01	2.78048e+02	1.34440e+02	3.36454e+03	7.59022e+00	4.34238e+00	6.91578e+12	0.00000e+00
2.38266e+01	2.78263e+02	1.32403e+02	3.36457e+03	7.59033e+00	4.34245e+00	6.76108e+12	0.00000e+00
2.40171e+01	2.78475e+02	1.30366e+02	3.36459e+03	7.59043e+00	4.34252e+00	6.61179e+12	0.00000e+00
2.41736e+01	2.78683e+02	1.28329e+02	3.36462e+03	7.59054e+00	4.34259e+00	6.46768e+12	0.00000e+00
2.42951e+01	2.78888e+02	1.26292e+02	3.36464e+03	7.59064e+00	4.34266e+00	6.32851e+12	0.00000e+00
2.43805e+01	2.79089e+02	1.24255e+02	3.36467e+03	7.59073e+00	4.34272e+00	6.19409e+12	0.00000e+00
2.44287e+01	2.79288e+02	1.22218e+02	3.36469e+03	7.59083e+00	4.34279e+00	6.06421e+12	0.00000e+00
2.44385e+01	2.79483e+02	1.20181e+02	3.36471e+03	7.59093e+00	4.34286e+00	5.93866e+12	0.00000e+00
2.44086e+01	2.79674e+02	1.18144e+02	3.36473e+03	7.59102e+00	4.34293e+00	5.81727e+12	0.00000e+00
2.43375e+01	2.79863e+02	1.16107e+02	3.36475e+03	7.59112e+00	4.34300e+00	5.69986e+12	0.00000e+00
2.42238e+01	2.80048e+02	1.14070e+02	3.36477e+03	7.59122e+00	4.34308e+00	5.58625e+12	0.00000e+00
2.40660e+01	2.80230e+02	1.12033e+02	3.36479e+03	7.59133e+00	4.34316e+00	5.47628e+12	0.00000e+00
2.38622e+01	2.80409e+02	1.09996e+02	3.36481e+03	7.59143e+00	4.34324e+00	5.36979e+12	0.00000e+00
2.36107e+01	2.80584e+02	1.07959e+02	3.36483e+03	7.59154e+00	4.34333e+00	5.26662e+12	0.00000e+00
2.33095e+01	2.80756e+02	1.05922e+02	3.36485e+03	7.59166e+00	4.34343e+00	5.16664e+12	0.00000e+00
2.29564e+01	2.80925e+02	1.03885e+02	3.36487e+03	7.59178e+00	4.34353e+00	5.06969e+12	0.00000e+00
2.25491e+01	2.81091e+02	1.01848e+02	3.36490e+03	7.59191e+00	4.34364e+00	4.97564e+12	0.00000e+00
2.20852e+01	2.81253e+02	9.98114e+01	3.36492e+03	7.59205e+00	4.34375e+00	4.88436e+12	0.00000e+00
2.15620e+01	2.81412e+02	9.77745e+01	3.36494e+03	7.59220e+00	4.34388e+00	4.79572e+12	0.00000e+00
2.09765e+01	2.81568e+02	9.57375e+01	3.36497e+03	7.59236e+00	4.34402e+00	4.70958e+12	0.00000e+00
2.03256e+01	2.81720e+02	9.37005e+01	3.36500e+03	7.59253e+00	4.34416e+00	4.62583e+12	0.00000e+00
1.96058e+01	2.81869e+02	9.16636e+01	3.36502e+03	7.59271e+00	4.34432e+00	4.54434e+12	0.00000e+00
1.88134e+01	2.82015e+02	8.96266e+01	3.36505e+03	7.59291e+00	4.34449e+00	4.46499e+12	0.00000e+00
1.79443e+01	2.82158e+02	8.75896e+01	3.36509e+03	7.59312e+00	4.34468e+00	4.38768e+12	0.00000e+00
1.69939e+01	2.82297e+02	8.55527e+01	3.36512e+03	7.59335e+00	4.34488e+00	4.31228e+12	0.00000e+00
1.59574e+01	2.82433e+02	8.35157e+01	3.36516e+03	7.59360e+00	4.34510e+00	4.23867e+12	0.00000e+00
1.48293e+01	2.82566e+02	8.14787e+01	3.36520e+03	7.59387e+00	4.34533e+00	4.16675e+12	0.00000e+00
1.36037e+01	2.82695e+02	7.94418e+01	3.36524e+03	7.59416e+00	4.34558e+00	4.09639e+12	0.00000e+00
1.22740e+01	2.82822e+02	7.74048e+01	3.36529e+03	7.59447e+00	4.34586e+00	4.02748e+12	0.00000e+00
1.08329e+01	2.82945e+02	7.53678e+01	3.36534e+03	7.59481e+00	4.34616e+00	3.95991e+12	0.00000e+00
9.27239e+00	2.83064e+02	7.33309e+01	3.36539e+03	7.59518e+00	4.34648e+00	3.89355e+12	0.00000e+00
7.58343e+00	2.83181e+02	7.12939e+01	3.36545e+03	7.59557e+00	4.34682e+00	3.82828e+12	0.00000e+00
5.75600e+00	2.83294e+02	6.92569e+01	3.36552e+03	7.59600e+00	4.34720e+00	3.76397e+12	0.00000e+00
3.77888e+00	2.83404e+02	6.72200e+01	3.36559e+03	7.59647e+00	4.34761e+00	3.70050e+12	0.00000e+00
1.63946e+00	2.83510e+02	6.51830e+01	3.36566e+03	7.59697e+00	4.34805e+00	3.63772e+12	0.00000e+00
-6.76475e-01	2.83613e+02	6.31460e+01	3.36574e+03	7.59751e+00	4.34853e+00	3.57550e+12	0.00000e+00
-3.18499e+00	2.83713e+02	6.11090e+01	3.36583e+03	7.59810e+00	4.34905e+00	3.51367e+12	0.00000e+00
-5.90434e+00	2.83810e+02	5.90721e+01	3.36592e+03	7.59875e+00	4.34961e+00	3.45208e+12	0.00000e+00
-8.85534e+00	2.83904e+02	5.70351e+01	3.36603e+03	7.59944e+00	4.35022e+00	3.39055e+12	0.00000e+00
-1.20618e+01	2.83994e+02	5.49981e+01	3.36614e+03	7.60020e+00	4.35089e+00	3.32889e+12	0.00000e+00
-1.55513e+01	2.84081e+02	5.29612e+01	3.36626e+03	7.60103e+00	4.35161e+00	3.26689e+12	0.00000e+00
-1.93554e+01	2.84164e+02	5.09242e+01	3.36640e+03	7.60193e+00	4.35241e+00	3.20432e+12	0.00000e+00
-2.35111e+01	2.84245e+02	4.88872e+01	3.36654e+03	7.60292e+00	4.35327e+00	3.14094e+12	0.00000e+00
-2.80616e+01	2.84322e+02	4.68503e+01	3.36670e+03	7.60400e+00	4.35422e+00	3.07646e+12	0.00000e+00
-3.30578e+01	2.84395e+02	4.48133e+01	3.36687e+03	7.60519e+00	4.35526e+00	3.01057e+12	0.00000e+00
-3.85601e+01	2.84466e+02	4.27763e+01	3.36707e+03	7.60650e+00	4.35641e+00	2.94292e+12	0.00000e+00
-4.46406e+01	2.84533e+02	4.07394e+01	3.36728e+03	7.60795e+00	4.35767e+00	2.87309e+12	0.00000e+00
-5.13863e+01	2.84597e+02	3.87024e+01	3.36751e+03	7.60955e+00	4.35908e+00	2.80063e+12	0.00000e+00
-5.89027e+01	2.84658e+02	3.66654e+01	3.36777e+03	7.61134e+00	4.36065e+00	2.72500e+12	0.00000e+00
-6.73199e+01	2.84715e+02	3.46285e+01	3.36806e+03	7.61334e+00	4.36240e+00	2.64558e+12	0.00000e+00
-7.67991e+01	2.84769e+02	3.25915e+01	3.36838e+03	7.61559e+00	4.36437e+00	2.56166e+12	0.00000e+00
-8.75432e+01	2.84820e+02	3.05545e+01	3.36874e+03	7.61813e+00	4.36660e+00	2.47239e+12	0.00000e+00
-9.98111e+01	2.84867e+02	2.85176e+01	3.36915e+03	7.62104e+00	4.36915e+00	2.37676e+12	0.00000e+00
-1.13938e+02	2.84912e+02	2.64806e+01	3.36962e+03	7.62438e+00	4.37208e+00	2.27358e+12	0.00000e+00
-1.30367e+02	2.84953e+02	2.44436e+01	3.37016e+03	7.62825e+00	4.37548e+00	2.16144e+12	0.00000e+00
-1.49695e+02	2.84990e+02	2.24067e+01	3.37078e+03	7.63280e+00	4.37948e+00	2.03862e+12	0.00000e+00
-1.72743e+02	2.85025e+02	2.03697e+01	3.37152e+03	7.63822e+00	4.38423e+00	1.90312e+12	0.00000e+00
-2.00682e+02	2.85056e+02	1.83327e+01	3.37239e+03	7.64477e+00	4.38999e+00	1.75253e+12	0.00000e+00
-2.35227e+02	2.85084e+02	1.62957e+01	3.37344e+03	7.65285e+00	4.39709e+00	1.58407e+12	0.00000e+00
-2.79006e+02	2.85108e+02	1.42588e+01	3.37473e+03	7.66308e+00	4.40608e+00	1.39466e+12	0.00000e+00
-3.36255e+02	2.85130e+02	1.22218e+01	3.37637e+03	7.67642e+00	4.41782e+00	1.18128e+12	0.00000e+00
-4.14261e+02	2.85148e+02	1.01848e+01	3.37851e+03	7.69456e+00	4.43379e+00	9.42082e+11	0.00000e+00
-5.26709e+02	2.85162e+02	8.14787e+00	3.38142e+03	7.72068e+00	4.45677e+00	6.79092e+11	0.00000e+00
-7.02611e+02	2.85174e+02	6.11090e+00	3.38560e+03	7.76146e+00	4.49268e+00	4.05208e+11	0.00000e+00
-1.01577e+03	2.85182e+02	4.07394e+00	3.39212e+03	7.83397e+00	4.55654e+00	1.59144e+11	0.00000e+00
-1.72179e+03	2.85187e+02	2.03697e+00	3.40372e+03	7.99729e+00	4.70039e+00	1.79265e+10	0.00000e+00
-4.55563e+03	NaN	0.00000e+00	3.42983e+03	NaN	NaN	NaN	NaN
-4.55563e+03	NaN	0.00000e+00	NaN	NaN	NaN	1.00000e+04	0.00000e+00
NaN	NaN	0.00000e+00	NaN	NaN	NaN	1.00000e+04	0.00000e+00
NaN	NaN	0.00000e+00	NaN	NaN	NaN	1.00000e+04	0.00000e+00
NaN	NaN	0.00000e+00	NaN	NaN	NaN	1.00000e+04	0.00000e+00
NaN	NaN	0.00000e+00	NaN	NaN	NaN	1.00000e+04	0.00000e+00
NaN	NaN	0.00000e+00	NaN	NaN	NaN	1.00000e+04	0.00000e+00
NaN	NaN	0.00000e+00	NaN	NaN	NaN	1.00000e+04	0.00000e+00
NaN	NaN	0.00000e+00	NaN	NaN	NaN	1.00000e+04	0.00000e+00
NaN	NaN	0.00000e+00	NaN	NaN	NaN	1.00000e+04	0.00000e+00
NaN	NaN	0.00000e+00	NaN	NaN	NaN	1.00000e+04	0.00000e+00
