P (MPa)		T (K)		r (km)		rho (kg m-3)	VP (km s-1)	VS (km s-1)	QS/gamma	KS (GPa)	GS (GPa)	k for 0.01 mol/kg MgSO4 (S m-1)	
0.00000e+00	7.50000e+01	2.52000e+02	9.32830e+02	3.87708e+00	1.96108e+00	4.21689e+06	9.24000e+00	3.58800e+00	0.00000e+00
5.58514e-02	8.02292e+01	2.51473e+02	9.32830e+02	3.87740e+00	1.96125e+00	1.50237e+06	9.24018e+00	3.58812e+00	0.00000e+00
1.11703e-01	8.58229e+01	2.50945e+02	9.32680e+02	3.87775e+00	1.96144e+00	5.72499e+05	9.24037e+00	3.58824e+00	0.00000e+00
1.67554e-01	9.18067e+01	2.50418e+02	9.32506e+02	3.87816e+00	1.96165e+00	2.32318e+05	9.24055e+00	3.58836e+00	0.00000e+00
2.23406e-01	9.82077e+01	2.49892e+02	9.32303e+02	3.87863e+00	1.96190e+00	9.99815e+04	9.24074e+00	3.58848e+00	0.00000e+00
2.79257e-01	1.05055e+02	2.49365e+02	9.32065e+02	3.87918e+00	1.96218e+00	4.54593e+04	9.24092e+00	3.58860e+00	0.00000e+00
3.35109e-01	1.12380e+02	2.48839e+02	9.31786e+02	3.87980e+00	1.96251e+00	2.17588e+04	9.24111e+00	3.58872e+00	0.00000e+00
3.90960e-01	1.20215e+02	2.48312e+02	9.31457e+02	3.88054e+00	1.96289e+00	1.09271e+04	9.24129e+00	3.58884e+00	0.00000e+00
4.46811e-01	1.28597e+02	2.47786e+02	9.31067e+02	3.88140e+00	1.96333e+00	5.73946e+03	9.24147e+00	3.58896e+00	0.00000e+00
5.02663e-01	1.37563e+02	2.47260e+02	9.30604e+02	3.88241e+00	1.96385e+00	3.14386e+03	9.24166e+00	3.58908e+00	0.00000e+00
5.58514e-01	1.47154e+02	2.46735e+02	9.30053e+02	3.88361e+00	1.96447e+00	1.79099e+03	9.24184e+00	3.58920e+00	0.00000e+00
6.14366e-01	1.57414e+02	2.46209e+02	9.29394e+02	3.88503e+00	1.96520e+00	1.05840e+03	9.24203e+00	3.58932e+00	0.00000e+00
6.70217e-01	1.68389e+02	2.45683e+02	9.28606e+02	3.88673e+00	1.96606e+00	6.47289e+02	9.24221e+00	3.58944e+00	0.00000e+00
7.26069e-01	1.80129e+02	2.45157e+02	9.27665e+02	3.88875e+00	1.96709e+00	4.08756e+02	9.24239e+00	3.58956e+00	0.00000e+00
7.81920e-01	1.92688e+02	2.44631e+02	9.26543e+02	3.89115e+00	1.96832e+00	2.65975e+02	9.24258e+00	3.58968e+00	0.00000e+00
8.37771e-01	2.06123e+02	2.44105e+02	9.25212e+02	3.89399e+00	1.96976e+00	1.77985e+02	9.24276e+00	3.58980e+00	0.00000e+00
8.93623e-01	2.20495e+02	2.43578e+02	9.23649e+02	3.89733e+00	1.97146e+00	1.22263e+02	9.24295e+00	3.58992e+00	0.00000e+00
9.49474e-01	2.35868e+02	2.43051e+02	9.21837e+02	3.90121e+00	1.97343e+00	8.60671e+01	9.24313e+00	3.59004e+00	0.00000e+00
1.00533e+00	2.52313e+02	2.42523e+02	9.19779e+02	3.90562e+00	1.97567e+00	6.19892e+01	9.24331e+00	3.59016e+00	0.00000e+00
1.06118e+00	2.69905e+02	2.41994e+02	9.17500e+02	3.91052e+00	1.97816e+00	4.56125e+01	9.24350e+00	3.59028e+00	0.00000e+00
1.25982e+00	2.69905e+02	2.40254e+02	9.92989e+02	1.45546e+00	0.00000e+00	0.00000e+00	2.10350e+00	0.00000e+00	NaN
1.45846e+00	2.69906e+02	2.38518e+02	9.93083e+02	1.45588e+00	0.00000e+00	0.00000e+00	2.10492e+00	0.00000e+00	NaN
1.65710e+00	2.69906e+02	2.36785e+02	9.93176e+02	1.45630e+00	0.00000e+00	0.00000e+00	2.10633e+00	0.00000e+00	NaN
1.85574e+00	2.69907e+02	2.35056e+02	9.93270e+02	1.45672e+00	0.00000e+00	0.00000e+00	2.10775e+00	0.00000e+00	NaN
2.05438e+00	2.69907e+02	2.33331e+02	9.93364e+02	1.45714e+00	0.00000e+00	0.00000e+00	2.10916e+00	0.00000e+00	NaN
2.25302e+00	2.69907e+02	2.31610e+02	9.93457e+02	1.45756e+00	0.00000e+00	0.00000e+00	2.11058e+00	0.00000e+00	NaN
2.45166e+00	2.69908e+02	2.29893e+02	9.93551e+02	1.45798e+00	0.00000e+00	0.00000e+00	2.11199e+00	0.00000e+00	NaN
2.65030e+00	2.69908e+02	2.28181e+02	9.93644e+02	1.45840e+00	0.00000e+00	0.00000e+00	2.11341e+00	0.00000e+00	NaN
2.84894e+00	2.69909e+02	2.26474e+02	9.93737e+02	1.45882e+00	0.00000e+00	0.00000e+00	2.11482e+00	0.00000e+00	NaN
3.04758e+00	2.69909e+02	2.24772e+02	9.93831e+02	1.45924e+00	0.00000e+00	0.00000e+00	2.11624e+00	0.00000e+00	NaN
3.24622e+00	2.69910e+02	2.23075e+02	9.93924e+02	1.45966e+00	0.00000e+00	0.00000e+00	2.11766e+00	0.00000e+00	NaN
3.44486e+00	2.69910e+02	2.21384e+02	9.94017e+02	1.46008e+00	0.00000e+00	0.00000e+00	2.11907e+00	0.00000e+00	NaN
3.64350e+00	2.69910e+02	2.19699e+02	9.94110e+02	1.46050e+00	0.00000e+00	0.00000e+00	2.12049e+00	0.00000e+00	NaN
3.84214e+00	2.69911e+02	2.18020e+02	9.94203e+02	1.46092e+00	0.00000e+00	0.00000e+00	2.12190e+00	0.00000e+00	NaN
4.04078e+00	2.69911e+02	2.16346e+02	9.94297e+02	1.46134e+00	0.00000e+00	0.00000e+00	2.12332e+00	0.00000e+00	NaN
4.23943e+00	2.69912e+02	2.14680e+02	9.94390e+02	1.46175e+00	0.00000e+00	0.00000e+00	2.12474e+00	0.00000e+00	NaN
4.43807e+00	2.69912e+02	2.13019e+02	9.94482e+02	1.46217e+00	0.00000e+00	0.00000e+00	2.12615e+00	0.00000e+00	NaN
4.63671e+00	2.69913e+02	2.11366e+02	9.94575e+02	1.46259e+00	0.00000e+00	0.00000e+00	2.12757e+00	0.00000e+00	NaN
4.83535e+00	2.69913e+02	2.09720e+02	9.94668e+02	1.46301e+00	0.00000e+00	0.00000e+00	2.12899e+00	0.00000e+00	NaN
5.03399e+00	2.69914e+02	2.08081e+02	9.94761e+02	1.46343e+00	0.00000e+00	0.00000e+00	2.13041e+00	0.00000e+00	NaN
5.23263e+00	2.69914e+02	2.06449e+02	9.94854e+02	1.46385e+00	0.00000e+00	0.00000e+00	2.13183e+00	0.00000e+00	NaN
5.43127e+00	2.69915e+02	2.04826e+02	9.94946e+02	1.46427e+00	0.00000e+00	0.00000e+00	2.13324e+00	0.00000e+00	NaN
5.62991e+00	2.69915e+02	2.03210e+02	9.95039e+02	1.46469e+00	0.00000e+00	0.00000e+00	2.13466e+00	0.00000e+00	NaN
5.82855e+00	2.69916e+02	2.01602e+02	9.95132e+02	1.46510e+00	0.00000e+00	0.00000e+00	2.13608e+00	0.00000e+00	NaN
6.02719e+00	2.69916e+02	2.00003e+02	9.95224e+02	1.46552e+00	0.00000e+00	0.00000e+00	2.13750e+00	0.00000e+00	NaN
6.22583e+00	2.69917e+02	1.98412e+02	9.95316e+02	1.46594e+00	0.00000e+00	0.00000e+00	2.13892e+00	0.00000e+00	NaN
6.42447e+00	2.69918e+02	1.96830e+02	9.95409e+02	1.46636e+00	0.00000e+00	0.00000e+00	2.14034e+00	0.00000e+00	NaN
6.62311e+00	2.69918e+02	1.95257e+02	9.95501e+02	1.46678e+00	0.00000e+00	0.00000e+00	2.14176e+00	0.00000e+00	NaN
6.82175e+00	2.69919e+02	1.93693e+02	9.95594e+02	1.46720e+00	0.00000e+00	0.00000e+00	2.14318e+00	0.00000e+00	NaN
7.02039e+00	2.69919e+02	1.92138e+02	9.95686e+02	1.46761e+00	0.00000e+00	0.00000e+00	2.14460e+00	0.00000e+00	NaN
7.21903e+00	2.69920e+02	1.90593e+02	1.84147e+03	2.00254e+00	-1.65928e+00	1.63340e+13	1.22685e+02	4.81811e+01	0.00000e+00
8.26362e+00	2.89920e+02	1.88297e+02	1.88359e+03	2.04076e+00	-1.66705e+00	1.92952e+12	1.19879e+02	5.00981e+01	0.00000e+00
9.30821e+00	3.09678e+02	1.86000e+02	1.91363e+03	2.07920e+00	-1.63035e+00	3.06701e+11	1.20808e+02	5.02288e+01	0.00000e+00
1.03438e+01	3.29194e+02	1.83704e+02	1.95573e+03	2.11721e+00	-1.59567e+00	6.19309e+10	1.20136e+02	5.06770e+01	0.00000e+00
1.13816e+01	3.48467e+02	1.81408e+02	1.99564e+03	2.15607e+00	-1.57064e+00	1.52099e+10	1.19035e+02	5.14171e+01	0.00000e+00
1.24206e+01	3.67498e+02	1.79112e+02	2.02987e+03	2.19662e+00	-1.60921e+00	4.39325e+09	1.13022e+02	5.47001e+01	0.00000e+00
1.34572e+01	3.86286e+02	1.76815e+02	2.03638e+03	2.23636e+00	-1.57471e+00	1.45364e+09	1.12438e+02	5.50995e+01	0.00000e+00
1.44728e+01	4.04832e+02	1.74519e+02	2.06675e+03	2.27394e+00	-1.51718e+00	5.39566e+08	1.09821e+02	5.42962e+01	0.00000e+00
1.54861e+01	4.23136e+02	1.72223e+02	2.08272e+03	2.31189e+00	-1.45963e+00	2.20933e+08	1.08258e+02	5.33279e+01	0.00000e+00
1.64884e+01	4.41197e+02	1.69926e+02	2.10486e+03	2.35163e+00	-1.42750e+00	9.84358e+07	1.08231e+02	5.38618e+01	0.00000e+00
1.74849e+01	4.59016e+02	1.67630e+02	2.13560e+03	2.39148e+00	-1.39398e+00	4.71890e+07	1.08185e+02	5.43685e+01	0.00000e+00
1.84820e+01	4.76592e+02	1.65334e+02	2.16596e+03	2.43184e+00	-1.36075e+00	2.41143e+07	1.08143e+02	5.48981e+01	0.00000e+00
1.94797e+01	4.93925e+02	1.63037e+02	2.19524e+03	2.47258e+00	-1.32630e+00	1.30336e+07	1.08089e+02	5.54143e+01	0.00000e+00
2.04779e+01	5.11017e+02	1.60741e+02	2.22405e+03	2.51374e+00	-1.29127e+00	7.40199e+06	1.08026e+02	5.59315e+01	0.00000e+00
2.14765e+01	5.27866e+02	1.58445e+02	2.25213e+03	2.55527e+00	-1.25519e+00	4.39241e+06	1.07955e+02	5.64373e+01	0.00000e+00
2.24756e+01	5.44472e+02	1.56149e+02	2.27970e+03	2.59718e+00	-1.21818e+00	2.71052e+06	1.07875e+02	5.69342e+01	0.00000e+00
2.34753e+01	5.60836e+02	1.53852e+02	2.30672e+03	2.63953e+00	-1.18094e+00	1.73228e+06	1.07792e+02	5.74474e+01	0.00000e+00
2.44754e+01	5.76958e+02	1.51556e+02	2.33299e+03	2.68221e+00	-1.14255e+00	1.14251e+06	1.07700e+02	5.79446e+01	0.00000e+00
2.54760e+01	5.92837e+02	1.49260e+02	2.35883e+03	2.72520e+00	-1.10300e+00	7.75243e+05	1.07596e+02	5.84220e+01	0.00000e+00
2.64772e+01	6.08474e+02	1.46963e+02	2.38420e+03	2.76870e+00	-1.06374e+00	5.39743e+05	1.07494e+02	5.89365e+01	0.00000e+00
2.74789e+01	6.23868e+02	1.44667e+02	2.40871e+03	2.81243e+00	-1.02293e+00	3.84665e+05	1.07380e+02	5.94201e+01	0.00000e+00
2.84810e+01	6.39020e+02	1.42371e+02	2.43300e+03	2.85646e+00	-9.81083e-01	2.80043e+05	1.07256e+02	5.98914e+01	0.00000e+00
2.94836e+01	6.53929e+02	1.40074e+02	2.45692e+03	2.90091e+00	-9.39088e-01	2.07883e+05	1.07132e+02	6.03752e+01	0.00000e+00
3.04869e+01	6.68596e+02	1.37778e+02	2.48000e+03	2.94585e+00	-8.97202e-01	1.57092e+05	1.07012e+02	6.08924e+01	0.00000e+00
3.14907e+01	6.83021e+02	1.35482e+02	2.50234e+03	2.99083e+00	-8.53077e-01	1.20673e+05	1.06870e+02	6.13459e+01	0.00000e+00
3.24948e+01	6.97203e+02	1.33186e+02	2.52473e+03	3.03630e+00	-8.09335e-01	9.41057e+04	1.06730e+02	6.18499e+01	0.00000e+00
3.34996e+01	7.11143e+02	1.30889e+02	2.54640e+03	3.08203e+00	-7.64651e-01	7.44177e+04	1.06584e+02	6.23379e+01	0.00000e+00
3.45048e+01	7.24840e+02	1.28593e+02	2.56763e+03	3.12801e+00	-7.19004e-01	5.96124e+04	1.06439e+02	6.27975e+01	0.00000e+00
3.55105e+01	7.38295e+02	1.26297e+02	2.58831e+03	3.17368e+00	-6.70000e-01	4.83271e+04	1.06244e+02	6.30802e+01	0.00000e+00
3.65167e+01	7.51508e+02	1.24000e+02	2.60797e+03	3.21804e+00	-6.13868e-01	3.96161e+04	1.05964e+02	6.29109e+01	0.00000e+00
3.75231e+01	7.64478e+02	1.21704e+02	2.62596e+03	3.26271e+00	-5.58488e-01	3.28131e+04	1.05689e+02	6.27870e+01	0.00000e+00
3.85292e+01	7.77205e+02	1.19408e+02	2.64318e+03	3.30708e+00	-5.01759e-01	2.74420e+04	1.05412e+02	6.25877e+01	0.00000e+00
3.95348e+01	7.89690e+02	1.17111e+02	2.66028e+03	3.35188e+00	-4.46468e-01	2.31580e+04	1.05145e+02	6.24844e+01	0.00000e+00
4.05402e+01	8.01933e+02	1.14815e+02	2.67674e+03	3.39657e+00	-3.90612e-01	1.97086e+04	1.04885e+02	6.23385e+01	0.00000e+00
4.15451e+01	8.13933e+02	1.12519e+02	2.69277e+03	3.44124e+00	-3.34714e-01	1.69064e+04	1.04625e+02	6.21982e+01	0.00000e+00
4.25497e+01	8.25691e+02	1.10222e+02	2.70852e+03	3.48589e+00	-2.78819e-01	1.46109e+04	1.04365e+02	6.20541e+01	0.00000e+00
4.35540e+01	8.37207e+02	1.07926e+02	2.72378e+03	3.53092e+00	-2.23997e-01	1.27158e+04	1.04109e+02	6.19983e+01	0.00000e+00
4.45580e+01	8.48480e+02	1.05630e+02	2.73859e+03	3.57554e+00	-1.68187e-01	1.11398e+04	1.03864e+02	6.18478e+01	0.00000e+00
4.55616e+01	8.59510e+02	1.03334e+02	2.75302e+03	3.62003e+00	-1.12310e-01	9.82002e+03	1.03625e+02	6.16833e+01	0.00000e+00
4.65649e+01	8.70298e+02	1.01037e+02	2.76711e+03	3.66490e+00	-5.75190e-02	8.70769e+03	1.03376e+02	6.16220e+01	0.00000e+00
4.75679e+01	8.80844e+02	9.87410e+01	2.78078e+03	3.70928e+00	-1.91115e-03	7.76446e+03	1.03138e+02	6.14809e+01	0.00000e+00
4.85705e+01	8.91147e+02	9.64447e+01	2.79438e+03	3.75374e+00	5.31968e-02	6.96004e+03	1.02915e+02	6.13520e+01	0.00000e+00
4.95729e+01	9.01208e+02	9.41484e+01	2.80732e+03	3.79791e+00	1.08481e-01	6.27027e+03	1.02690e+02	6.11884e+01	0.00000e+00
5.05750e+01	9.11027e+02	9.18521e+01	2.81986e+03	3.84249e+00	1.62778e-01	5.67580e+03	1.02459e+02	6.11393e+01	0.00000e+00
5.15767e+01	9.20603e+02	8.95558e+01	2.83227e+03	3.88631e+00	2.17807e-01	5.16100e+03	1.02252e+02	6.09593e+01	0.00000e+00
5.25782e+01	9.29936e+02	8.72595e+01	2.84427e+03	3.93057e+00	2.71867e-01	4.71318e+03	1.02035e+02	6.08933e+01	0.00000e+00
5.35794e+01	9.39027e+02	8.49632e+01	2.85602e+03	3.97467e+00	3.25802e-01	4.32196e+03	1.01811e+02	6.08397e+01	0.00000e+00
5.45803e+01	9.47876e+02	8.26669e+01	2.86758e+03	4.01882e+00	3.79276e-01	3.97882e+03	1.01622e+02	6.07864e+01	0.00000e+00
5.55809e+01	9.56482e+02	8.03706e+01	2.87870e+03	4.06186e+00	4.33521e-01	3.67671e+03	1.01419e+02	6.06120e+01	0.00000e+00
5.65814e+01	9.64846e+02	7.80743e+01	2.88976e+03	4.10505e+00	4.87092e-01	3.40978e+03	1.01224e+02	6.04769e+01	0.00000e+00
5.75816e+01	9.72968e+02	7.57780e+01	2.90028e+03	4.14839e+00	5.40078e-01	3.17316e+03	1.01036e+02	6.03888e+01	0.00000e+00
5.85815e+01	9.80847e+02	7.34817e+01	2.91045e+03	4.19152e+00	5.92815e-01	2.96274e+03	1.00853e+02	6.03040e+01	0.00000e+00
5.95812e+01	9.88483e+02	7.11854e+01	2.92047e+03	4.23429e+00	6.45356e-01	2.77508e+03	1.00674e+02	6.02055e+01	0.00000e+00
6.05806e+01	9.95877e+02	6.88891e+01	2.93032e+03	4.27675e+00	6.97638e-01	2.60727e+03	1.00494e+02	6.01031e+01	0.00000e+00
6.15798e+01	1.00303e+03	6.65928e+01	2.93995e+03	4.31876e+00	7.49732e-01	2.45684e+03	1.00304e+02	5.99847e+01	0.00000e+00
6.25788e+01	1.00994e+03	6.42965e+01	2.94930e+03	4.36127e+00	8.01174e-01	2.32167e+03	1.00125e+02	5.99622e+01	0.00000e+00
6.35775e+01	1.01661e+03	6.20002e+01	2.95851e+03	4.40315e+00	8.52290e-01	2.19996e+03	9.99714e+01	5.98679e+01	0.00000e+00
6.45761e+01	1.02303e+03	5.97038e+01	2.96730e+03	4.44436e+00	9.03006e-01	2.09016e+03	9.98381e+01	5.97072e+01	0.00000e+00
6.55745e+01	1.02921e+03	5.74075e+01	2.97572e+03	4.48602e+00	9.53299e-01	1.99095e+03	9.96978e+01	5.96585e+01	0.00000e+00
6.65726e+01	1.03515e+03	5.51112e+01	2.98425e+03	4.52754e+00	1.00325e+00	1.90115e+03	9.95568e+01	5.96296e+01	0.00000e+00
6.75705e+01	1.04085e+03	5.28149e+01	2.99256e+03	4.56888e+00	1.05287e+00	1.81979e+03	9.94176e+01	5.96142e+01	0.00000e+00
6.85683e+01	1.04630e+03	5.05186e+01	3.00068e+03	4.60944e+00	1.10212e+00	1.74599e+03	9.92822e+01	5.95402e+01	0.00000e+00
6.95659e+01	1.05152e+03	4.82223e+01	3.00850e+03	4.64995e+00	1.15096e+00	1.67900e+03	9.91549e+01	5.94959e+01	0.00000e+00
7.05634e+01	1.05648e+03	4.59260e+01	3.01623e+03	4.69058e+00	1.19946e+00	1.61815e+03	9.90372e+01	5.94994e+01	0.00000e+00
7.15607e+01	1.06121e+03	4.36297e+01	3.02393e+03	4.73038e+00	1.24745e+00	1.56288e+03	9.89240e+01	5.94407e+01	0.00000e+00
7.25579e+01	1.06570e+03	4.13334e+01	3.03125e+03	4.76938e+00	1.29487e+00	1.51268e+03	9.88170e+01	5.93259e+01	0.00000e+00
7.35550e+01	1.06994e+03	3.90371e+01	3.03822e+03	4.80844e+00	1.34194e+00	1.46710e+03	9.87110e+01	5.92580e+01	0.00000e+00
7.45519e+01	1.07394e+03	3.67408e+01	3.04512e+03	4.84760e+00	1.38874e+00	1.42577e+03	9.86053e+01	5.92394e+01	0.00000e+00
7.55486e+01	1.07770e+03	3.44445e+01	3.05194e+03	4.88644e+00	1.43510e+00	1.38833e+03	9.85070e+01	5.92233e+01	0.00000e+00
7.65452e+01	1.08121e+03	3.21482e+01	3.05864e+03	4.92486e+00	1.48098e+00	1.35448e+03	9.84202e+01	5.91991e+01	0.00000e+00
7.75417e+01	1.08449e+03	2.98519e+01	3.06530e+03	4.96295e+00	1.52638e+00	1.32397e+03	9.83403e+01	5.91735e+01	0.00000e+00
7.85382e+01	1.08752e+03	2.75556e+01	3.07179e+03	5.00069e+00	1.57125e+00	1.29656e+03	9.82696e+01	5.91409e+01	0.00000e+00
7.95345e+01	1.09030e+03	2.52593e+01	3.07805e+03	5.03811e+00	1.61559e+00	1.27205e+03	9.82077e+01	5.91039e+01	0.00000e+00
8.05308e+01	1.09285e+03	2.29630e+01	3.08408e+03	5.07521e+00	1.65947e+00	1.25026e+03	9.81515e+01	5.90705e+01	0.00000e+00
8.15270e+01	1.09515e+03	2.06667e+01	3.08999e+03	5.11199e+00	1.70288e+00	1.23104e+03	9.81012e+01	5.90405e+01	0.00000e+00
8.25232e+01	1.09721e+03	1.83704e+01	3.09578e+03	5.14819e+00	1.74576e+00	1.21425e+03	9.80501e+01	5.89979e+01	0.00000e+00
8.35192e+01	1.09903e+03	1.60741e+01	3.10147e+03	5.18410e+00	1.78816e+00	1.19977e+03	9.80059e+01	5.89618e+01	0.00000e+00
8.45151e+01	1.10061e+03	1.37778e+01	3.10704e+03	5.21975e+00	1.83010e+00	1.18752e+03	9.79689e+01	5.89324e+01	0.00000e+00
8.55110e+01	1.10194e+03	1.14815e+01	3.11251e+03	5.25512e+00	1.87157e+00	1.17741e+03	9.79389e+01	5.89094e+01	0.00000e+00
8.65069e+01	1.10303e+03	9.18521e+00	3.11787e+03	5.29021e+00	1.91258e+00	1.16937e+03	9.79158e+01	5.88926e+01	0.00000e+00
8.75027e+01	1.10388e+03	6.88891e+00	3.12313e+03	5.32502e+00	1.95312e+00	1.16335e+03	9.78997e+01	5.88815e+01	0.00000e+00
8.84985e+01	1.10449e+03	4.59260e+00	3.12829e+03	5.35957e+00	1.99322e+00	1.15931e+03	9.78907e+01	5.88774e+01	0.00000e+00
8.94943e+01	1.10485e+03	2.29630e+00	3.13336e+03	5.39387e+00	2.03288e+00	1.15723e+03	9.78887e+01	5.88805e+01	0.00000e+00
9.04901e+01	NaN	0.00000e+00	3.13833e+03	NaN	NaN	NaN	NaN	NaN	NaN
