P (MPa)		T (K)		r (km)		rho (kg m-3)	VP (km s-1)	VS (km s-1)	QS/gamma	k for 0.01 mol/kg MgSO4 (S m-1)	
0.00000e+00	7.50000e+01	2.52000e+02	9.32841e+02	3.87708e+00	1.96108e+00	4.54974e+06	0.00000e+00
1.65310e-01	8.77416e+01	2.50432e+02	9.32841e+02	3.87791e+00	1.96152e+00	4.51402e+05	0.00000e+00
3.30620e-01	1.02648e+02	2.48873e+02	9.32703e+02	3.87902e+00	1.96211e+00	6.26404e+04	0.00000e+00
4.95929e-01	1.20087e+02	2.47317e+02	9.32540e+02	3.88059e+00	1.96293e+00	1.15798e+04	0.00000e+00
6.61239e-01	1.40488e+02	2.45764e+02	9.32348e+02	3.88285e+00	1.96410e+00	2.73535e+03	0.00000e+00
8.26549e-01	1.64355e+02	2.44213e+02	9.32121e+02	3.88619e+00	1.96582e+00	7.96766e+02	0.00000e+00
9.91859e-01	1.92277e+02	2.42665e+02	9.31853e+02	3.89120e+00	1.96837e+00	2.77613e+02	0.00000e+00
1.15717e+00	2.24943e+02	2.41120e+02	9.31534e+02	3.89858e+00	1.97214e+00	1.12731e+02	0.00000e+00
1.32248e+00	2.63158e+02	2.39578e+02	9.31153e+02	3.90880e+00	1.97733e+00	5.21774e+01	0.00000e+00
1.48779e+00	2.63160e+02	2.38040e+02	9.30699e+02	3.90891e+00	1.97741e+00	5.21753e+01	0.00000e+00
1.65310e+00	2.63162e+02	2.36504e+02	9.30155e+02	3.90901e+00	1.97749e+00	5.21732e+01	0.00000e+00
1.81841e+00	2.63165e+02	2.34971e+02	9.29502e+02	3.90911e+00	1.97757e+00	5.21709e+01	0.00000e+00
1.98372e+00	2.63168e+02	2.33441e+02	9.28718e+02	3.90922e+00	1.97765e+00	5.21684e+01	0.00000e+00
2.14903e+00	2.63171e+02	2.31915e+02	9.27779e+02	3.90932e+00	1.97773e+00	5.21657e+01	0.00000e+00
2.31434e+00	2.63174e+02	2.30391e+02	9.26657e+02	3.90943e+00	1.97780e+00	5.21629e+01	0.00000e+00
2.47965e+00	2.63177e+02	2.28870e+02	9.25324e+02	3.90953e+00	1.97788e+00	5.21599e+01	0.00000e+00
2.64496e+00	2.63181e+02	2.27352e+02	9.23755e+02	3.90963e+00	1.97796e+00	5.21566e+01	0.00000e+00
2.81027e+00	2.63185e+02	2.25836e+02	9.21936e+02	3.90974e+00	1.97804e+00	5.21532e+01	0.00000e+00
2.97558e+00	2.70583e+02	2.24323e+02	9.19870e+02	3.91190e+00	1.97916e+00	4.60725e+01	0.00000e+00
3.14089e+00	2.71000e+02	2.22812e+02	9.17584e+02	3.91212e+00	1.97930e+00	4.57608e+01	0.00000e+00
3.29331e+00	2.71000e+02	2.21572e+02	1.02973e+03	1.44402e+00	0.00000e+00	0.00000e+00	2.73554e+00
3.44574e+00	2.71001e+02	2.20334e+02	1.02980e+03	1.44427e+00	0.00000e+00	0.00000e+00	2.73626e+00
3.59816e+00	2.71001e+02	2.19100e+02	1.02988e+03	1.44452e+00	0.00000e+00	0.00000e+00	2.73699e+00
3.75058e+00	2.71001e+02	2.17868e+02	1.02995e+03	1.44476e+00	0.00000e+00	0.00000e+00	2.73772e+00
3.90301e+00	2.71002e+02	2.16640e+02	1.03002e+03	1.44501e+00	0.00000e+00	0.00000e+00	2.73845e+00
4.05543e+00	2.71002e+02	2.15415e+02	1.03009e+03	1.44526e+00	0.00000e+00	0.00000e+00	2.73917e+00
4.20786e+00	2.71002e+02	2.14193e+02	1.03017e+03	1.44551e+00	0.00000e+00	0.00000e+00	2.73990e+00
4.36028e+00	2.71003e+02	2.12974e+02	1.03024e+03	1.44576e+00	0.00000e+00	0.00000e+00	2.74063e+00
4.51271e+00	2.71003e+02	2.11759e+02	1.03031e+03	1.44600e+00	0.00000e+00	0.00000e+00	2.74135e+00
4.66513e+00	2.71004e+02	2.10547e+02	1.03039e+03	1.44625e+00	0.00000e+00	0.00000e+00	2.74208e+00
4.81756e+00	2.71004e+02	2.09339e+02	1.03046e+03	1.44650e+00	0.00000e+00	0.00000e+00	2.74280e+00
4.96998e+00	2.71004e+02	2.08135e+02	1.03053e+03	1.44675e+00	0.00000e+00	0.00000e+00	2.74353e+00
5.12241e+00	2.71005e+02	2.06934e+02	1.03060e+03	1.44700e+00	0.00000e+00	0.00000e+00	2.74425e+00
5.27483e+00	2.71005e+02	2.05738e+02	1.03068e+03	1.44725e+00	0.00000e+00	0.00000e+00	2.74498e+00
5.42726e+00	2.71006e+02	2.04545e+02	1.03075e+03	1.44749e+00	0.00000e+00	0.00000e+00	2.74570e+00
5.57968e+00	2.71006e+02	2.03356e+02	1.03082e+03	1.44774e+00	0.00000e+00	0.00000e+00	2.74642e+00
5.73211e+00	2.71006e+02	2.02172e+02	1.03090e+03	1.44799e+00	0.00000e+00	0.00000e+00	2.74715e+00
5.88453e+00	2.71007e+02	2.00991e+02	1.03097e+03	1.44824e+00	0.00000e+00	0.00000e+00	2.74787e+00
6.03696e+00	2.71007e+02	1.99815e+02	1.03104e+03	1.44849e+00	0.00000e+00	0.00000e+00	2.74859e+00
6.18938e+00	2.71008e+02	1.98644e+02	1.03111e+03	1.44874e+00	0.00000e+00	0.00000e+00	2.74931e+00
6.34181e+00	2.71008e+02	1.97477e+02	1.03119e+03	1.44899e+00	0.00000e+00	0.00000e+00	2.75004e+00
6.49423e+00	2.71009e+02	1.96314e+02	1.03126e+03	1.44924e+00	0.00000e+00	0.00000e+00	2.75076e+00
6.64666e+00	2.71009e+02	1.95156e+02	1.03133e+03	1.44949e+00	0.00000e+00	0.00000e+00	2.75148e+00
6.79908e+00	2.71009e+02	1.94003e+02	1.03140e+03	1.44974e+00	0.00000e+00	0.00000e+00	2.75220e+00
6.95150e+00	2.71010e+02	1.92854e+02	1.03148e+03	1.44999e+00	0.00000e+00	0.00000e+00	2.75292e+00
7.10393e+00	2.71010e+02	1.91710e+02	1.03155e+03	1.45024e+00	0.00000e+00	0.00000e+00	2.75364e+00
7.25635e+00	2.71011e+02	1.90572e+02	1.03162e+03	1.45049e+00	0.00000e+00	0.00000e+00	2.75436e+00
7.40878e+00	2.71011e+02	1.89438e+02	3.36396e+03	4.33620e+00	2.48096e+00	1.44248e+13	0.00000e+00
8.25135e+00	2.71296e+02	1.87525e+02	3.36396e+03	4.33620e+00	2.48093e+00	1.39990e+13	0.00000e+00
9.07610e+00	2.71578e+02	1.85611e+02	3.36397e+03	4.33619e+00	2.48091e+00	1.35904e+13	0.00000e+00
9.88284e+00	2.71858e+02	1.83697e+02	3.36398e+03	4.33618e+00	2.48089e+00	1.31982e+13	0.00000e+00
1.06714e+01	2.72134e+02	1.81784e+02	3.36399e+03	4.33618e+00	2.48087e+00	1.28216e+13	0.00000e+00
1.14415e+01	2.72407e+02	1.79870e+02	3.36400e+03	4.33617e+00	2.48084e+00	1.24598e+13	0.00000e+00
1.21929e+01	2.72678e+02	1.77957e+02	3.36400e+03	4.33616e+00	2.48082e+00	1.21122e+13	0.00000e+00
1.29255e+01	2.72945e+02	1.76043e+02	3.36401e+03	4.33615e+00	2.48080e+00	1.17782e+13	0.00000e+00
1.36390e+01	2.73210e+02	1.74130e+02	3.36401e+03	4.33614e+00	2.48077e+00	1.14571e+13	0.00000e+00
1.43331e+01	2.73472e+02	1.72216e+02	3.36402e+03	4.33613e+00	2.48075e+00	1.11483e+13	0.00000e+00
1.50076e+01	2.73731e+02	1.70303e+02	3.36402e+03	4.33612e+00	2.48073e+00	1.08513e+13	0.00000e+00
1.56622e+01	2.73987e+02	1.68389e+02	3.36403e+03	4.33611e+00	2.48071e+00	1.05655e+13	0.00000e+00
1.62966e+01	2.74240e+02	1.66476e+02	3.36403e+03	4.33609e+00	2.48068e+00	1.02905e+13	0.00000e+00
1.69106e+01	2.74490e+02	1.64562e+02	3.36404e+03	4.33608e+00	2.48066e+00	1.00257e+13	0.00000e+00
1.75037e+01	2.74738e+02	1.62649e+02	3.36404e+03	4.33607e+00	2.48064e+00	9.77081e+12	0.00000e+00
1.80757e+01	2.74982e+02	1.60735e+02	3.36404e+03	4.33605e+00	2.48062e+00	9.52528e+12	0.00000e+00
1.86263e+01	2.75224e+02	1.58822e+02	3.36404e+03	7.58829e+00	4.34120e+00	9.28874e+12	0.00000e+00
1.91551e+01	2.75462e+02	1.56908e+02	3.36409e+03	7.58850e+00	4.34133e+00	9.06079e+12	0.00000e+00
1.96616e+01	2.75698e+02	1.54995e+02	3.36414e+03	7.58869e+00	4.34145e+00	8.84107e+12	0.00000e+00
2.01456e+01	2.75931e+02	1.53081e+02	3.36419e+03	7.58888e+00	4.34156e+00	8.62922e+12	0.00000e+00
2.06066e+01	2.76161e+02	1.51168e+02	3.36424e+03	7.58905e+00	4.34167e+00	8.42492e+12	0.00000e+00
2.10441e+01	2.76388e+02	1.49254e+02	3.36428e+03	7.58921e+00	4.34177e+00	8.22783e+12	0.00000e+00
2.14577e+01	2.76612e+02	1.47341e+02	3.36432e+03	7.58937e+00	4.34186e+00	8.03766e+12	0.00000e+00
2.18470e+01	2.76834e+02	1.45427e+02	3.36436e+03	7.58951e+00	4.34195e+00	7.85411e+12	0.00000e+00
2.22113e+01	2.77052e+02	1.43514e+02	3.36440e+03	7.58965e+00	4.34203e+00	7.67691e+12	0.00000e+00
2.25502e+01	2.77268e+02	1.41600e+02	3.36443e+03	7.58978e+00	4.34211e+00	7.50581e+12	0.00000e+00
2.28631e+01	2.77480e+02	1.39687e+02	3.36446e+03	7.58991e+00	4.34219e+00	7.34053e+12	0.00000e+00
2.31494e+01	2.77690e+02	1.37773e+02	3.36449e+03	7.59002e+00	4.34226e+00	7.18085e+12	0.00000e+00
2.34085e+01	2.77897e+02	1.35860e+02	3.36452e+03	7.59014e+00	4.34233e+00	7.02653e+12	0.00000e+00
2.36397e+01	2.78101e+02	1.33946e+02	3.36455e+03	7.59024e+00	4.34240e+00	6.87736e+12	0.00000e+00
2.38422e+01	2.78302e+02	1.32033e+02	3.36457e+03	7.59035e+00	4.34247e+00	6.73313e+12	0.00000e+00
2.40155e+01	2.78500e+02	1.30119e+02	3.36460e+03	7.59045e+00	4.34253e+00	6.59363e+12	0.00000e+00
2.41585e+01	2.78695e+02	1.28206e+02	3.36462e+03	7.59054e+00	4.34259e+00	6.45867e+12	0.00000e+00
2.42707e+01	2.78888e+02	1.26292e+02	3.36464e+03	7.59064e+00	4.34266e+00	6.32807e+12	0.00000e+00
2.43509e+01	2.79077e+02	1.24379e+02	3.36467e+03	7.59073e+00	4.34272e+00	6.20166e+12	0.00000e+00
2.43983e+01	2.79264e+02	1.22465e+02	3.36469e+03	7.59082e+00	4.34278e+00	6.07925e+12	0.00000e+00
2.44120e+01	2.79447e+02	1.20551e+02	3.36471e+03	7.59091e+00	4.34285e+00	5.96070e+12	0.00000e+00
2.43907e+01	2.79628e+02	1.18638e+02	3.36473e+03	7.59100e+00	4.34291e+00	5.84585e+12	0.00000e+00
2.43334e+01	2.79806e+02	1.16724e+02	3.36475e+03	7.59109e+00	4.34298e+00	5.73454e+12	0.00000e+00
2.42389e+01	2.79981e+02	1.14811e+02	3.36477e+03	7.59119e+00	4.34305e+00	5.62663e+12	0.00000e+00
2.41059e+01	2.80153e+02	1.12897e+02	3.36478e+03	7.59128e+00	4.34313e+00	5.52199e+12	0.00000e+00
2.39330e+01	2.80323e+02	1.10984e+02	3.36480e+03	7.59138e+00	4.34320e+00	5.42047e+12	0.00000e+00
2.37187e+01	2.80489e+02	1.09070e+02	3.36482e+03	7.59148e+00	4.34328e+00	5.32196e+12	0.00000e+00
2.34614e+01	2.80652e+02	1.07157e+02	3.36484e+03	7.59159e+00	4.34337e+00	5.22632e+12	0.00000e+00
2.31595e+01	2.80813e+02	1.05243e+02	3.36486e+03	7.59170e+00	4.34346e+00	5.13344e+12	0.00000e+00
2.28111e+01	2.80971e+02	1.03330e+02	3.36488e+03	7.59182e+00	4.34356e+00	5.04319e+12	0.00000e+00
2.24143e+01	2.81125e+02	1.01416e+02	3.36490e+03	7.59195e+00	4.34366e+00	4.95548e+12	0.00000e+00
2.19669e+01	2.81277e+02	9.95028e+01	3.36492e+03	7.59208e+00	4.34378e+00	4.87017e+12	0.00000e+00
2.14667e+01	2.81426e+02	9.75893e+01	3.36495e+03	7.59222e+00	4.34390e+00	4.78718e+12	0.00000e+00
2.09112e+01	2.81572e+02	9.56758e+01	3.36497e+03	7.59237e+00	4.34403e+00	4.70639e+12	0.00000e+00
2.02979e+01	2.81716e+02	9.37623e+01	3.36500e+03	7.59253e+00	4.34416e+00	4.62770e+12	0.00000e+00
1.96237e+01	2.81856e+02	9.18487e+01	3.36502e+03	7.59270e+00	4.34431e+00	4.55101e+12	0.00000e+00
1.88857e+01	2.81993e+02	8.99352e+01	3.36505e+03	7.59289e+00	4.34447e+00	4.47622e+12	0.00000e+00
1.80804e+01	2.82128e+02	8.80217e+01	3.36508e+03	7.59309e+00	4.34464e+00	4.40323e+12	0.00000e+00
1.72042e+01	2.82259e+02	8.61082e+01	3.36511e+03	7.59330e+00	4.34483e+00	4.33196e+12	0.00000e+00
1.62530e+01	2.82388e+02	8.41947e+01	3.36515e+03	7.59353e+00	4.34503e+00	4.26229e+12	0.00000e+00
1.52226e+01	2.82514e+02	8.22812e+01	3.36519e+03	7.59377e+00	4.34524e+00	4.19415e+12	0.00000e+00
1.41080e+01	2.82637e+02	8.03677e+01	3.36523e+03	7.59403e+00	4.34548e+00	4.12742e+12	0.00000e+00
1.29042e+01	2.82757e+02	7.84541e+01	3.36527e+03	7.59432e+00	4.34572e+00	4.06202e+12	0.00000e+00
1.16052e+01	2.82874e+02	7.65406e+01	3.36531e+03	7.59462e+00	4.34599e+00	3.99785e+12	0.00000e+00
1.02049e+01	2.82989e+02	7.46271e+01	3.36536e+03	7.59495e+00	4.34628e+00	3.93481e+12	0.00000e+00
8.69606e+00	2.83100e+02	7.27136e+01	3.36542e+03	7.59531e+00	4.34659e+00	3.87280e+12	0.00000e+00
7.07108e+00	2.83208e+02	7.08001e+01	3.36547e+03	7.59569e+00	4.34693e+00	3.81172e+12	0.00000e+00
5.32132e+00	2.83314e+02	6.88866e+01	3.36553e+03	7.59610e+00	4.34729e+00	3.75146e+12	0.00000e+00
3.43722e+00	2.83417e+02	6.69730e+01	3.36560e+03	7.59654e+00	4.34767e+00	3.69191e+12	0.00000e+00
1.40809e+00	2.83517e+02	6.50595e+01	3.36567e+03	7.59702e+00	4.34809e+00	3.63295e+12	0.00000e+00
-7.78004e-01	2.83613e+02	6.31460e+01	3.36575e+03	7.59753e+00	4.34855e+00	3.57448e+12	0.00000e+00
-3.13450e+00	2.83707e+02	6.12325e+01	3.36583e+03	7.59809e+00	4.34903e+00	3.51635e+12	0.00000e+00
-5.67652e+00	2.83799e+02	5.93190e+01	3.36592e+03	7.59869e+00	4.34956e+00	3.45843e+12	0.00000e+00
-8.42118e+00	2.83887e+02	5.74055e+01	3.36602e+03	7.59934e+00	4.35013e+00	3.40059e+12	0.00000e+00
-1.13879e+01	2.83972e+02	5.54920e+01	3.36612e+03	7.60004e+00	4.35074e+00	3.34265e+12	0.00000e+00
-1.45989e+01	2.84055e+02	5.35784e+01	3.36623e+03	7.60080e+00	4.35141e+00	3.28446e+12	0.00000e+00
-1.80794e+01	2.84134e+02	5.16649e+01	3.36636e+03	7.60162e+00	4.35214e+00	3.22583e+12	0.00000e+00
-2.18588e+01	2.84211e+02	4.97514e+01	3.36649e+03	7.60252e+00	4.35292e+00	3.16656e+12	0.00000e+00
-2.59709e+01	2.84285e+02	4.78379e+01	3.36664e+03	7.60350e+00	4.35378e+00	3.10642e+12	0.00000e+00
-3.04548e+01	2.84356e+02	4.59244e+01	3.36679e+03	7.60457e+00	4.35471e+00	3.04516e+12	0.00000e+00
-3.53568e+01	2.84424e+02	4.40109e+01	3.36697e+03	7.60573e+00	4.35574e+00	2.98251e+12	0.00000e+00
-4.07308e+01	2.84489e+02	4.20973e+01	3.36715e+03	7.60701e+00	4.35686e+00	2.91816e+12	0.00000e+00
-4.66413e+01	2.84551e+02	4.01838e+01	3.36736e+03	7.60842e+00	4.35809e+00	2.85175e+12	0.00000e+00
-5.31649e+01	2.84610e+02	3.82703e+01	3.36759e+03	7.60997e+00	4.35945e+00	2.78289e+12	0.00000e+00
-6.03943e+01	2.84667e+02	3.63568e+01	3.36784e+03	7.61169e+00	4.36095e+00	2.71111e+12	0.00000e+00
-6.84420e+01	2.84720e+02	3.44433e+01	3.36811e+03	7.61360e+00	4.36263e+00	2.63587e+12	0.00000e+00
-7.74463e+01	2.84771e+02	3.25298e+01	3.36842e+03	7.61573e+00	4.36450e+00	2.55658e+12	0.00000e+00
-8.75789e+01	2.84818e+02	3.06162e+01	3.36877e+03	7.61814e+00	4.36661e+00	2.47252e+12	0.00000e+00
-9.90558e+01	2.84863e+02	2.87027e+01	3.36915e+03	7.62085e+00	4.36899e+00	2.38285e+12	0.00000e+00
-1.12153e+02	2.84905e+02	2.67892e+01	3.36959e+03	7.62395e+00	4.37171e+00	2.28658e+12	0.00000e+00
-1.27227e+02	2.84944e+02	2.48757e+01	3.37009e+03	7.62750e+00	4.37483e+00	2.18257e+12	0.00000e+00
-1.44750e+02	2.84980e+02	2.29622e+01	3.37066e+03	7.63163e+00	4.37845e+00	2.06944e+12	0.00000e+00
-1.65356e+02	2.85014e+02	2.10487e+01	3.37133e+03	7.63648e+00	4.38270e+00	1.94558e+12	0.00000e+00
-1.89922e+02	2.85044e+02	1.91352e+01	3.37211e+03	7.64224e+00	4.38777e+00	1.80908e+12	0.00000e+00
-2.19692e+02	2.85072e+02	1.72216e+01	3.37303e+03	7.64921e+00	4.39389e+00	1.65773e+12	0.00000e+00
-2.56494e+02	2.85096e+02	1.53081e+01	3.37415e+03	7.65781e+00	4.40146e+00	1.48905e+12	0.00000e+00
-3.03127e+02	2.85118e+02	1.33946e+01	3.37553e+03	7.66869e+00	4.41102e+00	1.30047e+12	0.00000e+00
-3.64101e+02	2.85137e+02	1.14811e+01	3.37727e+03	7.68289e+00	4.42352e+00	1.08973e+12	0.00000e+00
-4.47177e+02	2.85153e+02	9.56758e+00	3.37955e+03	7.70220e+00	4.44051e+00	8.56201e+11	0.00000e+00
-5.66929e+02	2.85166e+02	7.65406e+00	3.38264e+03	7.73000e+00	4.46498e+00	6.03795e+11	0.00000e+00
-7.54258e+02	2.85176e+02	5.74055e+00	3.38709e+03	7.77342e+00	4.50321e+00	3.47820e+11	0.00000e+00
-1.08777e+03	2.85183e+02	3.82703e+00	3.39404e+03	7.85063e+00	4.57121e+00	1.28000e+11	0.00000e+00
-1.83978e+03	2.85187e+02	1.91352e+00	3.40638e+03	8.02457e+00	4.72442e+00	1.23164e+10	0.00000e+00
-4.85881e+03	NaN	0.00000e+00	3.43419e+03	NaN	NaN	NaN	NaN
-4.85881e+03	NaN	0.00000e+00	NaN	NaN	NaN	1.00000e+04	0.00000e+00
NaN	NaN	0.00000e+00	NaN	NaN	NaN	1.00000e+04	0.00000e+00
NaN	NaN	0.00000e+00	NaN	NaN	NaN	1.00000e+04	0.00000e+00
NaN	NaN	0.00000e+00	NaN	NaN	NaN	1.00000e+04	0.00000e+00
NaN	NaN	0.00000e+00	NaN	NaN	NaN	1.00000e+04	0.00000e+00
NaN	NaN	0.00000e+00	NaN	NaN	NaN	1.00000e+04	0.00000e+00
NaN	NaN	0.00000e+00	NaN	NaN	NaN	1.00000e+04	0.00000e+00
NaN	NaN	0.00000e+00	NaN	NaN	NaN	1.00000e+04	0.00000e+00
NaN	NaN	0.00000e+00	NaN	NaN	NaN	1.00000e+04	0.00000e+00
NaN	NaN	0.00000e+00	NaN	NaN	NaN	1.00000e+04	0.00000e+00
