P (MPa)		T (K)		r (km)		rho (kg m-3)	VP (km s-1)	VS (km s-1)	QS/gamma	KS (GPa)	GS (GPa)	g (m/s2)	phase	k (S m-1)	
0.00000e+00	1.10000e+02	2.63410e+03	9.32706e+02	3.87940e+00	1.96225e+00	4.56125e+01	9.24000e+00	3.58800e+00	1.42520e+00	1.00000e+00	0.00000e+00
6.94211e-01	1.13462e+02	2.63358e+03	9.32706e+02	3.88012e+00	1.96272e+00	4.56125e+01	9.24229e+00	3.58949e+00	1.42536e+00	1.00000e+00	0.00000e+00
1.38842e+00	1.17032e+02	2.63306e+03	9.32688e+02	3.88087e+00	1.96321e+00	4.56125e+01	9.24458e+00	3.59098e+00	1.42551e+00	1.00000e+00	0.00000e+00
2.08263e+00	1.20715e+02	2.63253e+03	9.32666e+02	3.88163e+00	1.96371e+00	4.56125e+01	9.24686e+00	3.59247e+00	1.42567e+00	1.00000e+00	0.00000e+00
2.77684e+00	1.24514e+02	2.63201e+03	9.32638e+02	3.88243e+00	1.96422e+00	4.56125e+01	9.24914e+00	3.59396e+00	1.42583e+00	1.00000e+00	0.00000e+00
3.47105e+00	1.28433e+02	2.63149e+03	9.32605e+02	3.88325e+00	1.96474e+00	4.56125e+01	9.25142e+00	3.59544e+00	1.42598e+00	1.00000e+00	0.00000e+00
4.16526e+00	1.32475e+02	2.63097e+03	9.32566e+02	3.88411e+00	1.96528e+00	4.56125e+01	9.25370e+00	3.59693e+00	1.42614e+00	1.00000e+00	0.00000e+00
4.85948e+00	1.36644e+02	2.63045e+03	9.32521e+02	3.88500e+00	1.96584e+00	4.56125e+01	9.25597e+00	3.59841e+00	1.42630e+00	1.00000e+00	0.00000e+00
5.55369e+00	1.40944e+02	2.62992e+03	9.32469e+02	3.88593e+00	1.96642e+00	4.56125e+01	9.25825e+00	3.59990e+00	1.42646e+00	1.00000e+00	0.00000e+00
6.24790e+00	1.45379e+02	2.62940e+03	9.32411e+02	3.88690e+00	1.96702e+00	4.56125e+01	9.26052e+00	3.60138e+00	1.42662e+00	1.00000e+00	0.00000e+00
6.94211e+00	1.49955e+02	2.62888e+03	9.32346e+02	3.88792e+00	1.96764e+00	4.56125e+01	9.26278e+00	3.60286e+00	1.42677e+00	1.00000e+00	0.00000e+00
7.63632e+00	1.54674e+02	2.62836e+03	9.32274e+02	3.88898e+00	1.96829e+00	4.56125e+01	9.26505e+00	3.60434e+00	1.42693e+00	1.00000e+00	0.00000e+00
8.33053e+00	1.59541e+02	2.62784e+03	9.32194e+02	3.89010e+00	1.96896e+00	4.56125e+01	9.26731e+00	3.60582e+00	1.42709e+00	1.00000e+00	0.00000e+00
9.02474e+00	1.64562e+02	2.62731e+03	9.32106e+02	3.89128e+00	1.96967e+00	4.56125e+01	9.26957e+00	3.60730e+00	1.42725e+00	1.00000e+00	0.00000e+00
9.71895e+00	1.69741e+02	2.62679e+03	9.32010e+02	3.89252e+00	1.97040e+00	4.56125e+01	9.27183e+00	3.60878e+00	1.42741e+00	1.00000e+00	0.00000e+00
1.04132e+01	1.75083e+02	2.62627e+03	9.31905e+02	3.89383e+00	1.97118e+00	4.56125e+01	9.27408e+00	3.61026e+00	1.42757e+00	1.00000e+00	0.00000e+00
1.11074e+01	1.80592e+02	2.62575e+03	9.31792e+02	3.89522e+00	1.97199e+00	4.56125e+01	9.27633e+00	3.61174e+00	1.42773e+00	1.00000e+00	0.00000e+00
1.18016e+01	1.86276e+02	2.62523e+03	9.31669e+02	3.89669e+00	1.97284e+00	4.56125e+01	9.27858e+00	3.61321e+00	1.42789e+00	1.00000e+00	0.00000e+00
1.24958e+01	1.92138e+02	2.62470e+03	9.31537e+02	3.89824e+00	1.97373e+00	4.56125e+01	9.28083e+00	3.61468e+00	1.42805e+00	1.00000e+00	0.00000e+00
1.31900e+01	1.98185e+02	2.62418e+03	9.31395e+02	3.89989e+00	1.97467e+00	4.56125e+01	9.28307e+00	3.61616e+00	1.42821e+00	1.00000e+00	0.00000e+00
1.38842e+01	2.04421e+02	2.62366e+03	9.31243e+02	3.90164e+00	1.97567e+00	4.56125e+01	9.28532e+00	3.61763e+00	1.42837e+00	1.00000e+00	0.00000e+00
1.45784e+01	2.10855e+02	2.62314e+03	9.31080e+02	3.90349e+00	1.97671e+00	4.56125e+01	9.28756e+00	3.61910e+00	1.42853e+00	1.00000e+00	0.00000e+00
1.52726e+01	2.17490e+02	2.62262e+03	9.30906e+02	3.90545e+00	1.97781e+00	4.56125e+01	9.28979e+00	3.62057e+00	1.42869e+00	1.00000e+00	0.00000e+00
1.59668e+01	2.24335e+02	2.62210e+03	9.30721e+02	3.90752e+00	1.97897e+00	4.56125e+01	9.29203e+00	3.62204e+00	1.42885e+00	1.00000e+00	0.00000e+00
1.66611e+01	2.31395e+02	2.62157e+03	9.30524e+02	3.90970e+00	1.98018e+00	4.56125e+01	9.29426e+00	3.62351e+00	1.42902e+00	1.00000e+00	0.00000e+00
1.73553e+01	2.38677e+02	2.62105e+03	9.30315e+02	3.91200e+00	1.98145e+00	4.56125e+01	9.29649e+00	3.62498e+00	1.42918e+00	1.00000e+00	0.00000e+00
1.80495e+01	2.46188e+02	2.62053e+03	9.30094e+02	3.91442e+00	1.98278e+00	4.56125e+01	9.29872e+00	3.62644e+00	1.42934e+00	1.00000e+00	0.00000e+00
1.87437e+01	2.53935e+02	2.62001e+03	9.29860e+02	3.91694e+00	1.98417e+00	4.56125e+01	9.30094e+00	3.62791e+00	1.42950e+00	1.00000e+00	0.00000e+00
1.94379e+01	2.61927e+02	2.61948e+03	9.29613e+02	3.91956e+00	1.98561e+00	4.56125e+01	9.30316e+00	3.62937e+00	1.42966e+00	1.00000e+00	0.00000e+00
2.01321e+01	2.61977e+02	2.61896e+03	9.29352e+02	3.91999e+00	1.98593e+00	4.56125e+01	9.30538e+00	3.63084e+00	1.42983e+00	1.00000e+00	0.00000e+00
2.08263e+01	2.62028e+02	2.61844e+03	9.29078e+02	3.92042e+00	1.98626e+00	4.56125e+01	9.30760e+00	3.63230e+00	1.42999e+00	1.00000e+00	0.00000e+00
2.15205e+01	2.62079e+02	2.61792e+03	9.28789e+02	3.92085e+00	1.98658e+00	4.56125e+01	9.30981e+00	3.63376e+00	1.43016e+00	1.00000e+00	0.00000e+00
2.22147e+01	2.62132e+02	2.61739e+03	9.28486e+02	3.92128e+00	1.98691e+00	4.56125e+01	9.31203e+00	3.63522e+00	1.43032e+00	1.00000e+00	0.00000e+00
2.29090e+01	2.62186e+02	2.61687e+03	9.28167e+02	3.92171e+00	1.98723e+00	4.56125e+01	9.31424e+00	3.63668e+00	1.43048e+00	1.00000e+00	0.00000e+00
2.36032e+01	2.62240e+02	2.61635e+03	9.27834e+02	3.92214e+00	1.98756e+00	4.56125e+01	9.31644e+00	3.63814e+00	1.43065e+00	1.00000e+00	0.00000e+00
2.42974e+01	2.62296e+02	2.61583e+03	9.27484e+02	3.92257e+00	1.98788e+00	4.56125e+01	9.31865e+00	3.63960e+00	1.43081e+00	1.00000e+00	0.00000e+00
2.49916e+01	2.62353e+02	2.61530e+03	9.27118e+02	3.92300e+00	1.98821e+00	4.56125e+01	9.32085e+00	3.64106e+00	1.43098e+00	1.00000e+00	0.00000e+00
2.56858e+01	2.62410e+02	2.61478e+03	9.26736e+02	3.92343e+00	1.98853e+00	4.56125e+01	9.32305e+00	3.64251e+00	1.43115e+00	1.00000e+00	0.00000e+00
2.63800e+01	2.62469e+02	2.61426e+03	9.26337e+02	3.92385e+00	1.98885e+00	4.56125e+01	9.32524e+00	3.64397e+00	1.43131e+00	1.00000e+00	0.00000e+00
2.70742e+01	2.62528e+02	2.61373e+03	9.25920e+02	3.92428e+00	1.98918e+00	4.56125e+01	9.32744e+00	3.64542e+00	1.43148e+00	1.00000e+00	0.00000e+00
2.77684e+01	2.62589e+02	2.61321e+03	9.25485e+02	3.92471e+00	1.98950e+00	4.56125e+01	9.32963e+00	3.64688e+00	1.43165e+00	1.00000e+00	0.00000e+00
2.84626e+01	2.62651e+02	2.61269e+03	9.25032e+02	3.92514e+00	1.98982e+00	4.56125e+01	9.33182e+00	3.64833e+00	1.43181e+00	1.00000e+00	0.00000e+00
2.91569e+01	2.62713e+02	2.61216e+03	9.24561e+02	3.92556e+00	1.99015e+00	4.56125e+01	9.33401e+00	3.64978e+00	1.43198e+00	1.00000e+00	0.00000e+00
2.98511e+01	2.62777e+02	2.61164e+03	9.24070e+02	3.92599e+00	1.99047e+00	4.56125e+01	9.33619e+00	3.65123e+00	1.43215e+00	1.00000e+00	0.00000e+00
3.05453e+01	2.62842e+02	2.61111e+03	9.23560e+02	3.92642e+00	1.99079e+00	4.56125e+01	9.33837e+00	3.65268e+00	1.43232e+00	1.00000e+00	0.00000e+00
3.12395e+01	2.62909e+02	2.61059e+03	9.23030e+02	3.92684e+00	1.99112e+00	4.56125e+01	9.34055e+00	3.65413e+00	1.43249e+00	1.00000e+00	0.00000e+00
3.19337e+01	2.62976e+02	2.61006e+03	9.22480e+02	3.92727e+00	1.99144e+00	4.56125e+01	9.34273e+00	3.65557e+00	1.43266e+00	1.00000e+00	0.00000e+00
3.26279e+01	2.70380e+02	2.60954e+03	9.20872e+02	3.92975e+00	1.99280e+00	4.56125e+01	9.34490e+00	3.65702e+00	1.43283e+00	1.00000e+00	0.00000e+00
3.33221e+01	2.70540e+02	2.60901e+03	9.20926e+02	3.93020e+00	1.99314e+00	4.56125e+01	9.34708e+00	3.65847e+00	1.43300e+00	1.00000e+00	0.00000e+00
3.40163e+01	2.70700e+02	2.60849e+03	9.20701e+02	3.93065e+00	1.99347e+00	4.56125e+01	9.34925e+00	3.65991e+00	1.43317e+00	1.00000e+00	0.00000e+00
3.72930e+01	2.70710e+02	2.60626e+03	1.02848e+03	1.46432e+00	0.00000e+00	0.00000e+00	2.20531e+00	0.00000e+00	1.43370e+00	0.00000e+00	3.89030e-01
4.05696e+01	2.70722e+02	2.60404e+03	1.03001e+03	1.47023e+00	0.00000e+00	0.00000e+00	2.22643e+00	0.00000e+00	1.43423e+00	0.00000e+00	3.90511e-01
4.38462e+01	2.70736e+02	2.60183e+03	1.03152e+03	1.47617e+00	0.00000e+00	0.00000e+00	2.24774e+00	0.00000e+00	1.43475e+00	0.00000e+00	3.91988e-01
4.71229e+01	2.70752e+02	2.59962e+03	1.03301e+03	1.48213e+00	0.00000e+00	0.00000e+00	2.26924e+00	0.00000e+00	1.43528e+00	0.00000e+00	3.93463e-01
5.03995e+01	2.70771e+02	2.59741e+03	1.03450e+03	1.48812e+00	0.00000e+00	0.00000e+00	2.29091e+00	0.00000e+00	1.43580e+00	0.00000e+00	3.94934e-01
5.36762e+01	2.70791e+02	2.59521e+03	1.03598e+03	1.49414e+00	0.00000e+00	0.00000e+00	2.31277e+00	0.00000e+00	1.43632e+00	0.00000e+00	3.96403e-01
5.69528e+01	2.70813e+02	2.59301e+03	1.03744e+03	1.50018e+00	0.00000e+00	0.00000e+00	2.33481e+00	0.00000e+00	1.43685e+00	0.00000e+00	3.97868e-01
6.02294e+01	2.70837e+02	2.59081e+03	1.03889e+03	1.50625e+00	0.00000e+00	0.00000e+00	2.35703e+00	0.00000e+00	1.43737e+00	0.00000e+00	3.99329e-01
6.35061e+01	2.70863e+02	2.58862e+03	1.04033e+03	1.51234e+00	0.00000e+00	0.00000e+00	2.37942e+00	0.00000e+00	1.43789e+00	0.00000e+00	4.00788e-01
6.67827e+01	2.70891e+02	2.58644e+03	1.04175e+03	1.51845e+00	0.00000e+00	0.00000e+00	2.40198e+00	0.00000e+00	1.43841e+00	0.00000e+00	4.02243e-01
7.00594e+01	2.70920e+02	2.58425e+03	1.04317e+03	1.52458e+00	0.00000e+00	0.00000e+00	2.42470e+00	0.00000e+00	1.43893e+00	0.00000e+00	4.03695e-01
7.33360e+01	2.70951e+02	2.58207e+03	1.04457e+03	1.53073e+00	0.00000e+00	0.00000e+00	2.44758e+00	0.00000e+00	1.43945e+00	0.00000e+00	4.05144e-01
7.66126e+01	2.70984e+02	2.57990e+03	1.04597e+03	1.53689e+00	0.00000e+00	0.00000e+00	2.47062e+00	0.00000e+00	1.43997e+00	0.00000e+00	4.06589e-01
7.98893e+01	2.71018e+02	2.57772e+03	1.04735e+03	1.54307e+00	0.00000e+00	0.00000e+00	2.49381e+00	0.00000e+00	1.44049e+00	0.00000e+00	4.08031e-01
8.31659e+01	2.71054e+02	2.57555e+03	1.04872e+03	1.54926e+00	0.00000e+00	0.00000e+00	2.51715e+00	0.00000e+00	1.44101e+00	0.00000e+00	4.09469e-01
8.64426e+01	2.71092e+02	2.57339e+03	1.05008e+03	1.55546e+00	0.00000e+00	0.00000e+00	2.54062e+00	0.00000e+00	1.44152e+00	0.00000e+00	4.10904e-01
8.97192e+01	2.71131e+02	2.57123e+03	1.05143e+03	1.56167e+00	0.00000e+00	0.00000e+00	2.56423e+00	0.00000e+00	1.44204e+00	0.00000e+00	4.12335e-01
9.29958e+01	2.71171e+02	2.56907e+03	1.05277e+03	1.56788e+00	0.00000e+00	0.00000e+00	2.58797e+00	0.00000e+00	1.44256e+00	0.00000e+00	4.13763e-01
9.62725e+01	2.71213e+02	2.56691e+03	1.05410e+03	1.57410e+00	0.00000e+00	0.00000e+00	2.61184e+00	0.00000e+00	1.44308e+00	0.00000e+00	4.15187e-01
9.95491e+01	2.71256e+02	2.56476e+03	1.05541e+03	1.58033e+00	0.00000e+00	0.00000e+00	2.63582e+00	0.00000e+00	1.44359e+00	0.00000e+00	4.16608e-01
1.02826e+02	2.71301e+02	2.56261e+03	1.05672e+03	1.58655e+00	0.00000e+00	0.00000e+00	2.65992e+00	0.00000e+00	1.44411e+00	0.00000e+00	4.18025e-01
1.06102e+02	2.71347e+02	2.56047e+03	1.05802e+03	1.59278e+00	0.00000e+00	0.00000e+00	2.68413e+00	0.00000e+00	1.44462e+00	0.00000e+00	4.19438e-01
1.09379e+02	2.71395e+02	2.55833e+03	1.05930e+03	1.59901e+00	0.00000e+00	0.00000e+00	2.70845e+00	0.00000e+00	1.44514e+00	0.00000e+00	4.20847e-01
1.12656e+02	2.71443e+02	2.55619e+03	1.06058e+03	1.60523e+00	0.00000e+00	0.00000e+00	2.73288e+00	0.00000e+00	1.44565e+00	0.00000e+00	4.22253e-01
1.15932e+02	2.71493e+02	2.55406e+03	1.06185e+03	1.61146e+00	0.00000e+00	0.00000e+00	2.75742e+00	0.00000e+00	1.44617e+00	0.00000e+00	4.23655e-01
1.19209e+02	2.71544e+02	2.55193e+03	1.06310e+03	1.61769e+00	0.00000e+00	0.00000e+00	2.78206e+00	0.00000e+00	1.44668e+00	0.00000e+00	4.25053e-01
1.22486e+02	2.71597e+02	2.54980e+03	1.06435e+03	1.62392e+00	0.00000e+00	0.00000e+00	2.80681e+00	0.00000e+00	1.44720e+00	0.00000e+00	4.26447e-01
1.25762e+02	2.71650e+02	2.54767e+03	1.06559e+03	1.63014e+00	0.00000e+00	0.00000e+00	2.83165e+00	0.00000e+00	1.44771e+00	0.00000e+00	4.27837e-01
1.29039e+02	2.71705e+02	2.54555e+03	1.06682e+03	1.63636e+00	0.00000e+00	0.00000e+00	2.85660e+00	0.00000e+00	1.44823e+00	0.00000e+00	4.29223e-01
1.32316e+02	2.71760e+02	2.54343e+03	1.06804e+03	1.64258e+00	0.00000e+00	0.00000e+00	2.88164e+00	0.00000e+00	1.44874e+00	0.00000e+00	4.30605e-01
1.35592e+02	2.71817e+02	2.54132e+03	1.06925e+03	1.64880e+00	0.00000e+00	0.00000e+00	2.90678e+00	0.00000e+00	1.44926e+00	0.00000e+00	4.31983e-01
1.38869e+02	2.71875e+02	2.53921e+03	1.07045e+03	1.65500e+00	0.00000e+00	0.00000e+00	2.93200e+00	0.00000e+00	1.44977e+00	0.00000e+00	4.33358e-01
1.42145e+02	2.71933e+02	2.53710e+03	1.07164e+03	1.66121e+00	0.00000e+00	0.00000e+00	2.95731e+00	0.00000e+00	1.45029e+00	0.00000e+00	4.34728e-01
1.45422e+02	2.71993e+02	2.53499e+03	1.07282e+03	1.66740e+00	0.00000e+00	0.00000e+00	2.98270e+00	0.00000e+00	1.45080e+00	0.00000e+00	4.36095e-01
1.48699e+02	2.72054e+02	2.53289e+03	1.07400e+03	1.67359e+00	0.00000e+00	0.00000e+00	3.00817e+00	0.00000e+00	1.45132e+00	0.00000e+00	4.37457e-01
1.51975e+02	2.72115e+02	2.53079e+03	1.07516e+03	1.67977e+00	0.00000e+00	0.00000e+00	3.03370e+00	0.00000e+00	1.45183e+00	0.00000e+00	4.38816e-01
1.55252e+02	2.72178e+02	2.52869e+03	1.07632e+03	1.68594e+00	0.00000e+00	0.00000e+00	3.05931e+00	0.00000e+00	1.45235e+00	0.00000e+00	4.40171e-01
1.58529e+02	2.72241e+02	2.52660e+03	1.07747e+03	1.69209e+00	0.00000e+00	0.00000e+00	3.08499e+00	0.00000e+00	1.45286e+00	0.00000e+00	4.41523e-01
1.61805e+02	2.72305e+02	2.52451e+03	1.07861e+03	1.69824e+00	0.00000e+00	0.00000e+00	3.11072e+00	0.00000e+00	1.45338e+00	0.00000e+00	4.42870e-01
1.65082e+02	2.72371e+02	2.52242e+03	1.07974e+03	1.70437e+00	0.00000e+00	0.00000e+00	3.13651e+00	0.00000e+00	1.45389e+00	0.00000e+00	4.44215e-01
1.68359e+02	2.72436e+02	2.52033e+03	1.08086e+03	1.71048e+00	0.00000e+00	0.00000e+00	3.16234e+00	0.00000e+00	1.45441e+00	0.00000e+00	4.45555e-01
1.71635e+02	2.72503e+02	2.51825e+03	1.08198e+03	1.71658e+00	0.00000e+00	0.00000e+00	3.18823e+00	0.00000e+00	1.45492e+00	0.00000e+00	4.46893e-01
1.74912e+02	2.72571e+02	2.51617e+03	1.08309e+03	1.72267e+00	0.00000e+00	0.00000e+00	3.21415e+00	0.00000e+00	1.45544e+00	0.00000e+00	4.48227e-01
1.78188e+02	2.72639e+02	2.51409e+03	1.08419e+03	1.72873e+00	0.00000e+00	0.00000e+00	3.24010e+00	0.00000e+00	1.45595e+00	0.00000e+00	4.49558e-01
1.81465e+02	2.72708e+02	2.51202e+03	1.08528e+03	1.73477e+00	0.00000e+00	0.00000e+00	3.26608e+00	0.00000e+00	1.45647e+00	0.00000e+00	4.50886e-01
1.84742e+02	2.72778e+02	2.50995e+03	1.08637e+03	1.74079e+00	0.00000e+00	0.00000e+00	3.29209e+00	0.00000e+00	1.45698e+00	0.00000e+00	4.52212e-01
1.88018e+02	2.72848e+02	2.50788e+03	1.08744e+03	1.74679e+00	0.00000e+00	0.00000e+00	3.31811e+00	0.00000e+00	1.45750e+00	0.00000e+00	4.53535e-01
1.91295e+02	2.72919e+02	2.50582e+03	1.08851e+03	1.75277e+00	0.00000e+00	0.00000e+00	3.34415e+00	0.00000e+00	1.45802e+00	0.00000e+00	4.54855e-01
1.94572e+02	2.72991e+02	2.50375e+03	1.08958e+03	1.75873e+00	0.00000e+00	0.00000e+00	3.37020e+00	0.00000e+00	1.45854e+00	0.00000e+00	4.56173e-01
1.97848e+02	2.73063e+02	2.50169e+03	1.09063e+03	1.76466e+00	0.00000e+00	0.00000e+00	3.39627e+00	0.00000e+00	1.45905e+00	0.00000e+00	4.57489e-01
2.01125e+02	2.73136e+02	2.49964e+03	1.09168e+03	1.77058e+00	0.00000e+00	0.00000e+00	3.42237e+00	0.00000e+00	1.45957e+00	0.00000e+00	4.58804e-01
2.04402e+02	2.73210e+02	2.49758e+03	1.09272e+03	1.77647e+00	0.00000e+00	0.00000e+00	3.44847e+00	0.00000e+00	1.46009e+00	0.00000e+00	4.60116e-01
2.07678e+02	2.73284e+02	2.49553e+03	1.09376e+03	1.78234e+00	0.00000e+00	0.00000e+00	3.47459e+00	0.00000e+00	1.46061e+00	0.00000e+00	4.61426e-01
2.10955e+02	2.73359e+02	2.49348e+03	1.09479e+03	1.78819e+00	0.00000e+00	0.00000e+00	3.50072e+00	0.00000e+00	1.46113e+00	0.00000e+00	4.62735e-01
2.14231e+02	2.73434e+02	2.49144e+03	1.09581e+03	1.79401e+00	0.00000e+00	0.00000e+00	3.52683e+00	0.00000e+00	1.46165e+00	0.00000e+00	4.64040e-01
2.17508e+02	2.73510e+02	2.48939e+03	1.09682e+03	1.79981e+00	0.00000e+00	0.00000e+00	3.55294e+00	0.00000e+00	1.46216e+00	0.00000e+00	4.65344e-01
2.20785e+02	2.73587e+02	2.48735e+03	1.09783e+03	1.80557e+00	0.00000e+00	0.00000e+00	3.57904e+00	0.00000e+00	1.46269e+00	0.00000e+00	4.66644e-01
2.24061e+02	2.73664e+02	2.48531e+03	1.09883e+03	1.81131e+00	0.00000e+00	0.00000e+00	3.60512e+00	0.00000e+00	1.46321e+00	0.00000e+00	4.67942e-01
2.27338e+02	2.73741e+02	2.48328e+03	1.09983e+03	1.81703e+00	0.00000e+00	0.00000e+00	3.63118e+00	0.00000e+00	1.46373e+00	0.00000e+00	4.69237e-01
2.30615e+02	2.73819e+02	2.48124e+03	1.10082e+03	1.82271e+00	0.00000e+00	0.00000e+00	3.65723e+00	0.00000e+00	1.46425e+00	0.00000e+00	4.70528e-01
2.33891e+02	2.73897e+02	2.47921e+03	1.10180e+03	1.82838e+00	0.00000e+00	0.00000e+00	3.68328e+00	0.00000e+00	1.46477e+00	0.00000e+00	4.71817e-01
2.37168e+02	2.73976e+02	2.47718e+03	1.10278e+03	1.83401e+00	0.00000e+00	0.00000e+00	3.70931e+00	0.00000e+00	1.46529e+00	0.00000e+00	4.73101e-01
2.40445e+02	2.74056e+02	2.47516e+03	1.10375e+03	1.83963e+00	0.00000e+00	0.00000e+00	3.73534e+00	0.00000e+00	1.46582e+00	0.00000e+00	4.74383e-01
2.43721e+02	2.74136e+02	2.47313e+03	1.10472e+03	1.84521e+00	0.00000e+00	0.00000e+00	3.76135e+00	0.00000e+00	1.46634e+00	0.00000e+00	4.75660e-01
2.46998e+02	2.74216e+02	2.47111e+03	1.10568e+03	1.85078e+00	0.00000e+00	0.00000e+00	3.78736e+00	0.00000e+00	1.46686e+00	0.00000e+00	4.76934e-01
2.50275e+02	2.74297e+02	2.46909e+03	1.10663e+03	1.85632e+00	0.00000e+00	0.00000e+00	3.81337e+00	0.00000e+00	1.46739e+00	0.00000e+00	4.78203e-01
2.53551e+02	2.74378e+02	2.46708e+03	1.10758e+03	1.86184e+00	0.00000e+00	0.00000e+00	3.83936e+00	0.00000e+00	1.46791e+00	0.00000e+00	4.79469e-01
2.56828e+02	2.74459e+02	2.46506e+03	1.10852e+03	1.86734e+00	0.00000e+00	0.00000e+00	3.86535e+00	0.00000e+00	1.46844e+00	0.00000e+00	4.80730e-01
2.60104e+02	2.74541e+02	2.46305e+03	1.10946e+03	1.87281e+00	0.00000e+00	0.00000e+00	3.89134e+00	0.00000e+00	1.46897e+00	0.00000e+00	4.81988e-01
2.63381e+02	2.74623e+02	2.46104e+03	1.11039e+03	1.87826e+00	0.00000e+00	0.00000e+00	3.91731e+00	0.00000e+00	1.46949e+00	0.00000e+00	4.83240e-01
2.66658e+02	2.74706e+02	2.45904e+03	1.11131e+03	1.88369e+00	0.00000e+00	0.00000e+00	3.94328e+00	0.00000e+00	1.47002e+00	0.00000e+00	4.84489e-01
2.69934e+02	2.74789e+02	2.45703e+03	1.11224e+03	1.88910e+00	0.00000e+00	0.00000e+00	3.96924e+00	0.00000e+00	1.47055e+00	0.00000e+00	4.85733e-01
2.73211e+02	2.74872e+02	2.45503e+03	1.11315e+03	1.89449e+00	0.00000e+00	0.00000e+00	3.99518e+00	0.00000e+00	1.47108e+00	0.00000e+00	4.86972e-01
2.76488e+02	2.74956e+02	2.45303e+03	1.11406e+03	1.89985e+00	0.00000e+00	0.00000e+00	4.02112e+00	0.00000e+00	1.47161e+00	0.00000e+00	4.88207e-01
2.79764e+02	2.75040e+02	2.45104e+03	1.11497e+03	1.90519e+00	0.00000e+00	0.00000e+00	4.04704e+00	0.00000e+00	1.47214e+00	0.00000e+00	4.89437e-01
2.83041e+02	2.75124e+02	2.44904e+03	1.11587e+03	1.91050e+00	0.00000e+00	0.00000e+00	4.07295e+00	0.00000e+00	1.47267e+00	0.00000e+00	4.90663e-01
2.86318e+02	2.75209e+02	2.44705e+03	1.11676e+03	1.91580e+00	0.00000e+00	0.00000e+00	4.09884e+00	0.00000e+00	1.47320e+00	0.00000e+00	4.91883e-01
2.89594e+02	2.75294e+02	2.44506e+03	1.11765e+03	1.92107e+00	0.00000e+00	0.00000e+00	4.12471e+00	0.00000e+00	1.47373e+00	0.00000e+00	4.93099e-01
2.92871e+02	2.75379e+02	2.44307e+03	1.11854e+03	1.92632e+00	0.00000e+00	0.00000e+00	4.15057e+00	0.00000e+00	1.47427e+00	0.00000e+00	4.94310e-01
2.96147e+02	2.75465e+02	2.44108e+03	1.11942e+03	1.93155e+00	0.00000e+00	0.00000e+00	4.17641e+00	0.00000e+00	1.47480e+00	0.00000e+00	4.95516e-01
2.99424e+02	2.75550e+02	2.43910e+03	1.12030e+03	1.93675e+00	0.00000e+00	0.00000e+00	4.20223e+00	0.00000e+00	1.47534e+00	0.00000e+00	4.96717e-01
3.02701e+02	2.75637e+02	2.43712e+03	1.12117e+03	1.94193e+00	0.00000e+00	0.00000e+00	4.22803e+00	0.00000e+00	1.47587e+00	0.00000e+00	4.97913e-01
3.05977e+02	2.75723e+02	2.43514e+03	1.12203e+03	1.94709e+00	0.00000e+00	0.00000e+00	4.25381e+00	0.00000e+00	1.47641e+00	0.00000e+00	4.99104e-01
3.09254e+02	2.75810e+02	2.43317e+03	1.12290e+03	1.95223e+00	0.00000e+00	0.00000e+00	4.27957e+00	0.00000e+00	1.47694e+00	0.00000e+00	5.00290e-01
3.12531e+02	2.75896e+02	2.43119e+03	1.12375e+03	1.95734e+00	0.00000e+00	0.00000e+00	4.30530e+00	0.00000e+00	1.47748e+00	0.00000e+00	5.01470e-01
3.15807e+02	2.75984e+02	2.42922e+03	1.12461e+03	1.96243e+00	0.00000e+00	0.00000e+00	4.33100e+00	0.00000e+00	1.47802e+00	0.00000e+00	5.02644e-01
3.19084e+02	2.76071e+02	2.42725e+03	1.12545e+03	1.96750e+00	0.00000e+00	0.00000e+00	4.35668e+00	0.00000e+00	1.47856e+00	0.00000e+00	5.03812e-01
3.22361e+02	2.76159e+02	2.42528e+03	1.12630e+03	1.97254e+00	0.00000e+00	0.00000e+00	4.38232e+00	0.00000e+00	1.47910e+00	0.00000e+00	5.04974e-01
3.25637e+02	2.76246e+02	2.42332e+03	1.12714e+03	1.97755e+00	0.00000e+00	0.00000e+00	4.40793e+00	0.00000e+00	1.47964e+00	0.00000e+00	5.06129e-01
3.28914e+02	2.76334e+02	2.42135e+03	1.12797e+03	1.98255e+00	0.00000e+00	0.00000e+00	4.43350e+00	0.00000e+00	1.48018e+00	0.00000e+00	5.07278e-01
3.32191e+02	2.76423e+02	2.41939e+03	1.12881e+03	1.98752e+00	0.00000e+00	0.00000e+00	4.45904e+00	0.00000e+00	1.48073e+00	0.00000e+00	5.08420e-01
3.35467e+02	2.76511e+02	2.41743e+03	1.12963e+03	1.99247e+00	0.00000e+00	0.00000e+00	4.48455e+00	0.00000e+00	1.48127e+00	0.00000e+00	5.09555e-01
3.38744e+02	2.76600e+02	2.41548e+03	1.13046e+03	1.99739e+00	0.00000e+00	0.00000e+00	4.51003e+00	0.00000e+00	1.48181e+00	0.00000e+00	5.10683e-01
3.42020e+02	2.76689e+02	2.41352e+03	1.13128e+03	2.00229e+00	0.00000e+00	0.00000e+00	4.53548e+00	0.00000e+00	1.48236e+00	0.00000e+00	5.11803e-01
3.45297e+02	2.76778e+02	2.41157e+03	1.13209e+03	2.00717e+00	0.00000e+00	0.00000e+00	4.56089e+00	0.00000e+00	1.48291e+00	0.00000e+00	5.12915e-01
3.48574e+02	2.76867e+02	2.40962e+03	1.13290e+03	2.01203e+00	0.00000e+00	0.00000e+00	4.58628e+00	0.00000e+00	1.48345e+00	0.00000e+00	5.14019e-01
3.51850e+02	2.76957e+02	2.40767e+03	1.13371e+03	2.01686e+00	0.00000e+00	0.00000e+00	4.61163e+00	0.00000e+00	1.48400e+00	0.00000e+00	5.15116e-01
3.55127e+02	2.77046e+02	2.40572e+03	1.13451e+03	2.02168e+00	0.00000e+00	0.00000e+00	4.63695e+00	0.00000e+00	1.48455e+00	0.00000e+00	5.16204e-01
3.58404e+02	2.77136e+02	2.40378e+03	1.13531e+03	2.02647e+00	0.00000e+00	0.00000e+00	4.66225e+00	0.00000e+00	1.48510e+00	0.00000e+00	5.17283e-01
3.61680e+02	2.77226e+02	2.40184e+03	1.13611e+03	2.03124e+00	0.00000e+00	0.00000e+00	4.68751e+00	0.00000e+00	1.48565e+00	0.00000e+00	5.18354e-01
3.64957e+02	2.77316e+02	2.39990e+03	1.13690e+03	2.03599e+00	0.00000e+00	0.00000e+00	4.71275e+00	0.00000e+00	1.48620e+00	0.00000e+00	5.19416e-01
3.68234e+02	2.77406e+02	2.39796e+03	1.13769e+03	2.04072e+00	0.00000e+00	0.00000e+00	4.73796e+00	0.00000e+00	1.48675e+00	0.00000e+00	5.20469e-01
3.71510e+02	2.77497e+02	2.39602e+03	1.13847e+03	2.04543e+00	0.00000e+00	0.00000e+00	4.76315e+00	0.00000e+00	1.48731e+00	0.00000e+00	5.21513e-01
3.74787e+02	2.77588e+02	2.39409e+03	1.13926e+03	2.05013e+00	0.00000e+00	0.00000e+00	4.78831e+00	0.00000e+00	1.48786e+00	0.00000e+00	5.22548e-01
3.78063e+02	2.77678e+02	2.39216e+03	1.14003e+03	2.05480e+00	0.00000e+00	0.00000e+00	4.81345e+00	0.00000e+00	1.48842e+00	0.00000e+00	5.23573e-01
3.81340e+02	2.77769e+02	2.39023e+03	1.14081e+03	2.05945e+00	0.00000e+00	0.00000e+00	4.83856e+00	0.00000e+00	1.48898e+00	0.00000e+00	5.24588e-01
3.84617e+02	2.77860e+02	2.38830e+03	1.14158e+03	2.06409e+00	0.00000e+00	0.00000e+00	4.86366e+00	0.00000e+00	1.48953e+00	0.00000e+00	5.25593e-01
3.87893e+02	2.77952e+02	2.38638e+03	1.14234e+03	2.06871e+00	0.00000e+00	0.00000e+00	4.88873e+00	0.00000e+00	1.49009e+00	0.00000e+00	5.26588e-01
3.91170e+02	2.78043e+02	2.38445e+03	1.14311e+03	2.07331e+00	0.00000e+00	0.00000e+00	4.91378e+00	0.00000e+00	1.49065e+00	0.00000e+00	5.27573e-01
3.94447e+02	2.78134e+02	2.38253e+03	1.14387e+03	2.07789e+00	0.00000e+00	0.00000e+00	4.93881e+00	0.00000e+00	1.49121e+00	0.00000e+00	5.28547e-01
3.97723e+02	2.78226e+02	2.38061e+03	1.14463e+03	2.08246e+00	0.00000e+00	0.00000e+00	4.96383e+00	0.00000e+00	1.49178e+00	0.00000e+00	5.29511e-01
4.01000e+02	2.78318e+02	2.37869e+03	1.14538e+03	2.08701e+00	0.00000e+00	0.00000e+00	4.98882e+00	0.00000e+00	1.49234e+00	0.00000e+00	5.30464e-01
4.04277e+02	2.78410e+02	2.37678e+03	1.14613e+03	2.09154e+00	0.00000e+00	0.00000e+00	5.01379e+00	0.00000e+00	1.49290e+00	0.00000e+00	5.31406e-01
4.07553e+02	2.78502e+02	2.37486e+03	1.14688e+03	2.09605e+00	0.00000e+00	0.00000e+00	5.03874e+00	0.00000e+00	1.49347e+00	0.00000e+00	5.32338e-01
4.10830e+02	2.78594e+02	2.37295e+03	1.14762e+03	2.10055e+00	0.00000e+00	0.00000e+00	5.06367e+00	0.00000e+00	1.49403e+00	0.00000e+00	5.33259e-01
4.14107e+02	2.78686e+02	2.37104e+03	1.14836e+03	2.10503e+00	0.00000e+00	0.00000e+00	5.08859e+00	0.00000e+00	1.49460e+00	0.00000e+00	5.34169e-01
4.17383e+02	2.78779e+02	2.36913e+03	1.14910e+03	2.10950e+00	0.00000e+00	0.00000e+00	5.11349e+00	0.00000e+00	1.49517e+00	0.00000e+00	5.35070e-01
4.20660e+02	2.78871e+02	2.36723e+03	1.14983e+03	2.11395e+00	0.00000e+00	0.00000e+00	5.13839e+00	0.00000e+00	1.49574e+00	0.00000e+00	5.35960e-01
4.23936e+02	2.78964e+02	2.36532e+03	1.15057e+03	2.11839e+00	0.00000e+00	0.00000e+00	5.16328e+00	0.00000e+00	1.49631e+00	0.00000e+00	5.36840e-01
4.27213e+02	2.79056e+02	2.36342e+03	1.15130e+03	2.12282e+00	0.00000e+00	0.00000e+00	5.18816e+00	0.00000e+00	1.49688e+00	0.00000e+00	5.37711e-01
4.30490e+02	2.79149e+02	2.36152e+03	1.15202e+03	2.12723e+00	0.00000e+00	0.00000e+00	5.21304e+00	0.00000e+00	1.49745e+00	0.00000e+00	5.38571e-01
4.33766e+02	2.79242e+02	2.35962e+03	1.15274e+03	2.13163e+00	0.00000e+00	0.00000e+00	5.23791e+00	0.00000e+00	1.49803e+00	0.00000e+00	5.39423e-01
4.37043e+02	2.79335e+02	2.35773e+03	1.15346e+03	2.13602e+00	0.00000e+00	0.00000e+00	5.26279e+00	0.00000e+00	1.49860e+00	0.00000e+00	5.40265e-01
4.40320e+02	2.79428e+02	2.35583e+03	1.15418e+03	2.14040e+00	0.00000e+00	0.00000e+00	5.28766e+00	0.00000e+00	1.49918e+00	0.00000e+00	5.41098e-01
4.43596e+02	2.79522e+02	2.35394e+03	1.15489e+03	2.14477e+00	0.00000e+00	0.00000e+00	5.31253e+00	0.00000e+00	1.49976e+00	0.00000e+00	5.41923e-01
4.46873e+02	2.79615e+02	2.35205e+03	1.15560e+03	2.14912e+00	0.00000e+00	0.00000e+00	5.33740e+00	0.00000e+00	1.50033e+00	0.00000e+00	5.42739e-01
4.50150e+02	2.79708e+02	2.35016e+03	1.15631e+03	2.15346e+00	0.00000e+00	0.00000e+00	5.36228e+00	0.00000e+00	1.50091e+00	0.00000e+00	5.43546e-01
4.53426e+02	2.79802e+02	2.34828e+03	1.15702e+03	2.15779e+00	0.00000e+00	0.00000e+00	5.38716e+00	0.00000e+00	1.50149e+00	0.00000e+00	5.44345e-01
4.56703e+02	2.79896e+02	2.34639e+03	1.15772e+03	2.16211e+00	0.00000e+00	0.00000e+00	5.41203e+00	0.00000e+00	1.50208e+00	0.00000e+00	5.45136e-01
4.59979e+02	2.79989e+02	2.34451e+03	1.15842e+03	2.16642e+00	0.00000e+00	0.00000e+00	5.43692e+00	0.00000e+00	1.50266e+00	0.00000e+00	5.45919e-01
4.63256e+02	2.80083e+02	2.34263e+03	1.15912e+03	2.17072e+00	0.00000e+00	0.00000e+00	5.46180e+00	0.00000e+00	1.50324e+00	0.00000e+00	5.46695e-01
4.66533e+02	2.80177e+02	2.34075e+03	1.15981e+03	2.17501e+00	0.00000e+00	0.00000e+00	5.48668e+00	0.00000e+00	1.50383e+00	0.00000e+00	5.47463e-01
4.69809e+02	2.80271e+02	2.33887e+03	1.16050e+03	2.17929e+00	0.00000e+00	0.00000e+00	5.51157e+00	0.00000e+00	1.50442e+00	0.00000e+00	5.48224e-01
4.73086e+02	2.80365e+02	2.33699e+03	1.16119e+03	2.18356e+00	0.00000e+00	0.00000e+00	5.53645e+00	0.00000e+00	1.50500e+00	0.00000e+00	5.48979e-01
4.76363e+02	2.80460e+02	2.33512e+03	1.16188e+03	2.18781e+00	0.00000e+00	0.00000e+00	5.56134e+00	0.00000e+00	1.50559e+00	0.00000e+00	5.49726e-01
4.79639e+02	2.80554e+02	2.33325e+03	1.16256e+03	2.19205e+00	0.00000e+00	0.00000e+00	5.58622e+00	0.00000e+00	1.50618e+00	0.00000e+00	5.50467e-01
4.82916e+02	2.80648e+02	2.33138e+03	1.16324e+03	2.19629e+00	0.00000e+00	0.00000e+00	5.61109e+00	0.00000e+00	1.50678e+00	0.00000e+00	5.51202e-01
4.86193e+02	2.80743e+02	2.32951e+03	1.16392e+03	2.20051e+00	0.00000e+00	0.00000e+00	5.63596e+00	0.00000e+00	1.50737e+00	0.00000e+00	5.51931e-01
4.89469e+02	2.80837e+02	2.32764e+03	1.16459e+03	2.20471e+00	0.00000e+00	0.00000e+00	5.66080e+00	0.00000e+00	1.50796e+00	0.00000e+00	5.52654e-01
4.92746e+02	2.80932e+02	2.32578e+03	1.16527e+03	2.20890e+00	0.00000e+00	0.00000e+00	5.68563e+00	0.00000e+00	1.50856e+00	0.00000e+00	5.53372e-01
4.96022e+02	2.81027e+02	2.32391e+03	1.16594e+03	2.21308e+00	0.00000e+00	0.00000e+00	5.71042e+00	0.00000e+00	1.50915e+00	0.00000e+00	5.54084e-01
4.99299e+02	2.81121e+02	2.32205e+03	1.16660e+03	2.21724e+00	0.00000e+00	0.00000e+00	5.73518e+00	0.00000e+00	1.50975e+00	0.00000e+00	5.54792e-01
5.02576e+02	2.81216e+02	2.32019e+03	1.16727e+03	2.22137e+00	0.00000e+00	0.00000e+00	5.75989e+00	0.00000e+00	1.51035e+00	0.00000e+00	5.55495e-01
5.05852e+02	2.81311e+02	2.31834e+03	1.16793e+03	2.22549e+00	0.00000e+00	0.00000e+00	5.78455e+00	0.00000e+00	1.51095e+00	0.00000e+00	5.56193e-01
5.09129e+02	2.81406e+02	2.31648e+03	1.16859e+03	2.22959e+00	0.00000e+00	0.00000e+00	5.80917e+00	0.00000e+00	1.51155e+00	0.00000e+00	5.56886e-01
5.12406e+02	2.81501e+02	2.31463e+03	1.16925e+03	2.23368e+00	0.00000e+00	0.00000e+00	5.83375e+00	0.00000e+00	1.51216e+00	0.00000e+00	5.57574e-01
5.15682e+02	2.81597e+02	2.31278e+03	1.16991e+03	2.23775e+00	0.00000e+00	0.00000e+00	5.85831e+00	0.00000e+00	1.51276e+00	0.00000e+00	5.58256e-01
5.18959e+02	2.81692e+02	2.31092e+03	1.17056e+03	2.24180e+00	0.00000e+00	0.00000e+00	5.88285e+00	0.00000e+00	1.51337e+00	0.00000e+00	5.58933e-01
5.22236e+02	2.81787e+02	2.30908e+03	1.17121e+03	2.24584e+00	0.00000e+00	0.00000e+00	5.90737e+00	0.00000e+00	1.51398e+00	0.00000e+00	5.59604e-01
5.25512e+02	2.81883e+02	2.30723e+03	1.17186e+03	2.24987e+00	0.00000e+00	0.00000e+00	5.93187e+00	0.00000e+00	1.51458e+00	0.00000e+00	5.60269e-01
5.28789e+02	2.81978e+02	2.30538e+03	1.17251e+03	2.25389e+00	0.00000e+00	0.00000e+00	5.95637e+00	0.00000e+00	1.51519e+00	0.00000e+00	5.60928e-01
5.32066e+02	2.82073e+02	2.30354e+03	1.17315e+03	2.25790e+00	0.00000e+00	0.00000e+00	5.98085e+00	0.00000e+00	1.51580e+00	0.00000e+00	5.61581e-01
5.35342e+02	2.82169e+02	2.30170e+03	1.17379e+03	2.26190e+00	0.00000e+00	0.00000e+00	6.00533e+00	0.00000e+00	1.51642e+00	0.00000e+00	5.62227e-01
5.38619e+02	2.82265e+02	2.29986e+03	1.17443e+03	2.26589e+00	0.00000e+00	0.00000e+00	6.02981e+00	0.00000e+00	1.51703e+00	0.00000e+00	5.62866e-01
5.41895e+02	2.82360e+02	2.29802e+03	1.17507e+03	2.26986e+00	0.00000e+00	0.00000e+00	6.05427e+00	0.00000e+00	1.51765e+00	0.00000e+00	5.63498e-01
5.45172e+02	2.82456e+02	2.29618e+03	1.17570e+03	2.27383e+00	0.00000e+00	0.00000e+00	6.07874e+00	0.00000e+00	1.51826e+00	0.00000e+00	5.64122e-01
5.48449e+02	2.82552e+02	2.29435e+03	1.17634e+03	2.27779e+00	0.00000e+00	0.00000e+00	6.10320e+00	0.00000e+00	1.51888e+00	0.00000e+00	5.64739e-01
5.51725e+02	2.82648e+02	2.29252e+03	1.17697e+03	2.28174e+00	0.00000e+00	0.00000e+00	6.12766e+00	0.00000e+00	1.51950e+00	0.00000e+00	5.65349e-01
5.55002e+02	2.82744e+02	2.29069e+03	1.17759e+03	2.28568e+00	0.00000e+00	0.00000e+00	6.15212e+00	0.00000e+00	1.52012e+00	0.00000e+00	5.65950e-01
5.58279e+02	2.82839e+02	2.28886e+03	1.17822e+03	2.28960e+00	0.00000e+00	0.00000e+00	6.17657e+00	0.00000e+00	1.52074e+00	0.00000e+00	5.66543e-01
5.61555e+02	2.82935e+02	2.28703e+03	1.17884e+03	2.29353e+00	0.00000e+00	0.00000e+00	6.20103e+00	0.00000e+00	1.52137e+00	0.00000e+00	5.67127e-01
5.64832e+02	2.83031e+02	2.28520e+03	1.17947e+03	2.29744e+00	0.00000e+00	0.00000e+00	6.22548e+00	0.00000e+00	1.52199e+00	0.00000e+00	5.67703e-01
5.68109e+02	2.83128e+02	2.28338e+03	1.18009e+03	2.30134e+00	0.00000e+00	0.00000e+00	6.24993e+00	0.00000e+00	1.52262e+00	0.00000e+00	5.68270e-01
5.71385e+02	2.83224e+02	2.28156e+03	1.18070e+03	2.30523e+00	0.00000e+00	0.00000e+00	6.27437e+00	0.00000e+00	1.52324e+00	0.00000e+00	5.68827e-01
5.74662e+02	2.83320e+02	2.27974e+03	1.18132e+03	2.30911e+00	0.00000e+00	0.00000e+00	6.29881e+00	0.00000e+00	1.52387e+00	0.00000e+00	5.69376e-01
5.77938e+02	2.83416e+02	2.27792e+03	1.18193e+03	2.31299e+00	0.00000e+00	0.00000e+00	6.32324e+00	0.00000e+00	1.52450e+00	0.00000e+00	5.69914e-01
5.81215e+02	2.83512e+02	2.27610e+03	1.18255e+03	2.31685e+00	0.00000e+00	0.00000e+00	6.34767e+00	0.00000e+00	1.52514e+00	0.00000e+00	5.70443e-01
5.84492e+02	2.83608e+02	2.27428e+03	1.18315e+03	2.32071e+00	0.00000e+00	0.00000e+00	6.37209e+00	0.00000e+00	1.52577e+00	0.00000e+00	5.70961e-01
5.87768e+02	2.83705e+02	2.27247e+03	1.18376e+03	2.32455e+00	0.00000e+00	0.00000e+00	6.39650e+00	0.00000e+00	1.52640e+00	0.00000e+00	5.71469e-01
5.91045e+02	2.83801e+02	2.27066e+03	1.18437e+03	2.32838e+00	0.00000e+00	0.00000e+00	6.42090e+00	0.00000e+00	1.52704e+00	0.00000e+00	5.71966e-01
5.94322e+02	2.83897e+02	2.26885e+03	1.18497e+03	2.33221e+00	0.00000e+00	0.00000e+00	6.44529e+00	0.00000e+00	1.52768e+00	0.00000e+00	5.72452e-01
5.97598e+02	2.83994e+02	2.26704e+03	1.18557e+03	2.33602e+00	0.00000e+00	0.00000e+00	6.46966e+00	0.00000e+00	1.52832e+00	0.00000e+00	5.72927e-01
6.00875e+02	2.84090e+02	2.26523e+03	1.18617e+03	2.33982e+00	0.00000e+00	0.00000e+00	6.49401e+00	0.00000e+00	1.52896e+00	0.00000e+00	5.73391e-01
6.04152e+02	2.84186e+02	2.26342e+03	1.18677e+03	2.34361e+00	0.00000e+00	0.00000e+00	6.51834e+00	0.00000e+00	1.52960e+00	0.00000e+00	5.73843e-01
6.07428e+02	2.84283e+02	2.26162e+03	1.18737e+03	2.34739e+00	0.00000e+00	0.00000e+00	6.54265e+00	0.00000e+00	1.53024e+00	0.00000e+00	5.74283e-01
6.10705e+02	2.84379e+02	2.25982e+03	1.18796e+03	2.35115e+00	0.00000e+00	0.00000e+00	6.56695e+00	0.00000e+00	1.53089e+00	0.00000e+00	5.74712e-01
6.13982e+02	2.84476e+02	2.25802e+03	1.18855e+03	2.35491e+00	0.00000e+00	0.00000e+00	6.59124e+00	0.00000e+00	1.53154e+00	0.00000e+00	5.75128e-01
6.17258e+02	2.84572e+02	2.25622e+03	1.18914e+03	2.35866e+00	0.00000e+00	0.00000e+00	6.61552e+00	0.00000e+00	1.53218e+00	0.00000e+00	5.75534e-01
6.20535e+02	2.84669e+02	2.25442e+03	1.18973e+03	2.36240e+00	0.00000e+00	0.00000e+00	6.63979e+00	0.00000e+00	1.53283e+00	0.00000e+00	5.75927e-01
6.23811e+02	2.84765e+02	2.25262e+03	1.19032e+03	2.36613e+00	0.00000e+00	0.00000e+00	6.66406e+00	0.00000e+00	1.53348e+00	0.00000e+00	5.76309e-01
6.27088e+02	2.84862e+02	2.25083e+03	1.19090e+03	2.36985e+00	0.00000e+00	0.00000e+00	6.68834e+00	0.00000e+00	1.53414e+00	0.00000e+00	5.76680e-01
6.30365e+02	2.84958e+02	2.24904e+03	1.19148e+03	2.37357e+00	0.00000e+00	0.00000e+00	6.71261e+00	0.00000e+00	1.53479e+00	0.00000e+00	5.77038e-01
6.33641e+02	2.85055e+02	2.24725e+03	1.19206e+03	2.37728e+00	0.00000e+00	0.00000e+00	6.73688e+00	0.00000e+00	1.53545e+00	0.00000e+00	5.77386e-01
6.36918e+02	2.85152e+02	2.24546e+03	1.19264e+03	2.38098e+00	0.00000e+00	0.00000e+00	6.76116e+00	0.00000e+00	1.53610e+00	0.00000e+00	5.77721e-01
6.40195e+02	2.85248e+02	2.24367e+03	1.19322e+03	2.38467e+00	0.00000e+00	0.00000e+00	6.78543e+00	0.00000e+00	1.53676e+00	0.00000e+00	5.78045e-01
6.43471e+02	2.85345e+02	2.24188e+03	1.19380e+03	2.38836e+00	0.00000e+00	0.00000e+00	6.80971e+00	0.00000e+00	1.53742e+00	0.00000e+00	5.78357e-01
6.46748e+02	2.85441e+02	2.24010e+03	1.19437e+03	2.39204e+00	0.00000e+00	0.00000e+00	6.83399e+00	0.00000e+00	1.53808e+00	0.00000e+00	5.78658e-01
6.50025e+02	2.85538e+02	2.23831e+03	1.19494e+03	2.39571e+00	0.00000e+00	0.00000e+00	6.85827e+00	0.00000e+00	1.53875e+00	0.00000e+00	5.78947e-01
6.53301e+02	2.85635e+02	2.23653e+03	1.19551e+03	2.39937e+00	0.00000e+00	0.00000e+00	6.88255e+00	0.00000e+00	1.53941e+00	0.00000e+00	5.79225e-01
6.56578e+02	2.85731e+02	2.23475e+03	1.19608e+03	2.40303e+00	0.00000e+00	0.00000e+00	6.90683e+00	0.00000e+00	1.54008e+00	0.00000e+00	5.79491e-01
6.59854e+02	2.85828e+02	2.23298e+03	1.19665e+03	2.40668e+00	0.00000e+00	0.00000e+00	6.93112e+00	0.00000e+00	1.54075e+00	0.00000e+00	5.79746e-01
6.63131e+02	2.85924e+02	2.23120e+03	1.19721e+03	2.41032e+00	0.00000e+00	0.00000e+00	6.95541e+00	0.00000e+00	1.54142e+00	0.00000e+00	5.79990e-01
6.66408e+02	2.86021e+02	2.22943e+03	1.19778e+03	2.41396e+00	0.00000e+00	0.00000e+00	6.97970e+00	0.00000e+00	1.54209e+00	0.00000e+00	5.80222e-01
6.69684e+02	2.86118e+02	2.22765e+03	1.19834e+03	2.41760e+00	0.00000e+00	0.00000e+00	7.00401e+00	0.00000e+00	1.54276e+00	0.00000e+00	5.80443e-01
6.72961e+02	2.86214e+02	2.22588e+03	1.19890e+03	2.42122e+00	0.00000e+00	0.00000e+00	7.02832e+00	0.00000e+00	1.54343e+00	0.00000e+00	5.80652e-01
6.76238e+02	2.86311e+02	2.22411e+03	1.19946e+03	2.42485e+00	0.00000e+00	0.00000e+00	7.05266e+00	0.00000e+00	1.54411e+00	0.00000e+00	5.80850e-01
6.79514e+02	2.86408e+02	2.22234e+03	1.20001e+03	2.42846e+00	0.00000e+00	0.00000e+00	7.07700e+00	0.00000e+00	1.54479e+00	0.00000e+00	5.81037e-01
6.82791e+02	2.86504e+02	2.22058e+03	1.20057e+03	2.43208e+00	0.00000e+00	0.00000e+00	7.10136e+00	0.00000e+00	1.54547e+00	0.00000e+00	5.81212e-01
6.86068e+02	2.86601e+02	2.21881e+03	1.20112e+03	2.43569e+00	0.00000e+00	0.00000e+00	7.12575e+00	0.00000e+00	1.54615e+00	0.00000e+00	5.81377e-01
6.89344e+02	2.86698e+02	2.21705e+03	1.20167e+03	2.43929e+00	0.00000e+00	0.00000e+00	7.15015e+00	0.00000e+00	1.54683e+00	0.00000e+00	5.81530e-01
6.92621e+02	2.86794e+02	2.21528e+03	1.20222e+03	2.44290e+00	0.00000e+00	0.00000e+00	7.17458e+00	0.00000e+00	1.54751e+00	0.00000e+00	5.81672e-01
6.95897e+02	2.86891e+02	2.21352e+03	1.20277e+03	2.44650e+00	0.00000e+00	0.00000e+00	7.19904e+00	0.00000e+00	1.54820e+00	0.00000e+00	5.81803e-01
6.99174e+02	2.86988e+02	2.21177e+03	1.20332e+03	2.45010e+00	0.00000e+00	0.00000e+00	7.22352e+00	0.00000e+00	1.54889e+00	0.00000e+00	5.81923e-01
7.02451e+02	2.87084e+02	2.21001e+03	1.20386e+03	2.45370e+00	0.00000e+00	0.00000e+00	7.24804e+00	0.00000e+00	1.54957e+00	0.00000e+00	5.82032e-01
7.05727e+02	2.87181e+02	2.20825e+03	1.20441e+03	2.45730e+00	0.00000e+00	0.00000e+00	7.27258e+00	0.00000e+00	1.55027e+00	0.00000e+00	5.82130e-01
7.09004e+02	2.87277e+02	2.20650e+03	1.20495e+03	2.46089e+00	0.00000e+00	0.00000e+00	7.29715e+00	0.00000e+00	1.55096e+00	0.00000e+00	5.82217e-01
7.12281e+02	2.87374e+02	2.20475e+03	1.20549e+03	2.46448e+00	0.00000e+00	0.00000e+00	7.32175e+00	0.00000e+00	1.55165e+00	0.00000e+00	5.82294e-01
7.15557e+02	2.87471e+02	2.20299e+03	1.20603e+03	2.46807e+00	0.00000e+00	0.00000e+00	7.34637e+00	0.00000e+00	1.55235e+00	0.00000e+00	5.82361e-01
7.18834e+02	2.87567e+02	2.20125e+03	1.20657e+03	2.47165e+00	0.00000e+00	0.00000e+00	7.37102e+00	0.00000e+00	1.55304e+00	0.00000e+00	5.82417e-01
7.22111e+02	2.87664e+02	2.19950e+03	1.20710e+03	2.47524e+00	0.00000e+00	0.00000e+00	7.39569e+00	0.00000e+00	1.55374e+00	0.00000e+00	5.82464e-01
7.25387e+02	2.87760e+02	2.19775e+03	1.20764e+03	2.47882e+00	0.00000e+00	0.00000e+00	7.42038e+00	0.00000e+00	1.55444e+00	0.00000e+00	5.82501e-01
7.28664e+02	2.87857e+02	2.19601e+03	1.20817e+03	2.48239e+00	0.00000e+00	0.00000e+00	7.44509e+00	0.00000e+00	1.55514e+00	0.00000e+00	5.82528e-01
7.31941e+02	2.87954e+02	2.19426e+03	1.20870e+03	2.48597e+00	0.00000e+00	0.00000e+00	7.46983e+00	0.00000e+00	1.55585e+00	0.00000e+00	5.82546e-01
7.35217e+02	2.88050e+02	2.19252e+03	1.20923e+03	2.48954e+00	0.00000e+00	0.00000e+00	7.49458e+00	0.00000e+00	1.55655e+00	0.00000e+00	5.82555e-01
7.38494e+02	2.88146e+02	2.19078e+03	1.20976e+03	2.49311e+00	0.00000e+00	0.00000e+00	7.51937e+00	0.00000e+00	1.55726e+00	0.00000e+00	5.82555e-01
7.41770e+02	2.88243e+02	2.18904e+03	1.21029e+03	2.49667e+00	0.00000e+00	0.00000e+00	7.54417e+00	0.00000e+00	1.55797e+00	0.00000e+00	5.82547e-01
7.45047e+02	2.88339e+02	2.18731e+03	1.21081e+03	2.50023e+00	0.00000e+00	0.00000e+00	7.56900e+00	0.00000e+00	1.55868e+00	0.00000e+00	5.82529e-01
7.48324e+02	2.88436e+02	2.18557e+03	1.21134e+03	2.50379e+00	0.00000e+00	0.00000e+00	7.59385e+00	0.00000e+00	1.55939e+00	0.00000e+00	5.82504e-01
7.51600e+02	2.88532e+02	2.18384e+03	1.21186e+03	2.50735e+00	0.00000e+00	0.00000e+00	7.61873e+00	0.00000e+00	1.56011e+00	0.00000e+00	5.82471e-01
7.54877e+02	2.88629e+02	2.18210e+03	1.21238e+03	2.51090e+00	0.00000e+00	0.00000e+00	7.64363e+00	0.00000e+00	1.56082e+00	0.00000e+00	5.82430e-01
7.58154e+02	2.88725e+02	2.18037e+03	1.21290e+03	2.51446e+00	0.00000e+00	0.00000e+00	7.66856e+00	0.00000e+00	1.56154e+00	0.00000e+00	5.82381e-01
7.61430e+02	2.88821e+02	2.17864e+03	1.21342e+03	2.51801e+00	0.00000e+00	0.00000e+00	7.69352e+00	0.00000e+00	1.56226e+00	0.00000e+00	5.82325e-01
7.64707e+02	2.88918e+02	2.17692e+03	1.21394e+03	2.52155e+00	0.00000e+00	0.00000e+00	7.71850e+00	0.00000e+00	1.56298e+00	0.00000e+00	5.82262e-01
7.67984e+02	2.89014e+02	2.17519e+03	1.21445e+03	2.52510e+00	0.00000e+00	0.00000e+00	7.74351e+00	0.00000e+00	1.56370e+00	0.00000e+00	5.82192e-01
7.71260e+02	2.89110e+02	2.17347e+03	1.21497e+03	2.52864e+00	0.00000e+00	0.00000e+00	7.76854e+00	0.00000e+00	1.56442e+00	0.00000e+00	5.82116e-01
7.74537e+02	2.89206e+02	2.17174e+03	1.21548e+03	2.53218e+00	0.00000e+00	0.00000e+00	7.79360e+00	0.00000e+00	1.56515e+00	0.00000e+00	5.82033e-01
7.77813e+02	2.89302e+02	2.17002e+03	1.21599e+03	2.53572e+00	0.00000e+00	0.00000e+00	7.81870e+00	0.00000e+00	1.56588e+00	0.00000e+00	5.81944e-01
7.81090e+02	2.89399e+02	2.16830e+03	1.21650e+03	2.53926e+00	0.00000e+00	0.00000e+00	7.84382e+00	0.00000e+00	1.56661e+00	0.00000e+00	5.81848e-01
7.84367e+02	2.89495e+02	2.16658e+03	1.21701e+03	2.54280e+00	0.00000e+00	0.00000e+00	7.86896e+00	0.00000e+00	1.56734e+00	0.00000e+00	5.81748e-01
7.87643e+02	2.89591e+02	2.16487e+03	1.21752e+03	2.54633e+00	0.00000e+00	0.00000e+00	7.89414e+00	0.00000e+00	1.56807e+00	0.00000e+00	5.81642e-01
7.90920e+02	2.89591e+02	2.16330e+03	1.33688e+03	4.45651e+00	2.30028e+00	1.51439e+02	1.78428e+01	7.37276e+00	1.56858e+00	6.00000e+00	0.00000e+00
7.94197e+02	2.89591e+02	2.16174e+03	1.33716e+03	4.45864e+00	2.30181e+00	1.51439e+02	1.78562e+01	7.38259e+00	1.56910e+00	6.00000e+00	0.00000e+00
7.97473e+02	2.89591e+02	2.16018e+03	1.33745e+03	4.46078e+00	2.30334e+00	1.51439e+02	1.78696e+01	7.39242e+00	1.56962e+00	6.00000e+00	0.00000e+00
8.00750e+02	2.89591e+02	2.15862e+03	1.33773e+03	4.46291e+00	2.30488e+00	1.51439e+02	1.78831e+01	7.40225e+00	1.57013e+00	6.00000e+00	0.00000e+00
8.04027e+02	2.89591e+02	2.15706e+03	1.33801e+03	4.46505e+00	2.30640e+00	1.51439e+02	1.78965e+01	7.41208e+00	1.57065e+00	6.00000e+00	0.00000e+00
8.07303e+02	2.89591e+02	2.15550e+03	1.33829e+03	4.46718e+00	2.30793e+00	1.51439e+02	1.79099e+01	7.42191e+00	1.57118e+00	6.00000e+00	0.00000e+00
8.10580e+02	2.89591e+02	2.15394e+03	1.33857e+03	4.46931e+00	2.30946e+00	1.51439e+02	1.79234e+01	7.43174e+00	1.57170e+00	6.00000e+00	0.00000e+00
8.13857e+02	2.89591e+02	2.15238e+03	1.33885e+03	4.47144e+00	2.31099e+00	1.51439e+02	1.79368e+01	7.44157e+00	1.57223e+00	6.00000e+00	0.00000e+00
8.17133e+02	2.89591e+02	2.15083e+03	1.33912e+03	4.47357e+00	2.31251e+00	1.51439e+02	1.79502e+01	7.45140e+00	1.57275e+00	6.00000e+00	0.00000e+00
8.20410e+02	2.89591e+02	2.14927e+03	1.33940e+03	4.47570e+00	2.31404e+00	1.51439e+02	1.79637e+01	7.46123e+00	1.57328e+00	6.00000e+00	0.00000e+00
8.23686e+02	2.89591e+02	2.14772e+03	1.33968e+03	4.47783e+00	2.31556e+00	1.51439e+02	1.79771e+01	7.47106e+00	1.57381e+00	6.00000e+00	0.00000e+00
8.26963e+02	2.89591e+02	2.14616e+03	1.33996e+03	4.47995e+00	2.31709e+00	1.51439e+02	1.79905e+01	7.48089e+00	1.57434e+00	6.00000e+00	0.00000e+00
8.30240e+02	2.89591e+02	2.14461e+03	1.34024e+03	4.48208e+00	2.31861e+00	1.51439e+02	1.80040e+01	7.49072e+00	1.57488e+00	6.00000e+00	0.00000e+00
8.33516e+02	2.89591e+02	2.14306e+03	1.34051e+03	4.48420e+00	2.32013e+00	1.51439e+02	1.80174e+01	7.50055e+00	1.57541e+00	6.00000e+00	0.00000e+00
8.36793e+02	2.89591e+02	2.14151e+03	1.34079e+03	4.48633e+00	2.32165e+00	1.51439e+02	1.80309e+01	7.51038e+00	1.57595e+00	6.00000e+00	0.00000e+00
8.40070e+02	2.89591e+02	2.13996e+03	1.34107e+03	4.48845e+00	2.32317e+00	1.51439e+02	1.80443e+01	7.52021e+00	1.57649e+00	6.00000e+00	0.00000e+00
8.43346e+02	2.89591e+02	2.13841e+03	1.34134e+03	4.49057e+00	2.32469e+00	1.51439e+02	1.80577e+01	7.53004e+00	1.57703e+00	6.00000e+00	0.00000e+00
8.46623e+02	2.89591e+02	2.13686e+03	1.34162e+03	4.49269e+00	2.32620e+00	1.51439e+02	1.80712e+01	7.53987e+00	1.57758e+00	6.00000e+00	0.00000e+00
8.49900e+02	2.89591e+02	2.13531e+03	1.34190e+03	4.49481e+00	2.32772e+00	1.51439e+02	1.80846e+01	7.54970e+00	1.57812e+00	6.00000e+00	0.00000e+00
8.53176e+02	2.89591e+02	2.13377e+03	1.34217e+03	4.49693e+00	2.32923e+00	1.51439e+02	1.80980e+01	7.55953e+00	1.57867e+00	6.00000e+00	0.00000e+00
8.56453e+02	2.89591e+02	2.13222e+03	1.34245e+03	4.49905e+00	2.33075e+00	1.51439e+02	1.81115e+01	7.56936e+00	1.57922e+00	6.00000e+00	0.00000e+00
8.59729e+02	2.89591e+02	2.13067e+03	1.34272e+03	4.50116e+00	2.33226e+00	1.51439e+02	1.81249e+01	7.57919e+00	1.57977e+00	6.00000e+00	0.00000e+00
8.63006e+02	2.89591e+02	2.12913e+03	1.34300e+03	4.50328e+00	2.33377e+00	1.51439e+02	1.81383e+01	7.58902e+00	1.58032e+00	6.00000e+00	0.00000e+00
8.66283e+02	2.89636e+02	2.12759e+03	1.34326e+03	4.50540e+00	2.33528e+00	1.51439e+02	1.81518e+01	7.59885e+00	1.58087e+00	6.00000e+00	0.00000e+00
8.69559e+02	2.89830e+02	2.12604e+03	1.34347e+03	4.50753e+00	2.33681e+00	1.51439e+02	1.81652e+01	7.60868e+00	1.58143e+00	6.00000e+00	0.00000e+00
8.72836e+02	2.90025e+02	2.12450e+03	1.34368e+03	4.50966e+00	2.33833e+00	1.51439e+02	1.81786e+01	7.61851e+00	1.58199e+00	6.00000e+00	0.00000e+00
8.76113e+02	2.90219e+02	2.12296e+03	1.34390e+03	4.51180e+00	2.33984e+00	1.51439e+02	1.81921e+01	7.62834e+00	1.58255e+00	6.00000e+00	0.00000e+00
8.79389e+02	2.90413e+02	2.12142e+03	1.34411e+03	4.51393e+00	2.34136e+00	1.51439e+02	1.82055e+01	7.63817e+00	1.58311e+00	6.00000e+00	0.00000e+00
8.82666e+02	2.90607e+02	2.11988e+03	1.34432e+03	4.51606e+00	2.34288e+00	1.51439e+02	1.82189e+01	7.64800e+00	1.58367e+00	6.00000e+00	0.00000e+00
8.85943e+02	2.90801e+02	2.11834e+03	1.34454e+03	4.51819e+00	2.34439e+00	1.51439e+02	1.82324e+01	7.65783e+00	1.58424e+00	6.00000e+00	0.00000e+00
8.89219e+02	2.90991e+02	2.11680e+03	1.34475e+03	4.52031e+00	2.34591e+00	1.51439e+02	1.82458e+01	7.66766e+00	1.58480e+00	6.00000e+00	0.00000e+00
8.92496e+02	2.91179e+02	2.11527e+03	1.34496e+03	4.52244e+00	2.34742e+00	1.51439e+02	1.82592e+01	7.67749e+00	1.58537e+00	6.00000e+00	0.00000e+00
8.95773e+02	2.91368e+02	2.11373e+03	1.34518e+03	4.52457e+00	2.34894e+00	1.51439e+02	1.82727e+01	7.68732e+00	1.58595e+00	6.00000e+00	0.00000e+00
8.99049e+02	2.91557e+02	2.11219e+03	1.34539e+03	4.52669e+00	2.35045e+00	1.51439e+02	1.82861e+01	7.69715e+00	1.58652e+00	6.00000e+00	0.00000e+00
9.02326e+02	2.91746e+02	2.11066e+03	1.34561e+03	4.52882e+00	2.35196e+00	1.51439e+02	1.82995e+01	7.70698e+00	1.58709e+00	6.00000e+00	0.00000e+00
9.05602e+02	2.91935e+02	2.10912e+03	1.34582e+03	4.53094e+00	2.35347e+00	1.51439e+02	1.83130e+01	7.71681e+00	1.58767e+00	6.00000e+00	0.00000e+00
9.08879e+02	2.92124e+02	2.10759e+03	1.34603e+03	4.53306e+00	2.35498e+00	1.51439e+02	1.83264e+01	7.72664e+00	1.58825e+00	6.00000e+00	0.00000e+00
9.12156e+02	2.92312e+02	2.10606e+03	1.34625e+03	4.53518e+00	2.35649e+00	1.51439e+02	1.83398e+01	7.73647e+00	1.58883e+00	6.00000e+00	0.00000e+00
9.15432e+02	2.92496e+02	2.10453e+03	1.34646e+03	4.53730e+00	2.35799e+00	1.51439e+02	1.83533e+01	7.74630e+00	1.58941e+00	6.00000e+00	0.00000e+00
9.18709e+02	2.92680e+02	2.10300e+03	1.34667e+03	4.53942e+00	2.35950e+00	1.51439e+02	1.83667e+01	7.75613e+00	1.59000e+00	6.00000e+00	0.00000e+00
9.21986e+02	2.92864e+02	2.10147e+03	1.34689e+03	4.54154e+00	2.36100e+00	1.51439e+02	1.83801e+01	7.76596e+00	1.59059e+00	6.00000e+00	0.00000e+00
9.25262e+02	2.93048e+02	2.09994e+03	1.34710e+03	4.54365e+00	2.36251e+00	1.51439e+02	1.83936e+01	7.77579e+00	1.59117e+00	6.00000e+00	0.00000e+00
9.28539e+02	2.93232e+02	2.09841e+03	1.34731e+03	4.54577e+00	2.36401e+00	1.51439e+02	1.84070e+01	7.78562e+00	1.59176e+00	6.00000e+00	0.00000e+00
9.31816e+02	2.93416e+02	2.09688e+03	1.34753e+03	4.54788e+00	2.36551e+00	1.51439e+02	1.84204e+01	7.79545e+00	1.59236e+00	6.00000e+00	0.00000e+00
9.35092e+02	2.93600e+02	2.09535e+03	1.34774e+03	4.55000e+00	2.36701e+00	1.51439e+02	1.84339e+01	7.80528e+00	1.59295e+00	6.00000e+00	0.00000e+00
9.38369e+02	2.93782e+02	2.09383e+03	1.34795e+03	4.55211e+00	2.36851e+00	1.51439e+02	1.84473e+01	7.81511e+00	1.59355e+00	6.00000e+00	0.00000e+00
9.41645e+02	2.93962e+02	2.09230e+03	1.34817e+03	4.55422e+00	2.37001e+00	1.51439e+02	1.84607e+01	7.82494e+00	1.59415e+00	6.00000e+00	0.00000e+00
9.44922e+02	2.94141e+02	2.09078e+03	1.34838e+03	4.55633e+00	2.37151e+00	1.51439e+02	1.84742e+01	7.83477e+00	1.59475e+00	6.00000e+00	0.00000e+00
9.48199e+02	2.94321e+02	2.08926e+03	1.34859e+03	4.55844e+00	2.37301e+00	1.51439e+02	1.84876e+01	7.84460e+00	1.59535e+00	6.00000e+00	0.00000e+00
9.51475e+02	2.94500e+02	2.08773e+03	1.34881e+03	4.56055e+00	2.37451e+00	1.51439e+02	1.85010e+01	7.85443e+00	1.59595e+00	6.00000e+00	0.00000e+00
9.54752e+02	2.94680e+02	2.08621e+03	1.34902e+03	4.56266e+00	2.37600e+00	1.51439e+02	1.85145e+01	7.86426e+00	1.59656e+00	6.00000e+00	0.00000e+00
9.58029e+02	2.94860e+02	2.08469e+03	1.34923e+03	4.56477e+00	2.37750e+00	1.51439e+02	1.85279e+01	7.87409e+00	1.59717e+00	6.00000e+00	0.00000e+00
9.61305e+02	2.95039e+02	2.08317e+03	1.34945e+03	4.56687e+00	2.37899e+00	1.51439e+02	1.85414e+01	7.88392e+00	1.59778e+00	6.00000e+00	0.00000e+00
9.64582e+02	2.95216e+02	2.08165e+03	1.34966e+03	4.56898e+00	2.38048e+00	1.51439e+02	1.85548e+01	7.89375e+00	1.59839e+00	6.00000e+00	0.00000e+00
9.67859e+02	2.95391e+02	2.08013e+03	1.34987e+03	4.57108e+00	2.38197e+00	1.51439e+02	1.85682e+01	7.90358e+00	1.59901e+00	6.00000e+00	0.00000e+00
9.71135e+02	2.95567e+02	2.07861e+03	1.35009e+03	4.57318e+00	2.38346e+00	1.51439e+02	1.85817e+01	7.91341e+00	1.59962e+00	6.00000e+00	0.00000e+00
9.74412e+02	2.95742e+02	2.07710e+03	1.35030e+03	4.57528e+00	2.38495e+00	1.51439e+02	1.85951e+01	7.92324e+00	1.60024e+00	6.00000e+00	0.00000e+00
9.77688e+02	2.95918e+02	2.07558e+03	1.35051e+03	4.57739e+00	2.38644e+00	1.51439e+02	1.86085e+01	7.93307e+00	1.60086e+00	6.00000e+00	0.00000e+00
9.80965e+02	2.96094e+02	2.07406e+03	1.35073e+03	4.57949e+00	2.38793e+00	1.51439e+02	1.86220e+01	7.94290e+00	1.60148e+00	6.00000e+00	0.00000e+00
9.84242e+02	2.96269e+02	2.07255e+03	1.35094e+03	4.58158e+00	2.38942e+00	1.51439e+02	1.86354e+01	7.95273e+00	1.60211e+00	6.00000e+00	0.00000e+00
9.87518e+02	2.96445e+02	2.07104e+03	1.35115e+03	4.58368e+00	2.39090e+00	1.51439e+02	1.86488e+01	7.96256e+00	1.60274e+00	6.00000e+00	0.00000e+00
9.90795e+02	2.96616e+02	2.06952e+03	1.35137e+03	4.58578e+00	2.39239e+00	1.51439e+02	1.86623e+01	7.97239e+00	1.60336e+00	6.00000e+00	0.00000e+00
9.94072e+02	2.96788e+02	2.06801e+03	1.35158e+03	4.58787e+00	2.39387e+00	1.51439e+02	1.86757e+01	7.98222e+00	1.60399e+00	6.00000e+00	0.00000e+00
9.97348e+02	2.96960e+02	2.06650e+03	1.35179e+03	4.58997e+00	2.39536e+00	1.51439e+02	1.86891e+01	7.99204e+00	1.60463e+00	6.00000e+00	0.00000e+00
1.00062e+03	2.97132e+02	2.06499e+03	1.35201e+03	4.59206e+00	2.39684e+00	1.51439e+02	1.87026e+01	8.00187e+00	1.60526e+00	6.00000e+00	0.00000e+00
1.00390e+03	2.97304e+02	2.06348e+03	1.35222e+03	4.59416e+00	2.39832e+00	1.51439e+02	1.87160e+01	8.01170e+00	1.60590e+00	6.00000e+00	0.00000e+00
1.00718e+03	2.97476e+02	2.06197e+03	1.35243e+03	4.59625e+00	2.39980e+00	1.51439e+02	1.87294e+01	8.02153e+00	1.60654e+00	6.00000e+00	0.00000e+00
1.01045e+03	2.97648e+02	2.06046e+03	1.35264e+03	4.59834e+00	2.40128e+00	1.51439e+02	1.87429e+01	8.03136e+00	1.60718e+00	6.00000e+00	0.00000e+00
1.01373e+03	2.97818e+02	2.05896e+03	1.35286e+03	4.60043e+00	2.40276e+00	1.51439e+02	1.87563e+01	8.04119e+00	1.60782e+00	6.00000e+00	0.00000e+00
1.01701e+03	2.97987e+02	2.05745e+03	1.35307e+03	4.60252e+00	2.40424e+00	1.51439e+02	1.87697e+01	8.05102e+00	1.60847e+00	6.00000e+00	0.00000e+00
1.02028e+03	2.98155e+02	2.05595e+03	1.35328e+03	4.60461e+00	2.40572e+00	1.51439e+02	1.87832e+01	8.06085e+00	1.60911e+00	6.00000e+00	0.00000e+00
1.02356e+03	2.98324e+02	2.05444e+03	1.35349e+03	4.60669e+00	2.40719e+00	1.51439e+02	1.87966e+01	8.07068e+00	1.60976e+00	6.00000e+00	0.00000e+00
1.02684e+03	2.98492e+02	2.05294e+03	1.35371e+03	4.60878e+00	2.40867e+00	1.51439e+02	1.88100e+01	8.08051e+00	1.61041e+00	6.00000e+00	0.00000e+00
1.03011e+03	2.98661e+02	2.05143e+03	1.35392e+03	4.61087e+00	2.41014e+00	1.51439e+02	1.88235e+01	8.09034e+00	1.61106e+00	6.00000e+00	0.00000e+00
1.03339e+03	2.98829e+02	2.04993e+03	1.35413e+03	4.61295e+00	2.41161e+00	1.51439e+02	1.88369e+01	8.10017e+00	1.61172e+00	6.00000e+00	0.00000e+00
1.03667e+03	2.98998e+02	2.04843e+03	1.35434e+03	4.61503e+00	2.41309e+00	1.51439e+02	1.88503e+01	8.11000e+00	1.61238e+00	6.00000e+00	0.00000e+00
1.03994e+03	2.99165e+02	2.04693e+03	1.35456e+03	4.61712e+00	2.41456e+00	1.51439e+02	1.88638e+01	8.11983e+00	1.61304e+00	6.00000e+00	0.00000e+00
1.04322e+03	2.99330e+02	2.04543e+03	1.35477e+03	4.61920e+00	2.41603e+00	1.51439e+02	1.88772e+01	8.12966e+00	1.61370e+00	6.00000e+00	0.00000e+00
1.04650e+03	2.99496e+02	2.04393e+03	1.35498e+03	4.62128e+00	2.41750e+00	1.51439e+02	1.88906e+01	8.13949e+00	1.61436e+00	6.00000e+00	0.00000e+00
1.04977e+03	2.99661e+02	2.04244e+03	1.35519e+03	4.62336e+00	2.41897e+00	1.51439e+02	1.89041e+01	8.14932e+00	1.61502e+00	6.00000e+00	0.00000e+00
1.05305e+03	2.99827e+02	2.04094e+03	1.35540e+03	4.62544e+00	2.42044e+00	1.51439e+02	1.89175e+01	8.15915e+00	1.61569e+00	6.00000e+00	0.00000e+00
1.05633e+03	2.99992e+02	2.03944e+03	1.35562e+03	4.62751e+00	2.42190e+00	1.51439e+02	1.89309e+01	8.16898e+00	1.61636e+00	6.00000e+00	0.00000e+00
1.05960e+03	3.00158e+02	2.03795e+03	1.35583e+03	4.62959e+00	2.42337e+00	1.51439e+02	1.89444e+01	8.17881e+00	1.61703e+00	6.00000e+00	0.00000e+00
1.06288e+03	3.00323e+02	2.03645e+03	1.35604e+03	4.63167e+00	2.42483e+00	1.51439e+02	1.89578e+01	8.18864e+00	1.61771e+00	6.00000e+00	0.00000e+00
1.06616e+03	3.00486e+02	2.03496e+03	1.35625e+03	4.63374e+00	2.42630e+00	1.51439e+02	1.89712e+01	8.19847e+00	1.61838e+00	6.00000e+00	0.00000e+00
1.06943e+03	3.00649e+02	2.03347e+03	1.35646e+03	4.63582e+00	2.42776e+00	1.51439e+02	1.89847e+01	8.20830e+00	1.61906e+00	6.00000e+00	0.00000e+00
1.07271e+03	3.00812e+02	2.03198e+03	1.35668e+03	4.63789e+00	2.42922e+00	1.51439e+02	1.89981e+01	8.21813e+00	1.61974e+00	6.00000e+00	0.00000e+00
1.07599e+03	3.00975e+02	2.03049e+03	1.35689e+03	4.63996e+00	2.43069e+00	1.51439e+02	1.90115e+01	8.22796e+00	1.62042e+00	6.00000e+00	0.00000e+00
1.07926e+03	3.01137e+02	2.02900e+03	1.35710e+03	4.64203e+00	2.43215e+00	1.51439e+02	1.90250e+01	8.23779e+00	1.62111e+00	6.00000e+00	0.00000e+00
1.08254e+03	3.01300e+02	2.02751e+03	1.35731e+03	4.64410e+00	2.43361e+00	1.51439e+02	1.90384e+01	8.24762e+00	1.62179e+00	6.00000e+00	0.00000e+00
1.08582e+03	3.01463e+02	2.02602e+03	1.35752e+03	4.64617e+00	2.43507e+00	1.51439e+02	1.90519e+01	8.25745e+00	1.62248e+00	6.00000e+00	0.00000e+00
1.08909e+03	3.01625e+02	2.02453e+03	1.35773e+03	4.64824e+00	2.43653e+00	1.51439e+02	1.90653e+01	8.26728e+00	1.62317e+00	6.00000e+00	0.00000e+00
1.09237e+03	3.01786e+02	2.02304e+03	1.35794e+03	4.65031e+00	2.43798e+00	1.51439e+02	1.90787e+01	8.27711e+00	1.62386e+00	6.00000e+00	0.00000e+00
1.09565e+03	3.01946e+02	2.02156e+03	1.35815e+03	4.65237e+00	2.43944e+00	1.51439e+02	1.90922e+01	8.28694e+00	1.62456e+00	6.00000e+00	0.00000e+00
1.09892e+03	3.02106e+02	2.02007e+03	1.35837e+03	4.65444e+00	2.44089e+00	1.51439e+02	1.91056e+01	8.29677e+00	1.62525e+00	6.00000e+00	0.00000e+00
1.10220e+03	3.02267e+02	2.01859e+03	1.35858e+03	4.65650e+00	2.44235e+00	1.51439e+02	1.91190e+01	8.30660e+00	1.62595e+00	6.00000e+00	0.00000e+00
1.10548e+03	3.02427e+02	2.01711e+03	1.35879e+03	4.65857e+00	2.44380e+00	1.51439e+02	1.91325e+01	8.31643e+00	1.62665e+00	6.00000e+00	0.00000e+00
1.10875e+03	3.02587e+02	2.01562e+03	1.35900e+03	4.66063e+00	2.44526e+00	1.51439e+02	1.91459e+01	8.32626e+00	1.62736e+00	6.00000e+00	0.00000e+00
1.11203e+03	3.02748e+02	2.01414e+03	1.35921e+03	4.66269e+00	2.44671e+00	1.51439e+02	1.91593e+01	8.33609e+00	1.62806e+00	6.00000e+00	0.00000e+00
1.11531e+03	3.02907e+02	2.01266e+03	1.35942e+03	4.66475e+00	2.44816e+00	1.51439e+02	1.91728e+01	8.34592e+00	1.62877e+00	6.00000e+00	0.00000e+00
1.11858e+03	3.03065e+02	2.01118e+03	1.35963e+03	4.66681e+00	2.44961e+00	1.51439e+02	1.91862e+01	8.35575e+00	1.62948e+00	6.00000e+00	0.00000e+00
1.12186e+03	3.03223e+02	2.00970e+03	1.35984e+03	4.66887e+00	2.45106e+00	1.51439e+02	1.91996e+01	8.36558e+00	1.63019e+00	6.00000e+00	0.00000e+00
1.12514e+03	3.03382e+02	2.00823e+03	1.36005e+03	4.67093e+00	2.45251e+00	1.51439e+02	1.92131e+01	8.37541e+00	1.63090e+00	6.00000e+00	0.00000e+00
1.12841e+03	3.03540e+02	2.00675e+03	1.36026e+03	4.67299e+00	2.45396e+00	1.51439e+02	1.92265e+01	8.38524e+00	1.63162e+00	6.00000e+00	0.00000e+00
1.13169e+03	3.03698e+02	2.00527e+03	1.36047e+03	4.67505e+00	2.45540e+00	1.51439e+02	1.92399e+01	8.39507e+00	1.63233e+00	6.00000e+00	0.00000e+00
1.13497e+03	3.03856e+02	2.00380e+03	1.36068e+03	4.67710e+00	2.45685e+00	1.51439e+02	1.92534e+01	8.40490e+00	1.63305e+00	6.00000e+00	0.00000e+00
1.13824e+03	3.04014e+02	2.00232e+03	1.36089e+03	4.67916e+00	2.45830e+00	1.51439e+02	1.92668e+01	8.41473e+00	1.63378e+00	6.00000e+00	0.00000e+00
1.14152e+03	3.04171e+02	2.00085e+03	1.36110e+03	4.68121e+00	2.45974e+00	1.51439e+02	1.92802e+01	8.42456e+00	1.63450e+00	6.00000e+00	0.00000e+00
1.14480e+03	3.04327e+02	1.99938e+03	1.36131e+03	4.68326e+00	2.46119e+00	1.51439e+02	1.92937e+01	8.43439e+00	1.63523e+00	6.00000e+00	0.00000e+00
1.14807e+03	3.04484e+02	1.99791e+03	1.36152e+03	4.68531e+00	2.46263e+00	1.51439e+02	1.93071e+01	8.44422e+00	1.63596e+00	6.00000e+00	0.00000e+00
1.15135e+03	3.04640e+02	1.99643e+03	1.36173e+03	4.68737e+00	2.46407e+00	1.51439e+02	1.93205e+01	8.45405e+00	1.63669e+00	6.00000e+00	0.00000e+00
1.15463e+03	3.04796e+02	1.99496e+03	1.36194e+03	4.68942e+00	2.46551e+00	1.51439e+02	1.93340e+01	8.46388e+00	1.63742e+00	6.00000e+00	0.00000e+00
1.15790e+03	3.04953e+02	1.99350e+03	1.36215e+03	4.69147e+00	2.46695e+00	1.51439e+02	1.93474e+01	8.47371e+00	1.63815e+00	6.00000e+00	0.00000e+00
1.16118e+03	3.05109e+02	1.99203e+03	1.36235e+03	4.69351e+00	2.46839e+00	1.51439e+02	1.93608e+01	8.48354e+00	1.63889e+00	6.00000e+00	0.00000e+00
1.16446e+03	3.05265e+02	1.99056e+03	1.36256e+03	4.69556e+00	2.46983e+00	1.51439e+02	1.93743e+01	8.49337e+00	1.63963e+00	6.00000e+00	0.00000e+00
1.16773e+03	3.05420e+02	1.98909e+03	1.36277e+03	4.69761e+00	2.47127e+00	1.51439e+02	1.93877e+01	8.50320e+00	1.64037e+00	6.00000e+00	0.00000e+00
1.17101e+03	3.05575e+02	1.98763e+03	1.36298e+03	4.69965e+00	2.47271e+00	1.51439e+02	1.94011e+01	8.51303e+00	1.64112e+00	6.00000e+00	0.00000e+00
1.17429e+03	3.05729e+02	1.98616e+03	1.36319e+03	4.70170e+00	2.47414e+00	1.51439e+02	1.94146e+01	8.52286e+00	1.64186e+00	6.00000e+00	0.00000e+00
1.17756e+03	3.05884e+02	1.98470e+03	1.36340e+03	4.70374e+00	2.47558e+00	1.51439e+02	1.94280e+01	8.53269e+00	1.64261e+00	6.00000e+00	0.00000e+00
1.18084e+03	3.06038e+02	1.98324e+03	1.36361e+03	4.70579e+00	2.47701e+00	1.51439e+02	1.94414e+01	8.54252e+00	1.64336e+00	6.00000e+00	0.00000e+00
1.18412e+03	3.06193e+02	1.98177e+03	1.36382e+03	4.70783e+00	2.47845e+00	1.51439e+02	1.94549e+01	8.55235e+00	1.64411e+00	6.00000e+00	0.00000e+00
1.18739e+03	3.06348e+02	1.98031e+03	1.36402e+03	4.70987e+00	2.47988e+00	1.51439e+02	1.94683e+01	8.56218e+00	1.64487e+00	6.00000e+00	0.00000e+00
1.19067e+03	3.06502e+02	1.97885e+03	1.36423e+03	4.71191e+00	2.48131e+00	1.51439e+02	1.94817e+01	8.57201e+00	1.64562e+00	6.00000e+00	0.00000e+00
1.19395e+03	3.06655e+02	1.97739e+03	1.36444e+03	4.71395e+00	2.48274e+00	1.51439e+02	1.94952e+01	8.58184e+00	1.64638e+00	6.00000e+00	0.00000e+00
1.19722e+03	3.06808e+02	1.97594e+03	1.36465e+03	4.71599e+00	2.48417e+00	1.51439e+02	1.95086e+01	8.59167e+00	1.64714e+00	6.00000e+00	0.00000e+00
1.20050e+03	3.06962e+02	1.97448e+03	1.36486e+03	4.71803e+00	2.48560e+00	1.51439e+02	1.95220e+01	8.60150e+00	1.64791e+00	6.00000e+00	0.00000e+00
1.20378e+03	3.07115e+02	1.97302e+03	1.36506e+03	4.72006e+00	2.48703e+00	1.51439e+02	1.95355e+01	8.61133e+00	1.64867e+00	6.00000e+00	0.00000e+00
1.20705e+03	3.07268e+02	1.97157e+03	1.36527e+03	4.72210e+00	2.48846e+00	1.51439e+02	1.95489e+01	8.62116e+00	1.64944e+00	6.00000e+00	0.00000e+00
1.21033e+03	3.07421e+02	1.97011e+03	1.36548e+03	4.72414e+00	2.48989e+00	1.51439e+02	1.95624e+01	8.63099e+00	1.65021e+00	6.00000e+00	0.00000e+00
1.21361e+03	3.07575e+02	1.96866e+03	1.36568e+03	4.72617e+00	2.49131e+00	1.51439e+02	1.95758e+01	8.64082e+00	1.65098e+00	6.00000e+00	0.00000e+00
1.21688e+03	3.07727e+02	1.96720e+03	1.36589e+03	4.72820e+00	2.49274e+00	1.51439e+02	1.95892e+01	8.65065e+00	1.65176e+00	6.00000e+00	0.00000e+00
1.22016e+03	3.07879e+02	1.96575e+03	1.36610e+03	4.73024e+00	2.49416e+00	1.51439e+02	1.96027e+01	8.66048e+00	1.65253e+00	6.00000e+00	0.00000e+00
1.22344e+03	3.08031e+02	1.96430e+03	1.36631e+03	4.73227e+00	2.49559e+00	1.51439e+02	1.96161e+01	8.67031e+00	1.65331e+00	6.00000e+00	0.00000e+00
1.22671e+03	3.08183e+02	1.96285e+03	1.36651e+03	4.73430e+00	2.49701e+00	1.51439e+02	1.96295e+01	8.68014e+00	1.65409e+00	6.00000e+00	0.00000e+00
1.22999e+03	3.08335e+02	1.96140e+03	1.36672e+03	4.73633e+00	2.49843e+00	1.51439e+02	1.96430e+01	8.68997e+00	1.65488e+00	6.00000e+00	0.00000e+00
1.23327e+03	3.08487e+02	1.95995e+03	1.36693e+03	4.73836e+00	2.49986e+00	1.51439e+02	1.96564e+01	8.69980e+00	1.65566e+00	6.00000e+00	0.00000e+00
1.23654e+03	3.08639e+02	1.95850e+03	1.36713e+03	4.74039e+00	2.50128e+00	1.51439e+02	1.96698e+01	8.70963e+00	1.65645e+00	6.00000e+00	0.00000e+00
1.23982e+03	3.08791e+02	1.95706e+03	1.36734e+03	4.74242e+00	2.50270e+00	1.51439e+02	1.96833e+01	8.71946e+00	1.65724e+00	6.00000e+00	0.00000e+00
1.24310e+03	3.08943e+02	1.95561e+03	1.36754e+03	4.74444e+00	2.50412e+00	1.51439e+02	1.96967e+01	8.72929e+00	1.65803e+00	6.00000e+00	0.00000e+00
1.24637e+03	3.09094e+02	1.95417e+03	1.36775e+03	4.74647e+00	2.50554e+00	1.51439e+02	1.97101e+01	8.73912e+00	1.65883e+00	6.00000e+00	0.00000e+00
1.24965e+03	3.09245e+02	1.95272e+03	1.36796e+03	4.74849e+00	2.50695e+00	1.51439e+02	1.97236e+01	8.74895e+00	1.65962e+00	6.00000e+00	0.00000e+00
1.25293e+03	3.09396e+02	1.95128e+03	1.36816e+03	4.75052e+00	2.50837e+00	1.51439e+02	1.97370e+01	8.75878e+00	1.66042e+00	6.00000e+00	0.00000e+00
1.25620e+03	3.09547e+02	1.94984e+03	1.36837e+03	4.75254e+00	2.50979e+00	1.51439e+02	1.97504e+01	8.76861e+00	1.66122e+00	6.00000e+00	0.00000e+00
1.25948e+03	3.09698e+02	1.94840e+03	1.36857e+03	4.75456e+00	2.51120e+00	1.51439e+02	1.97639e+01	8.77844e+00	1.66202e+00	6.00000e+00	0.00000e+00
1.26276e+03	3.09849e+02	1.94696e+03	1.36878e+03	4.75659e+00	2.51262e+00	1.51439e+02	1.97773e+01	8.78827e+00	1.66283e+00	6.00000e+00	0.00000e+00
1.26603e+03	3.10000e+02	1.94552e+03	1.36898e+03	4.75861e+00	2.51403e+00	1.51439e+02	1.97907e+01	8.79810e+00	1.66364e+00	6.00000e+00	0.00000e+00
1.26931e+03	3.10150e+02	1.94408e+03	1.36919e+03	4.76063e+00	2.51544e+00	1.51439e+02	1.98042e+01	8.80793e+00	1.66445e+00	6.00000e+00	0.00000e+00
1.27259e+03	3.10301e+02	1.94264e+03	1.36939e+03	4.76265e+00	2.51686e+00	1.51439e+02	1.98176e+01	8.81776e+00	1.66526e+00	6.00000e+00	0.00000e+00
1.27586e+03	3.10451e+02	1.94120e+03	1.36960e+03	4.76466e+00	2.51827e+00	1.51439e+02	1.98310e+01	8.82759e+00	1.66608e+00	6.00000e+00	0.00000e+00
1.27914e+03	3.10601e+02	1.93977e+03	1.36980e+03	4.76668e+00	2.51968e+00	1.51439e+02	1.98445e+01	8.83742e+00	1.66689e+00	6.00000e+00	0.00000e+00
1.28242e+03	3.10751e+02	1.93833e+03	1.37001e+03	4.76870e+00	2.52109e+00	1.51439e+02	1.98579e+01	8.84725e+00	1.66771e+00	6.00000e+00	0.00000e+00
1.28569e+03	3.10902e+02	1.93690e+03	1.37021e+03	4.77071e+00	2.52250e+00	1.51439e+02	1.98713e+01	8.85708e+00	1.66853e+00	6.00000e+00	0.00000e+00
1.28897e+03	3.11052e+02	1.93547e+03	1.37042e+03	4.77273e+00	2.52391e+00	1.51439e+02	1.98848e+01	8.86691e+00	1.66936e+00	6.00000e+00	0.00000e+00
1.29225e+03	3.11202e+02	1.93404e+03	1.37062e+03	4.77474e+00	2.52531e+00	1.51439e+02	1.98982e+01	8.87674e+00	1.67018e+00	6.00000e+00	0.00000e+00
1.29552e+03	3.11352e+02	1.93260e+03	1.37083e+03	4.77676e+00	2.52672e+00	1.51439e+02	1.99116e+01	8.88657e+00	1.67101e+00	6.00000e+00	0.00000e+00
1.29880e+03	3.11502e+02	1.93117e+03	1.37103e+03	4.77877e+00	2.52813e+00	1.51439e+02	1.99251e+01	8.89640e+00	1.67184e+00	6.00000e+00	0.00000e+00
1.30208e+03	3.11651e+02	1.92974e+03	1.37123e+03	4.78078e+00	2.52953e+00	1.51439e+02	1.99385e+01	8.90623e+00	1.67267e+00	6.00000e+00	0.00000e+00
1.30535e+03	3.11801e+02	1.92832e+03	1.37144e+03	4.78279e+00	2.53094e+00	1.51439e+02	1.99519e+01	8.91606e+00	1.67351e+00	6.00000e+00	0.00000e+00
1.30863e+03	3.11951e+02	1.92689e+03	1.37164e+03	4.78480e+00	2.53234e+00	1.51439e+02	1.99654e+01	8.92589e+00	1.67435e+00	6.00000e+00	0.00000e+00
1.31191e+03	3.12100e+02	1.92546e+03	1.37184e+03	4.78681e+00	2.53374e+00	1.51439e+02	1.99788e+01	8.93572e+00	1.67519e+00	6.00000e+00	0.00000e+00
1.31518e+03	3.12250e+02	1.92404e+03	1.37205e+03	4.78882e+00	2.53515e+00	1.51439e+02	1.99922e+01	8.94555e+00	1.67603e+00	6.00000e+00	0.00000e+00
1.31846e+03	3.12400e+02	1.92261e+03	1.37225e+03	4.79083e+00	2.53655e+00	1.51439e+02	2.00057e+01	8.95538e+00	1.67687e+00	6.00000e+00	0.00000e+00
1.32174e+03	3.12549e+02	1.92119e+03	1.37245e+03	4.79283e+00	2.53795e+00	1.51439e+02	2.00191e+01	8.96521e+00	1.67772e+00	6.00000e+00	0.00000e+00
1.32501e+03	3.12698e+02	1.91977e+03	1.37266e+03	4.79484e+00	2.53935e+00	1.51439e+02	2.00326e+01	8.97504e+00	1.67857e+00	6.00000e+00	0.00000e+00
1.32829e+03	3.12847e+02	1.91834e+03	1.37286e+03	4.79684e+00	2.54075e+00	1.51439e+02	2.00460e+01	8.98487e+00	1.67942e+00	6.00000e+00	0.00000e+00
1.33157e+03	3.12997e+02	1.91692e+03	1.37306e+03	4.79885e+00	2.54215e+00	1.51439e+02	2.00594e+01	8.99470e+00	1.68027e+00	6.00000e+00	0.00000e+00
1.33484e+03	3.13146e+02	1.91550e+03	1.37326e+03	4.80085e+00	2.54354e+00	1.51439e+02	2.00729e+01	9.00453e+00	1.68113e+00	6.00000e+00	0.00000e+00
1.33812e+03	3.13295e+02	1.91408e+03	1.37346e+03	4.80286e+00	2.54494e+00	1.51439e+02	2.00863e+01	9.01436e+00	1.68199e+00	6.00000e+00	0.00000e+00
1.34140e+03	3.13445e+02	1.91267e+03	1.37367e+03	4.80486e+00	2.54634e+00	1.51439e+02	2.00997e+01	9.02419e+00	1.68285e+00	6.00000e+00	0.00000e+00
1.34467e+03	3.13594e+02	1.91125e+03	1.37387e+03	4.80686e+00	2.54773e+00	1.51439e+02	2.01132e+01	9.03402e+00	1.68371e+00	6.00000e+00	0.00000e+00
1.34795e+03	3.13743e+02	1.90983e+03	1.37407e+03	4.80886e+00	2.54913e+00	1.51439e+02	2.01266e+01	9.04385e+00	1.68457e+00	6.00000e+00	0.00000e+00
1.35123e+03	3.13892e+02	1.90842e+03	1.37427e+03	4.81086e+00	2.55052e+00	1.51439e+02	2.01400e+01	9.05368e+00	1.68544e+00	6.00000e+00	0.00000e+00
1.35450e+03	3.14041e+02	1.90700e+03	1.37447e+03	4.81286e+00	2.55191e+00	1.51439e+02	2.01535e+01	9.06351e+00	1.68631e+00	6.00000e+00	0.00000e+00
1.35778e+03	3.14190e+02	1.90559e+03	1.37468e+03	4.81485e+00	2.55331e+00	1.51439e+02	2.01669e+01	9.07334e+00	1.68718e+00	6.00000e+00	0.00000e+00
1.36106e+03	3.14339e+02	1.90418e+03	1.37488e+03	4.81685e+00	2.55470e+00	1.51439e+02	2.01803e+01	9.08317e+00	1.68806e+00	6.00000e+00	0.00000e+00
1.36433e+03	3.14488e+02	1.90276e+03	1.37508e+03	4.81885e+00	2.55609e+00	1.51439e+02	2.01938e+01	9.09300e+00	1.68893e+00	6.00000e+00	0.00000e+00
1.36761e+03	3.14637e+02	1.90135e+03	1.37528e+03	4.82084e+00	2.55748e+00	1.51439e+02	2.02072e+01	9.10283e+00	1.68981e+00	6.00000e+00	0.00000e+00
1.37089e+03	3.14786e+02	1.89994e+03	1.37548e+03	4.82284e+00	2.55887e+00	1.51439e+02	2.02206e+01	9.11266e+00	1.69069e+00	6.00000e+00	0.00000e+00
1.37416e+03	3.14935e+02	1.89854e+03	1.37568e+03	4.82483e+00	2.56026e+00	1.51439e+02	2.02341e+01	9.12249e+00	1.69158e+00	6.00000e+00	0.00000e+00
1.37744e+03	3.15084e+02	1.89713e+03	1.37588e+03	4.82683e+00	2.56165e+00	1.51439e+02	2.02475e+01	9.13232e+00	1.69246e+00	6.00000e+00	0.00000e+00
1.38072e+03	3.15233e+02	1.89572e+03	1.37608e+03	4.82882e+00	2.56303e+00	1.51439e+02	2.02609e+01	9.14215e+00	1.69335e+00	6.00000e+00	0.00000e+00
1.38399e+03	3.15382e+02	1.89431e+03	1.37628e+03	4.83081e+00	2.56442e+00	1.51439e+02	2.02744e+01	9.15198e+00	1.69424e+00	6.00000e+00	0.00000e+00
1.38727e+03	3.15531e+02	1.89291e+03	1.37648e+03	4.83280e+00	2.56581e+00	1.51439e+02	2.02878e+01	9.16181e+00	1.69514e+00	6.00000e+00	0.00000e+00
1.39055e+03	3.15680e+02	1.89151e+03	1.37668e+03	4.83479e+00	2.56719e+00	1.51439e+02	2.03012e+01	9.17164e+00	1.69603e+00	6.00000e+00	0.00000e+00
1.39382e+03	3.15830e+02	1.89010e+03	1.37688e+03	4.83678e+00	2.56858e+00	1.51439e+02	2.03147e+01	9.18147e+00	1.69693e+00	6.00000e+00	0.00000e+00
1.39710e+03	3.15979e+02	1.88870e+03	1.37708e+03	4.83877e+00	2.56996e+00	1.51439e+02	2.03281e+01	9.19130e+00	1.69783e+00	6.00000e+00	0.00000e+00
1.40037e+03	3.16128e+02	1.88730e+03	1.37728e+03	4.84075e+00	2.57134e+00	1.51439e+02	2.03415e+01	9.20112e+00	1.69873e+00	6.00000e+00	0.00000e+00
1.40365e+03	3.16277e+02	1.88590e+03	1.37748e+03	4.84274e+00	2.57273e+00	1.51439e+02	2.03550e+01	9.21095e+00	1.69964e+00	6.00000e+00	0.00000e+00
1.40693e+03	3.16426e+02	1.88450e+03	1.37768e+03	4.84473e+00	2.57411e+00	1.51439e+02	2.03684e+01	9.22078e+00	1.70054e+00	6.00000e+00	0.00000e+00
1.41020e+03	3.16575e+02	1.88310e+03	1.37788e+03	4.84671e+00	2.57549e+00	1.51439e+02	2.03818e+01	9.23061e+00	1.70145e+00	6.00000e+00	0.00000e+00
1.41348e+03	3.16724e+02	1.88170e+03	1.37807e+03	4.84870e+00	2.57687e+00	1.51439e+02	2.03953e+01	9.24044e+00	1.70237e+00	6.00000e+00	0.00000e+00
1.41676e+03	3.16873e+02	1.88031e+03	1.37827e+03	4.85068e+00	2.57825e+00	1.51439e+02	2.04087e+01	9.25027e+00	1.70328e+00	6.00000e+00	0.00000e+00
1.42003e+03	3.17023e+02	1.87891e+03	1.37847e+03	4.85266e+00	2.57963e+00	1.51439e+02	2.04221e+01	9.26010e+00	1.70420e+00	6.00000e+00	0.00000e+00
1.42331e+03	3.17172e+02	1.87752e+03	1.37867e+03	4.85465e+00	2.58100e+00	1.51439e+02	2.04356e+01	9.26993e+00	1.70512e+00	6.00000e+00	0.00000e+00
1.42659e+03	3.17322e+02	1.87612e+03	1.37887e+03	4.85663e+00	2.58238e+00	1.51439e+02	2.04490e+01	9.27976e+00	1.70604e+00	6.00000e+00	0.00000e+00
1.42986e+03	3.17471e+02	1.87473e+03	1.37907e+03	4.85861e+00	2.58376e+00	1.51439e+02	2.04624e+01	9.28959e+00	1.70696e+00	6.00000e+00	0.00000e+00
1.43314e+03	3.17620e+02	1.87334e+03	1.37926e+03	4.86059e+00	2.58513e+00	1.51439e+02	2.04759e+01	9.29942e+00	1.70789e+00	6.00000e+00	0.00000e+00
1.43642e+03	3.17770e+02	1.87195e+03	1.37946e+03	4.86257e+00	2.58651e+00	1.51439e+02	2.04893e+01	9.30925e+00	1.70882e+00	6.00000e+00	0.00000e+00
1.43969e+03	3.17919e+02	1.87056e+03	1.37966e+03	4.86454e+00	2.58788e+00	1.51439e+02	2.05027e+01	9.31908e+00	1.70975e+00	6.00000e+00	0.00000e+00
1.44297e+03	3.18068e+02	1.86917e+03	1.37986e+03	4.86652e+00	2.58926e+00	1.51439e+02	2.05162e+01	9.32891e+00	1.71068e+00	6.00000e+00	0.00000e+00
1.44625e+03	3.18218e+02	1.86778e+03	1.38005e+03	4.86850e+00	2.59063e+00	1.51439e+02	2.05296e+01	9.33874e+00	1.71162e+00	6.00000e+00	0.00000e+00
1.44952e+03	3.18368e+02	1.86639e+03	1.38025e+03	4.87047e+00	2.59200e+00	1.51439e+02	2.05431e+01	9.34857e+00	1.71256e+00	6.00000e+00	0.00000e+00
1.45280e+03	3.18518e+02	1.86501e+03	1.38045e+03	4.87245e+00	2.59338e+00	1.51439e+02	2.05565e+01	9.35840e+00	1.71350e+00	6.00000e+00	0.00000e+00
1.45608e+03	3.18668e+02	1.86362e+03	1.38064e+03	4.87442e+00	2.59475e+00	1.51439e+02	2.05699e+01	9.36823e+00	1.71444e+00	6.00000e+00	0.00000e+00
1.45935e+03	3.18818e+02	1.86224e+03	1.38084e+03	4.87640e+00	2.59612e+00	1.51439e+02	2.05834e+01	9.37806e+00	1.71539e+00	6.00000e+00	0.00000e+00
1.46263e+03	3.18967e+02	1.86086e+03	1.38104e+03	4.87837e+00	2.59749e+00	1.51439e+02	2.05968e+01	9.38789e+00	1.71633e+00	6.00000e+00	0.00000e+00
1.46591e+03	3.19117e+02	1.85947e+03	1.38123e+03	4.88034e+00	2.59885e+00	1.51439e+02	2.06102e+01	9.39772e+00	1.71728e+00	6.00000e+00	0.00000e+00
1.46918e+03	3.19267e+02	1.85809e+03	1.38143e+03	4.88231e+00	2.60022e+00	1.51439e+02	2.06237e+01	9.40755e+00	1.71824e+00	6.00000e+00	0.00000e+00
1.47246e+03	3.19417e+02	1.85671e+03	1.38163e+03	4.88428e+00	2.60159e+00	1.51439e+02	2.06371e+01	9.41738e+00	1.71919e+00	6.00000e+00	0.00000e+00
1.47574e+03	3.19568e+02	1.85533e+03	1.38182e+03	4.88625e+00	2.60296e+00	1.51439e+02	2.06505e+01	9.42721e+00	1.72015e+00	6.00000e+00	0.00000e+00
1.47901e+03	3.19718e+02	1.85395e+03	1.38202e+03	4.88822e+00	2.60432e+00	1.51439e+02	2.06640e+01	9.43704e+00	1.72111e+00	6.00000e+00	0.00000e+00
1.48229e+03	3.19868e+02	1.85258e+03	1.38221e+03	4.89019e+00	2.60569e+00	1.51439e+02	2.06774e+01	9.44687e+00	1.72207e+00	6.00000e+00	0.00000e+00
1.48557e+03	3.20019e+02	1.85120e+03	1.38241e+03	4.89216e+00	2.60705e+00	1.51439e+02	2.06908e+01	9.45670e+00	1.72304e+00	6.00000e+00	0.00000e+00
1.48884e+03	3.20169e+02	1.84983e+03	1.38260e+03	4.89413e+00	2.60842e+00	1.51439e+02	2.07043e+01	9.46653e+00	1.72400e+00	6.00000e+00	0.00000e+00
1.49212e+03	3.20320e+02	1.84845e+03	1.38280e+03	4.89609e+00	2.60978e+00	1.51439e+02	2.07177e+01	9.47636e+00	1.72497e+00	6.00000e+00	0.00000e+00
1.49540e+03	3.20470e+02	1.84708e+03	1.38299e+03	4.89806e+00	2.61114e+00	1.51439e+02	2.07311e+01	9.48619e+00	1.72595e+00	6.00000e+00	0.00000e+00
1.49867e+03	3.20621e+02	1.84571e+03	1.38319e+03	4.90002e+00	2.61251e+00	1.51439e+02	2.07446e+01	9.49602e+00	1.72692e+00	6.00000e+00	0.00000e+00
1.50195e+03	3.20772e+02	1.84433e+03	1.38338e+03	4.90199e+00	2.61387e+00	1.51439e+02	2.07580e+01	9.50585e+00	1.72790e+00	6.00000e+00	0.00000e+00
1.50523e+03	3.20923e+02	1.84296e+03	1.38358e+03	4.90395e+00	2.61523e+00	1.51439e+02	2.07714e+01	9.51568e+00	1.72888e+00	6.00000e+00	0.00000e+00
1.50850e+03	3.21074e+02	1.84159e+03	1.38377e+03	4.90591e+00	2.61659e+00	1.51439e+02	2.07849e+01	9.52551e+00	1.72986e+00	6.00000e+00	0.00000e+00
1.51178e+03	3.21226e+02	1.84022e+03	1.38396e+03	4.90787e+00	2.61795e+00	1.51439e+02	2.07983e+01	9.53534e+00	1.73085e+00	6.00000e+00	0.00000e+00
1.51506e+03	3.21377e+02	1.83886e+03	1.38416e+03	4.90983e+00	2.61930e+00	1.51439e+02	2.08117e+01	9.54517e+00	1.73183e+00	6.00000e+00	0.00000e+00
1.51833e+03	3.21528e+02	1.83749e+03	1.38435e+03	4.91179e+00	2.62066e+00	1.51439e+02	2.08252e+01	9.55500e+00	1.73282e+00	6.00000e+00	0.00000e+00
1.52161e+03	3.21679e+02	1.83612e+03	1.38455e+03	4.91375e+00	2.62202e+00	1.51439e+02	2.08386e+01	9.56483e+00	1.73381e+00	6.00000e+00	0.00000e+00
1.52489e+03	3.21831e+02	1.83476e+03	1.38474e+03	4.91571e+00	2.62338e+00	1.51439e+02	2.08520e+01	9.57466e+00	1.73481e+00	6.00000e+00	0.00000e+00
1.52816e+03	3.21983e+02	1.83340e+03	1.38493e+03	4.91767e+00	2.62473e+00	1.51439e+02	2.08655e+01	9.58449e+00	1.73580e+00	6.00000e+00	0.00000e+00
1.53144e+03	3.22135e+02	1.83203e+03	1.38512e+03	4.91963e+00	2.62609e+00	1.51439e+02	2.08789e+01	9.59432e+00	1.73680e+00	6.00000e+00	0.00000e+00
1.53472e+03	3.22287e+02	1.83067e+03	1.38532e+03	4.92158e+00	2.62744e+00	1.51439e+02	2.08923e+01	9.60415e+00	1.73781e+00	6.00000e+00	0.00000e+00
1.53799e+03	3.22439e+02	1.82931e+03	1.38551e+03	4.92354e+00	2.62880e+00	1.51439e+02	2.09058e+01	9.61398e+00	1.73881e+00	6.00000e+00	0.00000e+00
1.54127e+03	3.22591e+02	1.82795e+03	1.38570e+03	4.92549e+00	2.63015e+00	1.51439e+02	2.09192e+01	9.62381e+00	1.73982e+00	6.00000e+00	0.00000e+00
1.54455e+03	3.22743e+02	1.82659e+03	1.38589e+03	4.92745e+00	2.63150e+00	1.51439e+02	2.09326e+01	9.63364e+00	1.74083e+00	6.00000e+00	0.00000e+00
1.54782e+03	3.22895e+02	1.82523e+03	1.38609e+03	4.92940e+00	2.63285e+00	1.51439e+02	2.09461e+01	9.64347e+00	1.74184e+00	6.00000e+00	0.00000e+00
1.55110e+03	3.23048e+02	1.82388e+03	1.38628e+03	4.93135e+00	2.63420e+00	1.51439e+02	2.09595e+01	9.65330e+00	1.74285e+00	6.00000e+00	0.00000e+00
1.55438e+03	3.23201e+02	1.82252e+03	1.38647e+03	4.93331e+00	2.63555e+00	1.51439e+02	2.09729e+01	9.66313e+00	1.74387e+00	6.00000e+00	0.00000e+00
1.55765e+03	3.23354e+02	1.82117e+03	1.38666e+03	4.93526e+00	2.63690e+00	1.51439e+02	2.09864e+01	9.67296e+00	1.74489e+00	6.00000e+00	0.00000e+00
1.56093e+03	3.23507e+02	1.81981e+03	1.38685e+03	4.93721e+00	2.63825e+00	1.51439e+02	2.09998e+01	9.68279e+00	1.74591e+00	6.00000e+00	0.00000e+00
1.56421e+03	3.23660e+02	1.81846e+03	1.38704e+03	4.93916e+00	2.63960e+00	1.51439e+02	2.10132e+01	9.69262e+00	1.74693e+00	6.00000e+00	0.00000e+00
1.56748e+03	3.23812e+02	1.81711e+03	1.38724e+03	4.94111e+00	2.64095e+00	1.51439e+02	2.10267e+01	9.70245e+00	1.74796e+00	6.00000e+00	0.00000e+00
1.57076e+03	3.23966e+02	1.81576e+03	1.38743e+03	4.94306e+00	2.64230e+00	1.51439e+02	2.10401e+01	9.71228e+00	1.74899e+00	6.00000e+00	0.00000e+00
1.57404e+03	3.24120e+02	1.81441e+03	1.38762e+03	4.94500e+00	2.64364e+00	1.51439e+02	2.10536e+01	9.72211e+00	1.75002e+00	6.00000e+00	0.00000e+00
1.57731e+03	3.24273e+02	1.81306e+03	1.38781e+03	4.94695e+00	2.64499e+00	1.51439e+02	2.10670e+01	9.73194e+00	1.75106e+00	6.00000e+00	0.00000e+00
1.58059e+03	3.24427e+02	1.81171e+03	1.38800e+03	4.94890e+00	2.64633e+00	1.51439e+02	2.10804e+01	9.74177e+00	1.75209e+00	6.00000e+00	0.00000e+00
1.58387e+03	3.24581e+02	1.81036e+03	1.38819e+03	4.95084e+00	2.64768e+00	1.51439e+02	2.10939e+01	9.75160e+00	1.75313e+00	6.00000e+00	0.00000e+00
1.58714e+03	3.24735e+02	1.80901e+03	1.38838e+03	4.95279e+00	2.64902e+00	1.51439e+02	2.11073e+01	9.76143e+00	1.75417e+00	6.00000e+00	0.00000e+00
1.59042e+03	3.24889e+02	1.80767e+03	1.38857e+03	4.95473e+00	2.65037e+00	1.51439e+02	2.11207e+01	9.77126e+00	1.75522e+00	6.00000e+00	0.00000e+00
1.59370e+03	3.25043e+02	1.80633e+03	1.38876e+03	4.95667e+00	2.65171e+00	1.51439e+02	2.11342e+01	9.78109e+00	1.75626e+00	6.00000e+00	0.00000e+00
1.59697e+03	3.25198e+02	1.80498e+03	1.38895e+03	4.95862e+00	2.65305e+00	1.51439e+02	2.11476e+01	9.79092e+00	1.75731e+00	6.00000e+00	0.00000e+00
1.60025e+03	3.25353e+02	1.80364e+03	1.38914e+03	4.96056e+00	2.65439e+00	1.51439e+02	2.11610e+01	9.80075e+00	1.75837e+00	6.00000e+00	0.00000e+00
1.60353e+03	3.25508e+02	1.80230e+03	1.38933e+03	4.96250e+00	2.65573e+00	1.51439e+02	2.11745e+01	9.81058e+00	1.75942e+00	6.00000e+00	0.00000e+00
1.60680e+03	3.25663e+02	1.80096e+03	1.38952e+03	4.96444e+00	2.65707e+00	1.51439e+02	2.11879e+01	9.82041e+00	1.76048e+00	6.00000e+00	0.00000e+00
1.61008e+03	3.25818e+02	1.79962e+03	1.38970e+03	4.96638e+00	2.65841e+00	1.51439e+02	2.12013e+01	9.83024e+00	1.76154e+00	6.00000e+00	0.00000e+00
1.61336e+03	3.25973e+02	1.79828e+03	1.38989e+03	4.96832e+00	2.65975e+00	1.51439e+02	2.12148e+01	9.84007e+00	1.76260e+00	6.00000e+00	0.00000e+00
1.61663e+03	3.26128e+02	1.79694e+03	1.39008e+03	4.97026e+00	2.66109e+00	1.51439e+02	2.12282e+01	9.84990e+00	1.76366e+00	6.00000e+00	0.00000e+00
1.61991e+03	3.26283e+02	1.79561e+03	1.39027e+03	4.97220e+00	2.66243e+00	1.51439e+02	2.12416e+01	9.85973e+00	1.76473e+00	6.00000e+00	0.00000e+00
1.62319e+03	3.26440e+02	1.79427e+03	1.39046e+03	4.97413e+00	2.66376e+00	1.51439e+02	2.12551e+01	9.86956e+00	1.76580e+00	6.00000e+00	0.00000e+00
1.62646e+03	3.26596e+02	1.79294e+03	1.39065e+03	4.97607e+00	2.66510e+00	1.51439e+02	2.12685e+01	9.87939e+00	1.76687e+00	6.00000e+00	0.00000e+00
1.62974e+03	3.26753e+02	1.79160e+03	1.39083e+03	4.97800e+00	2.66644e+00	1.51439e+02	2.12819e+01	9.88922e+00	1.76795e+00	6.00000e+00	0.00000e+00
1.63302e+03	3.26909e+02	1.79027e+03	1.39102e+03	4.97994e+00	2.66777e+00	1.51439e+02	2.12954e+01	9.89905e+00	1.76902e+00	6.00000e+00	0.00000e+00
1.63629e+03	3.27066e+02	1.78894e+03	1.39121e+03	4.98187e+00	2.66910e+00	1.51439e+02	2.13088e+01	9.90888e+00	1.77010e+00	6.00000e+00	0.00000e+00
1.63957e+03	3.27222e+02	1.78761e+03	1.39140e+03	4.98381e+00	2.67044e+00	1.51439e+02	2.13222e+01	9.91871e+00	1.77119e+00	6.00000e+00	0.00000e+00
1.64285e+03	3.27378e+02	1.78628e+03	1.39158e+03	4.98574e+00	2.67177e+00	1.51439e+02	2.13357e+01	9.92854e+00	1.77227e+00	6.00000e+00	0.00000e+00
1.64612e+03	3.27535e+02	1.78495e+03	1.39177e+03	4.98767e+00	2.67310e+00	1.51439e+02	2.13491e+01	9.93837e+00	1.77336e+00	6.00000e+00	0.00000e+00
1.64940e+03	3.27693e+02	1.78362e+03	1.39196e+03	4.98960e+00	2.67443e+00	1.51439e+02	2.13625e+01	9.94820e+00	1.77445e+00	6.00000e+00	0.00000e+00
1.65268e+03	3.27851e+02	1.78230e+03	1.39214e+03	4.99153e+00	2.67577e+00	1.51439e+02	2.13760e+01	9.95803e+00	1.77554e+00	6.00000e+00	0.00000e+00
1.65595e+03	3.28009e+02	1.78097e+03	1.39233e+03	4.99346e+00	2.67710e+00	1.51439e+02	2.13894e+01	9.96786e+00	1.77664e+00	6.00000e+00	0.00000e+00
1.65923e+03	3.28167e+02	1.77965e+03	1.39252e+03	4.99539e+00	2.67843e+00	1.51439e+02	2.14028e+01	9.97769e+00	1.77773e+00	6.00000e+00	0.00000e+00
1.66251e+03	3.28325e+02	1.77832e+03	1.39270e+03	4.99732e+00	2.67976e+00	1.51439e+02	2.14163e+01	9.98752e+00	1.77883e+00	6.00000e+00	0.00000e+00
1.66578e+03	3.28482e+02	1.77700e+03	1.39289e+03	4.99925e+00	2.68108e+00	1.51439e+02	2.14297e+01	9.99735e+00	1.77994e+00	6.00000e+00	0.00000e+00
1.66906e+03	3.28640e+02	1.77568e+03	1.39307e+03	5.00118e+00	2.68241e+00	1.51439e+02	2.14431e+01	1.00072e+01	1.78104e+00	6.00000e+00	0.00000e+00
1.67234e+03	3.28799e+02	1.77436e+03	1.39326e+03	5.00310e+00	2.68374e+00	1.51439e+02	2.14566e+01	1.00170e+01	1.78215e+00	6.00000e+00	0.00000e+00
1.67561e+03	3.28958e+02	1.77304e+03	1.39345e+03	5.00503e+00	2.68507e+00	1.51439e+02	2.14700e+01	1.00268e+01	1.78326e+00	6.00000e+00	0.00000e+00
1.67889e+03	3.29118e+02	1.77172e+03	1.39363e+03	5.00695e+00	2.68639e+00	1.51439e+02	2.14834e+01	1.00367e+01	1.78437e+00	6.00000e+00	0.00000e+00
1.68217e+03	3.29277e+02	1.77041e+03	1.39382e+03	5.00888e+00	2.68772e+00	1.51439e+02	2.14969e+01	1.00465e+01	1.78549e+00	6.00000e+00	0.00000e+00
1.68544e+03	3.29437e+02	1.76909e+03	1.39400e+03	5.01080e+00	2.68904e+00	1.51439e+02	2.15103e+01	1.00563e+01	1.78661e+00	6.00000e+00	0.00000e+00
1.68872e+03	3.29596e+02	1.76777e+03	1.39418e+03	5.01273e+00	2.69037e+00	1.51439e+02	2.15237e+01	1.00662e+01	1.78773e+00	6.00000e+00	0.00000e+00
1.69200e+03	3.29755e+02	1.76646e+03	1.39437e+03	5.01465e+00	2.69169e+00	1.51439e+02	2.15372e+01	1.00760e+01	1.78885e+00	6.00000e+00	0.00000e+00
1.69527e+03	3.29915e+02	1.76515e+03	1.39455e+03	5.01657e+00	2.69301e+00	1.51439e+02	2.15506e+01	1.00858e+01	1.78998e+00	6.00000e+00	0.00000e+00
1.69855e+03	3.30075e+02	1.76383e+03	1.39474e+03	5.01849e+00	2.69434e+00	1.51439e+02	2.15641e+01	1.00956e+01	1.79111e+00	6.00000e+00	0.00000e+00
1.70183e+03	3.30237e+02	1.76252e+03	1.39492e+03	5.02041e+00	2.69566e+00	1.51439e+02	2.15775e+01	1.01055e+01	1.79224e+00	6.00000e+00	0.00000e+00
1.70510e+03	3.30398e+02	1.76121e+03	1.39511e+03	5.02233e+00	2.69698e+00	1.51439e+02	2.15909e+01	1.01153e+01	1.79337e+00	6.00000e+00	0.00000e+00
1.70838e+03	3.30559e+02	1.75990e+03	1.39529e+03	5.02425e+00	2.69830e+00	1.51439e+02	2.16044e+01	1.01251e+01	1.79451e+00	6.00000e+00	0.00000e+00
1.71166e+03	3.30720e+02	1.75859e+03	1.39547e+03	5.02617e+00	2.69962e+00	1.51439e+02	2.16178e+01	1.01350e+01	1.79565e+00	6.00000e+00	0.00000e+00
1.71493e+03	3.30881e+02	1.75729e+03	1.39566e+03	5.02809e+00	2.70094e+00	1.51439e+02	2.16312e+01	1.01448e+01	1.79679e+00	6.00000e+00	0.00000e+00
1.71821e+03	3.31042e+02	1.75598e+03	1.39584e+03	5.03000e+00	2.70226e+00	1.51439e+02	2.16447e+01	1.01546e+01	1.79793e+00	6.00000e+00	0.00000e+00
1.72149e+03	3.31203e+02	1.75467e+03	1.39602e+03	5.03192e+00	2.70358e+00	1.51439e+02	2.16581e+01	1.01645e+01	1.79908e+00	6.00000e+00	0.00000e+00
1.72476e+03	3.31366e+02	1.75337e+03	1.39620e+03	5.03384e+00	2.70489e+00	1.51439e+02	2.16715e+01	1.01743e+01	1.80023e+00	6.00000e+00	0.00000e+00
1.72804e+03	3.31529e+02	1.75207e+03	1.39639e+03	5.03575e+00	2.70621e+00	1.51439e+02	2.16850e+01	1.01841e+01	1.80138e+00	6.00000e+00	0.00000e+00
1.73132e+03	3.31692e+02	1.75076e+03	1.39657e+03	5.03766e+00	2.70753e+00	1.51439e+02	2.16984e+01	1.01939e+01	1.80254e+00	6.00000e+00	0.00000e+00
1.73459e+03	3.31855e+02	1.74946e+03	1.39675e+03	5.03958e+00	2.70884e+00	1.51439e+02	2.17118e+01	1.02038e+01	1.80369e+00	6.00000e+00	0.00000e+00
1.73787e+03	3.32018e+02	1.74816e+03	1.39693e+03	5.04149e+00	2.71016e+00	1.51439e+02	2.17253e+01	1.02136e+01	1.80485e+00	6.00000e+00	0.00000e+00
1.74115e+03	3.32180e+02	1.74686e+03	1.39711e+03	5.04340e+00	2.71147e+00	1.51439e+02	2.17387e+01	1.02234e+01	1.80602e+00	6.00000e+00	0.00000e+00
1.74442e+03	3.32343e+02	1.74556e+03	1.39730e+03	5.04531e+00	2.71278e+00	1.51439e+02	2.17521e+01	1.02333e+01	1.80718e+00	6.00000e+00	0.00000e+00
1.74770e+03	3.32507e+02	1.74427e+03	1.39748e+03	5.04723e+00	2.71410e+00	1.51439e+02	2.17656e+01	1.02431e+01	1.80835e+00	6.00000e+00	0.00000e+00
1.75098e+03	3.32671e+02	1.74297e+03	1.39766e+03	5.04914e+00	2.71541e+00	1.51439e+02	2.17790e+01	1.02529e+01	1.80952e+00	6.00000e+00	0.00000e+00
1.75425e+03	3.32836e+02	1.74167e+03	1.39784e+03	5.05105e+00	2.71672e+00	1.51439e+02	2.17924e+01	1.02628e+01	1.81069e+00	6.00000e+00	0.00000e+00
1.75753e+03	3.33001e+02	1.74038e+03	1.39802e+03	5.05295e+00	2.71803e+00	1.51439e+02	2.18059e+01	1.02726e+01	1.81187e+00	6.00000e+00	0.00000e+00
1.76081e+03	3.33166e+02	1.73909e+03	1.39820e+03	5.05486e+00	2.71935e+00	1.51439e+02	2.18193e+01	1.02824e+01	1.81305e+00	6.00000e+00	0.00000e+00
1.76408e+03	3.33330e+02	1.73779e+03	1.39838e+03	5.05677e+00	2.72066e+00	1.51439e+02	2.18327e+01	1.02922e+01	1.81423e+00	6.00000e+00	0.00000e+00
1.76736e+03	3.33495e+02	1.73650e+03	1.39856e+03	5.05868e+00	2.72197e+00	1.51439e+02	2.18462e+01	1.03021e+01	1.81541e+00	6.00000e+00	0.00000e+00
1.77064e+03	3.33660e+02	1.73521e+03	1.39874e+03	5.06058e+00	2.72327e+00	1.51439e+02	2.18596e+01	1.03119e+01	1.81660e+00	6.00000e+00	0.00000e+00
1.77391e+03	3.33826e+02	1.73392e+03	1.39892e+03	5.06249e+00	2.72458e+00	1.51439e+02	2.18730e+01	1.03217e+01	1.81779e+00	6.00000e+00	0.00000e+00
1.77719e+03	3.33992e+02	1.73263e+03	3.64503e+03	5.93173e+00	2.18322e+00	2.18055e+12	1.05087e+02	1.73739e+01	1.81898e+00	5.00000e+01	0.00000e+00
1.87152e+03	3.43524e+02	1.71841e+03	3.64174e+03	6.04776e+00	2.29327e+00	1.17737e+12	1.07655e+02	1.91678e+01	1.81898e+00	5.00000e+01	0.00000e+00
1.96576e+03	3.52978e+02	1.70418e+03	3.63490e+03	6.22278e+00	2.45701e+00	6.60069e+11	1.11496e+02	2.19435e+01	1.81898e+00	5.00000e+01	0.00000e+00
2.05982e+03	3.62356e+02	1.68995e+03	3.61426e+03	7.04794e+00	3.46645e+00	3.82901e+11	1.19753e+02	4.60569e+01	1.81898e+00	5.00000e+01	0.00000e+00
2.15335e+03	3.71657e+02	1.67573e+03	3.60080e+03	7.55772e+00	4.03859e+00	2.29014e+11	1.26776e+02	5.93858e+01	1.81898e+00	5.00000e+01	0.00000e+00
2.24654e+03	3.80881e+02	1.66150e+03	3.60452e+03	7.73500e+00	4.25281e+00	1.40914e+11	1.28735e+02	6.51929e+01	1.81898e+00	5.00000e+01	0.00000e+00
2.33981e+03	3.90028e+02	1.64727e+03	3.60643e+03	7.73949e+00	4.25343e+00	8.90633e+10	1.29029e+02	6.52464e+01	1.81898e+00	5.00000e+01	0.00000e+00
2.43314e+03	3.99099e+02	1.63305e+03	3.61603e+03	7.79600e+00	4.28404e+00	5.76952e+10	1.31288e+02	6.63653e+01	1.81898e+00	5.00000e+01	0.00000e+00
2.52672e+03	4.08093e+02	1.61882e+03	3.62482e+03	7.82489e+00	4.29620e+00	3.82466e+10	1.32738e+02	6.69046e+01	1.81898e+00	5.00000e+01	0.00000e+00
2.62052e+03	4.17011e+02	1.60459e+03	3.62709e+03	7.83132e+00	4.29814e+00	2.58996e+10	1.33105e+02	6.70070e+01	1.81898e+00	5.00000e+01	0.00000e+00
2.71439e+03	4.25852e+02	1.59037e+03	3.62861e+03	7.83441e+00	4.29819e+00	1.78835e+10	1.33335e+02	6.70367e+01	1.81898e+00	5.00000e+01	0.00000e+00
2.80829e+03	4.34617e+02	1.57614e+03	3.63188e+03	7.84554e+00	4.30282e+00	1.25736e+10	1.33896e+02	6.72417e+01	1.81898e+00	5.00000e+01	0.00000e+00
2.90228e+03	4.43305e+02	1.56191e+03	3.63575e+03	7.85957e+00	4.30914e+00	8.99070e+09	1.34576e+02	6.75113e+01	1.81898e+00	5.00000e+01	0.00000e+00
2.99636e+03	4.51917e+02	1.54769e+03	3.63681e+03	7.86065e+00	4.30805e+00	6.53077e+09	1.34722e+02	6.74967e+01	1.81898e+00	5.00000e+01	0.00000e+00
3.09048e+03	4.60452e+02	1.53346e+03	3.63914e+03	7.86673e+00	4.30968e+00	4.81366e+09	1.35089e+02	6.75911e+01	1.81898e+00	5.00000e+01	0.00000e+00
3.18465e+03	4.68912e+02	1.51923e+03	3.64309e+03	7.87018e+00	4.30813e+00	3.59694e+09	1.35498e+02	6.76157e+01	1.81898e+00	5.00000e+01	0.00000e+00
3.27893e+03	4.77294e+02	1.50501e+03	3.64512e+03	7.87903e+00	4.31197e+00	2.72258e+09	1.35921e+02	6.77743e+01	1.81898e+00	5.00000e+01	0.00000e+00
3.37326e+03	4.85601e+02	1.49078e+03	3.64712e+03	7.88744e+00	4.31553e+00	2.08565e+09	1.36329e+02	6.79231e+01	1.81898e+00	5.00000e+01	0.00000e+00
3.46764e+03	4.93832e+02	1.47655e+03	3.64923e+03	7.89762e+00	4.32042e+00	1.61585e+09	1.36789e+02	6.81166e+01	1.81898e+00	5.00000e+01	0.00000e+00
3.56207e+03	5.01986e+02	1.46233e+03	3.65118e+03	7.90526e+00	4.32354e+00	1.26521e+09	1.37172e+02	6.82515e+01	1.81898e+00	5.00000e+01	0.00000e+00
3.65656e+03	5.10064e+02	1.44810e+03	3.65297e+03	7.91000e+00	4.32462e+00	1.00059e+09	1.37467e+02	6.83190e+01	1.81898e+00	5.00000e+01	0.00000e+00
3.75109e+03	5.18066e+02	1.43387e+03	3.65475e+03	7.91465e+00	4.32563e+00	7.98790e+08	1.37761e+02	6.83845e+01	1.81898e+00	5.00000e+01	0.00000e+00
3.84567e+03	5.25993e+02	1.41964e+03	3.65652e+03	7.91941e+00	4.32672e+00	6.43366e+08	1.38057e+02	6.84519e+01	1.81898e+00	5.00000e+01	0.00000e+00
3.94030e+03	5.33843e+02	1.40542e+03	3.65831e+03	7.92416e+00	4.32780e+00	5.22542e+08	1.38354e+02	6.85197e+01	1.81898e+00	5.00000e+01	0.00000e+00
4.03497e+03	5.41618e+02	1.39119e+03	3.66011e+03	7.92888e+00	4.32888e+00	4.27782e+08	1.38650e+02	6.85875e+01	1.81898e+00	5.00000e+01	0.00000e+00
4.12968e+03	5.49317e+02	1.37696e+03	3.66190e+03	7.93366e+00	4.32999e+00	3.52842e+08	1.38949e+02	6.86564e+01	1.81898e+00	5.00000e+01	0.00000e+00
4.22445e+03	5.56940e+02	1.36274e+03	3.66367e+03	7.93862e+00	4.33122e+00	2.93105e+08	1.39253e+02	6.87285e+01	1.81898e+00	5.00000e+01	0.00000e+00
4.31926e+03	5.64487e+02	1.34851e+03	3.66549e+03	7.94337e+00	4.33233e+00	2.45127e+08	1.39551e+02	6.87980e+01	1.81898e+00	5.00000e+01	0.00000e+00
4.41411e+03	5.71960e+02	1.33428e+03	3.66729e+03	7.94827e+00	4.33353e+00	2.06317e+08	1.39854e+02	6.88698e+01	1.81898e+00	5.00000e+01	0.00000e+00
4.50902e+03	5.79356e+02	1.32006e+03	3.66911e+03	7.95327e+00	4.33482e+00	1.74711e+08	1.40161e+02	6.89451e+01	1.81898e+00	5.00000e+01	0.00000e+00
4.60397e+03	5.86677e+02	1.30583e+03	3.67095e+03	7.95825e+00	4.33610e+00	1.48804e+08	1.40468e+02	6.90202e+01	1.81898e+00	5.00000e+01	0.00000e+00
4.69897e+03	5.93923e+02	1.29160e+03	3.67512e+03	7.96987e+00	4.34291e+00	1.27437e+08	1.41018e+02	6.93158e+01	1.81898e+00	5.00000e+01	0.00000e+00
4.79407e+03	6.01094e+02	1.27738e+03	3.67676e+03	7.97457e+00	4.34391e+00	1.09717e+08	1.41314e+02	6.93788e+01	1.81898e+00	5.00000e+01	0.00000e+00
4.88922e+03	6.08190e+02	1.26315e+03	3.67977e+03	7.98305e+00	4.34808e+00	9.49334e+07	1.41750e+02	6.95691e+01	1.81898e+00	5.00000e+01	0.00000e+00
4.98445e+03	6.15210e+02	1.24892e+03	3.68417e+03	7.99547e+00	4.35552e+00	8.25357e+07	1.42332e+02	6.98909e+01	1.81898e+00	5.00000e+01	0.00000e+00
5.07979e+03	6.22156e+02	1.23470e+03	3.68864e+03	8.00814e+00	4.36317e+00	7.20876e+07	1.42925e+02	7.02216e+01	1.81898e+00	5.00000e+01	0.00000e+00
5.17524e+03	6.29027e+02	1.22047e+03	3.70460e+03	8.11878e+00	4.42977e+00	6.32391e+07	1.47294e+02	7.27172e+01	1.81898e+00	5.00000e+01	0.00000e+00
5.27111e+03	6.35824e+02	1.20624e+03	3.72024e+03	8.22243e+00	4.49273e+00	5.57222e+07	1.51397e+02	7.50916e+01	1.81898e+00	5.00000e+01	0.00000e+00
5.36738e+03	6.42545e+02	1.19202e+03	3.72583e+03	8.19448e+00	4.48314e+00	4.93059e+07	1.50343e+02	7.48838e+01	1.81898e+00	5.00000e+01	0.00000e+00
5.46380e+03	6.49193e+02	1.17779e+03	3.72773e+03	8.19875e+00	4.48405e+00	4.37963e+07	1.50640e+02	7.49523e+01	1.81898e+00	5.00000e+01	0.00000e+00
5.56027e+03	6.55766e+02	1.16356e+03	3.72891e+03	8.20747e+00	4.48611e+00	3.90429e+07	1.51129e+02	7.50450e+01	1.81898e+00	5.00000e+01	0.00000e+00
5.65677e+03	6.62265e+02	1.14934e+03	3.73339e+03	8.19132e+00	4.48078e+00	3.49255e+07	1.50560e+02	7.49569e+01	1.81898e+00	5.00000e+01	0.00000e+00
5.75338e+03	6.68690e+02	1.13511e+03	3.73523e+03	8.19650e+00	4.48208e+00	3.13475e+07	1.50893e+02	7.50372e+01	1.81898e+00	5.00000e+01	0.00000e+00
5.85004e+03	6.75041e+02	1.12088e+03	3.73858e+03	8.19174e+00	4.48075e+00	2.82254e+07	1.50796e+02	7.50600e+01	1.81898e+00	5.00000e+01	0.00000e+00
5.94679e+03	6.81318e+02	1.10665e+03	3.74099e+03	8.19323e+00	4.48112e+00	2.54925e+07	1.50968e+02	7.51208e+01	1.81898e+00	5.00000e+01	0.00000e+00
6.04360e+03	6.87522e+02	1.09243e+03	3.74319e+03	8.19669e+00	4.48216e+00	2.30919e+07	1.51222e+02	7.51998e+01	1.81898e+00	5.00000e+01	0.00000e+00
6.14047e+03	6.93652e+02	1.07820e+03	3.74619e+03	8.19616e+00	4.48243e+00	2.09763e+07	1.51299e+02	7.52690e+01	1.81898e+00	5.00000e+01	0.00000e+00
6.23741e+03	6.99709e+02	1.06397e+03	3.74761e+03	8.20290e+00	4.48391e+00	1.91063e+07	1.51704e+02	7.53475e+01	1.81898e+00	5.00000e+01	0.00000e+00
6.33439e+03	7.05694e+02	1.04975e+03	3.75035e+03	8.20431e+00	4.48473e+00	1.74481e+07	1.51865e+02	7.54299e+01	1.81898e+00	5.00000e+01	0.00000e+00
6.43145e+03	7.11605e+02	1.03552e+03	3.75241e+03	8.20924e+00	4.48634e+00	1.59738e+07	1.52180e+02	7.55257e+01	1.81898e+00	5.00000e+01	0.00000e+00
6.52855e+03	7.17444e+02	1.02129e+03	3.75444e+03	8.21416e+00	4.48789e+00	1.46592e+07	1.52497e+02	7.56188e+01	1.81898e+00	5.00000e+01	0.00000e+00
6.62571e+03	7.23211e+02	1.00707e+03	3.75643e+03	8.21906e+00	4.48935e+00	1.34840e+07	1.52814e+02	7.57083e+01	1.81898e+00	5.00000e+01	0.00000e+00
6.72292e+03	7.28905e+02	9.92840e+02	3.75866e+03	8.22382e+00	4.49112e+00	1.24305e+07	1.53119e+02	7.58127e+01	1.81898e+00	5.00000e+01	0.00000e+00
6.82019e+03	7.34528e+02	9.78613e+02	3.76273e+03	8.23530e+00	4.49838e+00	1.14840e+07	1.53669e+02	7.61408e+01	1.81898e+00	5.00000e+01	0.00000e+00
6.91756e+03	7.40079e+02	9.64387e+02	3.76859e+03	8.25121e+00	4.50940e+00	1.06317e+07	1.54397e+02	7.66331e+01	1.81898e+00	5.00000e+01	0.00000e+00
7.01509e+03	7.45559e+02	9.50160e+02	3.77395e+03	8.26273e+00	4.51674e+00	9.86267e+06	1.55002e+02	7.69920e+01	1.81898e+00	5.00000e+01	0.00000e+00
7.11275e+03	7.50968e+02	9.35933e+02	3.77670e+03	8.26878e+00	4.51885e+00	9.16713e+06	1.55396e+02	7.71203e+01	1.81898e+00	5.00000e+01	0.00000e+00
7.21048e+03	7.56307e+02	9.21706e+02	3.77777e+03	8.27853e+00	4.52441e+00	8.53638e+06	1.55796e+02	7.73324e+01	1.81898e+00	5.00000e+01	0.00000e+00
7.30825e+03	7.61575e+02	9.07479e+02	3.78083e+03	8.28789e+00	4.52977e+00	7.96302e+06	1.56264e+02	7.75782e+01	1.81898e+00	5.00000e+01	0.00000e+00
7.40609e+03	7.66773e+02	8.93252e+02	3.79135e+03	8.29454e+00	4.53325e+00	7.44093e+06	1.56958e+02	7.79138e+01	1.81898e+00	5.00000e+01	0.00000e+00
7.50420e+03	7.71902e+02	8.79026e+02	3.79009e+03	8.30072e+00	4.53527e+00	6.96516e+06	1.57202e+02	7.79573e+01	1.81898e+00	5.00000e+01	0.00000e+00
7.60228e+03	7.76961e+02	8.64799e+02	3.79510e+03	8.30739e+00	4.53946e+00	6.52988e+06	1.57638e+02	7.82044e+01	1.81898e+00	5.00000e+01	0.00000e+00
7.70049e+03	7.81952e+02	8.50572e+02	3.79575e+03	8.30887e+00	4.54333e+00	6.13130e+06	1.57580e+02	7.83514e+01	1.81898e+00	5.00000e+01	0.00000e+00
7.79872e+03	7.86875e+02	8.36345e+02	3.79808e+03	8.31512e+00	4.54927e+00	5.76540e+06	1.57798e+02	7.86044e+01	1.81898e+00	5.00000e+01	0.00000e+00
7.89701e+03	7.91730e+02	8.22118e+02	3.80022e+03	8.31674e+00	4.55375e+00	5.42899e+06	1.57782e+02	7.88040e+01	1.81898e+00	5.00000e+01	0.00000e+00
7.99535e+03	7.96518e+02	8.07892e+02	3.80155e+03	8.32121e+00	4.55870e+00	5.11916e+06	1.57892e+02	7.90030e+01	1.81898e+00	5.00000e+01	0.00000e+00
8.09373e+03	8.01240e+02	7.93665e+02	3.79982e+03	8.31851e+00	4.56304e+00	4.83326e+06	1.57450e+02	7.91174e+01	1.81898e+00	5.00000e+01	0.00000e+00
8.19206e+03	8.05895e+02	7.79438e+02	3.80497e+03	8.33062e+00	4.56786e+00	4.56890e+06	1.58206e+02	7.93921e+01	1.81898e+00	5.00000e+01	0.00000e+00
8.29053e+03	8.10485e+02	7.65211e+02	3.80744e+03	8.33478e+00	4.56866e+00	4.32432e+06	1.58536e+02	7.94715e+01	1.81898e+00	5.00000e+01	0.00000e+00
8.38906e+03	8.15011e+02	7.50984e+02	3.80919e+03	8.34271e+00	4.57205e+00	4.09758e+06	1.58954e+02	7.96260e+01	1.81898e+00	5.00000e+01	0.00000e+00
8.48763e+03	8.19473e+02	7.36758e+02	3.81147e+03	8.34852e+00	4.57394e+00	3.88702e+06	1.59332e+02	7.97396e+01	1.81898e+00	5.00000e+01	0.00000e+00
8.58627e+03	8.23873e+02	7.22531e+02	3.81356e+03	8.35453e+00	4.57606e+00	3.69120e+06	1.59703e+02	7.98571e+01	1.81898e+00	5.00000e+01	0.00000e+00
8.68496e+03	8.28210e+02	7.08304e+02	3.81570e+03	8.36054e+00	4.57815e+00	3.50879e+06	1.60079e+02	7.99752e+01	1.81898e+00	5.00000e+01	0.00000e+00
8.78370e+03	8.32486e+02	6.94077e+02	3.81754e+03	8.36691e+00	4.58057e+00	3.33862e+06	1.60450e+02	8.00983e+01	1.81898e+00	5.00000e+01	0.00000e+00
8.88249e+03	8.36703e+02	6.79850e+02	3.81966e+03	8.37305e+00	4.58276e+00	3.17962e+06	1.60830e+02	8.02191e+01	1.81898e+00	5.00000e+01	0.00000e+00
8.98134e+03	8.40860e+02	6.65623e+02	3.82179e+03	8.37908e+00	4.58487e+00	3.03083e+06	1.61207e+02	8.03379e+01	1.81898e+00	5.00000e+01	0.00000e+00
9.08024e+03	8.44961e+02	6.51397e+02	3.82361e+03	8.38567e+00	4.58749e+00	2.89139e+06	1.61584e+02	8.04680e+01	1.81898e+00	5.00000e+01	0.00000e+00
9.17919e+03	8.49005e+02	6.37170e+02	3.82542e+03	8.39204e+00	4.58995e+00	2.76051e+06	1.61954e+02	8.05926e+01	1.81898e+00	5.00000e+01	0.00000e+00
9.27818e+03	8.52994e+02	6.22943e+02	3.82812e+03	8.39760e+00	4.59161e+00	2.63747e+06	1.62348e+02	8.07079e+01	1.81898e+00	5.00000e+01	0.00000e+00
9.37725e+03	8.56931e+02	6.08716e+02	3.83040e+03	8.40354e+00	4.59366e+00	2.52164e+06	1.62730e+02	8.08279e+01	1.81898e+00	5.00000e+01	0.00000e+00
9.47637e+03	8.60816e+02	5.94489e+02	3.83196e+03	8.41046e+00	4.59658e+00	2.41241e+06	1.63106e+02	8.09638e+01	1.81898e+00	5.00000e+01	0.00000e+00
9.57554e+03	8.64652e+02	5.80263e+02	3.83393e+03	8.41691e+00	4.59906e+00	2.30924e+06	1.63489e+02	8.10929e+01	1.81898e+00	5.00000e+01	0.00000e+00
9.67475e+03	8.68441e+02	5.66036e+02	3.87245e+03	8.20209e+00	4.46398e+00	2.21164e+06	1.57812e+02	7.74205e+01	1.81898e+00	5.00000e+01	0.00000e+00
9.77496e+03	8.72185e+02	5.51809e+02	4.01078e+03	7.40915e+00	3.96814e+00	2.11960e+06	1.36474e+02	6.38276e+01	1.81898e+00	5.00000e+01	0.00000e+00
9.87876e+03	8.75888e+02	5.37582e+02	4.16645e+03	6.59337e+00	3.45925e+00	2.03372e+06	1.14782e+02	5.00377e+01	1.81898e+00	5.00000e+01	0.00000e+00
9.98658e+03	8.79551e+02	5.23355e+02	4.19285e+03	6.46050e+00	3.37363e+00	1.95345e+06	1.11371e+02	4.77193e+01	1.81898e+00	5.00000e+01	0.00000e+00
1.00951e+04	8.83179e+02	5.09129e+02	4.19670e+03	6.45920e+00	3.37030e+00	1.87686e+06	1.11532e+02	4.76699e+01	1.81898e+00	5.00000e+01	0.00000e+00
1.02037e+04	8.86774e+02	4.94902e+02	4.19048e+03	6.45560e+00	3.36130e+00	1.80339e+06	1.11510e+02	4.73456e+01	1.81898e+00	5.00000e+01	0.00000e+00
1.03121e+04	8.90342e+02	4.80675e+02	4.19495e+03	6.45839e+00	3.36101e+00	1.73271e+06	1.11791e+02	4.73878e+01	1.81898e+00	5.00000e+01	0.00000e+00
1.04207e+04	8.93885e+02	4.66448e+02	4.19880e+03	6.46644e+00	3.36454e+00	1.66467e+06	1.12197e+02	4.75309e+01	1.81898e+00	5.00000e+01	0.00000e+00
1.05293e+04	8.97411e+02	4.52221e+02	4.20739e+03	6.43755e+00	3.34258e+00	1.59902e+06	1.11685e+02	4.70088e+01	1.81898e+00	5.00000e+01	0.00000e+00
1.06382e+04	9.00924e+02	4.37994e+02	4.21558e+03	6.40985e+00	3.32097e+00	1.53557e+06	1.11211e+02	4.64930e+01	1.81898e+00	5.00000e+01	0.00000e+00
1.07473e+04	9.04431e+02	4.23768e+02	4.22019e+03	6.41203e+00	3.32057e+00	1.47411e+06	1.11466e+02	4.65326e+01	1.81898e+00	5.00000e+01	0.00000e+00
1.08565e+04	9.07939e+02	4.09541e+02	4.22987e+03	6.39739e+00	3.30881e+00	1.41439e+06	1.11368e+02	4.63094e+01	1.81898e+00	5.00000e+01	0.00000e+00
1.09660e+04	9.11458e+02	3.95314e+02	4.22801e+03	6.40210e+00	3.30769e+00	1.35626e+06	1.11616e+02	4.62577e+01	1.81898e+00	5.00000e+01	0.00000e+00
1.10754e+04	9.14996e+02	3.81087e+02	4.24407e+03	6.37599e+00	3.28910e+00	1.29946e+06	1.11317e+02	4.59128e+01	1.81898e+00	5.00000e+01	0.00000e+00
1.11852e+04	9.18566e+02	3.66860e+02	4.24805e+03	6.37313e+00	3.28425e+00	1.24388e+06	1.11448e+02	4.58206e+01	1.81898e+00	5.00000e+01	0.00000e+00
1.12952e+04	9.22181e+02	3.52634e+02	4.25325e+03	6.33695e+00	3.25361e+00	1.18930e+06	1.10764e+02	4.50252e+01	1.81898e+00	5.00000e+01	0.00000e+00
1.14052e+04	9.25855e+02	3.38407e+02	4.24752e+03	6.37293e+00	3.27563e+00	1.13555e+06	1.11741e+02	4.55737e+01	1.81898e+00	5.00000e+01	0.00000e+00
1.14052e+04	9.25855e+02	3.38407e+02	4.65000e+03	4.30924e+00	0.00000e+00	1.00000e+04	8.63484e+01	0.00000e+00	1.10574e+00	1.00000e+02	0.00000e+00
1.15986e+04	9.26884e+02	3.00806e+02	4.65000e+03	4.33166e+00	0.00000e+00	1.00000e+04	8.72493e+01	0.00000e+00	1.10574e+00	1.00000e+02	0.00000e+00
1.17919e+04	9.27913e+02	2.63205e+02	4.65000e+03	4.35397e+00	0.00000e+00	1.00000e+04	8.81502e+01	0.00000e+00	1.10574e+00	1.00000e+02	0.00000e+00
1.19852e+04	9.28942e+02	2.25605e+02	4.65000e+03	4.37616e+00	0.00000e+00	1.00000e+04	8.90511e+01	0.00000e+00	1.10574e+00	1.00000e+02	0.00000e+00
1.21786e+04	9.29970e+02	1.88004e+02	4.65000e+03	4.39824e+00	0.00000e+00	1.00000e+04	8.99521e+01	0.00000e+00	1.10574e+00	1.00000e+02	0.00000e+00
1.23719e+04	9.30999e+02	1.50403e+02	4.65000e+03	4.42021e+00	0.00000e+00	1.00000e+04	9.08530e+01	0.00000e+00	1.10574e+00	1.00000e+02	0.00000e+00
1.25652e+04	9.32028e+02	1.12802e+02	4.65000e+03	4.44207e+00	0.00000e+00	1.00000e+04	9.17539e+01	0.00000e+00	1.10574e+00	1.00000e+02	0.00000e+00
1.27585e+04	9.33056e+02	7.52015e+01	4.65000e+03	4.46383e+00	0.00000e+00	1.00000e+04	9.26548e+01	0.00000e+00	1.10574e+00	1.00000e+02	0.00000e+00
1.29519e+04	9.34085e+02	3.76008e+01	4.65000e+03	4.48548e+00	0.00000e+00	1.00000e+04	9.35557e+01	0.00000e+00	1.10574e+00	1.00000e+02	0.00000e+00
1.31452e+04	9.35114e+02	0.00000e+00	4.65000e+03	4.50702e+00	0.00000e+00	1.00000e+04	9.44567e+01	0.00000e+00	1.10574e+00	1.00000e+02	0.00000e+00
