P (MPa)		T (K)		r (km)		rho (kg m-3)	VP (km s-1)	VS (km s-1)	QS/gamma	KS (GPa)	GS (GPa)	k for 0.01 mol/kg MgSO4 (S m-1)	
0.00000e+00	1.10000e+02	2.63410e+03	9.32253e+02	3.87940e+00	1.96225e+00	2.74516e+04	9.24000e+00	3.58800e+00	0.00000e+00
4.35751e+00	1.63339e+02	2.63082e+03	9.32253e+02	3.88822e+00	1.96740e+00	8.07045e+02	9.25433e+00	3.59734e+00	0.00000e+00
8.71502e+00	2.42543e+02	2.62754e+03	9.32658e+02	3.90777e+00	1.97797e+00	7.50590e+01	9.26856e+00	3.60664e+00	0.00000e+00
1.30725e+01	2.42572e+02	2.62427e+03	9.33060e+02	3.91044e+00	1.98000e+00	7.50149e+01	9.28270e+00	3.61591e+00	0.00000e+00
1.74300e+01	2.42602e+02	2.62100e+03	9.33458e+02	3.91308e+00	1.98201e+00	7.49701e+01	9.29673e+00	3.62514e+00	0.00000e+00
2.17875e+01	2.42632e+02	2.61773e+03	9.33852e+02	3.91571e+00	1.98402e+00	7.49246e+01	9.31066e+00	3.63432e+00	0.00000e+00
2.61451e+01	2.42663e+02	2.61447e+03	9.34241e+02	3.91831e+00	1.98601e+00	7.48783e+01	9.32450e+00	3.64348e+00	0.00000e+00
3.05026e+01	2.42694e+02	2.61121e+03	9.34625e+02	3.92088e+00	1.98798e+00	7.48314e+01	9.33824e+00	3.65259e+00	0.00000e+00
3.48601e+01	2.42725e+02	2.60796e+03	9.35003e+02	3.92344e+00	1.98995e+00	7.47837e+01	9.35188e+00	3.66166e+00	0.00000e+00
3.92176e+01	2.42758e+02	2.60470e+03	9.35375e+02	3.92597e+00	1.99190e+00	7.47353e+01	9.36542e+00	3.67070e+00	0.00000e+00
4.35751e+01	2.42790e+02	2.60146e+03	9.35741e+02	3.92849e+00	1.99384e+00	7.46862e+01	9.37886e+00	3.67970e+00	0.00000e+00
4.79326e+01	2.42823e+02	2.59821e+03	9.36099e+02	3.93098e+00	1.99576e+00	7.46363e+01	9.39220e+00	3.68866e+00	0.00000e+00
5.22901e+01	2.42857e+02	2.59497e+03	9.36450e+02	3.93346e+00	1.99768e+00	7.45856e+01	9.40545e+00	3.69758e+00	0.00000e+00
5.66476e+01	2.42891e+02	2.59173e+03	9.36793e+02	3.93591e+00	1.99959e+00	7.45341e+01	9.41859e+00	3.70647e+00	0.00000e+00
6.10051e+01	2.42926e+02	2.58850e+03	9.37127e+02	3.93835e+00	2.00148e+00	7.44819e+01	9.43164e+00	3.71532e+00	0.00000e+00
6.53626e+01	2.42962e+02	2.58527e+03	9.37453e+02	3.94078e+00	2.00337e+00	7.44288e+01	9.44459e+00	3.72413e+00	0.00000e+00
6.97201e+01	2.42998e+02	2.58204e+03	9.37768e+02	3.94318e+00	2.00524e+00	7.43749e+01	9.45744e+00	3.73290e+00	0.00000e+00
7.40776e+01	2.43034e+02	2.57882e+03	9.38073e+02	3.94557e+00	2.00711e+00	7.43202e+01	9.47019e+00	3.74163e+00	0.00000e+00
7.84352e+01	2.43071e+02	2.57560e+03	9.38368e+02	3.94795e+00	2.00896e+00	7.42647e+01	9.48284e+00	3.75033e+00	0.00000e+00
8.27927e+01	2.43109e+02	2.57238e+03	9.38652e+02	3.95030e+00	2.01081e+00	7.42083e+01	9.49539e+00	3.75898e+00	0.00000e+00
8.71502e+01	2.43148e+02	2.56917e+03	9.38923e+02	3.95265e+00	2.01265e+00	7.41510e+01	9.50785e+00	3.76760e+00	0.00000e+00
9.15077e+01	2.43187e+02	2.56596e+03	9.39183e+02	3.95498e+00	2.01448e+00	7.40929e+01	9.52020e+00	3.77618e+00	0.00000e+00
9.58652e+01	2.43226e+02	2.56275e+03	9.39429e+02	3.95730e+00	2.01630e+00	7.40339e+01	9.53246e+00	3.78473e+00	0.00000e+00
1.00223e+02	2.43267e+02	2.55955e+03	9.39663e+02	3.95960e+00	2.01812e+00	7.39740e+01	9.54462e+00	3.79323e+00	0.00000e+00
1.04580e+02	2.43308e+02	2.55635e+03	9.39882e+02	3.96189e+00	2.01992e+00	7.39131e+01	9.55668e+00	3.80170e+00	0.00000e+00
1.08938e+02	2.43349e+02	2.55315e+03	9.40087e+02	3.96417e+00	2.02172e+00	7.38513e+01	9.56864e+00	3.81013e+00	0.00000e+00
1.13295e+02	2.43392e+02	2.54996e+03	9.40277e+02	3.96644e+00	2.02351e+00	7.37886e+01	9.58050e+00	3.81852e+00	0.00000e+00
1.17653e+02	2.43435e+02	2.54677e+03	9.40451e+02	3.96869e+00	2.02529e+00	7.37250e+01	9.59226e+00	3.82688e+00	0.00000e+00
1.22010e+02	2.43478e+02	2.54358e+03	9.40610e+02	3.97093e+00	2.02707e+00	7.36603e+01	9.60393e+00	3.83519e+00	0.00000e+00
1.26368e+02	2.43523e+02	2.54040e+03	9.40751e+02	3.97317e+00	2.02884e+00	7.35947e+01	9.61549e+00	3.84347e+00	0.00000e+00
1.30725e+02	2.43568e+02	2.53722e+03	9.40876e+02	3.97539e+00	2.03060e+00	7.35281e+01	9.62696e+00	3.85171e+00	0.00000e+00
1.35083e+02	2.43614e+02	2.53404e+03	9.40982e+02	3.97760e+00	2.03236e+00	7.34604e+01	9.63833e+00	3.85991e+00	0.00000e+00
1.39440e+02	2.43661e+02	2.53086e+03	9.41071e+02	3.97980e+00	2.03411e+00	7.33918e+01	9.64960e+00	3.86807e+00	0.00000e+00
1.43798e+02	2.43708e+02	2.52769e+03	9.41140e+02	3.98200e+00	2.03586e+00	7.33221e+01	9.66077e+00	3.87620e+00	0.00000e+00
1.48155e+02	2.43757e+02	2.52452e+03	9.41191e+02	3.98418e+00	2.03760e+00	7.32513e+01	9.67184e+00	3.88429e+00	0.00000e+00
1.52513e+02	2.43806e+02	2.52135e+03	9.41221e+02	3.98635e+00	2.03933e+00	7.31795e+01	9.68282e+00	3.89234e+00	0.00000e+00
1.56870e+02	2.43856e+02	2.51819e+03	9.41232e+02	3.98851e+00	2.04106e+00	7.31066e+01	9.69369e+00	3.90035e+00	0.00000e+00
1.61228e+02	2.43906e+02	2.51502e+03	9.41221e+02	3.99067e+00	2.04278e+00	7.30326e+01	9.70447e+00	3.90832e+00	0.00000e+00
1.65585e+02	2.43958e+02	2.51186e+03	9.41190e+02	3.99281e+00	2.04449e+00	7.29575e+01	9.71514e+00	3.91626e+00	0.00000e+00
1.69943e+02	2.44010e+02	2.50871e+03	9.41137e+02	3.99495e+00	2.04620e+00	7.28812e+01	9.72572e+00	3.92416e+00	0.00000e+00
1.74300e+02	2.44063e+02	2.50555e+03	9.41062e+02	3.99708e+00	2.04791e+00	7.28038e+01	9.73620e+00	3.93202e+00	0.00000e+00
1.78658e+02	2.44118e+02	2.50240e+03	9.40966e+02	3.99920e+00	2.04961e+00	7.27253e+01	9.74658e+00	3.93984e+00	0.00000e+00
1.83015e+02	2.44173e+02	2.49925e+03	9.40847e+02	4.00131e+00	2.05130e+00	7.26455e+01	9.75686e+00	3.94762e+00	0.00000e+00
1.87373e+02	2.44229e+02	2.49610e+03	9.40705e+02	4.00341e+00	2.05299e+00	7.25646e+01	9.76705e+00	3.95537e+00	0.00000e+00
1.91730e+02	2.44285e+02	2.49296e+03	9.40542e+02	4.00550e+00	2.05467e+00	7.24824e+01	9.77713e+00	3.96308e+00	0.00000e+00
1.96088e+02	2.44343e+02	2.48981e+03	9.40356e+02	4.00759e+00	2.05635e+00	7.23990e+01	9.78712e+00	3.97075e+00	0.00000e+00
2.00445e+02	2.44402e+02	2.48667e+03	9.40147e+02	4.00966e+00	2.05802e+00	7.23144e+01	9.79701e+00	3.97838e+00	0.00000e+00
2.04803e+02	2.44462e+02	2.48353e+03	9.39917e+02	4.01173e+00	2.05969e+00	7.22285e+01	9.80679e+00	3.98597e+00	0.00000e+00
2.09160e+02	2.44523e+02	2.48039e+03	9.39664e+02	4.01379e+00	2.06135e+00	7.21414e+01	9.81648e+00	3.99353e+00	0.00000e+00
2.13518e+02	2.50000e+02	2.47726e+03	9.39391e+02	4.01733e+00	2.06378e+00	6.48568e+01	9.82608e+00	4.00105e+00	0.00000e+00
2.16495e+02	2.49994e+02	2.47556e+03	1.18556e+03	1.86061e+00	0.00000e+00	0.00000e+00	4.10428e+00	0.00000e+00	1.47781e-02
2.19473e+02	2.49988e+02	2.47386e+03	1.18642e+03	1.86541e+00	0.00000e+00	0.00000e+00	4.12844e+00	0.00000e+00	1.47600e-02
2.22450e+02	2.49983e+02	2.47217e+03	1.18727e+03	1.87016e+00	0.00000e+00	0.00000e+00	4.15248e+00	0.00000e+00	1.47430e-02
2.25428e+02	2.49978e+02	2.47048e+03	1.18812e+03	1.87488e+00	0.00000e+00	0.00000e+00	4.17642e+00	0.00000e+00	1.47274e-02
2.28405e+02	2.49974e+02	2.46879e+03	1.18896e+03	1.87955e+00	0.00000e+00	0.00000e+00	4.20025e+00	0.00000e+00	1.47130e-02
2.31383e+02	2.49970e+02	2.46710e+03	1.18980e+03	1.88418e+00	0.00000e+00	0.00000e+00	4.22396e+00	0.00000e+00	1.46999e-02
2.34360e+02	2.49967e+02	2.46541e+03	1.19063e+03	1.88878e+00	0.00000e+00	0.00000e+00	4.24756e+00	0.00000e+00	1.46881e-02
2.37338e+02	2.49964e+02	2.46373e+03	1.19146e+03	1.89334e+00	0.00000e+00	0.00000e+00	4.27108e+00	0.00000e+00	1.46775e-02
2.40315e+02	2.49962e+02	2.46204e+03	1.19229e+03	1.89788e+00	0.00000e+00	0.00000e+00	4.29454e+00	0.00000e+00	1.46683e-02
2.43293e+02	2.49960e+02	2.46036e+03	1.19311e+03	1.90239e+00	0.00000e+00	0.00000e+00	4.31797e+00	0.00000e+00	1.46604e-02
2.46270e+02	2.49958e+02	2.45868e+03	1.19393e+03	1.90689e+00	0.00000e+00	0.00000e+00	4.34139e+00	0.00000e+00	1.46539e-02
2.49248e+02	2.49958e+02	2.45700e+03	1.19475e+03	1.91138e+00	0.00000e+00	0.00000e+00	4.36483e+00	0.00000e+00	1.46487e-02
2.52225e+02	2.49957e+02	2.45532e+03	1.19556e+03	1.91587e+00	0.00000e+00	0.00000e+00	4.38834e+00	0.00000e+00	1.46449e-02
2.55203e+02	2.51159e+02	2.45361e+03	1.17149e+03	3.65620e+00	1.93174e+00	1.20937e+02	9.83149e+00	4.37158e+00	0.00000e+00
2.58180e+02	2.51223e+02	2.45190e+03	1.17196e+03	3.65977e+00	1.93566e+00	1.20770e+02	9.84236e+00	4.39108e+00	0.00000e+00
2.61157e+02	2.51287e+02	2.45019e+03	1.17242e+03	3.66334e+00	1.93957e+00	1.20605e+02	9.85322e+00	4.41058e+00	0.00000e+00
2.64135e+02	2.51352e+02	2.44848e+03	1.17289e+03	3.66691e+00	1.94347e+00	1.20439e+02	9.86409e+00	4.43008e+00	0.00000e+00
2.67112e+02	2.51416e+02	2.44677e+03	1.17335e+03	3.67047e+00	1.94736e+00	1.20274e+02	9.87496e+00	4.44959e+00	0.00000e+00
2.70090e+02	2.51480e+02	2.44506e+03	1.17380e+03	3.67403e+00	1.95124e+00	1.20109e+02	9.88583e+00	4.46909e+00	0.00000e+00
2.73067e+02	2.51544e+02	2.44336e+03	1.17426e+03	3.67759e+00	1.95512e+00	1.19944e+02	9.89670e+00	4.48859e+00	0.00000e+00
2.76045e+02	2.51609e+02	2.44165e+03	1.17471e+03	3.68115e+00	1.95898e+00	1.19780e+02	9.90756e+00	4.50809e+00	0.00000e+00
2.79022e+02	2.51671e+02	2.43995e+03	1.17516e+03	3.68471e+00	1.96284e+00	1.19621e+02	9.91843e+00	4.52760e+00	0.00000e+00
2.82000e+02	2.51726e+02	2.43825e+03	1.17562e+03	3.68825e+00	1.96668e+00	1.19480e+02	9.92930e+00	4.54710e+00	0.00000e+00
2.84977e+02	2.51781e+02	2.43655e+03	1.17607e+03	3.69179e+00	1.97052e+00	1.19340e+02	9.94017e+00	4.56660e+00	0.00000e+00
2.87955e+02	2.51836e+02	2.43485e+03	1.17652e+03	3.69532e+00	1.97434e+00	1.19200e+02	9.95103e+00	4.58610e+00	0.00000e+00
2.90932e+02	2.51892e+02	2.43315e+03	1.17696e+03	3.69886e+00	1.97816e+00	1.19060e+02	9.96190e+00	4.60561e+00	0.00000e+00
2.93910e+02	2.51947e+02	2.43145e+03	1.17741e+03	3.70239e+00	1.98197e+00	1.18921e+02	9.97277e+00	4.62511e+00	0.00000e+00
2.96887e+02	2.52002e+02	2.42975e+03	1.17785e+03	3.70593e+00	1.98577e+00	1.18782e+02	9.98364e+00	4.64461e+00	0.00000e+00
2.99865e+02	2.52057e+02	2.42806e+03	1.17829e+03	3.70946e+00	1.98957e+00	1.18643e+02	9.99451e+00	4.66411e+00	0.00000e+00
3.02842e+02	2.52112e+02	2.42637e+03	1.17872e+03	3.71298e+00	1.99335e+00	1.18504e+02	1.00054e+01	4.68362e+00	0.00000e+00
3.05820e+02	2.52160e+02	2.42467e+03	1.17916e+03	3.71650e+00	1.99713e+00	1.18383e+02	1.00162e+01	4.70312e+00	0.00000e+00
3.08797e+02	2.52205e+02	2.42298e+03	1.17960e+03	3.72001e+00	2.00089e+00	1.18271e+02	1.00271e+01	4.72262e+00	0.00000e+00
3.11774e+02	2.52249e+02	2.42129e+03	1.18004e+03	3.72352e+00	2.00465e+00	1.18159e+02	1.00380e+01	4.74212e+00	0.00000e+00
3.14752e+02	2.52294e+02	2.41960e+03	1.18047e+03	3.72703e+00	2.00840e+00	1.18047e+02	1.00488e+01	4.76163e+00	0.00000e+00
3.17729e+02	2.52338e+02	2.41791e+03	1.18091e+03	3.73054e+00	2.01214e+00	1.17936e+02	1.00597e+01	4.78113e+00	0.00000e+00
3.20707e+02	2.52383e+02	2.41622e+03	1.18133e+03	3.73404e+00	2.01587e+00	1.17824e+02	1.00706e+01	4.80063e+00	0.00000e+00
3.23684e+02	2.52428e+02	2.41453e+03	1.18176e+03	3.73754e+00	2.01960e+00	1.17713e+02	1.00814e+01	4.82013e+00	0.00000e+00
3.26662e+02	2.52472e+02	2.41285e+03	1.18218e+03	3.74105e+00	2.02332e+00	1.17602e+02	1.00923e+01	4.83963e+00	0.00000e+00
3.29639e+02	2.52523e+02	2.41116e+03	1.18260e+03	3.74456e+00	2.02703e+00	1.17476e+02	1.01032e+01	4.85914e+00	0.00000e+00
3.32617e+02	2.52601e+02	2.40948e+03	1.18299e+03	3.74810e+00	2.03077e+00	1.17282e+02	1.01141e+01	4.87864e+00	0.00000e+00
3.35594e+02	2.52679e+02	2.40780e+03	1.18337e+03	3.75165e+00	2.03449e+00	1.17088e+02	1.01249e+01	4.89814e+00	0.00000e+00
3.38572e+02	2.52757e+02	2.40612e+03	1.18375e+03	3.75519e+00	2.03821e+00	1.16895e+02	1.01358e+01	4.91764e+00	0.00000e+00
3.41549e+02	2.52835e+02	2.40444e+03	1.18413e+03	3.75874e+00	2.04192e+00	1.16702e+02	1.01467e+01	4.93715e+00	0.00000e+00
3.44527e+02	2.52914e+02	2.40276e+03	1.18450e+03	3.76228e+00	2.04562e+00	1.16510e+02	1.01575e+01	4.95665e+00	0.00000e+00
3.47504e+02	2.52992e+02	2.40108e+03	1.18488e+03	3.76582e+00	2.04932e+00	1.16318e+02	1.01684e+01	4.97615e+00	0.00000e+00
3.50482e+02	2.53070e+02	2.39940e+03	1.18525e+03	3.76937e+00	2.05301e+00	1.16126e+02	1.01793e+01	4.99565e+00	0.00000e+00
3.53459e+02	2.53148e+02	2.39779e+03	1.23452e+03	4.17522e+00	2.20791e+00	1.23988e+02	1.34966e+01	6.01811e+00	0.00000e+00
3.56436e+02	2.53285e+02	2.39618e+03	1.23502e+03	4.17612e+00	2.20796e+00	1.23988e+02	1.35109e+01	6.02079e+00	0.00000e+00
3.59414e+02	2.53451e+02	2.39457e+03	1.23551e+03	4.17702e+00	2.20801e+00	1.23988e+02	1.35252e+01	6.02347e+00	0.00000e+00
3.62391e+02	2.53616e+02	2.39297e+03	1.23599e+03	4.17793e+00	2.20807e+00	1.23988e+02	1.35395e+01	6.02615e+00	0.00000e+00
3.65369e+02	2.53781e+02	2.39136e+03	1.23648e+03	4.17883e+00	2.20812e+00	1.23988e+02	1.35538e+01	6.02883e+00	0.00000e+00
3.68346e+02	2.53947e+02	2.38975e+03	1.23696e+03	4.17975e+00	2.20818e+00	1.23988e+02	1.35681e+01	6.03151e+00	0.00000e+00
3.71324e+02	2.54112e+02	2.38815e+03	1.23744e+03	4.18066e+00	2.20824e+00	1.23988e+02	1.35824e+01	6.03419e+00	0.00000e+00
3.74301e+02	2.54278e+02	2.38655e+03	1.23792e+03	4.18158e+00	2.20830e+00	1.23988e+02	1.35966e+01	6.03687e+00	0.00000e+00
3.77279e+02	2.54443e+02	2.38494e+03	1.23840e+03	4.18249e+00	2.20837e+00	1.23988e+02	1.36109e+01	6.03955e+00	0.00000e+00
3.80256e+02	2.54609e+02	2.38334e+03	1.23888e+03	4.18342e+00	2.20844e+00	1.23988e+02	1.36252e+01	6.04223e+00	0.00000e+00
3.83234e+02	2.54777e+02	2.38174e+03	1.23935e+03	4.18434e+00	2.20850e+00	1.23988e+02	1.36395e+01	6.04491e+00	0.00000e+00
3.86211e+02	2.54944e+02	2.38014e+03	1.23982e+03	4.18527e+00	2.20857e+00	1.23988e+02	1.36538e+01	6.04759e+00	0.00000e+00
3.89189e+02	2.55111e+02	2.37855e+03	1.24029e+03	4.18620e+00	2.20865e+00	1.23988e+02	1.36681e+01	6.05027e+00	0.00000e+00
3.92166e+02	2.55279e+02	2.37695e+03	1.24075e+03	4.18713e+00	2.20872e+00	1.23988e+02	1.36824e+01	6.05295e+00	0.00000e+00
3.95144e+02	2.55446e+02	2.37535e+03	1.24122e+03	4.18807e+00	2.20880e+00	1.23988e+02	1.36967e+01	6.05563e+00	0.00000e+00
3.98121e+02	2.55614e+02	2.37376e+03	1.24168e+03	4.18901e+00	2.20887e+00	1.23988e+02	1.37110e+01	6.05831e+00	0.00000e+00
4.01099e+02	2.55781e+02	2.37216e+03	1.24214e+03	4.18995e+00	2.20895e+00	1.23988e+02	1.37253e+01	6.06099e+00	0.00000e+00
4.04076e+02	2.55949e+02	2.37057e+03	1.24260e+03	4.19089e+00	2.20903e+00	1.23988e+02	1.37396e+01	6.06367e+00	0.00000e+00
4.07053e+02	2.56114e+02	2.36898e+03	1.24305e+03	4.19184e+00	2.20912e+00	1.23988e+02	1.37539e+01	6.06635e+00	0.00000e+00
4.10031e+02	2.56280e+02	2.36739e+03	1.24351e+03	4.19279e+00	2.20920e+00	1.23988e+02	1.37681e+01	6.06903e+00	0.00000e+00
4.13008e+02	2.56445e+02	2.36580e+03	1.24396e+03	4.19374e+00	2.20929e+00	1.23988e+02	1.37824e+01	6.07171e+00	0.00000e+00
4.15986e+02	2.56610e+02	2.36421e+03	1.24441e+03	4.19469e+00	2.20938e+00	1.23988e+02	1.37967e+01	6.07439e+00	0.00000e+00
4.18963e+02	2.56775e+02	2.36262e+03	1.24485e+03	4.19565e+00	2.20947e+00	1.23988e+02	1.38110e+01	6.07707e+00	0.00000e+00
4.21941e+02	2.56940e+02	2.36103e+03	1.24530e+03	4.19661e+00	2.20956e+00	1.23988e+02	1.38253e+01	6.07975e+00	0.00000e+00
4.24918e+02	2.57105e+02	2.35944e+03	1.24574e+03	4.19757e+00	2.20965e+00	1.23988e+02	1.38396e+01	6.08243e+00	0.00000e+00
4.27896e+02	2.57271e+02	2.35786e+03	1.24618e+03	4.19854e+00	2.20975e+00	1.23988e+02	1.38539e+01	6.08511e+00	0.00000e+00
4.30873e+02	2.57435e+02	2.35627e+03	1.24662e+03	4.19951e+00	2.20985e+00	1.23988e+02	1.38682e+01	6.08779e+00	0.00000e+00
4.33851e+02	2.57596e+02	2.35469e+03	1.24706e+03	4.20048e+00	2.20995e+00	1.23988e+02	1.38825e+01	6.09047e+00	0.00000e+00
4.36828e+02	2.57756e+02	2.35311e+03	1.24749e+03	4.20146e+00	2.21005e+00	1.23988e+02	1.38968e+01	6.09315e+00	0.00000e+00
4.39806e+02	2.57917e+02	2.35152e+03	1.24792e+03	4.20243e+00	2.21015e+00	1.23988e+02	1.39111e+01	6.09583e+00	0.00000e+00
4.42783e+02	2.58078e+02	2.34994e+03	1.24835e+03	4.20341e+00	2.21026e+00	1.23988e+02	1.39254e+01	6.09850e+00	0.00000e+00
4.45761e+02	2.58238e+02	2.34836e+03	1.24878e+03	4.20440e+00	2.21037e+00	1.23988e+02	1.39397e+01	6.10118e+00	0.00000e+00
4.48738e+02	2.58399e+02	2.34678e+03	1.24920e+03	4.20538e+00	2.21048e+00	1.23988e+02	1.39539e+01	6.10386e+00	0.00000e+00
4.51716e+02	2.58559e+02	2.34521e+03	1.24962e+03	4.20637e+00	2.21059e+00	1.23988e+02	1.39682e+01	6.10654e+00	0.00000e+00
4.54693e+02	2.58720e+02	2.34363e+03	1.25004e+03	4.20736e+00	2.21070e+00	1.23988e+02	1.39825e+01	6.10922e+00	0.00000e+00
4.57670e+02	2.58877e+02	2.34205e+03	1.25046e+03	4.20836e+00	2.21082e+00	1.23988e+02	1.39968e+01	6.11190e+00	0.00000e+00
4.60648e+02	2.59032e+02	2.34048e+03	1.25088e+03	4.20935e+00	2.21093e+00	1.23988e+02	1.40111e+01	6.11458e+00	0.00000e+00
4.63625e+02	2.59187e+02	2.33890e+03	1.25129e+03	4.21035e+00	2.21105e+00	1.23988e+02	1.40254e+01	6.11726e+00	0.00000e+00
4.66603e+02	2.59342e+02	2.33733e+03	1.25170e+03	4.21135e+00	2.21117e+00	1.23988e+02	1.40397e+01	6.11994e+00	0.00000e+00
4.69580e+02	2.59497e+02	2.33576e+03	1.25211e+03	4.21236e+00	2.21130e+00	1.23988e+02	1.40540e+01	6.12262e+00	0.00000e+00
4.72558e+02	2.59652e+02	2.33418e+03	1.25252e+03	4.21337e+00	2.21142e+00	1.23988e+02	1.40683e+01	6.12530e+00	0.00000e+00
4.75535e+02	2.59807e+02	2.33261e+03	1.25293e+03	4.21438e+00	2.21155e+00	1.23988e+02	1.40826e+01	6.12798e+00	0.00000e+00
4.78513e+02	2.59961e+02	2.33104e+03	1.25333e+03	4.21539e+00	2.21167e+00	1.23988e+02	1.40969e+01	6.13066e+00	0.00000e+00
4.81490e+02	2.60115e+02	2.32947e+03	1.25373e+03	4.21641e+00	2.21181e+00	1.23988e+02	1.41112e+01	6.13334e+00	0.00000e+00
4.84468e+02	2.60264e+02	2.32791e+03	1.25413e+03	4.21743e+00	2.21194e+00	1.23988e+02	1.41254e+01	6.13602e+00	0.00000e+00
4.87445e+02	2.60413e+02	2.32634e+03	1.25452e+03	4.21845e+00	2.21207e+00	1.23988e+02	1.41397e+01	6.13870e+00	0.00000e+00
4.90423e+02	2.60561e+02	2.32477e+03	1.25492e+03	4.21948e+00	2.21221e+00	1.23988e+02	1.41540e+01	6.14138e+00	0.00000e+00
4.93400e+02	2.60710e+02	2.32321e+03	1.25531e+03	4.22051e+00	2.21234e+00	1.23988e+02	1.41683e+01	6.14406e+00	0.00000e+00
4.96378e+02	2.60859e+02	2.32164e+03	1.25570e+03	4.22154e+00	2.21248e+00	1.23988e+02	1.41826e+01	6.14674e+00	0.00000e+00
4.99355e+02	2.61007e+02	2.32008e+03	1.25608e+03	4.22257e+00	2.21262e+00	1.23988e+02	1.41969e+01	6.14942e+00	0.00000e+00
5.02333e+02	2.61156e+02	2.31852e+03	1.25647e+03	4.22361e+00	2.21277e+00	1.23988e+02	1.42112e+01	6.15210e+00	0.00000e+00
5.05310e+02	2.61305e+02	2.31695e+03	1.25685e+03	4.22465e+00	2.21291e+00	1.23988e+02	1.42255e+01	6.15478e+00	0.00000e+00
5.08287e+02	2.61449e+02	2.31539e+03	1.25723e+03	4.22569e+00	2.21306e+00	1.23988e+02	1.42398e+01	6.15746e+00	0.00000e+00
5.11265e+02	2.61591e+02	2.31383e+03	1.25761e+03	4.22674e+00	2.21321e+00	1.23988e+02	1.42541e+01	6.16014e+00	0.00000e+00
5.14242e+02	2.61733e+02	2.31227e+03	1.25799e+03	4.22778e+00	2.21336e+00	1.23988e+02	1.42684e+01	6.16282e+00	0.00000e+00
5.17220e+02	2.61876e+02	2.31072e+03	1.25836e+03	4.22883e+00	2.21351e+00	1.23988e+02	1.42827e+01	6.16550e+00	0.00000e+00
5.20197e+02	2.62018e+02	2.30916e+03	1.25873e+03	4.22989e+00	2.21366e+00	1.23988e+02	1.42969e+01	6.16818e+00	0.00000e+00
5.23175e+02	2.62160e+02	2.30760e+03	1.25910e+03	4.23094e+00	2.21382e+00	1.23988e+02	1.43112e+01	6.17086e+00	0.00000e+00
5.26152e+02	2.62302e+02	2.30605e+03	1.25947e+03	4.23200e+00	2.21398e+00	1.23988e+02	1.43255e+01	6.17354e+00	0.00000e+00
5.29130e+02	2.62444e+02	2.30449e+03	1.25983e+03	4.23307e+00	2.21414e+00	1.23988e+02	1.43398e+01	6.17622e+00	0.00000e+00
5.32107e+02	2.62586e+02	2.30294e+03	1.26020e+03	4.23413e+00	2.21430e+00	1.23988e+02	1.43541e+01	6.17890e+00	0.00000e+00
5.35085e+02	2.62721e+02	2.30138e+03	1.26056e+03	4.23520e+00	2.21446e+00	1.23988e+02	1.43684e+01	6.18158e+00	0.00000e+00
5.38062e+02	2.62857e+02	2.29983e+03	1.26092e+03	4.23627e+00	2.21463e+00	1.23988e+02	1.43827e+01	6.18426e+00	0.00000e+00
5.41040e+02	2.62992e+02	2.29828e+03	1.26127e+03	4.23734e+00	2.21479e+00	1.23988e+02	1.43970e+01	6.18694e+00	0.00000e+00
5.44017e+02	2.63128e+02	2.29673e+03	1.26163e+03	4.23842e+00	2.21496e+00	1.23988e+02	1.44113e+01	6.18962e+00	0.00000e+00
5.46995e+02	2.63264e+02	2.29518e+03	1.26198e+03	4.23950e+00	2.21513e+00	1.23988e+02	1.44256e+01	6.19230e+00	0.00000e+00
5.49972e+02	2.63399e+02	2.29363e+03	1.26233e+03	4.24058e+00	2.21530e+00	1.23988e+02	1.44399e+01	6.19497e+00	0.00000e+00
5.52950e+02	2.63535e+02	2.29208e+03	1.26268e+03	4.24166e+00	2.21548e+00	1.23988e+02	1.44542e+01	6.19765e+00	0.00000e+00
5.55927e+02	2.63671e+02	2.29053e+03	1.26302e+03	4.24275e+00	2.21565e+00	1.23988e+02	1.44684e+01	6.20033e+00	0.00000e+00
5.58904e+02	2.63802e+02	2.28899e+03	1.26337e+03	4.24384e+00	2.21583e+00	1.23988e+02	1.44827e+01	6.20301e+00	0.00000e+00
5.61882e+02	2.63931e+02	2.28744e+03	1.26371e+03	4.24493e+00	2.21601e+00	1.23988e+02	1.44970e+01	6.20569e+00	0.00000e+00
5.64859e+02	2.64061e+02	2.28590e+03	1.26405e+03	4.24603e+00	2.21619e+00	1.23988e+02	1.45113e+01	6.20837e+00	0.00000e+00
5.67837e+02	2.64190e+02	2.28435e+03	1.26438e+03	4.24712e+00	2.21638e+00	1.23988e+02	1.45256e+01	6.21105e+00	0.00000e+00
5.70814e+02	2.64319e+02	2.28281e+03	1.26472e+03	4.24822e+00	2.21656e+00	1.23988e+02	1.45399e+01	6.21373e+00	0.00000e+00
5.73792e+02	2.64448e+02	2.28127e+03	1.26505e+03	4.24933e+00	2.21675e+00	1.23988e+02	1.45542e+01	6.21641e+00	0.00000e+00
5.76769e+02	2.64577e+02	2.27973e+03	1.26538e+03	4.25043e+00	2.21693e+00	1.23988e+02	1.45685e+01	6.21909e+00	0.00000e+00
5.79747e+02	2.64707e+02	2.27819e+03	1.26571e+03	4.25154e+00	2.21712e+00	1.23988e+02	1.45828e+01	6.22177e+00	0.00000e+00
5.82724e+02	2.64835e+02	2.27665e+03	1.26604e+03	4.25265e+00	2.21732e+00	1.23988e+02	1.45971e+01	6.22445e+00	0.00000e+00
5.85702e+02	2.64958e+02	2.27511e+03	1.26636e+03	4.25377e+00	2.21751e+00	1.23988e+02	1.46114e+01	6.22713e+00	0.00000e+00
5.88679e+02	2.65081e+02	2.27357e+03	1.26668e+03	4.25488e+00	2.21770e+00	1.23988e+02	1.46257e+01	6.22981e+00	0.00000e+00
5.91657e+02	2.65203e+02	2.27203e+03	1.26700e+03	4.25600e+00	2.21790e+00	1.23988e+02	1.46400e+01	6.23249e+00	0.00000e+00
5.94634e+02	2.65326e+02	2.27050e+03	1.26732e+03	4.25713e+00	2.21810e+00	1.23988e+02	1.46542e+01	6.23517e+00	0.00000e+00
5.97612e+02	2.65449e+02	2.26896e+03	1.26764e+03	4.25825e+00	2.21830e+00	1.23988e+02	1.46685e+01	6.23785e+00	0.00000e+00
6.00589e+02	2.65572e+02	2.26743e+03	1.26795e+03	4.25938e+00	2.21850e+00	1.23988e+02	1.46828e+01	6.24053e+00	0.00000e+00
6.03567e+02	2.65695e+02	2.26589e+03	1.26826e+03	4.26051e+00	2.21870e+00	1.23988e+02	1.46971e+01	6.24321e+00	0.00000e+00
6.06544e+02	2.65818e+02	2.26436e+03	1.26857e+03	4.26164e+00	2.21891e+00	1.23988e+02	1.47114e+01	6.24589e+00	0.00000e+00
6.09521e+02	2.65937e+02	2.26283e+03	1.26888e+03	4.26278e+00	2.21912e+00	1.23988e+02	1.47257e+01	6.24857e+00	0.00000e+00
6.12499e+02	2.66053e+02	2.26130e+03	1.26918e+03	4.26391e+00	2.21933e+00	1.23988e+02	1.47400e+01	6.25125e+00	0.00000e+00
6.15476e+02	2.66170e+02	2.25977e+03	1.26949e+03	4.26505e+00	2.21954e+00	1.23988e+02	1.47543e+01	6.25393e+00	0.00000e+00
6.18454e+02	2.66287e+02	2.25824e+03	1.26979e+03	4.26620e+00	2.21975e+00	1.23988e+02	1.47686e+01	6.25661e+00	0.00000e+00
6.21431e+02	2.66404e+02	2.25671e+03	1.27009e+03	4.26734e+00	2.21996e+00	1.23988e+02	1.47829e+01	6.25929e+00	0.00000e+00
6.24409e+02	2.66520e+02	2.25518e+03	1.27039e+03	4.26849e+00	2.22018e+00	1.23988e+02	1.47972e+01	6.26197e+00	0.00000e+00
6.27386e+02	2.66637e+02	2.25365e+03	1.27068e+03	4.26964e+00	2.22039e+00	1.23988e+02	1.48115e+01	6.26465e+00	0.00000e+00
6.30364e+02	2.66754e+02	2.25212e+03	1.27098e+03	4.27079e+00	2.22061e+00	1.23988e+02	1.48257e+01	6.26733e+00	0.00000e+00
6.33341e+02	2.66881e+02	2.25060e+03	1.27127e+03	4.27195e+00	2.22083e+00	1.23988e+02	1.48400e+01	6.27001e+00	0.00000e+00
6.36319e+02	2.67070e+02	2.24907e+03	1.27155e+03	4.27312e+00	2.22106e+00	1.23988e+02	1.48543e+01	6.27269e+00	0.00000e+00
6.39296e+02	2.67258e+02	2.24765e+03	1.36478e+03	4.40191e+00	2.25142e+00	1.60394e+02	1.72211e+01	6.91789e+00	0.00000e+00
6.42274e+02	2.67447e+02	2.24623e+03	1.36491e+03	4.40370e+00	2.25276e+00	1.59755e+02	1.72333e+01	6.92682e+00	0.00000e+00
6.45251e+02	2.67635e+02	2.24481e+03	1.36503e+03	4.40550e+00	2.25411e+00	1.59120e+02	1.72455e+01	6.93575e+00	0.00000e+00
6.48229e+02	2.67824e+02	2.24339e+03	1.36516e+03	4.40730e+00	2.25546e+00	1.58488e+02	1.72577e+01	6.94469e+00	0.00000e+00
6.51206e+02	2.68013e+02	2.24198e+03	1.36529e+03	4.40910e+00	2.25680e+00	1.57860e+02	1.72699e+01	6.95362e+00	0.00000e+00
6.54184e+02	2.68201e+02	2.24056e+03	1.36541e+03	4.41090e+00	2.25815e+00	1.57235e+02	1.72822e+01	6.96255e+00	0.00000e+00
6.57161e+02	2.68390e+02	2.23914e+03	1.36554e+03	4.41270e+00	2.25949e+00	1.56613e+02	1.72944e+01	6.97148e+00	0.00000e+00
6.60138e+02	2.68589e+02	2.23772e+03	1.36566e+03	4.41450e+00	2.26083e+00	1.55960e+02	1.73066e+01	6.98042e+00	0.00000e+00
6.63116e+02	2.68794e+02	2.23631e+03	1.36579e+03	4.41630e+00	2.26218e+00	1.55292e+02	1.73188e+01	6.98935e+00	0.00000e+00
6.66093e+02	2.68999e+02	2.23489e+03	1.36591e+03	4.41810e+00	2.26352e+00	1.54627e+02	1.73310e+01	6.99828e+00	0.00000e+00
6.69071e+02	2.69204e+02	2.23347e+03	1.36603e+03	4.41990e+00	2.26486e+00	1.53967e+02	1.73432e+01	7.00721e+00	0.00000e+00
6.72048e+02	2.69409e+02	2.23206e+03	1.36616e+03	4.42169e+00	2.26620e+00	1.53310e+02	1.73554e+01	7.01614e+00	0.00000e+00
6.75026e+02	2.69614e+02	2.23064e+03	1.36628e+03	4.42349e+00	2.26754e+00	1.52657e+02	1.73676e+01	7.02508e+00	0.00000e+00
6.78003e+02	2.69819e+02	2.22923e+03	1.36640e+03	4.42529e+00	2.26888e+00	1.52007e+02	1.73798e+01	7.03401e+00	0.00000e+00
6.80981e+02	2.70024e+02	2.22781e+03	1.36652e+03	4.42709e+00	2.27022e+00	1.51362e+02	1.73920e+01	7.04294e+00	0.00000e+00
6.83958e+02	2.70228e+02	2.22640e+03	1.36664e+03	4.42888e+00	2.27156e+00	1.50724e+02	1.74042e+01	7.05187e+00	0.00000e+00
6.86936e+02	2.70424e+02	2.22498e+03	1.36676e+03	4.43068e+00	2.27290e+00	1.50114e+02	1.74164e+01	7.06081e+00	0.00000e+00
6.89913e+02	2.70620e+02	2.22357e+03	1.36688e+03	4.43248e+00	2.27424e+00	1.49507e+02	1.74286e+01	7.06974e+00	0.00000e+00
6.92891e+02	2.70817e+02	2.22216e+03	1.36700e+03	4.43427e+00	2.27557e+00	1.48903e+02	1.74409e+01	7.07867e+00	0.00000e+00
6.95868e+02	2.71013e+02	2.22075e+03	1.36712e+03	4.43607e+00	2.27691e+00	1.48303e+02	1.74531e+01	7.08760e+00	0.00000e+00
6.98846e+02	2.71209e+02	2.21933e+03	1.36724e+03	4.43786e+00	2.27824e+00	1.47706e+02	1.74653e+01	7.09654e+00	0.00000e+00
7.01823e+02	2.71405e+02	2.21792e+03	1.36736e+03	4.43966e+00	2.27958e+00	1.47112e+02	1.74775e+01	7.10547e+00	0.00000e+00
7.04800e+02	2.71601e+02	2.21651e+03	1.36748e+03	4.44145e+00	2.28091e+00	1.46521e+02	1.74897e+01	7.11440e+00	0.00000e+00
7.07778e+02	2.71797e+02	2.21510e+03	1.36760e+03	4.44324e+00	2.28225e+00	1.45934e+02	1.75019e+01	7.12333e+00	0.00000e+00
7.10755e+02	2.71988e+02	2.21369e+03	1.36771e+03	4.44504e+00	2.28358e+00	1.45366e+02	1.75141e+01	7.13227e+00	0.00000e+00
7.13733e+02	2.72175e+02	2.21228e+03	1.36783e+03	4.44683e+00	2.28491e+00	1.44810e+02	1.75263e+01	7.14120e+00	0.00000e+00
7.16710e+02	2.72363e+02	2.21087e+03	1.36795e+03	4.44862e+00	2.28624e+00	1.44257e+02	1.75385e+01	7.15013e+00	0.00000e+00
7.19688e+02	2.72551e+02	2.20946e+03	1.36806e+03	4.45041e+00	2.28757e+00	1.43706e+02	1.75507e+01	7.15906e+00	0.00000e+00
7.22665e+02	2.72738e+02	2.20806e+03	1.36818e+03	4.45221e+00	2.28890e+00	1.43159e+02	1.75629e+01	7.16800e+00	0.00000e+00
7.25643e+02	2.72926e+02	2.20665e+03	1.36830e+03	4.45400e+00	2.29023e+00	1.42614e+02	1.75751e+01	7.17693e+00	0.00000e+00
7.28620e+02	2.73114e+02	2.20524e+03	1.36841e+03	4.45579e+00	2.29156e+00	1.42072e+02	1.75873e+01	7.18586e+00	0.00000e+00
7.31598e+02	2.73301e+02	2.20383e+03	1.36852e+03	4.45758e+00	2.29289e+00	1.41533e+02	1.75996e+01	7.19479e+00	0.00000e+00
7.34575e+02	2.73488e+02	2.20243e+03	1.36864e+03	4.45937e+00	2.29422e+00	1.41000e+02	1.76118e+01	7.20373e+00	0.00000e+00
7.37553e+02	2.73668e+02	2.20102e+03	1.36875e+03	4.46116e+00	2.29554e+00	1.40489e+02	1.76240e+01	7.21266e+00	0.00000e+00
7.40530e+02	2.73848e+02	2.19962e+03	1.36887e+03	4.46295e+00	2.29687e+00	1.39980e+02	1.76362e+01	7.22159e+00	0.00000e+00
7.43508e+02	2.74027e+02	2.19821e+03	1.36898e+03	4.46474e+00	2.29819e+00	1.39474e+02	1.76484e+01	7.23052e+00	0.00000e+00
7.46485e+02	2.74207e+02	2.19681e+03	1.36909e+03	4.46653e+00	2.29952e+00	1.38970e+02	1.76606e+01	7.23946e+00	0.00000e+00
7.49463e+02	2.74387e+02	2.19540e+03	1.36920e+03	4.46832e+00	2.30084e+00	1.38469e+02	1.76728e+01	7.24839e+00	0.00000e+00
7.52440e+02	2.74567e+02	2.19400e+03	1.36932e+03	4.47010e+00	2.30217e+00	1.37970e+02	1.76850e+01	7.25732e+00	0.00000e+00
7.55417e+02	2.74747e+02	2.19259e+03	1.36943e+03	4.47189e+00	2.30349e+00	1.37474e+02	1.76972e+01	7.26625e+00	0.00000e+00
7.58395e+02	2.74926e+02	2.19119e+03	1.36954e+03	4.47368e+00	2.30481e+00	1.36980e+02	1.77094e+01	7.27518e+00	0.00000e+00
7.61372e+02	2.75102e+02	2.18979e+03	1.36965e+03	4.47547e+00	2.30613e+00	1.36501e+02	1.77216e+01	7.28412e+00	0.00000e+00
7.64350e+02	2.75274e+02	2.18839e+03	1.36976e+03	4.47725e+00	2.30745e+00	1.36032e+02	1.77338e+01	7.29305e+00	0.00000e+00
7.67327e+02	2.75446e+02	2.18698e+03	1.36987e+03	4.47904e+00	2.30877e+00	1.35565e+02	1.77460e+01	7.30198e+00	0.00000e+00
7.70305e+02	2.75619e+02	2.18558e+03	1.36998e+03	4.48083e+00	2.31009e+00	1.35101e+02	1.77582e+01	7.31091e+00	0.00000e+00
7.73282e+02	2.75791e+02	2.18418e+03	1.37009e+03	4.48261e+00	2.31141e+00	1.34638e+02	1.77705e+01	7.31985e+00	0.00000e+00
7.76260e+02	2.75964e+02	2.18278e+03	1.37019e+03	4.48440e+00	2.31273e+00	1.34178e+02	1.77827e+01	7.32878e+00	0.00000e+00
7.79237e+02	2.76136e+02	2.18138e+03	1.37030e+03	4.48618e+00	2.31405e+00	1.33719e+02	1.77949e+01	7.33771e+00	0.00000e+00
7.82215e+02	2.76308e+02	2.17998e+03	1.37041e+03	4.48797e+00	2.31536e+00	1.33263e+02	1.78071e+01	7.34664e+00	0.00000e+00
7.85192e+02	2.76480e+02	2.17858e+03	1.37052e+03	4.48975e+00	2.31668e+00	1.32812e+02	1.78193e+01	7.35558e+00	0.00000e+00
7.88170e+02	2.76646e+02	2.17719e+03	1.37062e+03	4.49154e+00	2.31800e+00	1.32378e+02	1.78315e+01	7.36451e+00	0.00000e+00
7.91147e+02	2.76811e+02	2.17579e+03	1.37073e+03	4.49332e+00	2.31931e+00	1.31946e+02	1.78437e+01	7.37344e+00	0.00000e+00
7.94125e+02	2.76977e+02	2.17439e+03	1.37084e+03	4.49511e+00	2.32063e+00	1.31516e+02	1.78559e+01	7.38237e+00	0.00000e+00
7.97102e+02	2.77142e+02	2.17299e+03	1.37094e+03	4.49689e+00	2.32194e+00	1.31087e+02	1.78681e+01	7.39131e+00	0.00000e+00
8.00080e+02	2.77308e+02	2.17160e+03	1.37105e+03	4.49867e+00	2.32325e+00	1.30661e+02	1.78803e+01	7.40024e+00	0.00000e+00
8.03057e+02	2.77473e+02	2.17020e+03	1.37115e+03	4.50045e+00	2.32457e+00	1.30237e+02	1.78925e+01	7.40917e+00	0.00000e+00
8.06034e+02	2.77639e+02	2.16881e+03	1.37126e+03	4.50224e+00	2.32588e+00	1.29814e+02	1.79047e+01	7.41810e+00	0.00000e+00
8.09012e+02	2.77804e+02	2.16741e+03	1.37136e+03	4.50402e+00	2.32719e+00	1.29394e+02	1.79169e+01	7.42704e+00	0.00000e+00
8.11989e+02	2.77966e+02	2.16602e+03	1.37146e+03	4.50580e+00	2.32850e+00	1.28985e+02	1.79292e+01	7.43597e+00	0.00000e+00
8.14967e+02	2.78125e+02	2.16462e+03	1.37157e+03	4.50758e+00	2.32981e+00	1.28584e+02	1.79414e+01	7.44490e+00	0.00000e+00
8.17944e+02	2.78284e+02	2.16323e+03	1.37167e+03	4.50936e+00	2.33112e+00	1.28185e+02	1.79536e+01	7.45383e+00	0.00000e+00
8.20922e+02	2.78444e+02	2.16183e+03	1.37177e+03	4.51114e+00	2.33243e+00	1.27787e+02	1.79658e+01	7.46277e+00	0.00000e+00
8.23899e+02	2.78603e+02	2.16044e+03	1.37187e+03	4.51292e+00	2.33374e+00	1.27391e+02	1.79780e+01	7.47170e+00	0.00000e+00
8.26877e+02	2.78762e+02	2.15905e+03	1.37198e+03	4.51470e+00	2.33505e+00	1.26997e+02	1.79902e+01	7.48063e+00	0.00000e+00
8.29854e+02	2.78921e+02	2.15766e+03	1.37208e+03	4.51649e+00	2.33636e+00	1.26605e+02	1.80024e+01	7.48956e+00	0.00000e+00
8.32832e+02	2.79080e+02	2.15627e+03	1.37218e+03	4.51826e+00	2.33766e+00	1.26214e+02	1.80146e+01	7.49850e+00	0.00000e+00
8.35809e+02	2.79239e+02	2.15487e+03	1.37228e+03	4.52004e+00	2.33897e+00	1.25827e+02	1.80268e+01	7.50743e+00	0.00000e+00
8.38787e+02	2.79392e+02	2.15348e+03	1.37238e+03	4.52182e+00	2.34028e+00	1.25453e+02	1.80390e+01	7.51636e+00	0.00000e+00
8.41764e+02	2.79545e+02	2.15209e+03	1.37248e+03	4.52360e+00	2.34158e+00	1.25082e+02	1.80512e+01	7.52529e+00	0.00000e+00
8.44742e+02	2.79698e+02	2.15070e+03	1.37258e+03	4.52538e+00	2.34289e+00	1.24712e+02	1.80634e+01	7.53422e+00	0.00000e+00
8.47719e+02	2.79852e+02	2.14931e+03	1.37267e+03	4.52716e+00	2.34419e+00	1.24343e+02	1.80756e+01	7.54316e+00	0.00000e+00
8.50697e+02	2.80005e+02	2.14793e+03	1.37277e+03	4.52894e+00	2.34549e+00	1.23976e+02	1.80879e+01	7.55209e+00	0.00000e+00
8.53674e+02	2.80158e+02	2.14654e+03	1.37287e+03	4.53071e+00	2.34680e+00	1.23610e+02	1.81001e+01	7.56102e+00	0.00000e+00
8.56651e+02	2.80311e+02	2.14515e+03	1.37297e+03	4.53249e+00	2.34810e+00	1.23246e+02	1.81123e+01	7.56995e+00	0.00000e+00
8.59629e+02	2.80465e+02	2.14376e+03	1.37307e+03	4.53427e+00	2.34940e+00	1.22884e+02	1.81245e+01	7.57889e+00	0.00000e+00
8.62606e+02	2.80614e+02	2.14238e+03	1.37316e+03	4.53605e+00	2.35070e+00	1.22530e+02	1.81367e+01	7.58782e+00	0.00000e+00
8.65584e+02	2.80762e+02	2.14099e+03	1.37326e+03	4.53782e+00	2.35200e+00	1.22183e+02	1.81489e+01	7.59675e+00	0.00000e+00
8.68561e+02	2.80910e+02	2.13960e+03	1.37335e+03	4.53960e+00	2.35330e+00	1.21838e+02	1.81611e+01	7.60568e+00	0.00000e+00
8.71539e+02	2.81058e+02	2.13822e+03	1.37345e+03	4.54137e+00	2.35460e+00	1.21494e+02	1.81733e+01	7.61462e+00	0.00000e+00
8.74516e+02	2.81205e+02	2.13683e+03	1.37355e+03	4.54315e+00	2.35590e+00	1.21151e+02	1.81855e+01	7.62355e+00	0.00000e+00
8.77494e+02	2.81353e+02	2.13545e+03	1.37364e+03	4.54492e+00	2.35720e+00	1.20809e+02	1.81977e+01	7.63248e+00	0.00000e+00
8.80471e+02	2.81501e+02	2.13407e+03	1.37373e+03	4.54670e+00	2.35850e+00	1.20469e+02	1.82099e+01	7.64141e+00	0.00000e+00
8.83449e+02	2.81649e+02	2.13268e+03	1.37383e+03	4.54847e+00	2.35980e+00	1.20130e+02	1.82221e+01	7.65035e+00	0.00000e+00
8.86426e+02	2.81796e+02	2.13130e+03	1.37392e+03	4.55025e+00	2.36109e+00	1.19794e+02	1.82343e+01	7.65928e+00	0.00000e+00
8.89404e+02	2.81938e+02	2.12992e+03	1.37401e+03	4.55202e+00	2.36239e+00	1.19469e+02	1.82466e+01	7.66821e+00	0.00000e+00
8.92381e+02	2.82081e+02	2.12853e+03	1.37411e+03	4.55380e+00	2.36368e+00	1.19145e+02	1.82588e+01	7.67714e+00	0.00000e+00
8.95359e+02	2.82224e+02	2.12715e+03	1.37420e+03	4.55557e+00	2.36498e+00	1.18823e+02	1.82710e+01	7.68608e+00	0.00000e+00
8.98336e+02	2.82366e+02	2.12577e+03	1.37429e+03	4.55734e+00	2.36627e+00	1.18502e+02	1.82832e+01	7.69501e+00	0.00000e+00
9.01314e+02	2.82509e+02	2.12439e+03	1.37438e+03	4.55912e+00	2.36757e+00	1.18182e+02	1.82954e+01	7.70394e+00	0.00000e+00
9.04291e+02	2.82652e+02	2.12301e+03	1.37447e+03	4.56089e+00	2.36886e+00	1.17863e+02	1.83076e+01	7.71287e+00	0.00000e+00
9.07268e+02	2.82794e+02	2.12163e+03	1.37457e+03	4.56266e+00	2.37016e+00	1.17546e+02	1.83198e+01	7.72181e+00	0.00000e+00
9.10246e+02	2.82937e+02	2.12025e+03	1.37466e+03	4.56443e+00	2.37145e+00	1.17229e+02	1.83320e+01	7.73074e+00	0.00000e+00
9.13223e+02	2.83077e+02	2.11887e+03	1.37475e+03	4.56621e+00	2.37274e+00	1.16920e+02	1.83442e+01	7.73967e+00	0.00000e+00
9.16201e+02	2.83214e+02	2.11750e+03	1.37484e+03	4.56798e+00	2.37403e+00	1.16617e+02	1.83564e+01	7.74860e+00	0.00000e+00
9.19178e+02	2.83352e+02	2.11612e+03	1.37492e+03	4.56975e+00	2.37532e+00	1.16314e+02	1.83686e+01	7.75754e+00	0.00000e+00
9.22156e+02	2.83490e+02	2.11474e+03	1.37501e+03	4.57152e+00	2.37661e+00	1.16012e+02	1.83808e+01	7.76647e+00	0.00000e+00
9.25133e+02	2.83628e+02	2.11336e+03	1.37510e+03	4.57329e+00	2.37790e+00	1.15712e+02	1.83930e+01	7.77540e+00	0.00000e+00
9.28111e+02	2.83766e+02	2.11199e+03	1.37519e+03	4.57506e+00	2.37919e+00	1.15412e+02	1.84053e+01	7.78433e+00	0.00000e+00
9.31088e+02	2.83904e+02	2.11061e+03	1.37528e+03	4.57683e+00	2.38048e+00	1.15114e+02	1.84175e+01	7.79326e+00	0.00000e+00
9.34066e+02	2.84042e+02	2.10924e+03	1.37536e+03	4.57860e+00	2.38177e+00	1.14817e+02	1.84297e+01	7.80220e+00	0.00000e+00
9.37043e+02	2.84180e+02	2.10786e+03	1.37545e+03	4.58037e+00	2.38306e+00	1.14521e+02	1.84419e+01	7.81113e+00	0.00000e+00
9.40021e+02	2.84313e+02	2.10649e+03	1.37554e+03	4.58214e+00	2.38434e+00	1.14236e+02	1.84541e+01	7.82006e+00	0.00000e+00
9.42998e+02	2.84447e+02	2.10512e+03	1.37562e+03	4.58391e+00	2.38563e+00	1.13951e+02	1.84663e+01	7.82899e+00	0.00000e+00
9.45976e+02	2.84580e+02	2.10374e+03	1.37571e+03	4.58568e+00	2.38692e+00	1.13667e+02	1.84785e+01	7.83793e+00	0.00000e+00
9.48953e+02	2.84714e+02	2.10237e+03	1.37579e+03	4.58745e+00	2.38820e+00	1.13384e+02	1.84907e+01	7.84686e+00	0.00000e+00
9.51931e+02	2.84847e+02	2.10100e+03	1.37588e+03	4.58922e+00	2.38949e+00	1.13102e+02	1.85029e+01	7.85579e+00	0.00000e+00
9.54908e+02	2.84981e+02	2.09963e+03	1.37596e+03	4.59099e+00	2.39077e+00	1.12821e+02	1.85151e+01	7.86472e+00	0.00000e+00
9.57885e+02	2.85115e+02	2.09825e+03	1.37605e+03	4.59275e+00	2.39206e+00	1.12540e+02	1.85273e+01	7.87366e+00	0.00000e+00
9.60863e+02	2.85248e+02	2.09688e+03	1.37613e+03	4.59452e+00	2.39334e+00	1.12261e+02	1.85395e+01	7.88259e+00	0.00000e+00
9.63840e+02	2.85379e+02	2.09551e+03	1.37622e+03	4.59629e+00	2.39462e+00	1.11988e+02	1.85517e+01	7.89152e+00	0.00000e+00
9.66818e+02	2.85509e+02	2.09414e+03	1.37630e+03	4.59806e+00	2.39591e+00	1.11719e+02	1.85640e+01	7.90045e+00	0.00000e+00
9.69795e+02	2.85638e+02	2.09278e+03	1.37638e+03	4.59982e+00	2.39719e+00	1.11451e+02	1.85762e+01	7.90939e+00	0.00000e+00
9.72773e+02	2.85768e+02	2.09141e+03	1.37646e+03	4.60159e+00	2.39847e+00	1.11184e+02	1.85884e+01	7.91832e+00	0.00000e+00
9.75750e+02	2.85898e+02	2.09004e+03	1.37655e+03	4.60336e+00	2.39975e+00	1.10918e+02	1.86006e+01	7.92725e+00	0.00000e+00
9.78728e+02	2.86027e+02	2.08867e+03	1.37663e+03	4.60512e+00	2.40103e+00	1.10652e+02	1.86128e+01	7.93618e+00	0.00000e+00
9.81705e+02	2.86157e+02	2.08730e+03	1.37671e+03	4.60689e+00	2.40231e+00	1.10388e+02	1.86250e+01	7.94512e+00	0.00000e+00
9.84683e+02	2.86286e+02	2.08594e+03	1.37679e+03	4.60866e+00	2.40359e+00	1.10124e+02	1.86372e+01	7.95405e+00	0.00000e+00
9.87660e+02	2.86416e+02	2.08457e+03	1.37687e+03	4.61042e+00	2.40487e+00	1.09862e+02	1.86494e+01	7.96298e+00	0.00000e+00
9.90638e+02	2.86541e+02	2.08321e+03	1.37695e+03	4.61219e+00	2.40615e+00	1.09607e+02	1.86616e+01	7.97191e+00	0.00000e+00
9.93615e+02	2.86667e+02	2.08184e+03	1.37703e+03	4.61395e+00	2.40743e+00	1.09354e+02	1.86738e+01	7.98085e+00	0.00000e+00
9.96593e+02	2.86793e+02	2.08048e+03	1.37711e+03	4.61572e+00	2.40870e+00	1.09101e+02	1.86860e+01	7.98978e+00	0.00000e+00
9.99570e+02	2.86919e+02	2.07911e+03	1.37719e+03	4.61748e+00	2.40998e+00	1.08849e+02	1.86982e+01	7.99871e+00	0.00000e+00
1.00255e+03	2.87045e+02	2.07775e+03	1.37727e+03	4.61924e+00	2.41126e+00	1.08597e+02	1.87104e+01	8.00764e+00	0.00000e+00
1.00552e+03	2.87171e+02	2.07638e+03	1.37734e+03	4.62101e+00	2.41253e+00	1.08347e+02	1.87227e+01	8.01657e+00	0.00000e+00
1.00850e+03	2.87297e+02	2.07502e+03	1.37742e+03	4.62277e+00	2.41381e+00	1.08097e+02	1.87349e+01	8.02551e+00	0.00000e+00
1.01148e+03	2.87423e+02	2.07366e+03	1.37750e+03	4.62454e+00	2.41508e+00	1.07848e+02	1.87471e+01	8.03444e+00	0.00000e+00
1.01446e+03	2.87547e+02	2.07230e+03	1.37758e+03	4.62630e+00	2.41636e+00	1.07604e+02	1.87593e+01	8.04337e+00	0.00000e+00
1.01743e+03	2.87669e+02	2.07094e+03	1.37765e+03	4.62806e+00	2.41763e+00	1.07363e+02	1.87715e+01	8.05230e+00	0.00000e+00
1.02041e+03	2.87792e+02	2.06958e+03	1.37773e+03	4.62982e+00	2.41891e+00	1.07123e+02	1.87837e+01	8.06124e+00	0.00000e+00
1.02339e+03	2.87914e+02	2.06822e+03	1.37781e+03	4.63159e+00	2.42018e+00	1.06884e+02	1.87959e+01	8.07017e+00	0.00000e+00
1.02637e+03	2.88037e+02	2.06686e+03	1.37788e+03	4.63335e+00	2.42145e+00	1.06646e+02	1.88081e+01	8.07910e+00	0.00000e+00
1.02934e+03	2.88159e+02	2.06550e+03	1.37796e+03	4.63511e+00	2.42272e+00	1.06408e+02	1.88203e+01	8.08803e+00	0.00000e+00
1.03232e+03	2.88282e+02	2.06414e+03	1.37803e+03	4.63687e+00	2.42399e+00	1.06171e+02	1.88325e+01	8.09697e+00	0.00000e+00
1.03530e+03	2.88404e+02	2.06278e+03	1.37811e+03	4.63863e+00	2.42527e+00	1.05935e+02	1.88447e+01	8.10590e+00	0.00000e+00
1.03828e+03	2.88526e+02	2.06143e+03	1.37818e+03	4.64039e+00	2.42654e+00	1.05700e+02	1.88569e+01	8.11483e+00	0.00000e+00
1.04125e+03	2.88646e+02	2.06007e+03	1.37825e+03	4.64216e+00	2.42781e+00	1.05471e+02	1.88691e+01	8.12376e+00	0.00000e+00
1.04423e+03	2.88765e+02	2.05871e+03	1.37833e+03	4.64392e+00	2.42908e+00	1.05242e+02	1.88814e+01	8.13270e+00	0.00000e+00
1.04721e+03	2.88885e+02	2.05736e+03	1.37840e+03	4.64568e+00	2.43035e+00	1.05015e+02	1.88936e+01	8.14163e+00	0.00000e+00
1.05019e+03	2.89004e+02	2.05600e+03	1.37847e+03	4.64744e+00	2.43161e+00	1.04788e+02	1.89058e+01	8.15056e+00	0.00000e+00
1.05316e+03	2.89124e+02	2.05465e+03	1.37855e+03	4.64920e+00	2.43288e+00	1.04562e+02	1.89180e+01	8.15949e+00	0.00000e+00
1.05614e+03	2.89243e+02	2.05329e+03	1.37862e+03	4.65096e+00	2.43415e+00	1.04336e+02	1.89302e+01	8.16843e+00	0.00000e+00
1.05912e+03	2.89363e+02	2.05194e+03	1.37869e+03	4.65272e+00	2.43542e+00	1.04111e+02	1.89424e+01	8.17736e+00	0.00000e+00
1.06210e+03	2.89482e+02	2.05058e+03	1.37876e+03	4.65447e+00	2.43668e+00	1.03887e+02	1.89546e+01	8.18629e+00	0.00000e+00
1.06507e+03	2.89600e+02	2.04923e+03	1.37883e+03	4.65623e+00	2.43795e+00	1.03667e+02	1.89668e+01	8.19522e+00	0.00000e+00
1.06805e+03	2.89716e+02	2.04788e+03	1.37890e+03	4.65799e+00	2.43922e+00	1.03449e+02	1.89790e+01	8.20416e+00	0.00000e+00
1.07103e+03	2.89833e+02	2.04653e+03	1.37897e+03	4.65975e+00	2.44048e+00	1.03232e+02	1.89912e+01	8.21309e+00	0.00000e+00
1.07401e+03	2.89950e+02	2.04518e+03	1.37904e+03	4.66151e+00	2.44175e+00	1.03015e+02	1.90034e+01	8.22202e+00	0.00000e+00
1.07698e+03	2.90066e+02	2.04383e+03	1.37911e+03	4.66327e+00	2.44301e+00	1.02800e+02	1.90156e+01	8.23095e+00	0.00000e+00
1.07996e+03	2.90183e+02	2.04248e+03	1.37918e+03	4.66502e+00	2.44427e+00	1.02585e+02	1.90278e+01	8.23989e+00	0.00000e+00
1.08294e+03	2.90300e+02	2.04113e+03	1.37925e+03	4.66678e+00	2.44554e+00	1.02370e+02	1.90401e+01	8.24882e+00	0.00000e+00
1.08592e+03	2.90416e+02	2.03978e+03	1.37932e+03	4.66854e+00	2.44680e+00	1.02156e+02	1.90523e+01	8.25775e+00	0.00000e+00
1.08889e+03	2.90533e+02	2.03843e+03	1.37939e+03	4.67029e+00	2.44806e+00	1.01943e+02	1.90645e+01	8.26668e+00	0.00000e+00
1.09187e+03	2.90647e+02	2.03708e+03	1.37945e+03	4.67205e+00	2.44932e+00	1.01735e+02	1.90767e+01	8.27561e+00	0.00000e+00
1.09485e+03	2.90761e+02	2.03574e+03	1.37952e+03	4.67381e+00	2.45059e+00	1.01528e+02	1.90889e+01	8.28455e+00	0.00000e+00
1.09783e+03	2.90875e+02	2.03439e+03	1.37959e+03	4.67556e+00	2.45185e+00	1.01321e+02	1.91011e+01	8.29348e+00	0.00000e+00
1.10080e+03	2.90989e+02	2.03304e+03	1.37966e+03	4.67732e+00	2.45311e+00	1.01115e+02	1.91133e+01	8.30241e+00	0.00000e+00
1.10378e+03	2.91103e+02	2.03170e+03	1.37972e+03	4.67907e+00	2.45437e+00	1.00909e+02	1.91255e+01	8.31134e+00	0.00000e+00
1.10676e+03	2.91217e+02	2.03035e+03	1.37979e+03	4.68083e+00	2.45563e+00	1.00704e+02	1.91377e+01	8.32028e+00	0.00000e+00
1.10974e+03	2.91331e+02	2.02901e+03	1.37985e+03	4.68259e+00	2.45689e+00	1.00499e+02	1.91499e+01	8.32921e+00	0.00000e+00
1.11271e+03	2.91445e+02	2.02766e+03	1.37992e+03	4.68434e+00	2.45815e+00	1.00295e+02	1.91621e+01	8.33814e+00	0.00000e+00
1.11569e+03	2.91558e+02	2.02632e+03	1.37999e+03	4.68609e+00	2.45940e+00	1.00094e+02	1.91743e+01	8.34707e+00	0.00000e+00
1.11867e+03	2.91670e+02	2.02498e+03	1.38005e+03	4.68785e+00	2.46066e+00	9.98956e+01	1.91865e+01	8.35601e+00	0.00000e+00
1.12165e+03	2.91782e+02	2.02363e+03	1.38011e+03	4.68960e+00	2.46192e+00	9.96974e+01	1.91987e+01	8.36494e+00	0.00000e+00
1.12462e+03	2.91893e+02	2.02229e+03	1.38018e+03	4.69136e+00	2.46318e+00	9.94998e+01	1.92110e+01	8.37387e+00	0.00000e+00
1.12760e+03	2.92005e+02	2.02095e+03	1.38024e+03	4.69311e+00	2.46443e+00	9.93026e+01	1.92232e+01	8.38280e+00	0.00000e+00
1.13058e+03	2.92117e+02	2.01961e+03	1.38031e+03	4.69486e+00	2.46569e+00	9.91061e+01	1.92354e+01	8.39174e+00	0.00000e+00
1.13356e+03	2.92229e+02	2.01827e+03	1.38037e+03	4.69662e+00	2.46694e+00	9.89100e+01	1.92476e+01	8.40067e+00	0.00000e+00
1.13653e+03	2.92341e+02	2.01693e+03	1.38043e+03	4.69837e+00	2.46820e+00	9.87145e+01	1.92598e+01	8.40960e+00	0.00000e+00
1.13951e+03	2.92452e+02	2.01559e+03	1.38049e+03	4.70012e+00	2.46945e+00	9.85199e+01	1.92720e+01	8.41853e+00	0.00000e+00
1.14249e+03	2.92562e+02	2.01425e+03	1.38056e+03	4.70187e+00	2.47071e+00	9.83291e+01	1.92842e+01	8.42747e+00	0.00000e+00
1.14547e+03	2.92672e+02	2.01291e+03	1.38062e+03	4.70363e+00	2.47196e+00	9.81388e+01	1.92964e+01	8.43640e+00	0.00000e+00
1.14844e+03	2.92781e+02	2.01158e+03	1.38068e+03	4.70538e+00	2.47321e+00	9.79490e+01	1.93086e+01	8.44533e+00	0.00000e+00
1.15142e+03	2.92891e+02	2.01024e+03	1.38074e+03	4.70713e+00	2.47447e+00	9.77597e+01	1.93208e+01	8.45426e+00	0.00000e+00
1.15440e+03	2.93001e+02	2.00890e+03	1.38080e+03	4.70888e+00	2.47572e+00	9.75709e+01	1.93330e+01	8.46320e+00	0.00000e+00
1.15738e+03	2.93110e+02	2.00757e+03	1.38086e+03	4.71063e+00	2.47697e+00	9.73826e+01	1.93452e+01	8.47213e+00	0.00000e+00
1.16035e+03	2.93220e+02	2.00623e+03	1.38092e+03	4.71238e+00	2.47822e+00	9.71948e+01	1.93574e+01	8.48106e+00	0.00000e+00
1.16333e+03	2.93330e+02	2.00490e+03	1.38098e+03	4.71413e+00	2.47947e+00	9.70075e+01	1.93697e+01	8.48999e+00	0.00000e+00
1.16631e+03	2.93438e+02	2.00356e+03	1.38104e+03	4.71588e+00	2.48072e+00	9.68226e+01	1.93819e+01	8.49893e+00	0.00000e+00
1.16929e+03	2.93546e+02	2.00223e+03	1.38110e+03	4.71763e+00	2.48197e+00	9.66394e+01	1.93941e+01	8.50786e+00	0.00000e+00
1.17226e+03	2.93654e+02	2.00090e+03	1.38116e+03	4.71938e+00	2.48322e+00	9.64567e+01	1.94063e+01	8.51679e+00	0.00000e+00
1.17524e+03	2.93762e+02	1.99956e+03	1.38122e+03	4.72113e+00	2.48447e+00	9.62745e+01	1.94185e+01	8.52572e+00	0.00000e+00
1.17822e+03	2.93870e+02	1.99823e+03	1.38128e+03	4.72288e+00	2.48572e+00	9.60928e+01	1.94307e+01	8.53465e+00	0.00000e+00
1.18120e+03	2.93978e+02	1.99690e+03	1.38134e+03	4.72463e+00	2.48697e+00	9.59116e+01	1.94429e+01	8.54359e+00	0.00000e+00
1.18417e+03	2.94086e+02	1.99557e+03	1.38139e+03	4.72638e+00	2.48822e+00	9.57308e+01	1.94551e+01	8.55252e+00	0.00000e+00
1.18715e+03	2.94194e+02	1.99424e+03	1.38145e+03	4.72813e+00	2.48946e+00	9.55505e+01	1.94673e+01	8.56145e+00	0.00000e+00
1.19013e+03	2.94301e+02	1.99291e+03	1.38151e+03	4.72987e+00	2.49071e+00	9.53709e+01	1.94795e+01	8.57038e+00	0.00000e+00
1.19311e+03	2.94408e+02	1.99158e+03	1.38157e+03	4.73162e+00	2.49196e+00	9.51943e+01	1.94917e+01	8.57932e+00	0.00000e+00
1.19608e+03	2.94514e+02	1.99025e+03	1.38162e+03	4.73337e+00	2.49320e+00	9.50181e+01	1.95039e+01	8.58825e+00	0.00000e+00
1.19906e+03	2.94620e+02	1.98892e+03	1.38168e+03	4.73512e+00	2.49445e+00	9.48424e+01	1.95161e+01	8.59718e+00	0.00000e+00
1.20204e+03	2.94726e+02	1.98760e+03	1.38173e+03	4.73686e+00	2.49569e+00	9.46671e+01	1.95284e+01	8.60611e+00	0.00000e+00
1.20502e+03	2.94832e+02	1.98627e+03	1.38179e+03	4.73861e+00	2.49694e+00	9.44923e+01	1.95406e+01	8.61505e+00	0.00000e+00
1.20799e+03	2.94939e+02	1.98494e+03	1.38185e+03	4.74036e+00	2.49818e+00	9.43179e+01	1.95528e+01	8.62398e+00	0.00000e+00
1.21097e+03	2.95045e+02	1.98362e+03	1.38190e+03	4.74210e+00	2.49943e+00	9.41439e+01	1.95650e+01	8.63291e+00	0.00000e+00
1.21395e+03	2.95151e+02	1.98229e+03	1.38195e+03	4.74385e+00	2.50067e+00	9.39705e+01	1.95772e+01	8.64184e+00	0.00000e+00
1.21693e+03	2.95257e+02	1.98097e+03	1.38201e+03	4.74559e+00	2.50191e+00	9.37988e+01	1.95894e+01	8.65078e+00	0.00000e+00
1.21990e+03	2.95361e+02	1.97964e+03	1.38206e+03	4.74734e+00	2.50315e+00	9.36285e+01	1.96016e+01	8.65971e+00	0.00000e+00
1.22288e+03	2.95466e+02	1.97832e+03	1.38212e+03	4.74908e+00	2.50440e+00	9.34587e+01	1.96138e+01	8.66864e+00	0.00000e+00
1.22586e+03	2.95571e+02	1.97700e+03	1.38217e+03	4.75083e+00	2.50564e+00	9.32892e+01	1.96260e+01	8.67757e+00	0.00000e+00
1.22884e+03	2.95676e+02	1.97568e+03	1.38222e+03	4.75257e+00	2.50688e+00	9.31203e+01	1.96382e+01	8.68651e+00	0.00000e+00
1.23181e+03	2.95781e+02	1.97435e+03	1.38228e+03	4.75432e+00	2.50812e+00	9.29517e+01	1.96504e+01	8.69544e+00	0.00000e+00
1.23479e+03	2.95885e+02	1.97303e+03	1.38233e+03	4.75606e+00	2.50936e+00	9.27836e+01	1.96626e+01	8.70437e+00	0.00000e+00
1.23777e+03	2.95990e+02	1.97171e+03	1.38238e+03	4.75781e+00	2.51060e+00	9.26158e+01	1.96748e+01	8.71330e+00	0.00000e+00
1.24075e+03	2.96095e+02	1.97039e+03	1.38243e+03	4.75955e+00	2.51184e+00	9.24487e+01	1.96871e+01	8.72224e+00	0.00000e+00
1.24372e+03	2.96198e+02	1.96907e+03	1.38249e+03	4.76129e+00	2.51308e+00	9.22838e+01	1.96993e+01	8.73117e+00	0.00000e+00
1.24670e+03	2.96302e+02	1.96775e+03	1.38254e+03	4.76304e+00	2.51432e+00	9.21193e+01	1.97115e+01	8.74010e+00	0.00000e+00
1.24968e+03	2.96405e+02	1.96644e+03	1.38259e+03	4.76478e+00	2.51555e+00	9.19553e+01	1.97237e+01	8.74903e+00	0.00000e+00
1.25266e+03	2.96509e+02	1.96512e+03	1.38264e+03	4.76652e+00	2.51679e+00	9.17916e+01	1.97359e+01	8.75797e+00	0.00000e+00
1.25563e+03	2.96613e+02	1.96380e+03	1.38269e+03	4.76826e+00	2.51803e+00	9.16284e+01	1.97481e+01	8.76690e+00	0.00000e+00
1.25861e+03	2.96716e+02	1.96248e+03	1.38274e+03	4.77001e+00	2.51927e+00	9.14655e+01	1.97603e+01	8.77583e+00	0.00000e+00
1.26159e+03	2.96820e+02	1.96117e+03	1.38279e+03	4.77175e+00	2.52050e+00	9.13030e+01	1.97725e+01	8.78476e+00	0.00000e+00
1.26456e+03	2.96923e+02	1.95985e+03	1.38284e+03	4.77349e+00	2.52174e+00	9.11410e+01	1.97847e+01	8.79369e+00	0.00000e+00
1.26754e+03	2.97026e+02	1.95854e+03	1.38289e+03	4.77523e+00	2.52297e+00	9.09803e+01	1.97969e+01	8.80263e+00	0.00000e+00
1.27052e+03	2.97129e+02	1.95722e+03	1.38294e+03	4.77697e+00	2.52421e+00	9.08207e+01	1.98091e+01	8.81156e+00	0.00000e+00
1.27350e+03	2.97231e+02	1.95591e+03	1.38299e+03	4.77871e+00	2.52544e+00	9.06615e+01	1.98213e+01	8.82049e+00	0.00000e+00
1.27647e+03	2.97334e+02	1.95460e+03	1.38304e+03	4.78045e+00	2.52668e+00	9.05027e+01	1.98335e+01	8.82942e+00	0.00000e+00
1.27945e+03	2.97436e+02	1.95329e+03	1.38308e+03	4.78219e+00	2.52791e+00	9.03443e+01	1.98458e+01	8.83836e+00	0.00000e+00
1.28243e+03	2.97538e+02	1.95197e+03	1.38313e+03	4.78393e+00	2.52914e+00	9.01862e+01	1.98580e+01	8.84729e+00	0.00000e+00
1.28541e+03	2.97641e+02	1.95066e+03	1.38318e+03	4.78567e+00	2.53038e+00	9.00286e+01	1.98702e+01	8.85622e+00	0.00000e+00
1.28838e+03	2.97743e+02	1.94935e+03	1.38323e+03	4.78741e+00	2.53161e+00	8.98713e+01	1.98824e+01	8.86515e+00	0.00000e+00
1.29136e+03	2.97846e+02	1.94804e+03	1.38327e+03	4.78915e+00	2.53284e+00	8.97145e+01	1.98946e+01	8.87409e+00	0.00000e+00
1.29434e+03	2.97947e+02	1.94673e+03	1.38332e+03	4.79089e+00	2.53407e+00	8.95594e+01	1.99068e+01	8.88302e+00	0.00000e+00
1.29732e+03	2.98049e+02	1.94542e+03	1.38337e+03	4.79262e+00	2.53530e+00	8.94046e+01	1.99190e+01	8.89195e+00	0.00000e+00
1.30029e+03	2.98151e+02	1.94412e+03	1.38341e+03	4.79436e+00	2.53653e+00	8.92502e+01	1.99312e+01	8.90088e+00	0.00000e+00
1.30327e+03	2.98252e+02	1.94281e+03	1.38346e+03	4.79610e+00	2.53776e+00	8.90962e+01	1.99434e+01	8.90982e+00	0.00000e+00
1.30625e+03	2.98354e+02	1.94150e+03	1.38351e+03	4.79784e+00	2.53899e+00	8.89426e+01	1.99556e+01	8.91875e+00	0.00000e+00
1.30923e+03	2.98455e+02	1.94019e+03	1.38355e+03	4.79958e+00	2.54022e+00	8.87893e+01	1.99678e+01	8.92768e+00	0.00000e+00
1.31220e+03	2.98557e+02	1.93889e+03	1.38360e+03	4.80131e+00	2.54145e+00	8.86364e+01	1.99800e+01	8.93661e+00	0.00000e+00
1.31518e+03	2.98659e+02	1.93758e+03	1.38364e+03	4.80305e+00	2.54268e+00	8.84838e+01	1.99922e+01	8.94555e+00	0.00000e+00
1.31816e+03	2.98760e+02	1.93628e+03	1.38369e+03	4.80479e+00	2.54391e+00	8.83323e+01	2.00045e+01	8.95448e+00	0.00000e+00
1.32114e+03	2.98861e+02	1.93497e+03	1.38373e+03	4.80652e+00	2.54513e+00	8.81816e+01	2.00167e+01	8.96341e+00	0.00000e+00
1.32411e+03	2.98961e+02	1.93367e+03	1.38378e+03	4.80826e+00	2.54636e+00	8.80312e+01	2.00289e+01	8.97234e+00	0.00000e+00
1.32709e+03	2.99062e+02	1.93237e+03	1.38382e+03	4.80999e+00	2.54759e+00	8.78812e+01	2.00411e+01	8.98128e+00	0.00000e+00
1.33007e+03	2.99163e+02	1.93107e+03	1.38386e+03	4.81173e+00	2.54881e+00	8.77315e+01	2.00533e+01	8.99021e+00	0.00000e+00
1.33305e+03	2.99264e+02	1.92976e+03	1.38391e+03	4.81346e+00	2.55004e+00	8.75822e+01	2.00655e+01	8.99914e+00	0.00000e+00
1.33602e+03	2.99365e+02	1.92846e+03	1.38395e+03	4.81520e+00	2.55127e+00	8.74333e+01	2.00777e+01	9.00807e+00	0.00000e+00
1.33900e+03	2.99466e+02	1.92716e+03	1.38399e+03	4.81693e+00	2.55249e+00	8.72847e+01	2.00899e+01	9.01700e+00	0.00000e+00
1.34198e+03	2.99566e+02	1.92586e+03	1.38404e+03	4.81867e+00	2.55371e+00	8.71366e+01	2.01021e+01	9.02594e+00	0.00000e+00
1.34496e+03	2.99667e+02	1.92456e+03	1.38408e+03	4.82040e+00	2.55494e+00	8.69895e+01	2.01143e+01	9.03487e+00	0.00000e+00
1.34793e+03	2.99767e+02	1.92327e+03	1.38412e+03	4.82213e+00	2.55616e+00	8.68428e+01	2.01265e+01	9.04380e+00	0.00000e+00
1.35091e+03	2.99867e+02	1.92197e+03	1.38416e+03	4.82387e+00	2.55739e+00	8.66965e+01	2.01387e+01	9.05273e+00	0.00000e+00
1.35389e+03	2.99967e+02	1.92067e+03	1.38421e+03	4.82560e+00	2.55861e+00	8.65505e+01	2.01509e+01	9.06167e+00	0.00000e+00
1.35687e+03	3.00068e+02	1.91937e+03	1.38425e+03	4.82733e+00	2.55983e+00	8.64048e+01	2.01632e+01	9.07060e+00	0.00000e+00
1.35984e+03	3.00168e+02	1.91808e+03	1.38429e+03	4.82906e+00	2.56105e+00	8.62595e+01	2.01754e+01	9.07953e+00	0.00000e+00
1.36282e+03	3.00268e+02	1.91678e+03	1.38433e+03	4.83080e+00	2.56227e+00	8.61146e+01	2.01876e+01	9.08846e+00	0.00000e+00
1.36580e+03	3.00369e+02	1.91549e+03	1.38437e+03	4.83253e+00	2.56350e+00	8.59699e+01	2.01998e+01	9.09740e+00	0.00000e+00
1.36878e+03	3.00469e+02	1.91419e+03	1.38441e+03	4.83426e+00	2.56472e+00	8.58260e+01	2.02120e+01	9.10633e+00	0.00000e+00
1.37175e+03	3.00568e+02	1.91290e+03	1.38445e+03	4.83599e+00	2.56594e+00	8.56826e+01	2.02242e+01	9.11526e+00	0.00000e+00
1.37473e+03	3.00668e+02	1.91161e+03	1.38449e+03	4.83772e+00	2.56716e+00	8.55396e+01	2.02364e+01	9.12419e+00	0.00000e+00
1.37771e+03	3.00768e+02	1.91031e+03	1.38453e+03	4.83945e+00	2.56838e+00	8.53970e+01	2.02486e+01	9.13313e+00	0.00000e+00
1.38069e+03	3.00868e+02	1.90902e+03	1.38457e+03	4.84118e+00	2.56959e+00	8.52546e+01	2.02608e+01	9.14206e+00	0.00000e+00
1.38366e+03	3.00968e+02	1.90773e+03	1.38461e+03	4.84291e+00	2.57081e+00	8.51126e+01	2.02730e+01	9.15099e+00	0.00000e+00
1.38664e+03	3.01068e+02	1.90644e+03	1.38465e+03	4.84464e+00	2.57203e+00	8.49710e+01	2.02852e+01	9.15992e+00	0.00000e+00
1.38962e+03	3.01167e+02	1.90515e+03	1.38469e+03	4.84637e+00	2.57325e+00	8.48296e+01	2.02974e+01	9.16886e+00	0.00000e+00
1.39260e+03	3.01267e+02	1.90386e+03	1.38472e+03	4.84810e+00	2.57447e+00	8.46886e+01	2.03096e+01	9.17779e+00	0.00000e+00
1.39557e+03	3.01367e+02	1.90257e+03	1.38476e+03	4.84983e+00	2.57568e+00	8.45483e+01	2.03219e+01	9.18672e+00	0.00000e+00
1.39855e+03	3.01466e+02	1.90128e+03	1.38480e+03	4.85156e+00	2.57690e+00	8.44084e+01	2.03341e+01	9.19565e+00	0.00000e+00
1.40153e+03	3.01566e+02	1.90000e+03	1.38484e+03	4.85329e+00	2.57812e+00	8.42688e+01	2.03463e+01	9.20459e+00	0.00000e+00
1.40451e+03	3.01665e+02	1.89871e+03	1.38488e+03	4.85502e+00	2.57933e+00	8.41294e+01	2.03585e+01	9.21352e+00	0.00000e+00
1.40748e+03	3.01765e+02	1.89742e+03	1.38491e+03	4.85674e+00	2.58055e+00	8.39905e+01	2.03707e+01	9.22245e+00	0.00000e+00
1.41046e+03	3.01865e+02	1.89614e+03	1.38495e+03	4.85847e+00	2.58176e+00	8.38518e+01	2.03829e+01	9.23138e+00	0.00000e+00
1.41344e+03	3.01964e+02	1.89485e+03	1.38499e+03	4.86020e+00	2.58298e+00	8.37134e+01	2.03951e+01	9.24032e+00	0.00000e+00
1.41642e+03	3.02064e+02	1.89357e+03	1.38502e+03	4.86192e+00	2.58419e+00	8.35754e+01	2.04073e+01	9.24925e+00	0.00000e+00
1.41939e+03	3.02163e+02	1.89229e+03	1.38506e+03	4.86365e+00	2.58540e+00	8.34378e+01	2.04195e+01	9.25818e+00	0.00000e+00
1.42237e+03	3.02262e+02	1.89100e+03	1.38510e+03	4.86538e+00	2.58662e+00	8.33006e+01	2.04317e+01	9.26711e+00	0.00000e+00
1.42535e+03	3.02362e+02	1.88972e+03	1.38513e+03	4.86710e+00	2.58783e+00	8.31638e+01	2.04439e+01	9.27604e+00	0.00000e+00
1.42833e+03	3.02461e+02	1.88844e+03	1.38517e+03	4.86883e+00	2.58904e+00	8.30272e+01	2.04561e+01	9.28498e+00	0.00000e+00
1.43130e+03	3.02561e+02	1.88716e+03	1.38520e+03	4.87055e+00	2.59025e+00	8.28910e+01	2.04683e+01	9.29391e+00	0.00000e+00
1.43428e+03	3.02660e+02	1.88588e+03	1.38524e+03	4.87228e+00	2.59146e+00	8.27551e+01	2.04806e+01	9.30284e+00	0.00000e+00
1.43726e+03	3.02759e+02	1.88460e+03	1.38527e+03	4.87400e+00	2.59268e+00	8.26194e+01	2.04928e+01	9.31177e+00	0.00000e+00
1.44024e+03	3.02859e+02	1.88332e+03	1.38531e+03	4.87573e+00	2.59389e+00	8.24841e+01	2.05050e+01	9.32071e+00	0.00000e+00
1.44321e+03	3.02958e+02	1.88204e+03	1.38534e+03	4.87745e+00	2.59510e+00	8.23492e+01	2.05172e+01	9.32964e+00	0.00000e+00
1.44619e+03	3.03058e+02	1.88076e+03	1.38538e+03	4.87918e+00	2.59631e+00	8.22145e+01	2.05294e+01	9.33857e+00	0.00000e+00
1.44917e+03	3.03157e+02	1.87948e+03	1.38541e+03	4.88090e+00	2.59752e+00	8.20802e+01	2.05416e+01	9.34750e+00	0.00000e+00
1.45215e+03	3.03256e+02	1.87821e+03	1.38545e+03	4.88262e+00	2.59872e+00	8.19461e+01	2.05538e+01	9.35644e+00	0.00000e+00
1.45512e+03	3.03356e+02	1.87693e+03	1.38548e+03	4.88434e+00	2.59993e+00	8.18124e+01	2.05660e+01	9.36537e+00	0.00000e+00
1.45810e+03	3.03455e+02	1.87566e+03	1.38551e+03	4.88607e+00	2.60114e+00	8.16790e+01	2.05782e+01	9.37430e+00	0.00000e+00
1.46108e+03	3.03554e+02	1.87438e+03	1.38555e+03	4.88779e+00	2.60235e+00	8.15459e+01	2.05904e+01	9.38323e+00	0.00000e+00
1.46406e+03	3.03654e+02	1.87311e+03	1.38558e+03	4.88951e+00	2.60356e+00	8.14130e+01	2.06026e+01	9.39217e+00	0.00000e+00
1.46703e+03	3.03753e+02	1.87183e+03	1.38561e+03	4.89123e+00	2.60476e+00	8.12805e+01	2.06148e+01	9.40110e+00	0.00000e+00
1.47001e+03	3.03853e+02	1.87056e+03	1.38565e+03	4.89295e+00	2.60597e+00	8.11482e+01	2.06270e+01	9.41003e+00	0.00000e+00
1.47299e+03	3.03952e+02	1.86929e+03	1.38568e+03	4.89468e+00	2.60718e+00	8.10162e+01	2.06392e+01	9.41896e+00	0.00000e+00
1.47597e+03	3.04052e+02	1.86802e+03	1.38571e+03	4.89640e+00	2.60838e+00	8.08845e+01	2.06515e+01	9.42790e+00	0.00000e+00
1.47894e+03	3.04151e+02	1.86675e+03	1.38574e+03	4.89812e+00	2.60959e+00	8.07530e+01	2.06637e+01	9.43683e+00	0.00000e+00
1.48192e+03	3.04251e+02	1.86548e+03	1.38577e+03	4.89984e+00	2.61079e+00	8.06219e+01	2.06759e+01	9.44576e+00	0.00000e+00
1.48490e+03	3.04350e+02	1.86421e+03	1.38581e+03	4.90156e+00	2.61200e+00	8.04910e+01	2.06881e+01	9.45469e+00	0.00000e+00
1.48788e+03	3.04449e+02	1.86294e+03	1.38584e+03	4.90328e+00	2.61320e+00	8.03605e+01	2.07003e+01	9.46363e+00	0.00000e+00
1.49085e+03	3.04549e+02	1.86167e+03	1.38587e+03	4.90499e+00	2.61440e+00	8.02303e+01	2.07125e+01	9.47256e+00	0.00000e+00
1.49383e+03	3.04648e+02	1.86040e+03	1.38590e+03	4.90671e+00	2.61561e+00	8.01003e+01	2.07247e+01	9.48149e+00	0.00000e+00
1.49681e+03	3.04748e+02	1.85913e+03	1.38593e+03	4.90843e+00	2.61681e+00	7.99703e+01	2.07369e+01	9.49042e+00	0.00000e+00
1.49979e+03	3.04848e+02	1.85787e+03	1.38596e+03	4.91015e+00	2.61801e+00	7.98407e+01	2.07491e+01	9.49936e+00	0.00000e+00
1.50276e+03	3.04948e+02	1.85660e+03	1.38599e+03	4.91187e+00	2.61921e+00	7.97113e+01	2.07613e+01	9.50829e+00	0.00000e+00
1.50574e+03	3.05047e+02	1.85534e+03	1.38602e+03	4.91359e+00	2.62042e+00	7.95823e+01	2.07735e+01	9.51722e+00	0.00000e+00
1.50872e+03	3.05147e+02	1.85407e+03	1.38605e+03	4.91530e+00	2.62162e+00	7.94535e+01	2.07857e+01	9.52615e+00	0.00000e+00
1.51169e+03	3.05247e+02	1.85281e+03	1.38608e+03	4.91702e+00	2.62282e+00	7.93250e+01	2.07979e+01	9.53508e+00	0.00000e+00
1.51467e+03	3.05346e+02	1.85155e+03	1.38611e+03	4.91874e+00	2.62402e+00	7.91969e+01	2.08102e+01	9.54402e+00	0.00000e+00
1.51765e+03	3.05446e+02	1.85028e+03	1.38614e+03	4.92045e+00	2.62522e+00	7.90690e+01	2.08224e+01	9.55295e+00	0.00000e+00
1.52063e+03	3.05546e+02	1.84902e+03	1.38617e+03	4.92217e+00	2.62642e+00	7.89411e+01	2.08346e+01	9.56188e+00	0.00000e+00
1.52360e+03	3.05646e+02	1.84776e+03	1.38620e+03	4.92388e+00	2.62762e+00	7.88134e+01	2.08468e+01	9.57081e+00	0.00000e+00
1.52658e+03	3.05746e+02	1.84650e+03	1.38623e+03	4.92560e+00	2.62881e+00	7.86859e+01	2.08590e+01	9.57975e+00	0.00000e+00
1.52956e+03	3.05846e+02	1.84524e+03	1.38625e+03	4.92732e+00	2.63001e+00	7.85588e+01	2.08712e+01	9.58868e+00	0.00000e+00
1.53254e+03	3.05946e+02	1.84398e+03	1.38628e+03	4.92903e+00	2.63121e+00	7.84319e+01	2.08834e+01	9.59761e+00	0.00000e+00
1.53551e+03	3.06046e+02	1.84272e+03	1.38631e+03	4.93074e+00	2.63241e+00	7.83053e+01	2.08956e+01	9.60654e+00	0.00000e+00
1.53849e+03	3.06146e+02	1.84147e+03	1.38634e+03	4.93246e+00	2.63361e+00	7.81790e+01	2.09078e+01	9.61548e+00	0.00000e+00
1.54147e+03	3.06246e+02	1.84021e+03	1.38637e+03	4.93417e+00	2.63480e+00	7.80530e+01	2.09200e+01	9.62441e+00	0.00000e+00
1.54445e+03	3.06346e+02	1.83895e+03	1.38639e+03	4.93589e+00	2.63600e+00	7.79273e+01	2.09322e+01	9.63334e+00	0.00000e+00
1.54742e+03	3.06447e+02	1.83770e+03	1.38642e+03	4.93760e+00	2.63719e+00	7.78013e+01	2.09444e+01	9.64227e+00	0.00000e+00
1.55040e+03	3.06547e+02	1.83644e+03	1.38645e+03	4.93931e+00	2.63839e+00	7.76755e+01	2.09566e+01	9.65121e+00	0.00000e+00
1.55338e+03	3.06648e+02	1.83519e+03	1.38648e+03	4.94102e+00	2.63958e+00	7.75501e+01	2.09689e+01	9.66014e+00	0.00000e+00
1.55636e+03	3.06748e+02	1.83393e+03	1.38650e+03	4.94274e+00	2.64078e+00	7.74250e+01	2.09811e+01	9.66907e+00	0.00000e+00
1.55933e+03	3.06848e+02	1.83268e+03	1.38653e+03	4.94445e+00	2.64197e+00	7.73001e+01	2.09933e+01	9.67800e+00	0.00000e+00
1.56231e+03	3.06949e+02	1.83143e+03	1.38656e+03	4.94616e+00	2.64317e+00	7.71755e+01	2.10055e+01	9.68694e+00	0.00000e+00
1.56529e+03	3.07049e+02	1.83018e+03	1.38658e+03	4.94787e+00	2.64436e+00	7.70512e+01	2.10177e+01	9.69587e+00	0.00000e+00
1.56827e+03	3.07150e+02	1.82893e+03	1.38661e+03	4.94958e+00	2.64555e+00	7.69272e+01	2.10299e+01	9.70480e+00	0.00000e+00
1.57124e+03	3.07251e+02	1.82768e+03	1.38663e+03	4.95129e+00	2.64675e+00	7.68031e+01	2.10421e+01	9.71373e+00	0.00000e+00
1.57422e+03	3.07352e+02	1.82643e+03	1.38666e+03	4.95300e+00	2.64794e+00	7.66790e+01	2.10543e+01	9.72267e+00	0.00000e+00
1.57720e+03	3.07453e+02	1.82518e+03	1.38669e+03	4.95471e+00	2.64913e+00	7.65551e+01	2.10665e+01	9.73160e+00	0.00000e+00
1.58018e+03	3.07554e+02	1.82393e+03	1.38671e+03	4.95642e+00	2.65032e+00	7.64316e+01	2.10787e+01	9.74053e+00	0.00000e+00
1.58315e+03	3.07655e+02	1.82268e+03	1.38674e+03	4.95813e+00	2.65151e+00	7.63083e+01	2.10909e+01	9.74946e+00	0.00000e+00
1.58613e+03	3.07756e+02	1.82143e+03	1.38676e+03	4.95984e+00	2.65270e+00	7.61853e+01	2.11031e+01	9.75839e+00	0.00000e+00
1.58911e+03	3.07857e+02	1.82019e+03	1.38679e+03	4.96155e+00	2.65389e+00	7.60625e+01	2.11153e+01	9.76733e+00	0.00000e+00
1.59209e+03	3.07958e+02	1.81894e+03	1.38681e+03	4.96326e+00	2.65508e+00	7.59401e+01	2.11276e+01	9.77626e+00	0.00000e+00
1.59506e+03	3.08059e+02	1.81770e+03	1.38683e+03	4.96497e+00	2.65627e+00	7.58179e+01	2.11398e+01	9.78519e+00	0.00000e+00
1.59804e+03	3.08161e+02	1.81645e+03	1.38686e+03	4.96667e+00	2.65746e+00	7.56952e+01	2.11520e+01	9.79412e+00	0.00000e+00
1.60102e+03	3.08262e+02	1.81521e+03	1.38688e+03	4.96838e+00	2.65865e+00	7.55728e+01	2.11642e+01	9.80306e+00	0.00000e+00
1.60400e+03	3.08364e+02	1.81397e+03	1.38691e+03	4.97009e+00	2.65984e+00	7.54506e+01	2.11764e+01	9.81199e+00	0.00000e+00
1.60697e+03	3.08466e+02	1.81272e+03	1.38693e+03	4.97179e+00	2.66102e+00	7.53288e+01	2.11886e+01	9.82092e+00	0.00000e+00
1.60995e+03	3.08567e+02	1.81148e+03	1.38695e+03	4.97350e+00	2.66221e+00	7.52072e+01	2.12008e+01	9.82985e+00	0.00000e+00
1.61293e+03	3.08669e+02	1.81024e+03	1.38698e+03	4.97521e+00	2.66340e+00	7.50859e+01	2.12130e+01	9.83879e+00	0.00000e+00
1.61591e+03	3.08771e+02	1.80900e+03	1.38700e+03	4.97691e+00	2.66459e+00	7.49649e+01	2.12252e+01	9.84772e+00	0.00000e+00
1.61888e+03	3.08872e+02	1.80776e+03	1.38702e+03	4.97862e+00	2.66577e+00	7.48441e+01	2.12374e+01	9.85665e+00	0.00000e+00
1.62186e+03	3.08974e+02	1.80652e+03	1.38705e+03	4.98032e+00	2.66696e+00	7.47231e+01	2.12496e+01	9.86558e+00	0.00000e+00
1.62484e+03	3.09077e+02	1.80529e+03	1.38707e+03	4.98203e+00	2.66814e+00	7.46021e+01	2.12618e+01	9.87452e+00	0.00000e+00
1.62782e+03	3.09179e+02	1.80405e+03	1.38709e+03	4.98373e+00	2.66933e+00	7.44812e+01	2.12740e+01	9.88345e+00	0.00000e+00
1.63079e+03	3.09282e+02	1.80281e+03	1.38711e+03	4.98544e+00	2.67051e+00	7.43607e+01	2.12863e+01	9.89238e+00	0.00000e+00
1.63377e+03	3.09384e+02	1.80158e+03	1.38714e+03	4.98714e+00	2.67170e+00	7.42404e+01	2.12985e+01	9.90131e+00	0.00000e+00
1.63675e+03	3.09487e+02	1.80034e+03	1.38716e+03	4.98884e+00	2.67288e+00	7.41204e+01	2.13107e+01	9.91025e+00	0.00000e+00
1.63973e+03	3.09589e+02	1.79911e+03	1.38718e+03	4.99055e+00	2.67406e+00	7.40007e+01	2.13229e+01	9.91918e+00	0.00000e+00
1.64270e+03	3.09692e+02	1.79787e+03	1.38720e+03	4.99225e+00	2.67525e+00	7.38812e+01	2.13351e+01	9.92811e+00	0.00000e+00
1.64568e+03	3.09794e+02	1.79664e+03	1.38722e+03	4.99395e+00	2.67643e+00	7.37620e+01	2.13473e+01	9.93704e+00	0.00000e+00
1.64866e+03	3.09897e+02	1.79541e+03	1.38724e+03	4.99565e+00	2.67761e+00	7.36421e+01	2.13595e+01	9.94598e+00	0.00000e+00
1.65164e+03	3.10001e+02	1.79417e+03	1.38726e+03	4.99735e+00	2.67879e+00	7.35225e+01	2.13717e+01	9.95491e+00	0.00000e+00
1.65461e+03	3.10104e+02	1.79294e+03	1.38729e+03	4.99906e+00	2.67997e+00	7.34031e+01	2.13839e+01	9.96384e+00	0.00000e+00
1.65759e+03	3.10207e+02	1.79171e+03	1.38731e+03	5.00076e+00	2.68115e+00	7.32841e+01	2.13961e+01	9.97277e+00	0.00000e+00
1.66057e+03	3.10310e+02	1.79048e+03	1.38733e+03	5.00246e+00	2.68233e+00	7.31652e+01	2.14083e+01	9.98171e+00	0.00000e+00
1.66355e+03	3.10414e+02	1.78925e+03	1.38735e+03	5.00416e+00	2.68351e+00	7.30467e+01	2.14205e+01	9.99064e+00	0.00000e+00
1.66652e+03	3.10517e+02	1.78803e+03	1.38737e+03	5.00586e+00	2.68469e+00	7.29284e+01	2.14327e+01	9.99957e+00	0.00000e+00
1.66950e+03	3.10620e+02	1.78680e+03	1.38739e+03	5.00756e+00	2.68587e+00	7.28105e+01	2.14450e+01	1.00085e+01	0.00000e+00
1.67248e+03	3.10724e+02	1.78557e+03	1.38741e+03	5.00926e+00	2.68705e+00	7.26921e+01	2.14572e+01	1.00174e+01	0.00000e+00
1.67546e+03	3.10828e+02	1.78434e+03	1.38743e+03	5.01096e+00	2.68823e+00	7.25736e+01	2.14694e+01	1.00264e+01	0.00000e+00
1.67843e+03	3.10933e+02	1.78312e+03	1.38745e+03	5.01265e+00	2.68941e+00	7.24553e+01	2.14816e+01	1.00353e+01	0.00000e+00
1.68141e+03	3.11037e+02	1.78189e+03	1.38747e+03	5.01435e+00	2.69059e+00	7.23374e+01	2.14938e+01	1.00442e+01	0.00000e+00
1.68439e+03	3.11141e+02	1.78067e+03	1.38749e+03	5.01605e+00	2.69176e+00	7.22196e+01	2.15060e+01	1.00532e+01	0.00000e+00
1.68737e+03	3.11245e+02	1.77945e+03	1.38751e+03	5.01775e+00	2.69294e+00	7.21022e+01	2.15182e+01	1.00621e+01	0.00000e+00
1.69034e+03	3.11350e+02	1.77822e+03	1.38752e+03	5.01944e+00	2.69412e+00	7.19850e+01	2.15304e+01	1.00710e+01	0.00000e+00
1.69332e+03	3.11454e+02	1.77700e+03	1.38754e+03	5.02114e+00	2.69529e+00	7.18681e+01	2.15426e+01	1.00800e+01	0.00000e+00
1.69630e+03	3.11558e+02	1.77578e+03	1.38756e+03	5.02284e+00	2.69647e+00	7.17514e+01	2.15548e+01	1.00889e+01	0.00000e+00
1.69928e+03	3.11663e+02	1.77456e+03	1.38758e+03	5.02453e+00	2.69764e+00	7.16339e+01	2.15670e+01	1.00978e+01	0.00000e+00
1.70225e+03	3.11769e+02	1.77334e+03	1.38760e+03	5.02623e+00	2.69882e+00	7.15166e+01	2.15792e+01	1.01068e+01	0.00000e+00
1.70523e+03	3.11874e+02	1.77212e+03	1.38762e+03	5.02793e+00	2.69999e+00	7.13996e+01	2.15914e+01	1.01157e+01	0.00000e+00
1.70821e+03	3.11979e+02	1.77090e+03	1.38764e+03	5.02962e+00	2.70117e+00	7.12829e+01	2.16037e+01	1.01246e+01	0.00000e+00
1.71119e+03	3.12085e+02	1.76968e+03	1.38765e+03	5.03132e+00	2.70234e+00	7.11664e+01	2.16159e+01	1.01336e+01	0.00000e+00
1.71416e+03	3.12190e+02	1.76847e+03	1.38767e+03	5.03301e+00	2.70352e+00	7.10502e+01	2.16281e+01	1.01425e+01	0.00000e+00
1.71714e+03	3.12295e+02	1.76725e+03	1.38769e+03	5.03471e+00	2.70469e+00	7.09343e+01	2.16403e+01	1.01514e+01	0.00000e+00
1.72012e+03	3.12400e+02	1.76604e+03	1.38771e+03	5.03640e+00	2.70586e+00	7.08187e+01	2.16525e+01	1.01604e+01	0.00000e+00
1.72310e+03	3.12506e+02	1.76482e+03	1.38772e+03	5.03809e+00	2.70703e+00	7.07026e+01	2.16647e+01	1.01693e+01	0.00000e+00
1.72607e+03	3.12613e+02	1.76361e+03	1.38774e+03	5.03979e+00	2.70821e+00	7.05863e+01	2.16769e+01	1.01782e+01	0.00000e+00
1.72905e+03	3.12719e+02	1.76239e+03	1.38776e+03	5.04148e+00	2.70938e+00	7.04702e+01	2.16891e+01	1.01872e+01	0.00000e+00
1.73203e+03	3.12826e+02	1.76118e+03	1.38778e+03	5.04317e+00	2.71055e+00	7.03544e+01	2.17013e+01	1.01961e+01	0.00000e+00
1.73501e+03	3.12932e+02	1.75997e+03	1.38779e+03	5.04486e+00	2.71172e+00	7.02388e+01	2.17135e+01	1.02050e+01	0.00000e+00
1.73798e+03	3.13038e+02	1.75876e+03	3.44477e+03	8.51101e+00	4.91253e+00	1.39270e+13	1.38687e+02	8.31325e+01	0.00000e+00
1.81557e+03	3.21181e+02	1.74605e+03	3.44477e+03	8.51390e+00	4.91176e+00	7.52339e+12	1.38946e+02	8.31392e+01	0.00000e+00
1.89316e+03	3.29260e+02	1.73334e+03	3.44612e+03	8.51401e+00	4.90749e+00	4.20902e+12	1.39176e+02	8.30134e+01	0.00000e+00
1.97077e+03	3.37276e+02	1.72063e+03	3.44690e+03	8.51708e+00	4.90701e+00	2.43194e+12	1.39432e+02	8.30291e+01	0.00000e+00
2.04841e+03	3.45228e+02	1.70792e+03	3.44823e+03	8.52029e+00	4.90667e+00	1.44748e+12	1.39693e+02	8.30517e+01	0.00000e+00
2.12607e+03	3.53117e+02	1.69521e+03	3.44965e+03	8.52349e+00	4.90637e+00	8.85485e+11	1.39950e+02	8.30745e+01	0.00000e+00
2.20377e+03	3.60942e+02	1.68250e+03	3.45101e+03	8.52669e+00	4.90607e+00	5.55608e+11	1.40207e+02	8.30970e+01	0.00000e+00
2.28150e+03	3.68704e+02	1.66979e+03	3.45237e+03	8.52971e+00	4.90552e+00	3.56918e+11	1.40461e+02	8.31089e+01	0.00000e+00
2.35926e+03	3.76402e+02	1.65708e+03	3.45364e+03	8.52998e+00	4.90151e+00	2.34344e+11	1.40692e+02	8.29937e+01	0.00000e+00
2.43704e+03	3.84036e+02	1.64437e+03	3.45450e+03	8.53316e+00	4.90122e+00	1.57023e+11	1.40949e+02	8.30163e+01	0.00000e+00
2.51485e+03	3.91606e+02	1.63166e+03	3.45585e+03	8.53656e+00	4.90117e+00	1.07224e+11	1.41209e+02	8.30483e+01	0.00000e+00
2.59269e+03	3.99112e+02	1.61895e+03	3.45726e+03	8.53985e+00	4.90099e+00	7.45250e+10	1.41468e+02	8.30755e+01	0.00000e+00
2.67056e+03	4.06555e+02	1.60625e+03	3.45864e+03	8.54304e+00	4.90070e+00	5.26617e+10	1.41725e+02	8.30981e+01	0.00000e+00
2.74846e+03	4.13933e+02	1.59354e+03	3.45999e+03	8.54532e+00	4.89926e+00	3.77933e+10	1.41975e+02	8.30781e+01	0.00000e+00
2.82638e+03	4.21247e+02	1.58083e+03	3.46120e+03	8.54612e+00	4.89592e+00	2.75197e+10	1.42211e+02	8.29874e+01	0.00000e+00
2.90434e+03	4.28496e+02	1.56812e+03	3.46213e+03	8.54933e+00	4.89565e+00	2.03141e+10	1.42469e+02	8.30108e+01	0.00000e+00
2.98232e+03	4.35681e+02	1.55541e+03	3.46349e+03	8.55226e+00	4.89500e+00	1.51887e+10	1.42730e+02	8.30222e+01	0.00000e+00
3.06033e+03	4.42802e+02	1.54270e+03	3.46489e+03	8.55549e+00	4.89474e+00	1.14946e+10	1.42989e+02	8.30461e+01	0.00000e+00
3.13837e+03	4.49858e+02	1.52999e+03	3.46625e+03	8.55872e+00	4.89449e+00	8.79862e+09	1.43248e+02	8.30703e+01	0.00000e+00
3.21644e+03	4.56850e+02	1.51728e+03	3.46761e+03	8.56208e+00	4.89439e+00	6.80786e+09	1.43510e+02	8.31004e+01	0.00000e+00
3.29454e+03	4.63776e+02	1.50457e+03	3.46901e+03	8.56241e+00	4.89047e+00	5.32138e+09	1.43744e+02	8.29884e+01	0.00000e+00
3.37267e+03	4.70638e+02	1.49186e+03	3.46989e+03	8.56449e+00	4.88875e+00	4.19970e+09	1.43993e+02	8.29579e+01	0.00000e+00
3.45083e+03	4.77435e+02	1.47915e+03	3.47106e+03	8.56783e+00	4.88861e+00	3.34477e+09	1.44257e+02	8.29865e+01	0.00000e+00
3.52901e+03	4.84166e+02	1.46644e+03	3.47246e+03	8.57122e+00	4.88852e+00	2.68700e+09	1.44522e+02	8.30177e+01	0.00000e+00
3.60722e+03	4.90832e+02	1.45373e+03	3.47389e+03	8.57454e+00	4.88834e+00	2.17638e+09	1.44785e+02	8.30445e+01	0.00000e+00
3.68546e+03	4.97433e+02	1.44102e+03	3.47526e+03	8.57789e+00	4.88820e+00	1.77661e+09	1.45048e+02	8.30725e+01	0.00000e+00
3.76373e+03	5.03969e+02	1.42832e+03	3.47664e+03	8.58142e+00	4.88822e+00	1.46107e+09	1.45317e+02	8.31071e+01	0.00000e+00
3.84204e+03	5.10438e+02	1.41561e+03	3.47806e+03	8.58314e+00	4.88609e+00	1.21009e+09	1.45560e+02	8.30596e+01	0.00000e+00
3.92038e+03	5.16842e+02	1.40290e+03	3.47910e+03	8.58614e+00	4.88550e+00	1.00899e+09	1.45821e+02	8.30708e+01	0.00000e+00
3.99874e+03	5.23180e+02	1.39019e+03	3.48040e+03	8.58979e+00	4.88564e+00	8.46729e+08	1.46093e+02	8.31102e+01	0.00000e+00
4.07713e+03	5.29452e+02	1.37748e+03	3.48186e+03	8.59321e+00	4.88555e+00	7.14930e+08	1.46361e+02	8.31402e+01	0.00000e+00
4.15555e+03	5.35657e+02	1.36477e+03	3.48325e+03	8.59657e+00	4.88536e+00	6.07194e+08	1.46629e+02	8.31674e+01	0.00000e+00
4.23400e+03	5.41797e+02	1.35206e+03	3.48465e+03	8.59992e+00	4.88516e+00	5.18591e+08	1.46899e+02	8.31942e+01	0.00000e+00
4.31249e+03	5.47869e+02	1.33935e+03	3.48606e+03	8.60340e+00	4.88511e+00	4.45299e+08	1.47169e+02	8.32260e+01	0.00000e+00
4.39100e+03	5.53875e+02	1.32664e+03	3.48746e+03	8.60568e+00	4.88355e+00	3.84335e+08	1.47425e+02	8.32001e+01	0.00000e+00
4.46955e+03	5.59814e+02	1.31393e+03	3.48862e+03	8.60848e+00	4.88263e+00	3.33355e+08	1.47690e+02	8.31993e+01	0.00000e+00
4.54813e+03	5.65685e+02	1.30122e+03	3.48990e+03	8.61202e+00	4.88263e+00	2.90505e+08	1.47962e+02	8.32330e+01	0.00000e+00
4.62673e+03	5.71489e+02	1.28851e+03	3.49131e+03	8.61558e+00	4.88265e+00	2.54314e+08	1.48236e+02	8.32673e+01	0.00000e+00
4.70537e+03	5.77226e+02	1.27580e+03	3.49272e+03	8.61915e+00	4.88266e+00	2.23605e+08	1.48512e+02	8.33025e+01	0.00000e+00
4.78403e+03	5.82895e+02	1.26309e+03	3.49418e+03	8.62243e+00	4.88229e+00	1.97430e+08	1.48783e+02	8.33218e+01	0.00000e+00
4.86273e+03	5.88496e+02	1.25039e+03	3.49552e+03	8.62557e+00	4.88176e+00	1.75024e+08	1.49054e+02	8.33354e+01	0.00000e+00
4.94146e+03	5.94029e+02	1.23768e+03	3.49685e+03	8.62977e+00	4.88251e+00	1.55765e+08	1.49338e+02	8.33981e+01	0.00000e+00
5.02022e+03	5.99493e+02	1.22497e+03	3.49840e+03	8.64720e+00	4.89584e+00	1.39146e+08	1.50019e+02	8.39879e+01	0.00000e+00
5.09902e+03	6.04889e+02	1.21226e+03	3.50389e+03	8.67355e+00	4.91822e+00	1.24750e+08	1.50930e+02	8.49449e+01	0.00000e+00
5.17794e+03	6.10215e+02	1.19955e+03	3.51174e+03	8.67722e+00	4.91841e+00	1.12242e+08	1.51205e+02	8.49858e+01	0.00000e+00
5.25703e+03	6.15473e+02	1.18684e+03	3.51315e+03	8.68060e+00	4.91801e+00	1.01341e+08	1.51489e+02	8.50050e+01	0.00000e+00
5.33616e+03	6.20660e+02	1.17413e+03	3.51452e+03	8.68439e+00	4.91831e+00	9.17963e+07	1.51768e+02	8.50500e+01	0.00000e+00
5.41532e+03	6.25778e+02	1.16142e+03	3.51595e+03	8.68817e+00	4.91854e+00	8.34125e+07	1.52049e+02	8.50920e+01	0.00000e+00
5.49451e+03	6.30826e+02	1.14871e+03	3.51736e+03	8.69208e+00	4.91889e+00	7.60257e+07	1.52335e+02	8.51390e+01	0.00000e+00
5.57373e+03	6.35804e+02	1.13600e+03	3.51880e+03	8.69588e+00	4.91918e+00	6.94979e+07	1.52616e+02	8.51839e+01	0.00000e+00
5.65299e+03	6.40710e+02	1.12329e+03	3.52024e+03	8.69971e+00	4.91950e+00	6.37128e+07	1.52899e+02	8.52298e+01	0.00000e+00
5.73227e+03	6.45546e+02	1.11058e+03	3.52168e+03	8.70441e+00	4.92086e+00	5.85717e+07	1.53192e+02	8.53146e+01	0.00000e+00
5.81159e+03	6.50310e+02	1.09787e+03	3.52324e+03	8.70751e+00	4.92002e+00	5.39910e+07	1.53468e+02	8.53121e+01	0.00000e+00
5.89095e+03	6.55001e+02	1.08516e+03	3.52434e+03	8.71081e+00	4.91946e+00	4.98994e+07	1.53746e+02	8.53201e+01	0.00000e+00
5.97033e+03	6.59621e+02	1.07246e+03	3.52546e+03	8.71612e+00	4.92181e+00	4.62354e+07	1.54052e+02	8.54510e+01	0.00000e+00
6.04973e+03	6.64168e+02	1.05975e+03	3.52750e+03	8.72005e+00	4.92214e+00	4.29469e+07	1.54340e+02	8.54964e+01	0.00000e+00
6.12918e+03	6.68642e+02	1.04704e+03	3.52890e+03	8.72347e+00	4.92163e+00	3.99893e+07	1.54621e+02	8.55047e+01	0.00000e+00
6.20866e+03	6.73042e+02	1.03433e+03	3.52997e+03	8.72777e+00	4.92259e+00	3.73235e+07	1.54916e+02	8.55793e+01	0.00000e+00
6.28817e+03	6.77367e+02	1.02162e+03	3.53168e+03	8.73232e+00	4.92368e+00	3.49155e+07	1.55215e+02	8.56556e+01	0.00000e+00
6.36771e+03	6.81619e+02	1.00891e+03	3.53326e+03	8.73658e+00	4.92438e+00	3.27368e+07	1.55512e+02	8.57158e+01	0.00000e+00
6.44729e+03	6.85794e+02	9.96200e+02	3.53475e+03	8.74145e+00	4.92603e+00	3.07617e+07	1.55820e+02	8.58199e+01	0.00000e+00
6.52691e+03	6.89895e+02	9.83490e+02	3.53666e+03	8.74633e+00	4.92757e+00	2.89683e+07	1.56128e+02	8.59162e+01	0.00000e+00
6.60656e+03	6.93918e+02	9.70781e+02	3.53842e+03	8.75026e+00	4.92773e+00	2.73373e+07	1.56421e+02	8.59530e+01	0.00000e+00
6.68626e+03	6.97865e+02	9.58072e+02	3.53971e+03	8.75532e+00	4.92960e+00	2.58517e+07	1.56734e+02	8.60659e+01	0.00000e+00
6.76599e+03	7.01734e+02	9.45362e+02	3.54167e+03	8.75862e+00	4.92889e+00	2.44967e+07	1.57018e+02	8.60665e+01	0.00000e+00
6.84575e+03	7.05524e+02	9.32653e+02	3.54271e+03	8.76440e+00	4.93168e+00	2.32593e+07	1.57346e+02	8.62179e+01	0.00000e+00
6.92555e+03	7.09236e+02	9.19944e+02	3.54493e+03	8.76731e+00	4.93039e+00	2.21279e+07	1.57624e+02	8.61937e+01	0.00000e+00
7.00539e+03	7.12867e+02	9.07235e+02	3.54578e+03	8.77173e+00	4.93112e+00	2.10926e+07	1.57929e+02	8.62536e+01	0.00000e+00
7.08525e+03	7.16418e+02	8.94525e+02	3.54721e+03	8.77535e+00	4.93071e+00	2.01442e+07	1.58218e+02	8.62636e+01	0.00000e+00
7.16515e+03	7.19887e+02	8.81816e+02	3.54821e+03	8.77896e+00	4.93057e+00	1.92748e+07	1.58510e+02	8.62923e+01	0.00000e+00
7.24506e+03	7.23273e+02	8.69107e+02	3.54959e+03	8.78388e+00	4.93207e+00	1.84774e+07	1.58828e+02	8.63891e+01	0.00000e+00
7.32501e+03	7.26576e+02	8.56397e+02	3.55140e+03	8.78748e+00	4.93158e+00	1.77458e+07	1.59120e+02	8.63955e+01	0.00000e+00
7.40500e+03	7.29794e+02	8.43688e+02	3.55238e+03	8.79248e+00	4.93316e+00	1.70746e+07	1.59437e+02	8.64932e+01	0.00000e+00
7.48501e+03	7.32927e+02	8.30979e+02	3.55411e+03	8.79774e+00	4.93500e+00	1.64588e+07	1.59762e+02	8.66026e+01	0.00000e+00
7.56506e+03	7.35972e+02	8.18269e+02	3.55596e+03	8.80281e+00	4.93667e+00	1.58940e+07	1.60087e+02	8.67079e+01	0.00000e+00
7.64515e+03	7.38930e+02	8.05560e+02	3.55788e+03	8.80748e+00	4.93773e+00	1.53765e+07	1.60403e+02	8.67848e+01	0.00000e+00
7.72529e+03	7.41798e+02	7.92851e+02	3.55950e+03	8.81197e+00	4.93846e+00	1.49028e+07	1.60716e+02	8.68459e+01	0.00000e+00
7.80546e+03	7.44575e+02	7.80142e+02	3.56095e+03	8.81721e+00	4.94023e+00	1.44699e+07	1.61047e+02	8.69540e+01	0.00000e+00
7.88566e+03	7.47260e+02	7.67432e+02	3.56282e+03	8.82258e+00	4.94216e+00	1.40750e+07	1.61377e+02	8.70665e+01	0.00000e+00
7.96591e+03	7.49850e+02	7.54723e+02	3.56466e+03	8.82686e+00	4.94263e+00	1.37158e+07	1.61691e+02	8.71197e+01	0.00000e+00
8.04620e+03	7.52345e+02	7.42014e+02	3.56615e+03	8.83182e+00	4.94396e+00	1.33902e+07	1.62016e+02	8.72063e+01	0.00000e+00
8.12652e+03	7.54743e+02	7.29304e+02	3.56779e+03	8.83671e+00	4.94514e+00	1.30964e+07	1.62339e+02	8.72861e+01	0.00000e+00
8.20688e+03	7.57040e+02	7.16595e+02	3.56934e+03	8.84174e+00	4.94649e+00	1.28328e+07	1.62671e+02	8.73756e+01	0.00000e+00
8.28727e+03	7.59236e+02	7.03886e+02	3.57105e+03	8.84608e+00	4.94689e+00	1.25983e+07	1.62986e+02	8.74219e+01	0.00000e+00
8.36770e+03	7.61329e+02	6.91177e+02	3.57236e+03	8.85175e+00	4.94909e+00	1.23916e+07	1.63327e+02	8.75463e+01	0.00000e+00
8.44816e+03	7.63314e+02	6.78467e+02	3.57427e+03	8.85652e+00	4.95004e+00	1.22118e+07	1.63654e+02	8.76171e+01	0.00000e+00
8.52866e+03	7.65191e+02	6.65758e+02	3.57578e+03	8.86139e+00	4.95113e+00	1.20585e+07	1.63983e+02	8.76945e+01	0.00000e+00
8.60920e+03	7.66956e+02	6.53049e+02	3.57736e+03	8.86661e+00	4.95260e+00	1.19311e+07	1.64319e+02	8.77855e+01	0.00000e+00
8.68978e+03	7.68606e+02	6.40339e+02	3.57896e+03	8.87189e+00	4.95409e+00	1.18295e+07	1.64659e+02	8.78788e+01	0.00000e+00
8.77038e+03	7.70137e+02	6.27630e+02	3.58060e+03	8.87730e+00	4.95577e+00	1.17535e+07	1.65004e+02	8.79812e+01	0.00000e+00
8.85103e+03	7.71547e+02	6.14921e+02	3.58235e+03	8.88226e+00	4.95697e+00	1.17035e+07	1.65338e+02	8.80635e+01	0.00000e+00
8.93172e+03	7.72831e+02	6.02211e+02	3.58397e+03	8.88791e+00	4.95896e+00	1.16800e+07	1.65687e+02	8.81793e+01	0.00000e+00
9.01244e+03	7.73985e+02	5.89502e+02	3.58579e+03	8.89275e+00	4.95989e+00	1.16837e+07	1.66015e+02	8.82462e+01	0.00000e+00
9.09320e+03	7.75005e+02	5.76793e+02	3.58717e+03	8.89730e+00	4.96030e+00	1.17157e+07	1.66344e+02	8.82910e+01	0.00000e+00
9.17400e+03	7.75885e+02	5.64084e+02	3.58840e+03	8.90524e+00	4.96515e+00	1.17773e+07	1.66747e+02	8.85312e+01	0.00000e+00
9.25482e+03	7.76620e+02	5.51374e+02	3.59113e+03	8.90900e+00	4.96469e+00	1.18704e+07	1.67066e+02	8.85451e+01	0.00000e+00
9.33570e+03	7.77205e+02	5.38665e+02	3.59236e+03	8.91404e+00	4.96582e+00	1.19974e+07	1.67405e+02	8.86227e+01	0.00000e+00
9.41661e+03	7.77631e+02	5.25956e+02	3.59387e+03	8.92148e+00	4.96988e+00	1.21609e+07	1.67802e+02	8.88272e+01	0.00000e+00
9.49756e+03	7.77893e+02	5.13246e+02	3.59629e+03	8.92633e+00	4.97049e+00	1.23643e+07	1.68145e+02	8.88809e+01	0.00000e+00
9.57856e+03	7.77982e+02	5.00537e+02	3.59757e+03	8.93184e+00	4.97219e+00	1.26119e+07	1.68494e+02	8.89822e+01	0.00000e+00
9.57856e+03	7.77982e+02	5.00537e+02	4.65000e+03	4.09133e+00	0.00000e+00	1.00000e+04	7.78361e+01	0.00000e+00	0.00000e+00
9.88555e+03	7.78847e+02	4.44922e+02	4.65000e+03	4.09133e+00	0.00000e+00	1.00000e+04	7.78361e+01	0.00000e+00	0.00000e+00
1.01925e+04	7.79711e+02	3.89307e+02	4.65000e+03	4.12875e+00	0.00000e+00	1.00000e+04	7.92667e+01	0.00000e+00	0.00000e+00
1.04995e+04	7.80576e+02	3.33691e+02	4.65000e+03	4.16584e+00	0.00000e+00	1.00000e+04	8.06972e+01	0.00000e+00	0.00000e+00
1.08065e+04	7.81440e+02	2.78076e+02	4.65000e+03	4.20261e+00	0.00000e+00	1.00000e+04	8.21278e+01	0.00000e+00	0.00000e+00
1.11135e+04	7.82304e+02	2.22461e+02	4.65000e+03	4.23905e+00	0.00000e+00	1.00000e+04	8.35584e+01	0.00000e+00	0.00000e+00
1.14205e+04	7.83169e+02	1.66846e+02	4.65000e+03	4.27518e+00	0.00000e+00	1.00000e+04	8.49889e+01	0.00000e+00	0.00000e+00
1.17275e+04	7.84033e+02	1.11230e+02	4.65000e+03	4.31101e+00	0.00000e+00	1.00000e+04	8.64195e+01	0.00000e+00	0.00000e+00
1.20345e+04	7.84898e+02	5.56152e+01	4.65000e+03	4.34655e+00	0.00000e+00	1.00000e+04	8.78501e+01	0.00000e+00	0.00000e+00
1.23415e+04	7.85762e+02	0.00000e+00	4.65000e+03	4.38180e+00	0.00000e+00	1.00000e+04	8.92807e+01	0.00000e+00	0.00000e+00
