P (MPa)		T (K)		r (km)		rho (kg m-3)	VP (km s-1)	VS (km s-1)	QS/gamma	
0.00000e+00	1.10000e+02	2.63410e+03	9.32180e+02	3.87940e+00	1.96225e+00	3.09516e+04
4.95265e+00	2.56603e+02	2.63038e+03	9.32180e+02	3.90925e+00	1.97813e+00	6.04216e+01
9.90530e+00	2.56640e+02	2.62665e+03	9.32490e+02	3.91231e+00	1.98045e+00	6.03808e+01
1.48579e+01	2.56679e+02	2.62293e+03	9.32771e+02	3.91534e+00	1.98276e+00	6.03381e+01
1.98106e+01	2.56719e+02	2.61922e+03	9.33018e+02	3.91834e+00	1.98505e+00	6.02935e+01
2.47632e+01	2.56762e+02	2.61550e+03	9.33226e+02	3.92131e+00	1.98732e+00	6.02468e+01
2.97159e+01	2.56806e+02	2.61180e+03	9.33389e+02	3.92426e+00	1.98957e+00	6.01980e+01
3.46685e+01	2.56853e+02	2.60809e+03	9.33502e+02	3.92717e+00	1.99181e+00	6.01470e+01
3.96212e+01	2.56901e+02	2.60439e+03	9.33556e+02	3.93006e+00	1.99403e+00	6.00936e+01
4.45738e+01	2.56952e+02	2.60069e+03	9.33543e+02	3.93292e+00	1.99624e+00	6.00379e+01
4.95265e+01	2.57006e+02	2.59699e+03	9.33456e+02	3.93575e+00	1.99843e+00	5.99796e+01
5.44791e+01	2.57062e+02	2.59330e+03	9.33285e+02	3.93857e+00	2.00061e+00	5.99187e+01
5.94318e+01	2.57120e+02	2.58961e+03	9.33021e+02	3.94135e+00	2.00277e+00	5.98550e+01
6.43844e+01	2.57182e+02	2.58592e+03	9.32654e+02	3.94412e+00	2.00492e+00	5.97884e+01
6.93371e+01	2.57246e+02	2.58224e+03	9.32174e+02	3.94687e+00	2.00706e+00	5.97189e+01
7.42897e+01	2.57313e+02	2.57855e+03	9.31575e+02	3.94960e+00	2.00919e+00	5.96462e+01
7.92424e+01	2.57383e+02	2.57487e+03	9.30852e+02	3.95230e+00	2.01130e+00	5.95702e+01
8.41950e+01	2.57457e+02	2.57118e+03	9.30002e+02	3.95499e+00	2.01341e+00	5.94909e+01
8.91477e+01	2.57534e+02	2.56750e+03	9.29030e+02	3.95766e+00	2.01550e+00	5.94079e+01
9.41003e+01	2.65000e+02	2.56381e+03	9.27945e+02	3.96239e+00	2.01863e+00	5.20920e+01
9.78912e+01	2.65032e+02	2.56131e+03	1.04597e+03	1.53395e+00	0.00000e+00	0.00000e+00
1.01682e+02	2.65066e+02	2.55881e+03	1.04757e+03	1.54139e+00	0.00000e+00	0.00000e+00
1.05473e+02	2.65103e+02	2.55632e+03	1.04916e+03	1.54885e+00	0.00000e+00	0.00000e+00
1.09264e+02	2.65142e+02	2.55383e+03	1.05073e+03	1.55632e+00	0.00000e+00	0.00000e+00
1.13055e+02	2.65183e+02	2.55135e+03	1.05229e+03	1.56382e+00	0.00000e+00	0.00000e+00
1.16846e+02	2.65226e+02	2.54887e+03	1.05383e+03	1.57133e+00	0.00000e+00	0.00000e+00
1.20637e+02	2.65272e+02	2.54639e+03	1.05536e+03	1.57886e+00	0.00000e+00	0.00000e+00
1.24427e+02	2.65319e+02	2.54392e+03	1.05687e+03	1.58641e+00	0.00000e+00	0.00000e+00
1.28218e+02	2.65368e+02	2.54146e+03	1.05837e+03	1.59398e+00	0.00000e+00	0.00000e+00
1.32009e+02	2.65419e+02	2.53900e+03	1.05986e+03	1.60155e+00	0.00000e+00	0.00000e+00
1.35800e+02	2.65472e+02	2.53654e+03	1.06133e+03	1.60914e+00	0.00000e+00	0.00000e+00
1.39591e+02	2.65526e+02	2.53409e+03	1.06279e+03	1.61672e+00	0.00000e+00	0.00000e+00
1.43382e+02	2.65582e+02	2.53164e+03	1.06423e+03	1.62429e+00	0.00000e+00	0.00000e+00
1.47173e+02	2.65640e+02	2.52920e+03	1.06566e+03	1.63186e+00	0.00000e+00	0.00000e+00
1.50964e+02	2.65699e+02	2.52676e+03	1.06708e+03	1.63942e+00	0.00000e+00	0.00000e+00
1.54755e+02	2.65760e+02	2.52433e+03	1.06848e+03	1.64696e+00	0.00000e+00	0.00000e+00
1.58545e+02	2.65823e+02	2.52190e+03	1.06987e+03	1.65448e+00	0.00000e+00	0.00000e+00
1.62336e+02	2.65886e+02	2.51947e+03	1.07125e+03	1.66199e+00	0.00000e+00	0.00000e+00
1.66127e+02	2.65951e+02	2.51705e+03	1.07262e+03	1.66948e+00	0.00000e+00	0.00000e+00
1.69918e+02	2.66018e+02	2.51463e+03	1.07397e+03	1.67695e+00	0.00000e+00	0.00000e+00
1.73709e+02	2.66086e+02	2.51222e+03	1.07531e+03	1.68440e+00	0.00000e+00	0.00000e+00
1.77500e+02	2.66155e+02	2.50981e+03	1.07664e+03	1.69183e+00	0.00000e+00	0.00000e+00
1.81291e+02	2.66225e+02	2.50740e+03	1.07796e+03	1.69923e+00	0.00000e+00	0.00000e+00
1.85082e+02	2.66297e+02	2.50500e+03	1.07927e+03	1.70660e+00	0.00000e+00	0.00000e+00
1.88873e+02	2.66369e+02	2.50260e+03	1.08056e+03	1.71395e+00	0.00000e+00	0.00000e+00
1.92663e+02	2.66443e+02	2.50021e+03	1.08185e+03	1.72127e+00	0.00000e+00	0.00000e+00
1.96454e+02	2.66518e+02	2.49782e+03	1.08312e+03	1.72856e+00	0.00000e+00	0.00000e+00
2.00245e+02	2.66594e+02	2.49543e+03	1.08439e+03	1.73583e+00	0.00000e+00	0.00000e+00
2.04036e+02	2.66671e+02	2.49305e+03	1.08564e+03	1.74306e+00	0.00000e+00	0.00000e+00
2.07827e+02	2.66749e+02	2.49067e+03	1.08688e+03	1.75027e+00	0.00000e+00	0.00000e+00
2.11618e+02	2.66828e+02	2.48829e+03	1.08811e+03	1.75744e+00	0.00000e+00	0.00000e+00
2.15409e+02	2.66908e+02	2.48592e+03	1.08934e+03	1.76457e+00	0.00000e+00	0.00000e+00
2.19200e+02	2.66989e+02	2.48356e+03	1.09055e+03	1.77165e+00	0.00000e+00	0.00000e+00
2.22991e+02	2.67071e+02	2.48119e+03	1.09175e+03	1.77870e+00	0.00000e+00	0.00000e+00
2.26781e+02	2.67153e+02	2.47883e+03	1.09294e+03	1.78570e+00	0.00000e+00	0.00000e+00
2.30572e+02	2.67236e+02	2.47647e+03	1.09413e+03	1.79265e+00	0.00000e+00	0.00000e+00
2.34363e+02	2.67320e+02	2.47412e+03	1.09530e+03	1.79955e+00	0.00000e+00	0.00000e+00
2.38154e+02	2.67405e+02	2.47177e+03	1.09647e+03	1.80641e+00	0.00000e+00	0.00000e+00
2.41945e+02	2.67491e+02	2.46942e+03	1.09763e+03	1.81322e+00	0.00000e+00	0.00000e+00
2.45736e+02	2.67577e+02	2.46708e+03	1.09878e+03	1.81998e+00	0.00000e+00	0.00000e+00
2.49527e+02	2.67664e+02	2.46474e+03	1.09992e+03	1.82671e+00	0.00000e+00	0.00000e+00
2.53318e+02	2.67752e+02	2.46241e+03	1.10105e+03	1.83339e+00	0.00000e+00	0.00000e+00
2.57109e+02	2.67840e+02	2.46007e+03	1.10217e+03	1.84004e+00	0.00000e+00	0.00000e+00
2.60899e+02	2.67929e+02	2.45774e+03	1.10329e+03	1.84664e+00	0.00000e+00	0.00000e+00
2.64690e+02	2.68019e+02	2.45542e+03	1.10440e+03	1.85321e+00	0.00000e+00	0.00000e+00
2.68481e+02	2.68109e+02	2.45310e+03	1.10550e+03	1.85975e+00	0.00000e+00	0.00000e+00
2.72272e+02	2.68200e+02	2.45078e+03	1.10659e+03	1.86625e+00	0.00000e+00	0.00000e+00
2.76063e+02	2.68291e+02	2.44846e+03	1.10767e+03	1.87271e+00	0.00000e+00	0.00000e+00
2.79854e+02	2.68383e+02	2.44615e+03	1.10875e+03	1.87915e+00	0.00000e+00	0.00000e+00
2.83645e+02	2.68476e+02	2.44384e+03	1.10982e+03	1.88555e+00	0.00000e+00	0.00000e+00
2.87436e+02	2.68569e+02	2.44153e+03	1.11088e+03	1.89192e+00	0.00000e+00	0.00000e+00
2.91226e+02	2.68662e+02	2.43923e+03	1.11194e+03	1.89826e+00	0.00000e+00	0.00000e+00
2.95017e+02	2.68756e+02	2.43693e+03	1.11299e+03	1.90457e+00	0.00000e+00	0.00000e+00
2.98808e+02	2.68851e+02	2.43463e+03	1.11403e+03	1.91086e+00	0.00000e+00	0.00000e+00
3.02599e+02	2.68946e+02	2.43234e+03	1.11507e+03	1.91711e+00	0.00000e+00	0.00000e+00
3.06390e+02	2.69041e+02	2.43005e+03	1.11609e+03	1.92333e+00	0.00000e+00	0.00000e+00
3.10181e+02	2.69137e+02	2.42776e+03	1.11712e+03	1.92952e+00	0.00000e+00	0.00000e+00
3.13972e+02	2.69234e+02	2.42548e+03	1.11813e+03	1.93568e+00	0.00000e+00	0.00000e+00
3.17763e+02	2.69331e+02	2.42319e+03	1.11914e+03	1.94180e+00	0.00000e+00	0.00000e+00
3.21554e+02	2.69428e+02	2.42092e+03	1.12014e+03	1.94788e+00	0.00000e+00	0.00000e+00
3.25344e+02	2.69525e+02	2.41864e+03	1.12114e+03	1.95393e+00	0.00000e+00	0.00000e+00
3.29135e+02	2.69623e+02	2.41637e+03	1.12213e+03	1.95994e+00	0.00000e+00	0.00000e+00
3.32926e+02	2.69722e+02	2.41410e+03	1.12311e+03	1.96592e+00	0.00000e+00	0.00000e+00
3.36717e+02	2.69820e+02	2.41183e+03	1.12409e+03	1.97185e+00	0.00000e+00	0.00000e+00
3.40508e+02	2.69920e+02	2.40957e+03	1.12506e+03	1.97775e+00	0.00000e+00	0.00000e+00
3.44299e+02	2.70019e+02	2.40731e+03	1.12603e+03	1.98360e+00	0.00000e+00	0.00000e+00
3.48090e+02	2.70119e+02	2.40505e+03	1.12699e+03	1.98942e+00	0.00000e+00	0.00000e+00
3.51881e+02	2.70219e+02	2.40280e+03	1.12794e+03	1.99520e+00	0.00000e+00	0.00000e+00
3.55672e+02	2.70319e+02	2.40055e+03	1.12889e+03	2.00094e+00	0.00000e+00	0.00000e+00
3.59462e+02	2.70420e+02	2.39830e+03	1.12984e+03	2.00664e+00	0.00000e+00	0.00000e+00
3.63253e+02	2.70521e+02	2.39605e+03	1.13078e+03	2.01230e+00	0.00000e+00	0.00000e+00
3.67044e+02	2.70622e+02	2.39381e+03	1.13171e+03	2.01792e+00	0.00000e+00	0.00000e+00
3.70835e+02	2.70724e+02	2.39157e+03	1.13264e+03	2.02351e+00	0.00000e+00	0.00000e+00
3.74626e+02	2.70825e+02	2.38933e+03	1.13356e+03	2.02906e+00	0.00000e+00	0.00000e+00
3.78417e+02	2.70928e+02	2.38710e+03	1.13448e+03	2.03457e+00	0.00000e+00	0.00000e+00
3.82208e+02	2.71030e+02	2.38486e+03	1.13539e+03	2.04005e+00	0.00000e+00	0.00000e+00
3.85999e+02	2.71132e+02	2.38264e+03	1.13630e+03	2.04549e+00	0.00000e+00	0.00000e+00
3.89790e+02	2.71235e+02	2.38041e+03	1.13721e+03	2.05090e+00	0.00000e+00	0.00000e+00
3.93580e+02	2.71338e+02	2.37819e+03	1.13811e+03	2.05629e+00	0.00000e+00	0.00000e+00
3.97371e+02	2.71442e+02	2.37597e+03	1.13900e+03	2.06165e+00	0.00000e+00	0.00000e+00
4.01162e+02	2.71545e+02	2.37375e+03	1.13989e+03	2.06699e+00	0.00000e+00	0.00000e+00
4.04953e+02	2.71649e+02	2.37153e+03	1.14077e+03	2.07232e+00	0.00000e+00	0.00000e+00
4.08744e+02	2.71753e+02	2.36932e+03	1.14165e+03	2.07763e+00	0.00000e+00	0.00000e+00
4.12535e+02	2.71857e+02	2.36711e+03	1.14253e+03	2.08292e+00	0.00000e+00	0.00000e+00
4.16326e+02	2.71962e+02	2.36490e+03	1.14340e+03	2.08820e+00	0.00000e+00	0.00000e+00
4.20117e+02	2.72066e+02	2.36270e+03	1.14427e+03	2.09347e+00	0.00000e+00	0.00000e+00
4.23908e+02	2.72171e+02	2.36050e+03	1.14513e+03	2.09872e+00	0.00000e+00	0.00000e+00
4.27698e+02	2.72276e+02	2.35830e+03	1.14599e+03	2.10395e+00	0.00000e+00	0.00000e+00
4.31489e+02	2.72381e+02	2.35610e+03	1.14684e+03	2.10916e+00	0.00000e+00	0.00000e+00
4.35280e+02	2.72487e+02	2.35391e+03	1.14769e+03	2.11436e+00	0.00000e+00	0.00000e+00
4.39071e+02	2.72592e+02	2.35172e+03	1.14854e+03	2.11954e+00	0.00000e+00	0.00000e+00
4.42862e+02	2.72698e+02	2.34953e+03	1.14938e+03	2.12471e+00	0.00000e+00	0.00000e+00
4.46653e+02	2.72804e+02	2.34734e+03	1.15022e+03	2.12986e+00	0.00000e+00	0.00000e+00
4.50444e+02	2.72910e+02	2.34516e+03	1.15105e+03	2.13499e+00	0.00000e+00	0.00000e+00
4.54235e+02	2.73017e+02	2.34298e+03	1.15188e+03	2.14011e+00	0.00000e+00	0.00000e+00
4.58026e+02	2.73123e+02	2.34080e+03	1.15271e+03	2.14521e+00	0.00000e+00	0.00000e+00
4.61816e+02	2.73230e+02	2.33863e+03	1.15353e+03	2.15030e+00	0.00000e+00	0.00000e+00
4.65607e+02	2.73337e+02	2.33645e+03	1.15435e+03	2.15537e+00	0.00000e+00	0.00000e+00
4.69398e+02	2.73444e+02	2.33428e+03	1.15516e+03	2.16043e+00	0.00000e+00	0.00000e+00
4.73189e+02	2.73551e+02	2.33211e+03	1.15597e+03	2.16548e+00	0.00000e+00	0.00000e+00
4.76980e+02	2.73659e+02	2.32995e+03	1.15678e+03	2.17051e+00	0.00000e+00	0.00000e+00
4.80771e+02	2.73766e+02	2.32779e+03	1.15758e+03	2.17553e+00	0.00000e+00	0.00000e+00
4.84562e+02	2.73874e+02	2.32563e+03	1.15838e+03	2.18053e+00	0.00000e+00	0.00000e+00
4.88353e+02	2.73982e+02	2.32347e+03	1.15917e+03	2.18552e+00	0.00000e+00	0.00000e+00
4.92144e+02	2.74090e+02	2.32131e+03	1.15996e+03	2.19050e+00	0.00000e+00	0.00000e+00
4.95934e+02	2.74198e+02	2.31916e+03	1.16075e+03	2.19546e+00	0.00000e+00	0.00000e+00
4.99725e+02	2.74307e+02	2.31701e+03	1.16154e+03	2.20040e+00	0.00000e+00	0.00000e+00
5.03516e+02	2.74415e+02	2.31486e+03	1.16232e+03	2.20532e+00	0.00000e+00	0.00000e+00
5.07307e+02	2.74524e+02	2.31272e+03	1.16309e+03	2.21022e+00	0.00000e+00	0.00000e+00
5.11098e+02	2.74633e+02	2.31057e+03	1.16387e+03	2.21511e+00	0.00000e+00	0.00000e+00
5.14889e+02	2.74742e+02	2.30843e+03	1.16464e+03	2.21999e+00	0.00000e+00	0.00000e+00
5.18680e+02	2.74851e+02	2.30629e+03	1.16541e+03	2.22485e+00	0.00000e+00	0.00000e+00
5.22471e+02	2.74960e+02	2.30416e+03	1.16617e+03	2.22969e+00	0.00000e+00	0.00000e+00
5.26262e+02	2.75069e+02	2.30202e+03	1.16693e+03	2.23452e+00	0.00000e+00	0.00000e+00
5.30052e+02	2.75179e+02	2.29989e+03	1.16769e+03	2.23935e+00	0.00000e+00	0.00000e+00
5.33843e+02	2.75288e+02	2.29777e+03	1.16844e+03	2.24415e+00	0.00000e+00	0.00000e+00
5.37634e+02	2.75398e+02	2.29564e+03	1.16919e+03	2.24895e+00	0.00000e+00	0.00000e+00
5.41425e+02	2.75508e+02	2.29352e+03	1.16994e+03	2.25374e+00	0.00000e+00	0.00000e+00
5.45216e+02	2.75618e+02	2.29139e+03	1.17068e+03	2.25851e+00	0.00000e+00	0.00000e+00
5.49007e+02	2.75728e+02	2.28927e+03	1.17142e+03	2.26327e+00	0.00000e+00	0.00000e+00
5.52798e+02	2.75838e+02	2.28716e+03	1.17216e+03	2.26803e+00	0.00000e+00	0.00000e+00
5.56589e+02	2.75948e+02	2.28504e+03	1.17290e+03	2.27277e+00	0.00000e+00	0.00000e+00
5.60380e+02	2.76059e+02	2.28293e+03	1.17363e+03	2.27750e+00	0.00000e+00	0.00000e+00
5.64170e+02	2.76169e+02	2.28082e+03	1.17436e+03	2.28222e+00	0.00000e+00	0.00000e+00
5.67961e+02	2.76280e+02	2.27872e+03	1.17508e+03	2.28692e+00	0.00000e+00	0.00000e+00
5.71752e+02	2.76390e+02	2.27661e+03	1.17581e+03	2.29162e+00	0.00000e+00	0.00000e+00
5.75543e+02	2.76501e+02	2.27451e+03	1.17653e+03	2.29629e+00	0.00000e+00	0.00000e+00
5.79334e+02	2.76612e+02	2.27241e+03	1.17724e+03	2.30095e+00	0.00000e+00	0.00000e+00
5.83125e+02	2.76723e+02	2.27031e+03	1.17796e+03	2.30560e+00	0.00000e+00	0.00000e+00
5.86916e+02	2.76834e+02	2.26821e+03	1.17867e+03	2.31022e+00	0.00000e+00	0.00000e+00
5.90707e+02	2.76945e+02	2.26612e+03	1.17938e+03	2.31482e+00	0.00000e+00	0.00000e+00
5.94498e+02	2.77056e+02	2.26403e+03	1.18008e+03	2.31939e+00	0.00000e+00	0.00000e+00
5.98288e+02	2.77167e+02	2.26194e+03	1.18078e+03	2.32393e+00	0.00000e+00	0.00000e+00
6.02079e+02	2.77278e+02	2.25985e+03	1.18148e+03	2.32845e+00	0.00000e+00	0.00000e+00
6.05870e+02	2.77390e+02	2.25777e+03	1.18218e+03	2.33294e+00	0.00000e+00	0.00000e+00
6.09661e+02	2.77501e+02	2.25569e+03	1.18288e+03	2.33741e+00	0.00000e+00	0.00000e+00
6.13452e+02	2.77613e+02	2.25361e+03	1.18357e+03	2.34186e+00	0.00000e+00	0.00000e+00
6.17243e+02	2.77724e+02	2.25153e+03	1.18426e+03	2.34628e+00	0.00000e+00	0.00000e+00
6.21034e+02	2.77836e+02	2.24946e+03	1.18494e+03	2.35069e+00	0.00000e+00	0.00000e+00
6.24825e+02	2.77947e+02	2.24738e+03	1.18563e+03	2.35507e+00	0.00000e+00	0.00000e+00
6.28616e+02	2.78059e+02	2.24531e+03	1.18631e+03	2.35944e+00	0.00000e+00	0.00000e+00
6.32406e+02	2.78170e+02	2.24324e+03	1.18699e+03	2.36379e+00	0.00000e+00	0.00000e+00
6.36197e+02	2.78282e+02	2.24118e+03	1.18767e+03	2.36813e+00	0.00000e+00	0.00000e+00
6.39988e+02	2.78394e+02	2.23911e+03	1.18834e+03	2.37245e+00	0.00000e+00	0.00000e+00
6.43779e+02	2.78506e+02	2.23705e+03	1.18901e+03	2.37676e+00	0.00000e+00	0.00000e+00
6.47570e+02	2.78618e+02	2.23499e+03	1.18968e+03	2.38106e+00	0.00000e+00	0.00000e+00
6.51361e+02	2.78730e+02	2.23294e+03	1.19035e+03	2.38534e+00	0.00000e+00	0.00000e+00
6.55152e+02	2.78841e+02	2.23088e+03	1.19101e+03	2.38961e+00	0.00000e+00	0.00000e+00
6.58943e+02	2.78953e+02	2.22883e+03	1.19168e+03	2.39387e+00	0.00000e+00	0.00000e+00
6.62734e+02	2.79066e+02	2.22678e+03	1.19234e+03	2.39811e+00	0.00000e+00	0.00000e+00
6.66524e+02	2.79178e+02	2.22473e+03	1.19299e+03	2.40235e+00	0.00000e+00	0.00000e+00
6.70315e+02	2.79290e+02	2.22268e+03	1.19365e+03	2.40657e+00	0.00000e+00	0.00000e+00
6.74106e+02	2.79402e+02	2.22064e+03	1.19430e+03	2.41079e+00	0.00000e+00	0.00000e+00
6.77897e+02	2.79514e+02	2.21860e+03	1.19495e+03	2.41499e+00	0.00000e+00	0.00000e+00
6.81688e+02	2.79626e+02	2.21656e+03	1.19560e+03	2.41919e+00	0.00000e+00	0.00000e+00
6.85479e+02	2.79739e+02	2.21452e+03	1.19625e+03	2.42338e+00	0.00000e+00	0.00000e+00
6.89270e+02	2.79851e+02	2.21248e+03	1.19689e+03	2.42757e+00	0.00000e+00	0.00000e+00
6.93061e+02	2.79963e+02	2.21045e+03	1.19753e+03	2.43176e+00	0.00000e+00	0.00000e+00
6.96852e+02	2.80076e+02	2.20842e+03	1.19817e+03	2.43595e+00	0.00000e+00	0.00000e+00
7.00642e+02	2.80188e+02	2.20639e+03	1.19881e+03	2.44015e+00	0.00000e+00	0.00000e+00
7.04433e+02	2.80300e+02	2.20436e+03	1.19944e+03	2.44436e+00	0.00000e+00	0.00000e+00
7.08224e+02	2.80413e+02	2.20234e+03	1.20008e+03	2.44857e+00	0.00000e+00	0.00000e+00
7.12015e+02	2.80525e+02	2.20032e+03	1.20071e+03	2.45279e+00	0.00000e+00	0.00000e+00
7.15806e+02	2.80638e+02	2.19830e+03	1.20134e+03	2.45701e+00	0.00000e+00	0.00000e+00
7.19597e+02	2.80750e+02	2.19628e+03	1.20196e+03	2.46122e+00	0.00000e+00	0.00000e+00
7.23388e+02	2.80863e+02	2.19426e+03	1.20259e+03	2.46543e+00	0.00000e+00	0.00000e+00
7.27179e+02	2.80975e+02	2.19225e+03	1.20321e+03	2.46964e+00	0.00000e+00	0.00000e+00
7.30970e+02	2.81088e+02	2.19024e+03	1.20383e+03	2.47384e+00	0.00000e+00	0.00000e+00
7.34760e+02	2.81170e+02	2.18842e+03	1.33509e+03	4.51517e+00	2.32295e+00	1.28697e+02
7.38551e+02	2.81435e+02	2.18661e+03	1.33513e+03	4.51766e+00	2.32475e+00	1.28041e+02
7.42342e+02	2.81699e+02	2.18480e+03	1.33516e+03	4.52015e+00	2.32656e+00	1.27390e+02
7.46133e+02	2.81963e+02	2.18299e+03	1.33519e+03	4.52264e+00	2.32836e+00	1.26744e+02
7.49924e+02	2.82227e+02	2.18118e+03	1.33522e+03	4.52513e+00	2.33016e+00	1.26102e+02
7.53715e+02	2.82492e+02	2.17937e+03	1.33525e+03	4.52761e+00	2.33196e+00	1.25464e+02
7.57506e+02	2.82756e+02	2.17756e+03	1.33529e+03	4.53010e+00	2.33375e+00	1.24831e+02
7.61297e+02	2.83016e+02	2.17575e+03	1.33532e+03	4.53258e+00	2.33555e+00	1.24213e+02
7.65088e+02	2.83271e+02	2.17394e+03	1.33535e+03	4.53506e+00	2.33734e+00	1.23610e+02
7.68878e+02	2.83526e+02	2.17214e+03	1.33539e+03	4.53754e+00	2.33914e+00	1.23011e+02
7.72669e+02	2.83781e+02	2.17033e+03	1.33542e+03	4.54002e+00	2.34093e+00	1.22416e+02
7.76460e+02	2.84036e+02	2.16853e+03	1.33545e+03	4.54249e+00	2.34272e+00	1.21825e+02
7.80251e+02	2.84292e+02	2.16672e+03	1.33548e+03	4.54497e+00	2.34450e+00	1.21238e+02
7.84042e+02	2.84547e+02	2.16492e+03	1.33552e+03	4.54744e+00	2.34629e+00	1.20655e+02
7.87833e+02	2.84795e+02	2.16311e+03	1.33555e+03	4.54991e+00	2.34808e+00	1.20091e+02
7.91624e+02	2.85042e+02	2.16131e+03	1.33558e+03	4.55238e+00	2.34986e+00	1.19535e+02
7.95415e+02	2.85288e+02	2.15951e+03	1.33562e+03	4.55485e+00	2.35164e+00	1.18982e+02
7.99206e+02	2.85535e+02	2.15771e+03	1.33565e+03	4.55731e+00	2.35342e+00	1.18432e+02
8.02996e+02	2.85782e+02	2.15591e+03	1.33568e+03	4.55978e+00	2.35520e+00	1.17886e+02
8.06787e+02	2.86028e+02	2.15411e+03	1.33572e+03	4.56224e+00	2.35698e+00	1.17343e+02
8.10578e+02	2.86274e+02	2.15231e+03	1.33575e+03	4.56470e+00	2.35875e+00	1.16806e+02
8.14369e+02	2.86513e+02	2.15051e+03	1.33578e+03	4.56716e+00	2.36053e+00	1.16287e+02
8.18160e+02	2.86752e+02	2.14872e+03	1.33582e+03	4.56962e+00	2.36230e+00	1.15772e+02
8.21951e+02	2.86991e+02	2.14692e+03	1.33585e+03	4.57208e+00	2.36407e+00	1.15259e+02
8.25742e+02	2.87230e+02	2.14512e+03	1.33588e+03	4.57453e+00	2.36584e+00	1.14750e+02
8.29533e+02	2.87468e+02	2.14333e+03	1.33592e+03	4.57699e+00	2.36761e+00	1.14243e+02
8.33324e+02	2.87707e+02	2.14154e+03	1.33595e+03	4.57944e+00	2.36938e+00	1.13740e+02
8.37114e+02	2.87943e+02	2.13974e+03	1.33599e+03	4.58189e+00	2.37114e+00	1.13246e+02
8.40905e+02	2.88175e+02	2.13795e+03	1.33602e+03	4.58434e+00	2.37291e+00	1.12764e+02
8.44696e+02	2.88406e+02	2.13616e+03	1.33605e+03	4.58679e+00	2.37467e+00	1.12285e+02
8.48487e+02	2.88638e+02	2.13437e+03	1.33609e+03	4.58923e+00	2.37643e+00	1.11808e+02
8.52278e+02	2.88870e+02	2.13258e+03	1.33612e+03	4.59168e+00	2.37819e+00	1.11334e+02
8.56069e+02	2.89101e+02	2.13079e+03	1.33616e+03	4.59412e+00	2.37995e+00	1.10863e+02
8.59860e+02	2.89333e+02	2.12900e+03	1.33619e+03	4.59656e+00	2.38171e+00	1.10395e+02
8.63651e+02	2.89559e+02	2.12721e+03	1.33622e+03	4.59900e+00	2.38346e+00	1.09939e+02
8.67442e+02	2.89784e+02	2.12542e+03	1.33626e+03	4.60144e+00	2.38522e+00	1.09489e+02
8.71232e+02	2.90009e+02	2.12364e+03	1.33629e+03	4.60388e+00	2.38697e+00	1.09042e+02
8.75023e+02	2.90234e+02	2.12185e+03	1.33633e+03	4.60631e+00	2.38872e+00	1.08598e+02
8.78814e+02	2.90459e+02	2.12007e+03	1.33636e+03	4.60875e+00	2.39047e+00	1.08155e+02
8.82605e+02	2.90684e+02	2.11828e+03	1.33640e+03	4.61118e+00	2.39222e+00	1.07716e+02
8.86396e+02	2.90909e+02	2.11650e+03	1.33643e+03	4.61361e+00	2.39397e+00	1.07279e+02
8.90187e+02	2.91128e+02	2.11472e+03	1.33647e+03	4.61604e+00	2.39571e+00	1.06856e+02
8.93978e+02	2.91347e+02	2.11294e+03	1.33650e+03	4.61847e+00	2.39746e+00	1.06436e+02
8.97769e+02	2.91565e+02	2.11116e+03	1.33653e+03	4.62090e+00	2.39920e+00	1.06017e+02
9.01559e+02	2.91784e+02	2.10938e+03	1.33657e+03	4.62332e+00	2.40094e+00	1.05601e+02
9.05350e+02	2.92003e+02	2.10760e+03	1.33660e+03	4.62574e+00	2.40268e+00	1.05187e+02
9.09141e+02	2.92222e+02	2.10582e+03	1.33664e+03	4.62817e+00	2.40442e+00	1.04775e+02
9.12932e+02	2.92439e+02	2.10404e+03	1.33667e+03	4.63059e+00	2.40616e+00	1.04370e+02
9.16723e+02	2.92652e+02	2.10227e+03	1.33671e+03	4.63301e+00	2.40789e+00	1.03973e+02
9.20514e+02	2.92865e+02	2.10049e+03	1.33674e+03	4.63542e+00	2.40963e+00	1.03578e+02
9.24305e+02	2.93079e+02	2.09872e+03	1.33678e+03	4.63784e+00	2.41136e+00	1.03186e+02
9.28096e+02	2.93292e+02	2.09694e+03	1.33681e+03	4.64026e+00	2.41309e+00	1.02795e+02
9.31887e+02	2.93505e+02	2.09517e+03	1.33685e+03	4.64267e+00	2.41482e+00	1.02406e+02
9.35677e+02	2.93718e+02	2.09340e+03	1.33688e+03	4.64508e+00	2.41655e+00	1.02020e+02
9.39468e+02	2.93928e+02	2.09163e+03	1.33692e+03	4.64749e+00	2.41828e+00	1.01642e+02
9.43259e+02	2.94136e+02	2.08986e+03	1.33695e+03	4.64990e+00	2.42001e+00	1.01269e+02
9.47050e+02	2.94344e+02	2.08809e+03	1.33699e+03	4.65231e+00	2.42173e+00	1.00897e+02
9.50841e+02	2.94552e+02	2.08632e+03	1.33702e+03	4.65472e+00	2.42345e+00	1.00527e+02
9.54632e+02	2.94761e+02	2.08455e+03	1.33706e+03	4.65712e+00	2.42518e+00	1.00160e+02
9.58423e+02	2.94969e+02	2.08278e+03	1.33709e+03	4.65952e+00	2.42690e+00	9.97937e+01
9.62214e+02	2.95177e+02	2.08102e+03	1.33713e+03	4.66193e+00	2.42862e+00	9.94301e+01
9.66005e+02	2.95380e+02	2.07925e+03	1.33717e+03	4.66433e+00	2.43034e+00	9.90760e+01
9.69795e+02	2.95583e+02	2.07749e+03	1.33720e+03	4.66673e+00	2.43205e+00	9.87237e+01
9.73586e+02	2.95787e+02	2.07572e+03	1.33724e+03	4.66912e+00	2.43377e+00	9.83731e+01
9.77377e+02	2.95990e+02	2.07396e+03	1.33727e+03	4.67152e+00	2.43548e+00	9.80242e+01
9.81168e+02	2.96194e+02	2.07220e+03	1.33731e+03	4.67392e+00	2.43720e+00	9.76770e+01
9.84959e+02	2.96397e+02	2.07044e+03	1.33734e+03	4.67631e+00	2.43891e+00	9.73316e+01
9.88750e+02	2.96599e+02	2.06868e+03	1.33738e+03	4.67870e+00	2.44062e+00	9.69905e+01
9.92541e+02	2.96798e+02	2.06692e+03	1.33741e+03	4.68109e+00	2.44233e+00	9.66556e+01
9.96332e+02	2.96998e+02	2.06516e+03	1.33745e+03	4.68348e+00	2.44403e+00	9.63223e+01
1.00012e+03	2.97197e+02	2.06340e+03	1.33749e+03	4.68587e+00	2.44574e+00	9.59905e+01
1.00391e+03	2.97396e+02	2.06164e+03	1.33752e+03	4.68826e+00	2.44745e+00	9.56604e+01
1.00770e+03	2.97595e+02	2.05989e+03	1.33756e+03	4.69064e+00	2.44915e+00	9.53318e+01
1.01150e+03	2.97794e+02	2.05813e+03	1.33759e+03	4.69302e+00	2.45085e+00	9.50048e+01
1.01529e+03	2.97991e+02	2.05638e+03	1.33763e+03	4.69541e+00	2.45255e+00	9.46838e+01
1.01908e+03	2.98186e+02	2.05463e+03	1.33766e+03	4.69779e+00	2.45425e+00	9.43661e+01
1.02287e+03	2.98381e+02	2.05287e+03	1.33770e+03	4.70017e+00	2.45595e+00	9.40500e+01
1.02666e+03	2.98577e+02	2.05112e+03	1.33774e+03	4.70255e+00	2.45765e+00	9.37353e+01
1.03045e+03	2.98772e+02	2.04937e+03	1.33777e+03	4.70492e+00	2.45935e+00	9.34221e+01
1.03424e+03	2.98967e+02	2.04762e+03	1.33781e+03	4.70730e+00	2.46104e+00	9.31103e+01
1.03803e+03	2.99163e+02	2.04588e+03	1.33784e+03	4.70967e+00	2.46273e+00	9.28001e+01
1.04182e+03	2.99354e+02	2.04413e+03	1.33788e+03	4.71205e+00	2.46443e+00	9.24967e+01
1.04561e+03	2.99546e+02	2.04238e+03	1.33791e+03	4.71442e+00	2.46612e+00	9.21947e+01
1.04940e+03	2.99738e+02	2.04064e+03	1.33795e+03	4.71679e+00	2.46781e+00	9.18941e+01
1.05320e+03	2.99930e+02	2.03889e+03	1.33799e+03	4.71916e+00	2.46950e+00	9.15948e+01
1.05699e+03	3.00122e+02	2.03715e+03	1.33802e+03	4.72152e+00	2.47118e+00	9.12969e+01
1.06078e+03	3.00313e+02	2.03540e+03	1.33806e+03	4.72389e+00	2.47287e+00	9.10004e+01
1.06457e+03	3.00504e+02	2.03366e+03	1.33809e+03	4.72625e+00	2.47455e+00	9.07068e+01
1.06836e+03	3.00693e+02	2.03192e+03	1.33813e+03	4.72862e+00	2.47624e+00	9.04177e+01
1.07215e+03	3.00881e+02	2.03018e+03	1.33817e+03	4.73098e+00	2.47792e+00	9.01299e+01
1.07594e+03	3.01070e+02	2.02844e+03	1.33820e+03	4.73334e+00	2.47960e+00	8.98434e+01
1.07973e+03	3.01259e+02	2.02670e+03	1.33824e+03	4.73570e+00	2.48128e+00	8.95582e+01
1.08352e+03	3.01447e+02	2.02497e+03	1.33827e+03	4.73806e+00	2.48296e+00	8.92742e+01
1.08731e+03	3.01636e+02	2.02323e+03	1.33831e+03	4.74042e+00	2.48463e+00	8.89914e+01
1.09110e+03	3.01823e+02	2.02149e+03	1.33835e+03	4.74277e+00	2.48631e+00	8.87127e+01
1.09489e+03	3.02009e+02	2.01976e+03	1.33838e+03	4.74513e+00	2.48799e+00	8.84366e+01
1.09869e+03	3.02195e+02	2.01803e+03	1.33842e+03	4.74748e+00	2.48966e+00	8.81617e+01
1.10248e+03	3.02381e+02	2.01629e+03	1.33846e+03	4.74983e+00	2.49133e+00	8.78880e+01
1.10627e+03	3.02566e+02	2.01456e+03	1.33849e+03	4.75218e+00	2.49300e+00	8.76154e+01
1.11006e+03	3.02752e+02	2.01283e+03	1.33853e+03	4.75453e+00	2.49467e+00	8.73441e+01
1.11385e+03	3.02938e+02	2.01110e+03	1.33856e+03	4.75688e+00	2.49634e+00	8.70739e+01
1.11764e+03	3.03121e+02	2.00937e+03	1.33860e+03	4.75922e+00	2.49801e+00	8.68084e+01
1.12143e+03	3.03305e+02	2.00765e+03	1.33864e+03	4.76157e+00	2.49967e+00	8.65441e+01
1.12522e+03	3.03488e+02	2.00592e+03	1.33867e+03	4.76391e+00	2.50134e+00	8.62810e+01
1.12901e+03	3.03672e+02	2.00419e+03	1.33871e+03	4.76625e+00	2.50300e+00	8.60189e+01
1.13280e+03	3.03855e+02	2.00247e+03	1.33874e+03	4.76859e+00	2.50467e+00	8.57580e+01
1.13659e+03	3.04038e+02	2.00075e+03	1.33878e+03	4.77093e+00	2.50633e+00	8.54982e+01
1.14039e+03	3.04221e+02	1.99902e+03	1.33882e+03	4.77327e+00	2.50799e+00	8.52404e+01
1.14418e+03	3.04402e+02	1.99730e+03	1.33885e+03	4.77561e+00	2.50965e+00	8.49858e+01
1.14797e+03	3.04583e+02	1.99558e+03	1.33889e+03	4.77795e+00	2.51130e+00	8.47323e+01
1.15176e+03	3.04765e+02	1.99386e+03	1.33893e+03	4.78028e+00	2.51296e+00	8.44798e+01
1.15555e+03	3.04946e+02	1.99214e+03	1.33896e+03	4.78261e+00	2.51462e+00	8.42284e+01
1.15934e+03	3.05127e+02	1.99042e+03	1.33900e+03	4.78495e+00	2.51627e+00	8.39780e+01
1.16313e+03	3.05308e+02	1.98871e+03	1.33903e+03	4.78728e+00	2.51792e+00	8.37287e+01
1.16692e+03	3.05488e+02	1.98699e+03	1.33907e+03	4.78961e+00	2.51957e+00	8.34821e+01
1.17071e+03	3.05667e+02	1.98528e+03	1.33911e+03	4.79194e+00	2.52123e+00	8.32374e+01
1.17450e+03	3.05847e+02	1.98356e+03	1.33914e+03	4.79426e+00	2.52288e+00	8.29937e+01
1.17829e+03	3.06026e+02	1.98185e+03	1.33918e+03	4.79659e+00	2.52452e+00	8.27511e+01
1.18209e+03	3.06205e+02	1.98014e+03	1.33922e+03	4.79891e+00	2.52617e+00	8.25094e+01
1.18588e+03	3.06384e+02	1.97843e+03	1.33925e+03	4.80124e+00	2.52782e+00	8.22687e+01
1.18967e+03	3.06564e+02	1.97672e+03	1.33929e+03	4.80356e+00	2.52946e+00	8.20290e+01
1.19346e+03	3.06741e+02	1.97501e+03	1.33932e+03	4.80588e+00	2.53111e+00	8.17923e+01
1.19725e+03	3.06919e+02	1.97330e+03	1.33936e+03	4.80820e+00	2.53275e+00	8.15567e+01
1.20104e+03	3.07097e+02	1.97159e+03	1.33940e+03	4.81052e+00	2.53439e+00	8.13220e+01
1.20483e+03	3.07274e+02	1.96989e+03	1.33943e+03	4.81283e+00	2.53603e+00	8.10883e+01
1.20862e+03	3.07452e+02	1.96818e+03	1.33947e+03	4.81515e+00	2.53767e+00	8.08555e+01
1.21241e+03	3.07630e+02	1.96648e+03	1.33951e+03	4.81746e+00	2.53931e+00	8.06237e+01
1.21620e+03	3.07807e+02	1.96478e+03	1.33954e+03	4.81978e+00	2.54094e+00	8.03933e+01
1.21999e+03	3.07983e+02	1.96308e+03	1.33958e+03	4.82209e+00	2.54258e+00	8.01651e+01
1.22378e+03	3.08160e+02	1.96138e+03	1.33961e+03	4.82440e+00	2.54421e+00	7.99378e+01
1.22758e+03	3.08336e+02	1.95968e+03	1.33965e+03	4.82671e+00	2.54585e+00	7.97114e+01
1.23137e+03	3.08512e+02	1.95798e+03	1.33969e+03	4.82902e+00	2.54748e+00	7.94859e+01
1.23516e+03	3.08688e+02	1.95628e+03	1.33972e+03	4.83133e+00	2.54911e+00	7.92613e+01
1.23895e+03	3.08865e+02	1.95458e+03	1.33976e+03	4.83363e+00	2.55074e+00	7.90375e+01
1.24274e+03	3.09040e+02	1.95289e+03	1.33980e+03	4.83594e+00	2.55237e+00	7.88156e+01
1.24653e+03	3.09215e+02	1.95120e+03	1.33983e+03	4.83824e+00	2.55400e+00	7.85950e+01
1.25032e+03	3.09391e+02	1.94950e+03	1.33987e+03	4.84054e+00	2.55562e+00	7.83754e+01
1.25411e+03	3.09566e+02	1.94781e+03	1.33990e+03	4.84284e+00	2.55725e+00	7.81565e+01
1.25790e+03	3.09741e+02	1.94612e+03	1.33994e+03	4.84514e+00	2.55887e+00	7.79386e+01
1.26169e+03	3.09916e+02	1.94443e+03	1.33998e+03	4.84744e+00	2.56050e+00	7.77215e+01
1.26548e+03	3.10091e+02	1.94274e+03	1.34001e+03	4.84974e+00	2.56212e+00	7.75053e+01
1.26928e+03	3.10265e+02	1.94105e+03	1.34005e+03	4.85204e+00	2.56374e+00	7.72909e+01
1.27307e+03	3.10440e+02	1.93937e+03	1.34009e+03	4.85433e+00	2.56536e+00	7.70774e+01
1.27686e+03	3.10614e+02	1.93768e+03	1.34012e+03	4.85663e+00	2.56698e+00	7.68647e+01
1.28065e+03	3.10788e+02	1.93600e+03	1.34016e+03	4.85892e+00	2.56860e+00	7.66529e+01
1.28444e+03	3.10962e+02	1.93431e+03	1.34019e+03	4.86121e+00	2.57021e+00	7.64419e+01
1.28823e+03	3.11137e+02	1.93263e+03	1.34023e+03	4.86350e+00	2.57183e+00	7.62317e+01
1.29202e+03	3.11311e+02	1.93095e+03	1.34027e+03	4.86579e+00	2.57344e+00	7.60225e+01
1.29581e+03	3.11484e+02	1.92927e+03	1.34030e+03	4.86808e+00	2.57506e+00	7.58148e+01
1.29960e+03	3.11658e+02	1.92759e+03	1.34034e+03	4.87037e+00	2.57667e+00	7.56078e+01
1.30339e+03	3.11832e+02	1.92591e+03	1.34037e+03	4.87265e+00	2.57828e+00	7.54016e+01
1.30718e+03	3.12005e+02	1.92423e+03	1.34041e+03	4.87494e+00	2.57989e+00	7.51963e+01
1.31098e+03	3.12179e+02	1.92256e+03	1.34045e+03	4.87722e+00	2.58150e+00	7.49917e+01
1.31477e+03	3.12352e+02	1.92088e+03	1.34048e+03	4.87950e+00	2.58311e+00	7.47879e+01
1.31856e+03	3.12526e+02	1.91921e+03	1.34052e+03	4.88178e+00	2.58471e+00	7.45851e+01
1.32235e+03	3.12699e+02	1.91754e+03	1.34056e+03	4.88406e+00	2.58632e+00	7.43834e+01
1.32614e+03	3.12872e+02	1.91586e+03	1.34059e+03	4.88634e+00	2.58793e+00	7.41824e+01
1.32993e+03	3.13045e+02	1.91419e+03	1.34063e+03	4.88862e+00	2.58953e+00	7.39822e+01
1.33372e+03	3.13218e+02	1.91253e+03	1.34066e+03	4.89089e+00	2.59113e+00	7.37828e+01
1.33751e+03	3.13391e+02	1.91086e+03	1.34070e+03	4.89317e+00	2.59273e+00	7.35841e+01
1.34130e+03	3.13564e+02	1.90919e+03	1.34074e+03	4.89544e+00	2.59433e+00	7.33862e+01
1.34509e+03	3.13737e+02	1.90752e+03	1.34077e+03	4.89772e+00	2.59593e+00	7.31893e+01
1.34888e+03	3.13910e+02	1.90586e+03	1.34081e+03	4.89999e+00	2.59753e+00	7.29932e+01
1.35268e+03	3.14083e+02	1.90420e+03	1.34084e+03	4.90226e+00	2.59913e+00	7.27978e+01
1.35647e+03	3.14256e+02	1.90253e+03	1.34088e+03	4.90453e+00	2.60073e+00	7.26031e+01
1.36026e+03	3.14429e+02	1.90087e+03	1.34091e+03	4.90680e+00	2.60232e+00	7.24092e+01
1.36405e+03	3.14602e+02	1.89921e+03	1.34095e+03	4.90906e+00	2.60391e+00	7.22160e+01
1.36784e+03	3.14774e+02	1.89755e+03	1.34099e+03	4.91133e+00	2.60551e+00	7.20235e+01
1.37163e+03	3.14947e+02	1.89589e+03	1.34102e+03	4.91360e+00	2.60710e+00	7.18318e+01
1.37542e+03	3.15120e+02	1.89424e+03	1.34106e+03	4.91586e+00	2.60869e+00	7.16409e+01
1.37921e+03	3.15293e+02	1.89258e+03	1.34109e+03	4.91812e+00	2.61028e+00	7.14506e+01
1.38300e+03	3.15466e+02	1.89093e+03	1.34113e+03	4.92038e+00	2.61187e+00	7.12611e+01
1.38679e+03	3.15639e+02	1.88927e+03	1.34117e+03	4.92264e+00	2.61346e+00	7.10723e+01
1.39058e+03	3.15811e+02	1.88762e+03	1.34120e+03	4.92490e+00	2.61504e+00	7.08841e+01
1.39437e+03	3.15984e+02	1.88597e+03	1.34124e+03	4.92716e+00	2.61663e+00	7.06967e+01
1.39817e+03	3.16157e+02	1.88432e+03	1.34127e+03	4.92942e+00	2.61822e+00	7.05098e+01
1.40196e+03	3.16330e+02	1.88267e+03	1.34131e+03	4.93167e+00	2.61980e+00	7.03236e+01
1.40575e+03	3.16503e+02	1.88102e+03	1.34134e+03	4.93393e+00	2.62138e+00	7.01382e+01
1.40954e+03	3.16676e+02	1.87937e+03	1.34138e+03	4.93618e+00	2.62296e+00	6.99534e+01
1.41333e+03	3.16849e+02	1.87773e+03	1.34142e+03	4.93843e+00	2.62454e+00	6.97693e+01
1.41712e+03	3.17022e+02	1.87608e+03	1.34145e+03	4.94069e+00	2.62612e+00	6.95859e+01
1.42091e+03	3.17195e+02	1.87444e+03	1.34149e+03	4.94294e+00	2.62770e+00	6.94029e+01
1.42470e+03	3.17368e+02	1.87280e+03	1.34152e+03	4.94519e+00	2.62928e+00	6.92206e+01
1.42849e+03	3.17542e+02	1.87116e+03	1.34156e+03	4.94743e+00	2.63086e+00	6.90389e+01
1.43228e+03	3.17715e+02	1.86952e+03	1.34159e+03	4.94968e+00	2.63243e+00	6.88579e+01
1.43607e+03	3.17888e+02	1.86788e+03	1.34163e+03	4.95193e+00	2.63401e+00	6.86775e+01
1.43987e+03	3.18061e+02	1.86624e+03	1.34167e+03	4.95417e+00	2.63558e+00	6.84979e+01
1.44366e+03	3.18235e+02	1.86461e+03	1.34170e+03	4.95642e+00	2.63715e+00	6.83188e+01
1.44745e+03	3.18408e+02	1.86297e+03	1.34174e+03	4.95866e+00	2.63873e+00	6.81399e+01
1.45124e+03	3.18582e+02	1.86134e+03	1.34177e+03	4.96090e+00	2.64030e+00	6.79618e+01
1.45503e+03	3.18756e+02	1.85970e+03	1.34181e+03	4.96314e+00	2.64187e+00	6.77843e+01
1.45882e+03	3.18929e+02	1.85807e+03	1.34184e+03	4.96538e+00	2.64344e+00	6.76074e+01
1.46261e+03	3.19103e+02	1.85644e+03	1.34188e+03	4.96762e+00	2.64500e+00	6.74312e+01
1.46640e+03	3.19277e+02	1.85481e+03	1.34191e+03	4.96985e+00	2.64657e+00	6.72556e+01
1.47019e+03	3.19451e+02	1.85318e+03	1.34195e+03	4.97209e+00	2.64814e+00	6.70804e+01
1.47398e+03	3.19625e+02	1.85156e+03	1.34198e+03	4.97433e+00	2.64970e+00	6.69055e+01
1.47777e+03	3.19800e+02	1.84993e+03	1.34202e+03	4.97656e+00	2.65126e+00	6.67312e+01
1.48157e+03	3.19974e+02	1.84831e+03	1.34205e+03	4.97879e+00	2.65283e+00	6.65576e+01
1.48536e+03	3.20148e+02	1.84668e+03	1.34209e+03	4.98102e+00	2.65439e+00	6.63846e+01
1.48915e+03	3.20323e+02	1.84506e+03	1.34212e+03	4.98326e+00	2.65595e+00	6.62123e+01
1.49294e+03	3.20497e+02	1.84344e+03	1.34216e+03	4.98548e+00	2.65751e+00	6.60406e+01
1.49673e+03	3.20672e+02	1.84182e+03	1.34220e+03	4.98771e+00	2.65907e+00	6.58689e+01
1.50052e+03	3.20847e+02	1.84020e+03	1.34223e+03	4.98994e+00	2.66063e+00	6.56976e+01
1.50431e+03	3.21023e+02	1.83859e+03	1.34227e+03	4.99217e+00	2.66218e+00	6.55270e+01
1.50810e+03	3.21198e+02	1.83697e+03	1.34230e+03	4.99439e+00	2.66374e+00	6.53571e+01
1.51189e+03	3.21373e+02	1.83535e+03	3.54476e+03	4.60701e+00	2.60949e+00	3.83219e+12
1.57985e+03	3.30509e+02	1.82440e+03	3.54476e+03	4.60845e+00	2.60918e+00	1.95584e+12
1.64734e+03	3.39597e+02	1.81345e+03	3.54592e+03	4.60984e+00	2.60885e+00	1.03728e+12
1.71441e+03	3.48638e+02	1.80249e+03	3.54707e+03	8.06959e+00	4.56490e+00	5.69823e+11
1.78104e+03	3.57631e+02	1.79154e+03	3.54820e+03	8.07189e+00	4.56427e+00	3.23300e+11
1.84724e+03	3.66576e+02	1.78058e+03	3.54931e+03	8.07412e+00	4.56361e+00	1.88958e+11
1.91300e+03	3.75473e+02	1.76963e+03	3.55040e+03	8.11331e+00	4.59305e+00	1.13505e+11
1.97833e+03	3.84323e+02	1.75867e+03	3.56421e+03	8.19349e+00	4.65572e+00	6.99268e+10
2.04344e+03	3.93126e+02	1.74772e+03	3.59204e+03	8.23916e+00	4.69024e+00	4.41175e+10
2.10859e+03	4.01882e+02	1.73677e+03	3.60797e+03	8.24124e+00	4.68940e+00	2.84671e+10
2.17355e+03	4.10590e+02	1.72581e+03	3.60898e+03	8.24330e+00	4.68855e+00	1.87493e+10
2.23803e+03	4.19252e+02	1.71486e+03	3.60998e+03	8.24530e+00	4.68768e+00	1.25813e+10
2.30204e+03	4.27866e+02	1.70390e+03	3.61097e+03	8.24725e+00	4.68679e+00	8.59064e+09
2.36557e+03	4.36434e+02	1.69295e+03	3.61194e+03	8.24915e+00	4.68589e+00	5.96184e+09
2.42863e+03	4.44954e+02	1.68199e+03	3.61290e+03	8.25100e+00	4.68498e+00	4.20083e+09
2.49120e+03	4.53429e+02	1.67104e+03	3.61385e+03	8.25281e+00	4.68406e+00	3.00243e+09
2.55329e+03	4.61856e+02	1.66009e+03	3.61478e+03	8.25457e+00	4.68312e+00	2.17476e+09
2.61489e+03	4.70238e+02	1.64913e+03	3.61570e+03	8.36994e+00	4.74764e+00	1.59513e+09
2.67601e+03	4.78573e+02	1.63818e+03	3.62594e+03	8.37435e+00	4.74821e+00	1.18388e+09
2.73680e+03	4.86862e+02	1.62722e+03	3.62706e+03	8.40069e+00	4.76142e+00	8.88649e+08
2.79709e+03	4.95104e+02	1.61627e+03	3.62996e+03	8.42880e+00	4.77564e+00	6.74060e+08
2.85692e+03	5.03301e+02	1.60531e+03	3.63301e+03	8.43023e+00	4.77452e+00	5.16385e+08
2.91628e+03	5.11453e+02	1.59436e+03	3.63385e+03	8.43160e+00	4.77339e+00	3.99316e+08
2.97514e+03	5.19558e+02	1.58341e+03	3.63468e+03	8.43296e+00	4.77226e+00	3.11523e+08
3.03349e+03	5.27619e+02	1.57245e+03	3.63549e+03	8.43426e+00	4.77111e+00	2.45070e+08
3.09133e+03	5.35633e+02	1.56150e+03	3.63629e+03	8.43554e+00	4.76997e+00	1.94325e+08
3.14866e+03	5.43603e+02	1.55054e+03	3.63709e+03	8.43676e+00	4.76881e+00	1.55248e+08
3.20547e+03	5.51528e+02	1.53959e+03	3.63787e+03	8.43797e+00	4.76765e+00	1.24917e+08
3.26177e+03	5.59408e+02	1.52863e+03	3.63863e+03	8.43913e+00	4.76648e+00	1.01195e+08
3.31754e+03	5.67243e+02	1.51768e+03	3.63939e+03	8.44025e+00	4.76531e+00	8.25077e+07
3.37280e+03	5.75033e+02	1.50673e+03	3.64013e+03	8.44135e+00	4.76413e+00	6.76854e+07
3.42753e+03	5.82780e+02	1.49577e+03	3.64087e+03	8.44240e+00	4.76295e+00	5.58513e+07
3.48173e+03	5.90482e+02	1.48482e+03	3.64159e+03	8.44343e+00	4.76176e+00	4.63438e+07
3.53540e+03	5.98140e+02	1.47386e+03	3.64230e+03	8.44441e+00	4.76057e+00	3.86598e+07
3.58854e+03	6.05754e+02	1.46291e+03	3.64300e+03	8.44536e+00	4.75938e+00	3.24138e+07
3.64114e+03	6.13325e+02	1.45195e+03	3.64368e+03	8.44627e+00	4.75817e+00	2.73091e+07
3.69320e+03	6.20852e+02	1.44100e+03	3.64436e+03	8.44716e+00	4.75697e+00	2.31152e+07
3.74472e+03	6.28336e+02	1.43005e+03	3.64502e+03	8.44800e+00	4.75576e+00	1.96523e+07
3.79570e+03	6.35778e+02	1.41909e+03	3.64567e+03	8.44881e+00	4.75454e+00	1.67793e+07
3.84613e+03	6.43176e+02	1.40814e+03	3.64631e+03	8.44960e+00	4.75333e+00	1.43846e+07
3.89600e+03	6.50532e+02	1.39718e+03	3.64694e+03	8.45034e+00	4.75210e+00	1.23798e+07
3.94532e+03	6.57845e+02	1.38623e+03	3.64756e+03	8.45106e+00	4.75088e+00	1.06942e+07
3.99409e+03	6.65117e+02	1.37527e+03	3.64817e+03	8.45172e+00	4.74965e+00	9.27133e+06
4.04229e+03	6.72347e+02	1.36432e+03	3.64876e+03	8.45237e+00	4.74842e+00	8.06542e+06
4.08993e+03	6.79535e+02	1.35337e+03	3.64935e+03	8.45297e+00	4.74718e+00	7.03956e+06
4.13700e+03	6.86682e+02	1.34241e+03	3.64992e+03	8.45355e+00	4.74594e+00	6.16368e+06
4.18349e+03	6.93788e+02	1.33146e+03	3.65048e+03	8.45409e+00	4.74470e+00	5.41324e+06
4.22941e+03	7.00853e+02	1.32050e+03	3.65103e+03	8.45458e+00	4.74345e+00	4.76812e+06
4.27475e+03	7.07878e+02	1.30955e+03	3.65156e+03	8.45505e+00	4.74220e+00	4.21171e+06
4.31950e+03	7.14863e+02	1.29859e+03	3.65208e+03	8.45548e+00	4.74095e+00	3.73033e+06
4.36367e+03	7.21807e+02	1.28764e+03	3.65260e+03	8.45587e+00	4.73969e+00	3.31259e+06
4.40724e+03	7.28713e+02	1.27669e+03	3.65310e+03	8.45624e+00	4.73843e+00	2.94903e+06
4.45022e+03	7.35579e+02	1.26573e+03	3.65358e+03	8.45655e+00	4.73716e+00	2.63171e+06
4.49260e+03	7.42407e+02	1.25478e+03	3.65406e+03	8.45684e+00	4.73589e+00	2.35401e+06
4.53436e+03	7.49196e+02	1.24382e+03	3.65452e+03	8.45709e+00	4.73462e+00	2.11035e+06
4.57552e+03	7.55947e+02	1.23287e+03	3.65497e+03	8.45729e+00	4.73334e+00	1.89599e+06
4.61606e+03	7.62660e+02	1.22192e+03	3.65541e+03	8.45747e+00	4.73206e+00	1.70696e+06
4.65598e+03	7.69336e+02	1.21096e+03	3.65583e+03	8.45759e+00	4.73076e+00	1.53986e+06
4.69527e+03	7.75975e+02	1.20001e+03	3.65624e+03	8.45769e+00	4.72947e+00	1.39182e+06
4.73393e+03	7.82578e+02	1.18905e+03	3.65664e+03	8.45775e+00	4.72818e+00	1.26035e+06
4.77196e+03	7.89145e+02	1.17810e+03	3.65703e+03	8.45775e+00	4.72687e+00	1.14336e+06
4.80934e+03	7.95676e+02	1.16714e+03	3.65740e+03	8.45773e+00	4.72556e+00	1.03903e+06
4.84607e+03	8.02172e+02	1.15619e+03	3.65776e+03	8.45766e+00	4.72425e+00	9.45798e+05
4.88214e+03	8.08634e+02	1.14524e+03	3.65811e+03	8.45754e+00	4.72293e+00	8.62324e+05
4.91755e+03	8.15062e+02	1.13428e+03	3.65844e+03	8.45740e+00	4.72160e+00	7.87441e+05
4.95229e+03	8.21456e+02	1.12333e+03	3.65876e+03	8.45719e+00	4.72027e+00	7.20141e+05
4.98636e+03	8.27817e+02	1.11237e+03	3.65906e+03	8.45695e+00	4.71893e+00	6.59545e+05
5.01974e+03	8.34146e+02	1.10142e+03	3.65935e+03	8.45666e+00	4.71758e+00	6.04891e+05
5.05243e+03	8.40443e+02	1.09046e+03	3.65963e+03	8.45632e+00	4.71623e+00	5.55511e+05
5.08443e+03	8.46710e+02	1.07951e+03	3.65988e+03	8.45594e+00	4.71487e+00	5.10823e+05
5.11571e+03	8.52945e+02	1.06856e+03	3.66013e+03	8.45551e+00	4.71350e+00	4.70315e+05
5.14628e+03	8.59151e+02	1.05760e+03	3.66036e+03	8.45503e+00	4.71212e+00	4.33539e+05
5.17613e+03	8.65328e+02	1.04665e+03	3.66057e+03	8.45450e+00	4.71073e+00	4.00100e+05
5.20525e+03	8.71477e+02	1.03569e+03	3.66077e+03	8.45392e+00	4.70934e+00	3.69650e+05
5.23362e+03	8.77598e+02	1.02474e+03	3.66095e+03	8.45328e+00	4.70793e+00	3.41882e+05
5.26124e+03	8.83692e+02	1.01378e+03	3.66112e+03	8.45260e+00	4.70652e+00	3.16524e+05
5.28810e+03	8.89761e+02	1.00283e+03	3.66127e+03	8.45186e+00	4.70509e+00	2.93335e+05
5.31419e+03	8.95804e+02	9.91875e+02	3.66140e+03	8.45106e+00	4.70365e+00	2.72101e+05
5.33950e+03	9.01823e+02	9.80921e+02	3.66152e+03	8.45021e+00	4.70220e+00	2.52631e+05
5.36401e+03	9.07820e+02	9.69967e+02	3.66162e+03	8.44929e+00	4.70074e+00	2.34757e+05
5.38771e+03	9.13794e+02	9.59012e+02	3.66169e+03	8.44832e+00	4.69927e+00	2.18327e+05
5.41059e+03	9.19747e+02	9.48058e+02	3.66176e+03	8.44728e+00	4.69778e+00	2.03207e+05
5.43264e+03	9.25680e+02	9.37104e+02	3.66180e+03	8.44618e+00	4.69628e+00	1.89275e+05
5.45384e+03	9.31594e+02	9.26150e+02	3.66182e+03	8.44501e+00	4.69476e+00	1.76423e+05
5.47419e+03	9.37491e+02	9.15195e+02	3.66183e+03	8.44378e+00	4.69323e+00	1.64555e+05
5.49366e+03	9.43371e+02	9.04241e+02	3.66181e+03	8.44247e+00	4.69168e+00	1.53582e+05
5.51223e+03	9.49236e+02	8.93287e+02	3.66177e+03	8.44110e+00	4.69012e+00	1.43427e+05
5.52990e+03	9.55088e+02	8.82332e+02	3.66172e+03	8.43965e+00	4.68854e+00	1.34019e+05
5.54665e+03	9.60928e+02	8.71378e+02	3.66164e+03	8.43812e+00	4.68693e+00	1.25293e+05
5.56245e+03	9.66757e+02	8.60424e+02	3.66153e+03	8.43652e+00	4.68531e+00	1.17192e+05
5.57729e+03	9.72577e+02	8.49470e+02	3.66141e+03	8.43484e+00	4.68367e+00	1.09665e+05
5.59114e+03	9.78389e+02	8.38515e+02	3.66126e+03	8.43307e+00	4.68200e+00	1.02663e+05
5.60400e+03	9.84196e+02	8.27561e+02	3.66109e+03	8.43121e+00	4.68031e+00	9.61444e+04
5.61583e+03	9.90000e+02	8.16607e+02	3.66089e+03	8.42927e+00	4.67860e+00	9.00699e+04
5.62661e+03	9.95802e+02	8.05652e+02	3.66067e+03	8.42723e+00	4.67686e+00	8.44043e+04
5.63632e+03	1.00160e+03	7.94698e+02	3.66042e+03	8.42510e+00	4.67510e+00	7.91156e+04
5.64493e+03	1.00741e+03	7.83744e+02	3.66015e+03	8.42287e+00	4.67331e+00	7.41744e+04
5.65242e+03	1.01322e+03	7.72790e+02	3.65984e+03	8.42052e+00	4.67149e+00	6.95542e+04
5.65875e+03	1.01904e+03	7.61835e+02	3.65951e+03	8.41808e+00	4.66963e+00	6.52307e+04
5.66390e+03	1.02486e+03	7.50881e+02	3.65915e+03	8.41553e+00	4.66775e+00	6.11816e+04
5.66783e+03	1.03071e+03	7.39927e+02	3.65875e+03	8.41285e+00	4.66582e+00	5.73868e+04
5.67051e+03	1.03656e+03	7.28972e+02	3.65833e+03	8.41005e+00	4.66386e+00	5.38276e+04
5.67191e+03	1.04244e+03	7.18018e+02	3.65787e+03	8.40714e+00	4.66187e+00	5.04870e+04
5.67198e+03	1.04834e+03	7.07064e+02	3.65738e+03	8.40408e+00	4.65983e+00	4.73496e+04
5.67068e+03	1.05426e+03	6.96110e+02	3.65685e+03	8.40089e+00	4.65775e+00	4.44010e+04
5.66798e+03	1.06021e+03	6.85155e+02	3.65628e+03	8.39756e+00	4.65562e+00	4.16282e+04
5.66382e+03	1.06620e+03	6.74201e+02	3.65567e+03	8.39407e+00	4.65345e+00	3.90191e+04
5.65817e+03	1.07222e+03	6.63247e+02	3.65503e+03	8.39042e+00	4.65122e+00	3.65625e+04
5.65095e+03	1.07829e+03	6.52293e+02	3.65434e+03	8.38662e+00	4.64894e+00	3.42485e+04
5.64213e+03	1.08441e+03	6.41338e+02	3.65361e+03	8.38264e+00	4.64660e+00	3.20676e+04
5.64213e+03	1.08441e+03	6.41338e+02	8.00000e+03	6.13653e+00	3.31256e+00	1.00000e+04
5.49270e+03	1.08561e+03	5.70078e+02	8.00791e+03	6.13350e+00	3.31092e+00	1.00000e+04
4.99508e+03	1.08682e+03	4.98819e+02	8.01664e+03	6.11849e+00	3.30348e+00	1.00000e+04
4.03015e+03	1.08802e+03	4.27559e+02	8.02764e+03	6.07531e+00	3.28238e+00	1.00000e+04
2.39272e+03	1.08923e+03	3.56299e+02	8.04668e+03	5.99189e+00	3.24171e+00	1.00000e+04
-3.04495e+02	1.09043e+03	2.85039e+02	7.88935e+03	5.91840e+00	3.20986e+00	1.00000e+04
-4.78003e+03	1.09163e+03	2.13779e+02	7.87866e+03	5.69652e+00	3.10362e+00	1.00000e+04
-1.30885e+04	1.09284e+03	1.42520e+02	7.87411e+03	5.30203e+00	2.91569e+00	1.00000e+04
-3.21899e+04	1.09404e+03	7.12598e+01	7.87141e+03	4.47536e+00	2.52847e+00	1.00000e+04
-1.09185e+05	1.09525e+03	0.00000e+00	7.88597e+03	1.19232e+00	1.23973e+00	1.00000e+04
