P (MPa)		T (K)		r (km)		rho (kg m-3)	VP (km s-1)	VS (km s-1)	QS/gamma	KS (GPa)	GS (GPa)	k for 0.01 mol/kg MgSO4 (S m-1)	
0.00000e+00	1.10000e+02	2.63410e+03	9.31778e+02	3.87940e+00	1.96225e+00	3.09516e+04	9.24000e+00	3.58800e+00	0.00000e+00
1.45231e-01	1.12060e+02	2.63399e+03	9.31778e+02	3.87966e+00	1.96241e+00	2.53231e+04	9.24048e+00	3.58831e+00	0.00000e+00
2.90462e-01	1.14158e+02	2.63388e+03	9.31708e+02	3.87993e+00	1.96257e+00	2.07947e+04	9.24096e+00	3.58862e+00	0.00000e+00
4.35693e-01	1.16295e+02	2.63377e+03	9.31634e+02	3.88021e+00	1.96273e+00	1.71381e+04	9.24144e+00	3.58894e+00	0.00000e+00
5.80924e-01	1.18473e+02	2.63366e+03	9.31555e+02	3.88049e+00	1.96290e+00	1.41747e+04	9.24192e+00	3.58925e+00	0.00000e+00
7.26155e-01	1.20691e+02	2.63355e+03	9.31473e+02	3.88079e+00	1.96307e+00	1.17647e+04	9.24239e+00	3.58956e+00	0.00000e+00
8.71386e-01	1.22951e+02	2.63344e+03	9.31385e+02	3.88110e+00	1.96325e+00	9.79798e+03	9.24287e+00	3.58987e+00	0.00000e+00
1.01662e+00	1.25253e+02	2.63333e+03	9.31293e+02	3.88141e+00	1.96343e+00	8.18751e+03	9.24335e+00	3.59018e+00	0.00000e+00
1.16185e+00	1.27598e+02	2.63322e+03	9.31196e+02	3.88174e+00	1.96362e+00	6.86437e+03	9.24383e+00	3.59049e+00	0.00000e+00
1.30708e+00	1.29987e+02	2.63312e+03	9.31093e+02	3.88208e+00	1.96381e+00	5.77373e+03	9.24431e+00	3.59081e+00	0.00000e+00
1.45231e+00	1.32421e+02	2.63301e+03	9.30984e+02	3.88243e+00	1.96401e+00	4.87184e+03	9.24479e+00	3.59112e+00	0.00000e+00
1.59754e+00	1.34901e+02	2.63290e+03	9.30870e+02	3.88279e+00	1.96422e+00	4.12369e+03	9.24527e+00	3.59143e+00	0.00000e+00
1.74277e+00	1.37427e+02	2.63279e+03	9.30749e+02	3.88316e+00	1.96443e+00	3.50114e+03	9.24574e+00	3.59174e+00	0.00000e+00
1.88800e+00	1.40000e+02	2.63268e+03	9.30621e+02	3.88355e+00	1.96465e+00	2.98153e+03	9.24622e+00	3.59205e+00	0.00000e+00
2.03323e+00	1.42621e+02	2.63257e+03	9.30487e+02	3.88396e+00	1.96488e+00	2.54654e+03	9.24670e+00	3.59236e+00	0.00000e+00
2.17847e+00	1.45292e+02	2.63246e+03	9.30345e+02	3.88438e+00	1.96511e+00	2.18133e+03	9.24718e+00	3.59267e+00	0.00000e+00
2.32370e+00	1.48012e+02	2.63235e+03	9.30195e+02	3.88481e+00	1.96535e+00	1.87382e+03	9.24765e+00	3.59299e+00	0.00000e+00
2.46893e+00	1.50783e+02	2.63224e+03	9.30037e+02	3.88527e+00	1.96561e+00	1.61416e+03	9.24813e+00	3.59330e+00	0.00000e+00
2.61416e+00	1.53607e+02	2.63213e+03	9.29870e+02	3.88574e+00	1.96587e+00	1.39431e+03	9.24861e+00	3.59361e+00	0.00000e+00
2.75939e+00	1.56483e+02	2.63202e+03	9.29694e+02	3.88623e+00	1.96614e+00	1.20764e+03	9.24909e+00	3.59392e+00	0.00000e+00
2.90462e+00	1.59413e+02	2.63191e+03	9.29509e+02	3.88674e+00	1.96642e+00	1.04873e+03	9.24956e+00	3.59423e+00	0.00000e+00
3.04985e+00	1.62398e+02	2.63180e+03	9.29313e+02	3.88727e+00	1.96671e+00	9.13094e+02	9.25004e+00	3.59454e+00	0.00000e+00
3.19508e+00	1.65438e+02	2.63169e+03	9.29107e+02	3.88783e+00	1.96701e+00	7.97028e+02	9.25052e+00	3.59485e+00	0.00000e+00
3.34031e+00	1.68536e+02	2.63158e+03	9.28890e+02	3.88841e+00	1.96733e+00	6.97456e+02	9.25099e+00	3.59516e+00	0.00000e+00
3.48555e+00	1.71692e+02	2.63147e+03	9.28661e+02	3.88901e+00	1.96766e+00	6.11822e+02	9.25147e+00	3.59547e+00	0.00000e+00
3.63078e+00	1.74906e+02	2.63136e+03	9.28420e+02	3.88964e+00	1.96800e+00	5.37996e+02	9.25195e+00	3.59579e+00	0.00000e+00
3.77601e+00	1.78181e+02	2.63125e+03	9.28166e+02	3.89029e+00	1.96835e+00	4.74198e+02	9.25242e+00	3.59610e+00	0.00000e+00
3.92124e+00	1.81518e+02	2.63114e+03	9.27898e+02	3.89098e+00	1.96872e+00	4.18936e+02	9.25290e+00	3.59641e+00	0.00000e+00
4.06647e+00	1.84916e+02	2.63103e+03	9.27617e+02	3.89169e+00	1.96910e+00	3.70958e+02	9.25338e+00	3.59672e+00	0.00000e+00
4.21170e+00	1.88379e+02	2.63092e+03	9.27321e+02	3.89244e+00	1.96950e+00	3.29210e+02	9.25385e+00	3.59703e+00	0.00000e+00
4.35693e+00	1.91906e+02	2.63081e+03	9.27010e+02	3.89321e+00	1.96992e+00	2.92802e+02	9.25433e+00	3.59734e+00	0.00000e+00
4.50216e+00	1.95499e+02	2.63070e+03	9.26684e+02	3.89402e+00	1.97035e+00	2.60982e+02	9.25480e+00	3.59765e+00	0.00000e+00
4.64739e+00	1.99160e+02	2.63059e+03	9.26341e+02	3.89486e+00	1.97080e+00	2.33112e+02	9.25528e+00	3.59796e+00	0.00000e+00
4.79262e+00	2.02889e+02	2.63048e+03	9.25981e+02	3.89574e+00	1.97127e+00	2.08651e+02	9.25576e+00	3.59827e+00	0.00000e+00
4.93786e+00	2.06688e+02	2.63037e+03	9.25604e+02	3.89666e+00	1.97176e+00	1.87138e+02	9.25623e+00	3.59858e+00	0.00000e+00
5.08309e+00	2.10558e+02	2.63026e+03	9.25209e+02	3.89762e+00	1.97226e+00	1.68179e+02	9.25671e+00	3.59889e+00	0.00000e+00
5.22832e+00	2.14500e+02	2.63015e+03	9.24796e+02	3.89861e+00	1.97279e+00	1.51438e+02	9.25718e+00	3.59920e+00	0.00000e+00
5.37355e+00	2.18517e+02	2.63004e+03	9.24365e+02	3.89964e+00	1.97333e+00	1.36626e+02	9.25766e+00	3.59951e+00	0.00000e+00
5.51878e+00	2.22608e+02	2.62993e+03	9.23915e+02	3.90072e+00	1.97390e+00	1.23497e+02	9.25813e+00	3.59982e+00	0.00000e+00
5.66401e+00	2.26776e+02	2.62982e+03	9.23445e+02	3.90183e+00	1.97448e+00	1.11836e+02	9.25861e+00	3.60013e+00	0.00000e+00
5.80924e+00	2.31022e+02	2.62971e+03	9.22957e+02	3.90299e+00	1.97509e+00	1.01462e+02	9.25908e+00	3.60044e+00	0.00000e+00
5.95447e+00	2.35348e+02	2.62960e+03	9.22449e+02	3.90418e+00	1.97572e+00	9.22142e+01	9.25956e+00	3.60075e+00	0.00000e+00
6.09970e+00	2.39755e+02	2.62949e+03	9.21923e+02	3.90542e+00	1.97637e+00	8.39570e+01	9.26003e+00	3.60106e+00	0.00000e+00
6.24493e+00	2.44244e+02	2.62938e+03	9.21378e+02	3.90670e+00	1.97704e+00	7.65711e+01	9.26051e+00	3.60138e+00	0.00000e+00
6.39017e+00	2.48817e+02	2.62927e+03	9.20815e+02	3.90802e+00	1.97773e+00	6.99532e+01	9.26098e+00	3.60169e+00	0.00000e+00
6.53540e+00	2.53476e+02	2.62916e+03	9.20234e+02	3.90937e+00	1.97844e+00	6.40136e+01	9.26146e+00	3.60200e+00	0.00000e+00
6.68063e+00	2.58222e+02	2.62905e+03	9.19637e+02	3.91077e+00	1.97917e+00	5.86739e+01	9.26193e+00	3.60231e+00	0.00000e+00
6.82586e+00	2.63057e+02	2.62894e+03	9.19024e+02	3.91219e+00	1.97991e+00	5.38658e+01	9.26240e+00	3.60262e+00	0.00000e+00
6.97109e+00	2.67982e+02	2.62883e+03	9.18396e+02	3.91365e+00	1.98067e+00	4.95294e+01	9.26288e+00	3.60293e+00	0.00000e+00
7.11632e+00	2.73000e+02	2.62872e+03	9.17756e+02	3.91514e+00	1.98145e+00	4.56125e+01	9.26335e+00	3.60324e+00	0.00000e+00
1.04378e+01	2.72993e+02	2.62640e+03	1.00510e+03	1.41615e+00	0.00000e+00	0.00000e+00	2.01572e+00	0.00000e+00	8.22304e-02
1.37593e+01	2.72990e+02	2.62409e+03	1.00675e+03	1.42170e+00	0.00000e+00	0.00000e+00	2.03489e+00	0.00000e+00	8.25769e-02
1.70807e+01	2.72988e+02	2.62179e+03	1.00839e+03	1.42728e+00	0.00000e+00	0.00000e+00	2.05424e+00	0.00000e+00	8.29217e-02
2.04022e+01	2.72989e+02	2.61948e+03	1.01002e+03	1.43289e+00	0.00000e+00	0.00000e+00	2.07374e+00	0.00000e+00	8.32649e-02
2.37237e+01	2.72993e+02	2.61719e+03	1.01163e+03	1.43852e+00	0.00000e+00	0.00000e+00	2.09341e+00	0.00000e+00	8.36065e-02
2.70452e+01	2.72999e+02	2.61489e+03	1.01323e+03	1.44419e+00	0.00000e+00	0.00000e+00	2.11326e+00	0.00000e+00	8.39467e-02
3.03666e+01	2.73008e+02	2.61260e+03	1.01481e+03	1.44989e+00	0.00000e+00	0.00000e+00	2.13333e+00	0.00000e+00	8.42854e-02
3.36881e+01	2.73018e+02	2.61032e+03	1.01639e+03	1.45565e+00	0.00000e+00	0.00000e+00	2.15363e+00	0.00000e+00	8.46227e-02
3.70096e+01	2.73032e+02	2.60804e+03	1.01795e+03	1.46146e+00	0.00000e+00	0.00000e+00	2.17420e+00	0.00000e+00	8.49586e-02
4.03310e+01	2.73047e+02	2.60577e+03	1.01950e+03	1.46734e+00	0.00000e+00	0.00000e+00	2.19506e+00	0.00000e+00	8.52933e-02
4.36525e+01	2.73064e+02	2.60349e+03	1.02103e+03	1.47329e+00	0.00000e+00	0.00000e+00	2.21624e+00	0.00000e+00	8.56266e-02
4.69740e+01	2.73084e+02	2.60123e+03	1.02256e+03	1.47931e+00	0.00000e+00	0.00000e+00	2.23771e+00	0.00000e+00	8.59587e-02
5.02955e+01	2.73106e+02	2.59896e+03	1.02407e+03	1.48537e+00	0.00000e+00	0.00000e+00	2.25944e+00	0.00000e+00	8.62895e-02
5.36169e+01	2.73129e+02	2.59671e+03	1.02557e+03	1.49148e+00	0.00000e+00	0.00000e+00	2.28139e+00	0.00000e+00	8.66190e-02
5.69384e+01	2.73155e+02	2.59445e+03	1.02705e+03	1.49762e+00	0.00000e+00	0.00000e+00	2.30355e+00	0.00000e+00	8.69473e-02
6.02599e+01	2.73183e+02	2.59220e+03	1.02853e+03	1.50379e+00	0.00000e+00	0.00000e+00	2.32589e+00	0.00000e+00	8.72745e-02
6.35814e+01	2.73212e+02	2.58996e+03	1.02999e+03	1.50996e+00	0.00000e+00	0.00000e+00	2.34838e+00	0.00000e+00	8.76003e-02
6.69028e+01	2.73244e+02	2.58771e+03	1.03144e+03	1.51616e+00	0.00000e+00	0.00000e+00	2.37101e+00	0.00000e+00	8.79250e-02
7.02243e+01	2.73277e+02	2.58548e+03	1.03288e+03	1.52236e+00	0.00000e+00	0.00000e+00	2.39380e+00	0.00000e+00	8.82485e-02
7.35458e+01	2.73312e+02	2.58324e+03	1.03431e+03	1.52858e+00	0.00000e+00	0.00000e+00	2.41674e+00	0.00000e+00	8.85708e-02
7.68672e+01	2.73349e+02	2.58101e+03	1.03573e+03	1.53482e+00	0.00000e+00	0.00000e+00	2.43982e+00	0.00000e+00	8.88919e-02
8.01887e+01	2.73387e+02	2.57879e+03	1.03713e+03	1.54106e+00	0.00000e+00	0.00000e+00	2.46304e+00	0.00000e+00	8.92118e-02
8.35102e+01	2.73427e+02	2.57656e+03	1.03853e+03	1.54730e+00	0.00000e+00	0.00000e+00	2.48638e+00	0.00000e+00	8.95306e-02
8.68317e+01	2.73469e+02	2.57434e+03	1.03991e+03	1.55355e+00	0.00000e+00	0.00000e+00	2.50983e+00	0.00000e+00	8.98481e-02
9.01531e+01	2.73512e+02	2.57213e+03	1.04128e+03	1.55979e+00	0.00000e+00	0.00000e+00	2.53339e+00	0.00000e+00	9.01645e-02
9.34746e+01	2.73557e+02	2.56992e+03	1.04264e+03	1.56604e+00	0.00000e+00	0.00000e+00	2.55705e+00	0.00000e+00	9.04797e-02
9.67961e+01	2.73604e+02	2.56771e+03	1.04399e+03	1.57228e+00	0.00000e+00	0.00000e+00	2.58082e+00	0.00000e+00	9.07937e-02
1.00118e+02	2.73651e+02	2.56551e+03	1.04533e+03	1.57853e+00	0.00000e+00	0.00000e+00	2.60469e+00	0.00000e+00	9.11066e-02
1.03439e+02	2.73701e+02	2.56331e+03	1.04666e+03	1.58477e+00	0.00000e+00	0.00000e+00	2.62868e+00	0.00000e+00	9.14183e-02
1.06761e+02	2.73751e+02	2.56111e+03	1.04797e+03	1.59102e+00	0.00000e+00	0.00000e+00	2.65279e+00	0.00000e+00	9.17288e-02
1.10082e+02	2.73803e+02	2.55892e+03	1.04928e+03	1.59728e+00	0.00000e+00	0.00000e+00	2.67703e+00	0.00000e+00	9.20381e-02
1.13403e+02	2.73857e+02	2.55673e+03	1.05058e+03	1.60354e+00	0.00000e+00	0.00000e+00	2.70140e+00	0.00000e+00	9.23463e-02
1.16725e+02	2.73911e+02	2.55454e+03	1.05186e+03	1.60981e+00	0.00000e+00	0.00000e+00	2.72589e+00	0.00000e+00	9.26533e-02
1.20046e+02	2.73967e+02	2.55236e+03	1.05314e+03	1.61608e+00	0.00000e+00	0.00000e+00	2.75050e+00	0.00000e+00	9.29591e-02
1.23368e+02	2.74024e+02	2.55018e+03	1.05441e+03	1.62235e+00	0.00000e+00	0.00000e+00	2.77523e+00	0.00000e+00	9.32637e-02
1.26689e+02	2.74082e+02	2.54800e+03	1.05567e+03	1.62863e+00	0.00000e+00	0.00000e+00	2.80008e+00	0.00000e+00	9.35672e-02
1.30011e+02	2.74142e+02	2.54583e+03	1.05691e+03	1.63491e+00	0.00000e+00	0.00000e+00	2.82505e+00	0.00000e+00	9.38695e-02
1.33332e+02	2.74202e+02	2.54366e+03	1.05815e+03	1.64119e+00	0.00000e+00	0.00000e+00	2.85012e+00	0.00000e+00	9.41706e-02
1.36654e+02	2.74264e+02	2.54150e+03	1.05938e+03	1.64746e+00	0.00000e+00	0.00000e+00	2.87530e+00	0.00000e+00	9.44705e-02
1.39975e+02	2.74327e+02	2.53933e+03	1.06060e+03	1.65374e+00	0.00000e+00	0.00000e+00	2.90059e+00	0.00000e+00	9.47693e-02
1.43297e+02	2.74391e+02	2.53718e+03	1.06181e+03	1.66002e+00	0.00000e+00	0.00000e+00	2.92598e+00	0.00000e+00	9.50670e-02
1.46618e+02	2.74456e+02	2.53502e+03	1.06301e+03	1.66629e+00	0.00000e+00	0.00000e+00	2.95147e+00	0.00000e+00	9.53635e-02
1.49940e+02	2.74521e+02	2.53287e+03	1.06420e+03	1.67256e+00	0.00000e+00	0.00000e+00	2.97705e+00	0.00000e+00	9.56589e-02
1.53261e+02	2.74588e+02	2.53072e+03	1.06538e+03	1.67882e+00	0.00000e+00	0.00000e+00	3.00273e+00	0.00000e+00	9.59532e-02
1.56583e+02	2.74656e+02	2.52857e+03	1.06656e+03	1.68508e+00	0.00000e+00	0.00000e+00	3.02850e+00	0.00000e+00	9.62464e-02
1.59904e+02	2.74724e+02	2.52643e+03	1.06772e+03	1.69134e+00	0.00000e+00	0.00000e+00	3.05436e+00	0.00000e+00	9.65385e-02
1.63226e+02	2.74794e+02	2.52429e+03	1.06888e+03	1.69759e+00	0.00000e+00	0.00000e+00	3.08030e+00	0.00000e+00	9.68297e-02
1.66547e+02	2.74864e+02	2.52215e+03	1.07003e+03	1.70383e+00	0.00000e+00	0.00000e+00	3.10632e+00	0.00000e+00	9.71198e-02
1.69868e+02	2.74935e+02	2.52002e+03	1.07117e+03	1.71006e+00	0.00000e+00	0.00000e+00	3.13241e+00	0.00000e+00	9.74089e-02
1.73190e+02	2.75008e+02	2.51789e+03	1.07230e+03	1.71627e+00	0.00000e+00	0.00000e+00	3.15856e+00	0.00000e+00	9.76970e-02
1.76511e+02	2.75080e+02	2.51576e+03	1.07342e+03	1.72248e+00	0.00000e+00	0.00000e+00	3.18478e+00	0.00000e+00	9.79843e-02
1.79833e+02	2.75154e+02	2.51363e+03	1.07454e+03	1.72867e+00	0.00000e+00	0.00000e+00	3.21104e+00	0.00000e+00	9.82706e-02
1.83154e+02	2.75228e+02	2.51151e+03	1.07565e+03	1.73484e+00	0.00000e+00	0.00000e+00	3.23736e+00	0.00000e+00	9.85561e-02
1.86476e+02	2.75303e+02	2.50939e+03	1.07675e+03	1.74100e+00	0.00000e+00	0.00000e+00	3.26371e+00	0.00000e+00	9.88408e-02
1.89797e+02	2.75379e+02	2.50728e+03	1.07784e+03	1.74713e+00	0.00000e+00	0.00000e+00	3.29007e+00	0.00000e+00	9.91248e-02
1.93119e+02	2.75456e+02	2.50517e+03	1.07892e+03	1.75324e+00	0.00000e+00	0.00000e+00	3.31644e+00	0.00000e+00	9.94079e-02
1.96440e+02	2.75533e+02	2.50306e+03	1.08000e+03	1.75931e+00	0.00000e+00	0.00000e+00	3.34279e+00	0.00000e+00	9.96904e-02
1.99762e+02	2.75611e+02	2.50095e+03	1.08107e+03	1.76535e+00	0.00000e+00	0.00000e+00	3.36911e+00	0.00000e+00	9.99723e-02
2.03083e+02	2.75689e+02	2.49884e+03	1.08213e+03	1.77135e+00	0.00000e+00	0.00000e+00	3.39539e+00	0.00000e+00	1.00254e-01
2.06405e+02	2.75768e+02	2.49674e+03	1.08318e+03	1.77731e+00	0.00000e+00	0.00000e+00	3.42162e+00	0.00000e+00	1.00534e-01
2.09726e+02	2.75848e+02	2.49464e+03	1.08423e+03	1.78324e+00	0.00000e+00	0.00000e+00	3.44781e+00	0.00000e+00	1.00814e-01
2.13048e+02	2.75928e+02	2.49255e+03	1.08527e+03	1.78914e+00	0.00000e+00	0.00000e+00	3.47397e+00	0.00000e+00	1.01093e-01
2.16369e+02	2.76009e+02	2.49046e+03	1.08631e+03	1.79500e+00	0.00000e+00	0.00000e+00	3.50010e+00	0.00000e+00	1.01372e-01
2.19691e+02	2.76090e+02	2.48836e+03	1.08734e+03	1.80083e+00	0.00000e+00	0.00000e+00	3.52623e+00	0.00000e+00	1.01649e-01
2.23012e+02	2.76172e+02	2.48628e+03	1.08836e+03	1.80664e+00	0.00000e+00	0.00000e+00	3.55235e+00	0.00000e+00	1.01926e-01
2.26334e+02	2.76254e+02	2.48419e+03	1.08937e+03	1.81243e+00	0.00000e+00	0.00000e+00	3.57847e+00	0.00000e+00	1.02202e-01
2.29655e+02	2.76337e+02	2.48211e+03	1.09038e+03	1.81819e+00	0.00000e+00	0.00000e+00	3.60459e+00	0.00000e+00	1.02476e-01
2.32976e+02	2.76421e+02	2.48003e+03	1.09138e+03	1.82393e+00	0.00000e+00	0.00000e+00	3.63072e+00	0.00000e+00	1.02750e-01
2.36298e+02	2.76504e+02	2.47795e+03	1.09237e+03	1.82965e+00	0.00000e+00	0.00000e+00	3.65684e+00	0.00000e+00	1.03023e-01
2.39619e+02	2.76589e+02	2.47588e+03	1.09336e+03	1.83534e+00	0.00000e+00	0.00000e+00	3.68297e+00	0.00000e+00	1.03295e-01
2.42941e+02	2.76673e+02	2.47381e+03	1.09435e+03	1.84101e+00	0.00000e+00	0.00000e+00	3.70911e+00	0.00000e+00	1.03566e-01
2.46262e+02	2.76758e+02	2.47174e+03	1.09532e+03	1.84667e+00	0.00000e+00	0.00000e+00	3.73525e+00	0.00000e+00	1.03835e-01
2.49584e+02	2.76844e+02	2.46967e+03	1.09629e+03	1.85230e+00	0.00000e+00	0.00000e+00	3.76140e+00	0.00000e+00	1.04104e-01
2.52905e+02	2.76929e+02	2.46761e+03	1.09726e+03	1.85791e+00	0.00000e+00	0.00000e+00	3.78755e+00	0.00000e+00	1.04371e-01
2.56227e+02	2.77016e+02	2.46555e+03	1.09822e+03	1.86350e+00	0.00000e+00	0.00000e+00	3.81370e+00	0.00000e+00	1.04637e-01
2.59548e+02	2.77102e+02	2.46349e+03	1.09917e+03	1.86907e+00	0.00000e+00	0.00000e+00	3.83987e+00	0.00000e+00	1.04903e-01
2.62870e+02	2.77189e+02	2.46143e+03	1.10012e+03	1.87462e+00	0.00000e+00	0.00000e+00	3.86603e+00	0.00000e+00	1.05166e-01
2.66191e+02	2.77276e+02	2.45938e+03	1.10106e+03	1.88015e+00	0.00000e+00	0.00000e+00	3.89220e+00	0.00000e+00	1.05429e-01
2.69513e+02	2.77364e+02	2.45733e+03	1.10200e+03	1.88565e+00	0.00000e+00	0.00000e+00	3.91836e+00	0.00000e+00	1.05690e-01
2.72834e+02	2.77452e+02	2.45528e+03	1.10293e+03	1.89114e+00	0.00000e+00	0.00000e+00	3.94452e+00	0.00000e+00	1.05951e-01
2.76156e+02	2.77540e+02	2.45324e+03	1.10386e+03	1.89660e+00	0.00000e+00	0.00000e+00	3.97068e+00	0.00000e+00	1.06210e-01
2.79477e+02	2.77629e+02	2.45119e+03	1.10478e+03	1.90204e+00	0.00000e+00	0.00000e+00	3.99683e+00	0.00000e+00	1.06467e-01
2.82799e+02	2.77718e+02	2.44915e+03	1.10569e+03	1.90746e+00	0.00000e+00	0.00000e+00	4.02297e+00	0.00000e+00	1.06724e-01
2.86120e+02	2.77807e+02	2.44711e+03	1.10660e+03	1.91286e+00	0.00000e+00	0.00000e+00	4.04909e+00	0.00000e+00	1.06979e-01
2.89442e+02	2.77896e+02	2.44508e+03	1.10751e+03	1.91823e+00	0.00000e+00	0.00000e+00	4.07519e+00	0.00000e+00	1.07233e-01
2.92763e+02	2.77986e+02	2.44304e+03	1.10841e+03	1.92358e+00	0.00000e+00	0.00000e+00	4.10126e+00	0.00000e+00	1.07485e-01
2.96084e+02	2.78076e+02	2.44101e+03	1.10930e+03	1.92889e+00	0.00000e+00	0.00000e+00	4.12730e+00	0.00000e+00	1.07736e-01
2.99406e+02	2.78166e+02	2.43898e+03	1.11019e+03	1.93418e+00	0.00000e+00	0.00000e+00	4.15328e+00	0.00000e+00	1.07986e-01
3.02727e+02	2.78257e+02	2.43696e+03	1.11108e+03	1.93944e+00	0.00000e+00	0.00000e+00	4.17921e+00	0.00000e+00	1.08235e-01
3.06049e+02	2.78347e+02	2.43493e+03	1.11196e+03	1.94466e+00	0.00000e+00	0.00000e+00	4.20509e+00	0.00000e+00	1.08482e-01
3.09370e+02	2.78438e+02	2.43291e+03	1.11283e+03	1.94986e+00	0.00000e+00	0.00000e+00	4.23092e+00	0.00000e+00	1.08728e-01
3.12692e+02	2.78529e+02	2.43089e+03	1.11370e+03	1.95502e+00	0.00000e+00	0.00000e+00	4.25670e+00	0.00000e+00	1.08973e-01
3.16013e+02	2.78621e+02	2.42888e+03	1.11457e+03	1.96016e+00	0.00000e+00	0.00000e+00	4.28243e+00	0.00000e+00	1.09216e-01
3.19335e+02	2.78712e+02	2.42686e+03	1.11543e+03	1.96527e+00	0.00000e+00	0.00000e+00	4.30812e+00	0.00000e+00	1.09457e-01
3.22656e+02	2.78804e+02	2.42485e+03	1.11629e+03	1.97036e+00	0.00000e+00	0.00000e+00	4.33378e+00	0.00000e+00	1.09697e-01
3.25978e+02	2.78896e+02	2.42284e+03	1.11714e+03	1.97542e+00	0.00000e+00	0.00000e+00	4.35941e+00	0.00000e+00	1.09935e-01
3.29299e+02	2.78988e+02	2.42083e+03	1.11799e+03	1.98046e+00	0.00000e+00	0.00000e+00	4.38500e+00	0.00000e+00	1.10172e-01
3.32621e+02	2.79081e+02	2.41883e+03	1.11884e+03	1.98547e+00	0.00000e+00	0.00000e+00	4.41057e+00	0.00000e+00	1.10407e-01
3.35942e+02	2.79173e+02	2.41682e+03	1.11968e+03	1.99046e+00	0.00000e+00	0.00000e+00	4.43610e+00	0.00000e+00	1.10640e-01
3.39264e+02	2.79266e+02	2.41482e+03	1.12051e+03	1.99543e+00	0.00000e+00	0.00000e+00	4.46160e+00	0.00000e+00	1.10872e-01
3.42585e+02	2.79359e+02	2.41282e+03	1.12134e+03	2.00038e+00	0.00000e+00	0.00000e+00	4.48708e+00	0.00000e+00	1.11101e-01
3.45907e+02	2.79452e+02	2.41083e+03	1.12217e+03	2.00530e+00	0.00000e+00	0.00000e+00	4.51253e+00	0.00000e+00	1.11329e-01
3.49228e+02	2.79545e+02	2.40883e+03	1.12299e+03	2.01021e+00	0.00000e+00	0.00000e+00	4.53795e+00	0.00000e+00	1.11555e-01
3.52549e+02	2.79639e+02	2.40684e+03	1.12381e+03	2.01509e+00	0.00000e+00	0.00000e+00	4.56335e+00	0.00000e+00	1.11778e-01
3.55871e+02	2.79732e+02	2.40485e+03	1.12463e+03	2.01995e+00	0.00000e+00	0.00000e+00	4.58872e+00	0.00000e+00	1.12000e-01
3.59192e+02	2.79826e+02	2.40286e+03	1.12544e+03	2.02479e+00	0.00000e+00	0.00000e+00	4.61407e+00	0.00000e+00	1.12220e-01
3.62514e+02	2.79920e+02	2.40088e+03	1.12625e+03	2.02962e+00	0.00000e+00	0.00000e+00	4.63940e+00	0.00000e+00	1.12438e-01
3.65835e+02	2.80014e+02	2.39890e+03	1.12705e+03	2.03442e+00	0.00000e+00	0.00000e+00	4.66471e+00	0.00000e+00	1.12653e-01
3.69157e+02	2.80108e+02	2.39692e+03	1.12785e+03	2.03920e+00	0.00000e+00	0.00000e+00	4.69000e+00	0.00000e+00	1.12867e-01
3.72478e+02	2.80202e+02	2.39494e+03	1.12865e+03	2.04396e+00	0.00000e+00	0.00000e+00	4.71527e+00	0.00000e+00	1.13078e-01
3.75800e+02	2.80296e+02	2.39296e+03	1.12944e+03	2.04871e+00	0.00000e+00	0.00000e+00	4.74052e+00	0.00000e+00	1.13287e-01
3.79121e+02	2.80391e+02	2.39099e+03	1.13023e+03	2.05344e+00	0.00000e+00	0.00000e+00	4.76575e+00	0.00000e+00	1.13494e-01
3.82443e+02	2.80486e+02	2.38901e+03	1.13102e+03	2.05815e+00	0.00000e+00	0.00000e+00	4.79096e+00	0.00000e+00	1.13699e-01
3.85764e+02	2.80580e+02	2.38704e+03	1.13180e+03	2.06284e+00	0.00000e+00	0.00000e+00	4.81616e+00	0.00000e+00	1.13901e-01
3.89086e+02	2.80675e+02	2.38508e+03	1.13258e+03	2.06752e+00	0.00000e+00	0.00000e+00	4.84135e+00	0.00000e+00	1.14101e-01
3.92407e+02	2.80770e+02	2.38311e+03	1.13335e+03	2.07218e+00	0.00000e+00	0.00000e+00	4.86654e+00	0.00000e+00	1.14299e-01
3.95729e+02	2.80865e+02	2.38115e+03	1.13413e+03	2.07683e+00	0.00000e+00	0.00000e+00	4.89174e+00	0.00000e+00	1.14494e-01
3.99050e+02	2.80961e+02	2.37918e+03	1.13489e+03	2.08147e+00	0.00000e+00	0.00000e+00	4.91696e+00	0.00000e+00	1.14687e-01
4.02372e+02	2.81056e+02	2.37722e+03	1.13566e+03	2.08611e+00	0.00000e+00	0.00000e+00	4.94221e+00	0.00000e+00	1.14877e-01
4.05693e+02	2.81151e+02	2.37527e+03	1.13642e+03	2.09074e+00	0.00000e+00	0.00000e+00	4.96749e+00	0.00000e+00	1.15065e-01
4.09015e+02	2.81247e+02	2.37331e+03	1.13718e+03	2.09536e+00	0.00000e+00	0.00000e+00	4.99280e+00	0.00000e+00	1.15250e-01
4.12336e+02	2.81343e+02	2.37136e+03	1.13793e+03	2.09997e+00	0.00000e+00	0.00000e+00	5.01813e+00	0.00000e+00	1.15433e-01
4.15657e+02	2.81439e+02	2.36941e+03	1.13868e+03	2.10457e+00	0.00000e+00	0.00000e+00	5.04348e+00	0.00000e+00	1.15613e-01
4.18979e+02	2.81534e+02	2.36746e+03	1.13943e+03	2.10916e+00	0.00000e+00	0.00000e+00	5.06883e+00	0.00000e+00	1.15792e-01
4.22300e+02	2.81630e+02	2.36551e+03	1.14018e+03	2.11374e+00	0.00000e+00	0.00000e+00	5.09419e+00	0.00000e+00	1.15968e-01
4.25622e+02	2.81727e+02	2.36357e+03	1.14092e+03	2.11831e+00	0.00000e+00	0.00000e+00	5.11955e+00	0.00000e+00	1.16141e-01
4.28943e+02	2.81823e+02	2.36162e+03	1.14166e+03	2.12286e+00	0.00000e+00	0.00000e+00	5.14492e+00	0.00000e+00	1.16313e-01
4.32265e+02	2.81919e+02	2.35968e+03	1.14239e+03	2.12740e+00	0.00000e+00	0.00000e+00	5.17029e+00	0.00000e+00	1.16482e-01
4.35586e+02	2.82015e+02	2.35774e+03	1.14312e+03	2.13194e+00	0.00000e+00	0.00000e+00	5.19567e+00	0.00000e+00	1.16650e-01
4.38908e+02	2.82112e+02	2.35581e+03	1.14385e+03	2.13646e+00	0.00000e+00	0.00000e+00	5.22106e+00	0.00000e+00	1.16815e-01
4.42229e+02	2.82208e+02	2.35387e+03	1.14458e+03	2.14097e+00	0.00000e+00	0.00000e+00	5.24646e+00	0.00000e+00	1.16978e-01
4.45551e+02	2.82305e+02	2.35194e+03	1.14530e+03	2.14547e+00	0.00000e+00	0.00000e+00	5.27186e+00	0.00000e+00	1.17139e-01
4.48872e+02	2.82402e+02	2.35001e+03	1.14602e+03	2.14996e+00	0.00000e+00	0.00000e+00	5.29727e+00	0.00000e+00	1.17299e-01
4.52194e+02	2.82499e+02	2.34808e+03	1.14674e+03	2.15444e+00	0.00000e+00	0.00000e+00	5.32269e+00	0.00000e+00	1.17456e-01
4.55515e+02	2.82596e+02	2.34615e+03	1.14745e+03	2.15890e+00	0.00000e+00	0.00000e+00	5.34811e+00	0.00000e+00	1.17612e-01
4.58837e+02	2.82692e+02	2.34423e+03	1.14816e+03	2.16336e+00	0.00000e+00	0.00000e+00	5.37354e+00	0.00000e+00	1.17766e-01
4.62158e+02	2.82790e+02	2.34231e+03	1.14887e+03	2.16780e+00	0.00000e+00	0.00000e+00	5.39896e+00	0.00000e+00	1.17918e-01
4.65480e+02	2.82887e+02	2.34038e+03	1.14958e+03	2.17223e+00	0.00000e+00	0.00000e+00	5.42439e+00	0.00000e+00	1.18069e-01
4.68801e+02	2.82984e+02	2.33847e+03	1.15028e+03	2.17665e+00	0.00000e+00	0.00000e+00	5.44981e+00	0.00000e+00	1.18217e-01
4.72123e+02	2.83081e+02	2.33655e+03	1.15098e+03	2.18106e+00	0.00000e+00	0.00000e+00	5.47523e+00	0.00000e+00	1.18365e-01
4.75444e+02	2.83179e+02	2.33463e+03	1.15168e+03	2.18545e+00	0.00000e+00	0.00000e+00	5.50063e+00	0.00000e+00	1.18511e-01
4.78765e+02	2.83276e+02	2.33272e+03	1.15237e+03	2.18983e+00	0.00000e+00	0.00000e+00	5.52601e+00	0.00000e+00	1.18655e-01
4.82087e+02	2.83374e+02	2.33081e+03	1.15306e+03	2.19419e+00	0.00000e+00	0.00000e+00	5.55138e+00	0.00000e+00	1.18798e-01
4.85408e+02	2.83471e+02	2.32890e+03	1.15375e+03	2.19854e+00	0.00000e+00	0.00000e+00	5.57671e+00	0.00000e+00	1.18940e-01
4.88730e+02	2.83569e+02	2.32699e+03	1.15443e+03	2.20286e+00	0.00000e+00	0.00000e+00	5.60201e+00	0.00000e+00	1.19080e-01
4.92051e+02	2.83666e+02	2.32509e+03	1.15512e+03	2.20717e+00	0.00000e+00	0.00000e+00	5.62726e+00	0.00000e+00	1.19219e-01
4.95373e+02	2.83764e+02	2.32318e+03	1.15580e+03	2.21145e+00	0.00000e+00	0.00000e+00	5.65245e+00	0.00000e+00	1.19357e-01
4.98694e+02	2.83862e+02	2.32128e+03	1.15648e+03	2.21571e+00	0.00000e+00	0.00000e+00	5.67758e+00	0.00000e+00	1.19494e-01
5.02016e+02	2.83960e+02	2.31938e+03	1.15715e+03	2.21995e+00	0.00000e+00	0.00000e+00	5.70263e+00	0.00000e+00	1.19629e-01
5.05337e+02	2.84058e+02	2.31748e+03	1.15782e+03	2.22416e+00	0.00000e+00	0.00000e+00	5.72762e+00	0.00000e+00	1.19764e-01
5.08659e+02	2.84156e+02	2.31559e+03	1.15849e+03	2.22835e+00	0.00000e+00	0.00000e+00	5.75253e+00	0.00000e+00	1.19898e-01
5.11980e+02	2.84254e+02	2.31369e+03	1.15916e+03	2.23251e+00	0.00000e+00	0.00000e+00	5.77738e+00	0.00000e+00	1.20030e-01
5.15302e+02	2.84352e+02	2.31180e+03	1.15983e+03	2.23665e+00	0.00000e+00	0.00000e+00	5.80218e+00	0.00000e+00	1.20162e-01
5.18623e+02	2.84450e+02	2.30991e+03	1.16049e+03	2.24078e+00	0.00000e+00	0.00000e+00	5.82693e+00	0.00000e+00	1.20292e-01
5.21945e+02	2.84548e+02	2.30802e+03	1.16115e+03	2.24489e+00	0.00000e+00	0.00000e+00	5.85164e+00	0.00000e+00	1.20420e-01
5.25266e+02	2.84647e+02	2.30614e+03	1.16181e+03	2.24898e+00	0.00000e+00	0.00000e+00	5.87633e+00	0.00000e+00	1.20548e-01
5.28588e+02	2.84745e+02	2.30425e+03	1.16246e+03	2.25306e+00	0.00000e+00	0.00000e+00	5.90099e+00	0.00000e+00	1.20674e-01
5.31909e+02	2.84843e+02	2.30237e+03	1.16312e+03	2.25712e+00	0.00000e+00	0.00000e+00	5.92563e+00	0.00000e+00	1.20799e-01
5.35230e+02	2.84942e+02	2.30049e+03	1.16377e+03	2.26118e+00	0.00000e+00	0.00000e+00	5.95025e+00	0.00000e+00	1.20922e-01
5.38552e+02	2.85040e+02	2.29861e+03	1.16442e+03	2.26522e+00	0.00000e+00	0.00000e+00	5.97486e+00	0.00000e+00	1.21044e-01
5.41873e+02	2.85139e+02	2.29673e+03	1.16506e+03	2.26924e+00	0.00000e+00	0.00000e+00	5.99945e+00	0.00000e+00	1.21164e-01
5.45195e+02	2.85237e+02	2.29486e+03	1.16571e+03	2.27326e+00	0.00000e+00	0.00000e+00	6.02404e+00	0.00000e+00	1.21282e-01
5.48516e+02	2.85336e+02	2.29298e+03	1.16635e+03	2.27727e+00	0.00000e+00	0.00000e+00	6.04862e+00	0.00000e+00	1.21399e-01
5.51838e+02	2.85434e+02	2.29111e+03	1.16699e+03	2.28126e+00	0.00000e+00	0.00000e+00	6.07318e+00	0.00000e+00	1.21514e-01
5.55159e+02	2.85533e+02	2.28924e+03	1.16762e+03	2.28524e+00	0.00000e+00	0.00000e+00	6.09774e+00	0.00000e+00	1.21628e-01
5.58481e+02	2.85632e+02	2.28737e+03	1.16826e+03	2.28922e+00	0.00000e+00	0.00000e+00	6.12229e+00	0.00000e+00	1.21739e-01
5.61802e+02	2.85730e+02	2.28551e+03	1.16889e+03	2.29318e+00	0.00000e+00	0.00000e+00	6.14682e+00	0.00000e+00	1.21849e-01
5.65124e+02	2.85829e+02	2.28364e+03	1.16952e+03	2.29713e+00	0.00000e+00	0.00000e+00	6.17135e+00	0.00000e+00	1.21957e-01
5.68445e+02	2.85928e+02	2.28178e+03	1.17015e+03	2.30107e+00	0.00000e+00	0.00000e+00	6.19588e+00	0.00000e+00	1.22063e-01
5.71767e+02	2.86026e+02	2.27992e+03	1.17078e+03	2.30500e+00	0.00000e+00	0.00000e+00	6.22039e+00	0.00000e+00	1.22167e-01
5.75088e+02	2.86125e+02	2.27806e+03	1.17140e+03	2.30892e+00	0.00000e+00	0.00000e+00	6.24489e+00	0.00000e+00	1.22268e-01
5.78410e+02	2.86224e+02	2.27620e+03	1.17202e+03	2.31283e+00	0.00000e+00	0.00000e+00	6.26938e+00	0.00000e+00	1.22368e-01
5.81731e+02	2.86323e+02	2.27435e+03	1.17264e+03	2.31673e+00	0.00000e+00	0.00000e+00	6.29386e+00	0.00000e+00	1.22465e-01
5.85053e+02	2.86421e+02	2.27249e+03	1.17326e+03	2.32062e+00	0.00000e+00	0.00000e+00	6.31833e+00	0.00000e+00	1.22561e-01
5.88374e+02	2.86520e+02	2.27064e+03	1.17388e+03	2.32450e+00	0.00000e+00	0.00000e+00	6.34279e+00	0.00000e+00	1.22654e-01
5.91696e+02	2.86619e+02	2.26879e+03	1.17449e+03	2.32836e+00	0.00000e+00	0.00000e+00	6.36724e+00	0.00000e+00	1.22744e-01
5.95017e+02	2.86718e+02	2.26694e+03	1.17510e+03	2.33222e+00	0.00000e+00	0.00000e+00	6.39167e+00	0.00000e+00	1.22832e-01
5.98338e+02	2.86817e+02	2.26509e+03	1.17571e+03	2.33606e+00	0.00000e+00	0.00000e+00	6.41609e+00	0.00000e+00	1.22918e-01
6.01660e+02	2.86916e+02	2.26325e+03	1.17632e+03	2.33990e+00	0.00000e+00	0.00000e+00	6.44050e+00	0.00000e+00	1.23001e-01
6.04981e+02	2.87015e+02	2.26141e+03	1.17693e+03	2.34372e+00	0.00000e+00	0.00000e+00	6.46490e+00	0.00000e+00	1.23082e-01
6.08303e+02	2.87113e+02	2.25957e+03	1.17753e+03	2.34754e+00	0.00000e+00	0.00000e+00	6.48928e+00	0.00000e+00	1.23160e-01
6.11624e+02	2.87212e+02	2.25773e+03	1.17813e+03	2.35134e+00	0.00000e+00	0.00000e+00	6.51366e+00	0.00000e+00	1.23236e-01
6.14946e+02	2.87311e+02	2.25589e+03	1.17873e+03	2.35514e+00	0.00000e+00	0.00000e+00	6.53803e+00	0.00000e+00	1.23309e-01
6.18267e+02	2.87410e+02	2.25405e+03	1.17933e+03	2.35892e+00	0.00000e+00	0.00000e+00	6.56240e+00	0.00000e+00	1.23379e-01
6.21589e+02	2.87509e+02	2.25222e+03	1.17993e+03	2.36270e+00	0.00000e+00	0.00000e+00	6.58677e+00	0.00000e+00	1.23447e-01
6.24910e+02	2.87608e+02	2.25038e+03	1.18052e+03	2.36647e+00	0.00000e+00	0.00000e+00	6.61113e+00	0.00000e+00	1.23513e-01
6.28232e+02	2.87707e+02	2.24855e+03	1.18111e+03	2.37023e+00	0.00000e+00	0.00000e+00	6.63549e+00	0.00000e+00	1.23576e-01
6.31553e+02	2.87805e+02	2.24672e+03	1.18170e+03	2.37399e+00	0.00000e+00	0.00000e+00	6.65986e+00	0.00000e+00	1.23636e-01
6.34875e+02	2.87904e+02	2.24490e+03	1.18229e+03	2.37773e+00	0.00000e+00	0.00000e+00	6.68422e+00	0.00000e+00	1.23695e-01
6.38196e+02	2.88003e+02	2.24307e+03	1.18288e+03	2.38147e+00	0.00000e+00	0.00000e+00	6.70858e+00	0.00000e+00	1.23750e-01
6.41518e+02	2.88102e+02	2.24125e+03	1.18346e+03	2.38520e+00	0.00000e+00	0.00000e+00	6.73295e+00	0.00000e+00	1.23803e-01
6.44839e+02	2.88201e+02	2.23943e+03	1.18405e+03	2.38892e+00	0.00000e+00	0.00000e+00	6.75731e+00	0.00000e+00	1.23854e-01
6.48161e+02	2.88300e+02	2.23760e+03	1.18463e+03	2.39264e+00	0.00000e+00	0.00000e+00	6.78167e+00	0.00000e+00	1.23902e-01
6.51482e+02	2.88398e+02	2.23579e+03	1.18521e+03	2.39635e+00	0.00000e+00	0.00000e+00	6.80604e+00	0.00000e+00	1.23948e-01
6.54804e+02	2.88497e+02	2.23397e+03	1.18579e+03	2.40005e+00	0.00000e+00	0.00000e+00	6.83041e+00	0.00000e+00	1.23991e-01
6.58125e+02	2.88596e+02	2.23215e+03	1.18636e+03	2.40374e+00	0.00000e+00	0.00000e+00	6.85479e+00	0.00000e+00	1.24032e-01
6.61446e+02	2.88695e+02	2.23034e+03	1.18694e+03	2.40743e+00	0.00000e+00	0.00000e+00	6.87917e+00	0.00000e+00	1.24070e-01
6.64768e+02	2.88794e+02	2.22853e+03	1.18751e+03	2.41111e+00	0.00000e+00	0.00000e+00	6.90356e+00	0.00000e+00	1.24106e-01
6.68089e+02	2.88892e+02	2.22672e+03	1.18808e+03	2.41479e+00	0.00000e+00	0.00000e+00	6.92795e+00	0.00000e+00	1.24140e-01
6.71411e+02	2.88991e+02	2.22491e+03	1.18865e+03	2.41846e+00	0.00000e+00	0.00000e+00	6.95237e+00	0.00000e+00	1.24171e-01
6.74732e+02	2.89090e+02	2.22310e+03	1.18922e+03	2.42213e+00	0.00000e+00	0.00000e+00	6.97680e+00	0.00000e+00	1.24200e-01
6.78054e+02	2.89189e+02	2.22130e+03	1.18978e+03	2.42579e+00	0.00000e+00	0.00000e+00	7.00124e+00	0.00000e+00	1.24226e-01
6.81375e+02	2.89287e+02	2.21949e+03	1.19035e+03	2.42945e+00	0.00000e+00	0.00000e+00	7.02571e+00	0.00000e+00	1.24250e-01
6.84697e+02	2.89386e+02	2.21769e+03	1.19091e+03	2.43311e+00	0.00000e+00	0.00000e+00	7.05019e+00	0.00000e+00	1.24272e-01
6.88018e+02	2.89485e+02	2.21589e+03	1.19147e+03	2.43676e+00	0.00000e+00	0.00000e+00	7.07471e+00	0.00000e+00	1.24291e-01
6.91340e+02	2.89583e+02	2.21409e+03	1.19203e+03	2.44041e+00	0.00000e+00	0.00000e+00	7.09925e+00	0.00000e+00	1.24308e-01
6.94661e+02	2.89682e+02	2.21230e+03	1.19259e+03	2.44406e+00	0.00000e+00	0.00000e+00	7.12382e+00	0.00000e+00	1.24323e-01
6.97983e+02	2.89781e+02	2.21050e+03	1.19314e+03	2.44771e+00	0.00000e+00	0.00000e+00	7.14842e+00	0.00000e+00	1.24335e-01
7.01304e+02	2.89879e+02	2.20871e+03	1.19370e+03	2.45135e+00	0.00000e+00	0.00000e+00	7.17306e+00	0.00000e+00	1.24345e-01
7.04626e+02	2.89978e+02	2.20692e+03	1.19425e+03	2.45500e+00	0.00000e+00	0.00000e+00	7.19773e+00	0.00000e+00	1.24353e-01
7.07947e+02	2.90077e+02	2.20513e+03	1.19480e+03	2.45864e+00	0.00000e+00	0.00000e+00	7.22244e+00	0.00000e+00	1.24358e-01
7.11269e+02	2.90175e+02	2.20334e+03	1.19535e+03	2.46228e+00	0.00000e+00	0.00000e+00	7.24718e+00	0.00000e+00	1.24362e-01
7.14590e+02	2.90274e+02	2.20155e+03	1.19590e+03	2.46592e+00	0.00000e+00	0.00000e+00	7.27195e+00	0.00000e+00	1.24363e-01
7.17911e+02	2.90372e+02	2.19976e+03	1.19644e+03	2.46956e+00	0.00000e+00	0.00000e+00	7.29674e+00	0.00000e+00	1.24362e-01
7.21233e+02	2.90471e+02	2.19798e+03	1.19699e+03	2.47319e+00	0.00000e+00	0.00000e+00	7.32156e+00	0.00000e+00	1.24359e-01
7.24554e+02	2.90569e+02	2.19620e+03	1.19753e+03	2.47682e+00	0.00000e+00	0.00000e+00	7.34639e+00	0.00000e+00	1.24354e-01
7.27876e+02	2.90668e+02	2.19442e+03	1.19807e+03	2.48044e+00	0.00000e+00	0.00000e+00	7.37125e+00	0.00000e+00	1.24347e-01
7.31197e+02	2.90766e+02	2.19264e+03	1.19861e+03	2.48407e+00	0.00000e+00	0.00000e+00	7.39612e+00	0.00000e+00	1.24338e-01
7.34519e+02	2.90864e+02	2.19086e+03	1.19915e+03	2.48768e+00	0.00000e+00	0.00000e+00	7.42101e+00	0.00000e+00	1.24328e-01
7.37840e+02	2.90963e+02	2.18909e+03	1.19968e+03	2.49130e+00	0.00000e+00	0.00000e+00	7.44592e+00	0.00000e+00	1.24315e-01
7.41162e+02	2.91061e+02	2.18731e+03	1.20022e+03	2.49491e+00	0.00000e+00	0.00000e+00	7.47085e+00	0.00000e+00	1.24301e-01
7.44483e+02	2.91159e+02	2.18554e+03	1.20075e+03	2.49852e+00	0.00000e+00	0.00000e+00	7.49580e+00	0.00000e+00	1.24285e-01
7.47805e+02	2.91257e+02	2.18377e+03	1.20128e+03	2.50212e+00	0.00000e+00	0.00000e+00	7.52077e+00	0.00000e+00	1.24267e-01
7.51126e+02	2.91356e+02	2.18200e+03	1.20182e+03	2.50572e+00	0.00000e+00	0.00000e+00	7.54576e+00	0.00000e+00	1.24248e-01
7.54448e+02	2.91454e+02	2.18024e+03	1.20234e+03	2.50932e+00	0.00000e+00	0.00000e+00	7.57077e+00	0.00000e+00	1.24227e-01
7.57769e+02	2.91552e+02	2.17847e+03	1.20287e+03	2.51291e+00	0.00000e+00	0.00000e+00	7.59581e+00	0.00000e+00	1.24205e-01
7.61091e+02	2.91650e+02	2.17671e+03	1.20340e+03	2.51650e+00	0.00000e+00	0.00000e+00	7.62087e+00	0.00000e+00	1.24181e-01
7.64412e+02	2.91748e+02	2.17494e+03	1.20392e+03	2.52009e+00	0.00000e+00	0.00000e+00	7.64595e+00	0.00000e+00	1.24156e-01
7.67734e+02	2.91846e+02	2.17318e+03	1.20445e+03	2.52368e+00	0.00000e+00	0.00000e+00	7.67107e+00	0.00000e+00	1.24129e-01
7.71055e+02	2.91944e+02	2.17142e+03	1.20497e+03	2.52726e+00	0.00000e+00	0.00000e+00	7.69620e+00	0.00000e+00	1.24101e-01
7.74377e+02	2.92042e+02	2.16967e+03	1.20549e+03	2.53085e+00	0.00000e+00	0.00000e+00	7.72137e+00	0.00000e+00	1.24072e-01
7.77698e+02	2.92140e+02	2.16791e+03	1.20601e+03	2.53443e+00	0.00000e+00	0.00000e+00	7.74656e+00	0.00000e+00	1.24042e-01
7.81019e+02	2.92237e+02	2.16616e+03	1.20652e+03	2.53801e+00	0.00000e+00	0.00000e+00	7.77178e+00	0.00000e+00	1.24010e-01
7.84341e+02	2.92335e+02	2.16440e+03	1.20704e+03	2.54158e+00	0.00000e+00	0.00000e+00	7.79703e+00	0.00000e+00	1.23978e-01
7.87662e+02	2.92433e+02	2.16265e+03	1.20755e+03	2.54516e+00	0.00000e+00	0.00000e+00	7.82231e+00	0.00000e+00	1.23944e-01
7.90984e+02	2.92531e+02	2.16090e+03	1.20807e+03	2.54873e+00	0.00000e+00	0.00000e+00	7.84762e+00	0.00000e+00	1.23910e-01
7.94305e+02	2.92628e+02	2.15916e+03	1.20858e+03	2.55230e+00	0.00000e+00	0.00000e+00	7.87296e+00	0.00000e+00	1.23874e-01
7.97627e+02	2.92726e+02	2.15741e+03	1.20909e+03	2.55587e+00	0.00000e+00	0.00000e+00	7.89833e+00	0.00000e+00	1.23838e-01
8.00948e+02	2.92823e+02	2.15567e+03	1.20960e+03	2.55944e+00	0.00000e+00	0.00000e+00	7.92373e+00	0.00000e+00	1.23801e-01
8.04270e+02	2.92921e+02	2.15392e+03	1.21010e+03	2.56300e+00	0.00000e+00	0.00000e+00	7.94916e+00	0.00000e+00	1.23763e-01
8.07591e+02	2.93018e+02	2.15218e+03	1.21061e+03	2.56657e+00	0.00000e+00	0.00000e+00	7.97461e+00	0.00000e+00	1.23725e-01
8.10913e+02	2.93115e+02	2.15044e+03	1.21111e+03	2.57013e+00	0.00000e+00	0.00000e+00	8.00010e+00	0.00000e+00	1.23685e-01
8.14234e+02	2.93213e+02	2.14870e+03	1.21162e+03	2.57369e+00	0.00000e+00	0.00000e+00	8.02561e+00	0.00000e+00	1.23645e-01
8.17556e+02	2.93310e+02	2.14697e+03	1.21212e+03	2.57725e+00	0.00000e+00	0.00000e+00	8.05116e+00	0.00000e+00	1.23604e-01
8.20877e+02	2.93407e+02	2.14523e+03	1.21262e+03	2.58081e+00	0.00000e+00	0.00000e+00	8.07673e+00	0.00000e+00	1.23563e-01
8.24199e+02	2.93504e+02	2.14350e+03	1.21312e+03	2.58436e+00	0.00000e+00	0.00000e+00	8.10233e+00	0.00000e+00	1.23520e-01
8.27520e+02	2.93601e+02	2.14177e+03	1.21362e+03	2.58791e+00	0.00000e+00	0.00000e+00	8.12795e+00	0.00000e+00	1.23477e-01
8.30842e+02	2.93698e+02	2.14003e+03	1.21411e+03	2.59147e+00	0.00000e+00	0.00000e+00	8.15361e+00	0.00000e+00	1.23433e-01
8.34163e+02	2.93795e+02	2.13831e+03	1.21461e+03	2.59501e+00	0.00000e+00	0.00000e+00	8.17929e+00	0.00000e+00	1.23388e-01
8.37485e+02	2.93892e+02	2.13658e+03	1.21510e+03	2.59856e+00	0.00000e+00	0.00000e+00	8.20501e+00	0.00000e+00	1.23342e-01
8.40806e+02	2.93989e+02	2.13485e+03	1.21559e+03	2.60211e+00	0.00000e+00	0.00000e+00	8.23075e+00	0.00000e+00	1.23296e-01
8.44127e+02	2.94086e+02	2.13313e+03	1.21609e+03	2.60565e+00	0.00000e+00	0.00000e+00	8.25651e+00	0.00000e+00	1.23248e-01
8.47449e+02	2.94183e+02	2.13141e+03	1.21658e+03	2.60919e+00	0.00000e+00	0.00000e+00	8.28231e+00	0.00000e+00	1.23200e-01
8.50770e+02	2.94279e+02	2.12969e+03	1.21706e+03	2.61273e+00	0.00000e+00	0.00000e+00	8.30813e+00	0.00000e+00	1.23151e-01
8.54092e+02	2.94376e+02	2.12797e+03	1.21755e+03	2.61627e+00	0.00000e+00	0.00000e+00	8.33398e+00	0.00000e+00	1.23101e-01
8.57413e+02	2.94472e+02	2.12625e+03	1.21804e+03	2.61981e+00	0.00000e+00	0.00000e+00	8.35986e+00	0.00000e+00	1.23050e-01
8.60735e+02	2.94569e+02	2.12453e+03	1.21852e+03	2.62334e+00	0.00000e+00	0.00000e+00	8.38576e+00	0.00000e+00	1.22999e-01
8.64056e+02	2.94665e+02	2.12282e+03	1.21901e+03	2.62687e+00	0.00000e+00	0.00000e+00	8.41169e+00	0.00000e+00	1.22946e-01
8.67378e+02	2.94762e+02	2.12110e+03	1.21949e+03	2.63040e+00	0.00000e+00	0.00000e+00	8.43765e+00	0.00000e+00	1.22893e-01
8.70699e+02	2.94858e+02	2.11939e+03	1.21997e+03	2.63393e+00	0.00000e+00	0.00000e+00	8.46363e+00	0.00000e+00	1.22838e-01
8.74021e+02	2.94954e+02	2.11768e+03	1.22045e+03	2.63745e+00	0.00000e+00	0.00000e+00	8.48964e+00	0.00000e+00	1.22783e-01
8.77342e+02	2.95050e+02	2.11597e+03	1.22093e+03	2.64098e+00	0.00000e+00	0.00000e+00	8.51568e+00	0.00000e+00	1.22727e-01
8.80664e+02	2.95147e+02	2.11427e+03	1.22141e+03	2.64450e+00	0.00000e+00	0.00000e+00	8.54174e+00	0.00000e+00	1.22670e-01
8.83985e+02	2.95243e+02	2.11256e+03	1.22188e+03	2.64802e+00	0.00000e+00	0.00000e+00	8.56783e+00	0.00000e+00	1.22612e-01
8.87307e+02	2.95243e+02	2.11105e+03	1.37308e+03	4.55222e+00	2.36222e+00	9.93149e+01	1.82380e+01	7.66192e+00	0.00000e+00
8.90628e+02	2.95243e+02	2.10953e+03	1.37319e+03	4.55418e+00	2.36366e+00	9.93149e+01	1.82516e+01	7.67188e+00	0.00000e+00
8.93950e+02	2.95243e+02	2.10801e+03	1.37331e+03	4.55614e+00	2.36510e+00	9.93149e+01	1.82652e+01	7.68185e+00	0.00000e+00
8.97271e+02	2.95243e+02	2.10650e+03	1.37342e+03	4.55810e+00	2.36653e+00	9.93149e+01	1.82788e+01	7.69181e+00	0.00000e+00
9.00593e+02	2.95243e+02	2.10498e+03	1.37353e+03	4.56006e+00	2.36797e+00	9.93149e+01	1.82924e+01	7.70178e+00	0.00000e+00
9.03914e+02	2.95243e+02	2.10347e+03	1.37364e+03	4.56203e+00	2.36940e+00	9.93149e+01	1.83060e+01	7.71174e+00	0.00000e+00
9.07235e+02	2.95243e+02	2.10196e+03	1.37375e+03	4.56399e+00	2.37084e+00	9.93149e+01	1.83197e+01	7.72171e+00	0.00000e+00
9.10557e+02	2.95243e+02	2.10045e+03	1.37387e+03	4.56595e+00	2.37227e+00	9.93149e+01	1.83333e+01	7.73167e+00	0.00000e+00
9.13878e+02	2.95243e+02	2.09893e+03	1.37398e+03	4.56791e+00	2.37370e+00	9.93149e+01	1.83469e+01	7.74164e+00	0.00000e+00
9.17200e+02	2.95243e+02	2.09742e+03	1.37409e+03	4.56987e+00	2.37514e+00	9.93149e+01	1.83605e+01	7.75160e+00	0.00000e+00
9.20521e+02	2.95243e+02	2.09591e+03	1.37420e+03	4.57183e+00	2.37657e+00	9.93149e+01	1.83741e+01	7.76156e+00	0.00000e+00
9.23843e+02	2.95243e+02	2.09440e+03	1.37430e+03	4.57379e+00	2.37800e+00	9.93149e+01	1.83878e+01	7.77153e+00	0.00000e+00
9.27164e+02	2.95243e+02	2.09289e+03	1.37441e+03	4.57575e+00	2.37943e+00	9.93149e+01	1.84014e+01	7.78149e+00	0.00000e+00
9.30486e+02	2.95243e+02	2.09139e+03	1.37452e+03	4.57771e+00	2.38086e+00	9.93149e+01	1.84150e+01	7.79146e+00	0.00000e+00
9.33807e+02	2.95243e+02	2.08988e+03	1.37463e+03	4.57966e+00	2.38229e+00	9.93149e+01	1.84286e+01	7.80142e+00	0.00000e+00
9.37129e+02	2.95243e+02	2.08837e+03	1.37473e+03	4.58162e+00	2.38372e+00	9.93149e+01	1.84422e+01	7.81139e+00	0.00000e+00
9.40450e+02	2.95243e+02	2.08686e+03	1.37484e+03	4.58358e+00	2.38514e+00	9.93149e+01	1.84558e+01	7.82135e+00	0.00000e+00
9.43772e+02	2.95243e+02	2.08536e+03	1.37495e+03	4.58554e+00	2.38657e+00	9.93149e+01	1.84695e+01	7.83131e+00	0.00000e+00
9.47093e+02	2.95243e+02	2.08385e+03	1.37505e+03	4.58750e+00	2.38800e+00	9.93149e+01	1.84831e+01	7.84128e+00	0.00000e+00
9.50415e+02	2.95243e+02	2.08235e+03	1.37516e+03	4.58945e+00	2.38942e+00	9.93149e+01	1.84967e+01	7.85124e+00	0.00000e+00
9.53736e+02	2.95243e+02	2.08084e+03	1.37526e+03	4.59141e+00	2.39085e+00	9.93149e+01	1.85103e+01	7.86121e+00	0.00000e+00
9.57058e+02	2.95243e+02	2.07934e+03	1.37536e+03	4.59337e+00	2.39227e+00	9.93149e+01	1.85239e+01	7.87117e+00	0.00000e+00
9.60379e+02	2.95243e+02	2.07784e+03	1.37547e+03	4.59532e+00	2.39370e+00	9.93149e+01	1.85376e+01	7.88114e+00	0.00000e+00
9.63700e+02	2.95256e+02	2.07634e+03	1.37557e+03	4.59728e+00	2.39512e+00	9.92910e+01	1.85512e+01	7.89110e+00	0.00000e+00
9.67022e+02	2.95435e+02	2.07484e+03	1.37566e+03	4.59926e+00	2.39656e+00	9.89813e+01	1.85648e+01	7.90107e+00	0.00000e+00
9.70343e+02	2.95613e+02	2.07334e+03	1.37575e+03	4.60123e+00	2.39799e+00	9.86729e+01	1.85784e+01	7.91103e+00	0.00000e+00
9.73665e+02	2.95791e+02	2.07184e+03	1.37584e+03	4.60321e+00	2.39942e+00	9.83658e+01	1.85920e+01	7.92099e+00	0.00000e+00
9.76986e+02	2.95969e+02	2.07034e+03	1.37593e+03	4.60518e+00	2.40085e+00	9.80601e+01	1.86056e+01	7.93096e+00	0.00000e+00
9.80308e+02	2.96148e+02	2.06884e+03	1.37602e+03	4.60716e+00	2.40228e+00	9.77557e+01	1.86193e+01	7.94092e+00	0.00000e+00
9.83629e+02	2.96326e+02	2.06734e+03	1.37610e+03	4.60913e+00	2.40371e+00	9.74526e+01	1.86329e+01	7.95089e+00	0.00000e+00
9.86951e+02	2.96504e+02	2.06584e+03	1.37619e+03	4.61111e+00	2.40514e+00	9.71508e+01	1.86465e+01	7.96085e+00	0.00000e+00
9.90272e+02	2.96679e+02	2.06435e+03	1.37628e+03	4.61308e+00	2.40657e+00	9.68558e+01	1.86601e+01	7.97082e+00	0.00000e+00
9.93594e+02	2.96854e+02	2.06285e+03	1.37636e+03	4.61505e+00	2.40800e+00	9.65628e+01	1.86737e+01	7.98078e+00	0.00000e+00
9.96915e+02	2.97028e+02	2.06136e+03	1.37645e+03	4.61702e+00	2.40942e+00	9.62711e+01	1.86874e+01	7.99075e+00	0.00000e+00
1.00024e+03	2.97203e+02	2.05986e+03	1.37654e+03	4.61900e+00	2.41085e+00	9.59806e+01	1.87010e+01	8.00071e+00	0.00000e+00
1.00356e+03	2.97377e+02	2.05837e+03	1.37662e+03	4.62097e+00	2.41228e+00	9.56913e+01	1.87146e+01	8.01067e+00	0.00000e+00
1.00688e+03	2.97552e+02	2.05687e+03	1.37671e+03	4.62294e+00	2.41370e+00	9.54032e+01	1.87282e+01	8.02064e+00	0.00000e+00
1.01020e+03	2.97726e+02	2.05538e+03	1.37679e+03	4.62491e+00	2.41513e+00	9.51163e+01	1.87418e+01	8.03060e+00	0.00000e+00
1.01352e+03	2.97900e+02	2.05389e+03	1.37687e+03	4.62688e+00	2.41655e+00	9.48320e+01	1.87554e+01	8.04057e+00	0.00000e+00
1.01684e+03	2.98071e+02	2.05240e+03	1.37696e+03	4.62885e+00	2.41798e+00	9.45531e+01	1.87691e+01	8.05053e+00	0.00000e+00
1.02017e+03	2.98242e+02	2.05091e+03	1.37704e+03	4.63083e+00	2.41940e+00	9.42752e+01	1.87827e+01	8.06050e+00	0.00000e+00
1.02349e+03	2.98413e+02	2.04942e+03	1.37712e+03	4.63280e+00	2.42082e+00	9.39985e+01	1.87963e+01	8.07046e+00	0.00000e+00
1.02681e+03	2.98584e+02	2.04793e+03	1.37721e+03	4.63477e+00	2.42224e+00	9.37229e+01	1.88099e+01	8.08043e+00	0.00000e+00
1.03013e+03	2.98755e+02	2.04644e+03	1.37729e+03	4.63674e+00	2.42366e+00	9.34484e+01	1.88235e+01	8.09039e+00	0.00000e+00
1.03345e+03	2.98927e+02	2.04495e+03	1.37737e+03	4.63871e+00	2.42509e+00	9.31751e+01	1.88372e+01	8.10035e+00	0.00000e+00
1.03677e+03	2.99098e+02	2.04347e+03	1.37745e+03	4.64067e+00	2.42651e+00	9.29029e+01	1.88508e+01	8.11032e+00	0.00000e+00
1.04009e+03	2.99267e+02	2.04198e+03	1.37753e+03	4.64264e+00	2.42793e+00	9.26348e+01	1.88644e+01	8.12028e+00	0.00000e+00
1.04342e+03	2.99435e+02	2.04049e+03	1.37761e+03	4.64461e+00	2.42934e+00	9.23696e+01	1.88780e+01	8.13025e+00	0.00000e+00
1.04674e+03	2.99603e+02	2.03901e+03	1.37769e+03	4.64658e+00	2.43076e+00	9.21054e+01	1.88916e+01	8.14021e+00	0.00000e+00
1.05006e+03	2.99771e+02	2.03752e+03	1.37777e+03	4.64855e+00	2.43218e+00	9.18423e+01	1.89052e+01	8.15018e+00	0.00000e+00
1.05338e+03	2.99939e+02	2.03604e+03	1.37784e+03	4.65052e+00	2.43360e+00	9.15803e+01	1.89189e+01	8.16014e+00	0.00000e+00
1.05670e+03	3.00107e+02	2.03456e+03	1.37792e+03	4.65248e+00	2.43501e+00	9.13192e+01	1.89325e+01	8.17011e+00	0.00000e+00
1.06002e+03	3.00275e+02	2.03307e+03	1.37800e+03	4.65445e+00	2.43643e+00	9.10592e+01	1.89461e+01	8.18007e+00	0.00000e+00
1.06334e+03	3.00443e+02	2.03159e+03	1.37808e+03	4.65642e+00	2.43785e+00	9.08004e+01	1.89597e+01	8.19003e+00	0.00000e+00
1.06667e+03	3.00609e+02	2.03011e+03	1.37815e+03	4.65838e+00	2.43926e+00	9.05466e+01	1.89733e+01	8.20000e+00	0.00000e+00
1.06999e+03	3.00774e+02	2.02863e+03	1.37823e+03	4.66035e+00	2.44067e+00	9.02939e+01	1.89869e+01	8.20996e+00	0.00000e+00
1.07331e+03	3.00939e+02	2.02715e+03	1.37831e+03	4.66231e+00	2.44209e+00	9.00422e+01	1.90006e+01	8.21993e+00	0.00000e+00
1.07663e+03	3.01104e+02	2.02567e+03	1.37838e+03	4.66428e+00	2.44350e+00	8.97914e+01	1.90142e+01	8.22989e+00	0.00000e+00
1.07995e+03	3.01270e+02	2.02419e+03	1.37846e+03	4.66624e+00	2.44491e+00	8.95416e+01	1.90278e+01	8.23986e+00	0.00000e+00
1.08327e+03	3.01435e+02	2.02272e+03	1.37853e+03	4.66821e+00	2.44632e+00	8.92928e+01	1.90414e+01	8.24982e+00	0.00000e+00
1.08659e+03	3.01600e+02	2.02124e+03	1.37860e+03	4.67017e+00	2.44774e+00	8.90449e+01	1.90550e+01	8.25978e+00	0.00000e+00
1.08992e+03	3.01765e+02	2.01976e+03	1.37868e+03	4.67214e+00	2.44915e+00	8.87994e+01	1.90687e+01	8.26975e+00	0.00000e+00
1.09324e+03	3.01928e+02	2.01829e+03	1.37875e+03	4.67410e+00	2.45056e+00	8.85571e+01	1.90823e+01	8.27971e+00	0.00000e+00
1.09656e+03	3.02090e+02	2.01681e+03	1.37882e+03	4.67607e+00	2.45197e+00	8.83157e+01	1.90959e+01	8.28968e+00	0.00000e+00
1.09988e+03	3.02253e+02	2.01534e+03	1.37890e+03	4.67803e+00	2.45337e+00	8.80753e+01	1.91095e+01	8.29964e+00	0.00000e+00
1.10320e+03	3.02416e+02	2.01386e+03	1.37897e+03	4.67999e+00	2.45478e+00	8.78357e+01	1.91231e+01	8.30961e+00	0.00000e+00
1.10652e+03	3.02579e+02	2.01239e+03	1.37904e+03	4.68195e+00	2.45619e+00	8.75971e+01	1.91367e+01	8.31957e+00	0.00000e+00
1.10985e+03	3.02742e+02	2.01092e+03	1.37911e+03	4.68392e+00	2.45760e+00	8.73593e+01	1.91504e+01	8.32954e+00	0.00000e+00
1.11317e+03	3.02905e+02	2.00945e+03	1.37918e+03	4.68588e+00	2.45900e+00	8.71225e+01	1.91640e+01	8.33950e+00	0.00000e+00
1.11649e+03	3.03066e+02	2.00798e+03	1.37925e+03	4.68784e+00	2.46041e+00	8.68890e+01	1.91776e+01	8.34946e+00	0.00000e+00
1.11981e+03	3.03226e+02	2.00651e+03	1.37932e+03	4.68980e+00	2.46182e+00	8.66570e+01	1.91912e+01	8.35943e+00	0.00000e+00
1.12313e+03	3.03387e+02	2.00504e+03	1.37939e+03	4.69176e+00	2.46322e+00	8.64260e+01	1.92048e+01	8.36939e+00	0.00000e+00
1.12645e+03	3.03548e+02	2.00357e+03	1.37946e+03	4.69372e+00	2.46463e+00	8.61958e+01	1.92185e+01	8.37936e+00	0.00000e+00
1.12977e+03	3.03708e+02	2.00210e+03	1.37953e+03	4.69568e+00	2.46603e+00	8.59664e+01	1.92321e+01	8.38932e+00	0.00000e+00
1.13310e+03	3.03869e+02	2.00063e+03	1.37960e+03	4.69765e+00	2.46743e+00	8.57379e+01	1.92457e+01	8.39929e+00	0.00000e+00
1.13642e+03	3.04030e+02	1.99917e+03	1.37966e+03	4.69961e+00	2.46884e+00	8.55103e+01	1.92593e+01	8.40925e+00	0.00000e+00
1.13974e+03	3.04190e+02	1.99770e+03	1.37973e+03	4.70156e+00	2.47024e+00	8.52839e+01	1.92729e+01	8.41922e+00	0.00000e+00
1.14306e+03	3.04349e+02	1.99624e+03	1.37980e+03	4.70352e+00	2.47164e+00	8.50606e+01	1.92865e+01	8.42918e+00	0.00000e+00
1.14638e+03	3.04508e+02	1.99477e+03	1.37986e+03	4.70548e+00	2.47304e+00	8.48382e+01	1.93002e+01	8.43914e+00	0.00000e+00
1.14970e+03	3.04666e+02	1.99331e+03	1.37993e+03	4.70744e+00	2.47444e+00	8.46165e+01	1.93138e+01	8.44911e+00	0.00000e+00
1.15302e+03	3.04825e+02	1.99185e+03	1.38000e+03	4.70940e+00	2.47584e+00	8.43957e+01	1.93274e+01	8.45907e+00	0.00000e+00
1.15635e+03	3.04984e+02	1.99038e+03	1.38006e+03	4.71136e+00	2.47724e+00	8.41757e+01	1.93410e+01	8.46904e+00	0.00000e+00
1.15967e+03	3.05143e+02	1.98892e+03	1.38013e+03	4.71332e+00	2.47864e+00	8.39565e+01	1.93546e+01	8.47900e+00	0.00000e+00
1.16299e+03	3.05301e+02	1.98746e+03	1.38019e+03	4.71527e+00	2.48004e+00	8.37380e+01	1.93683e+01	8.48897e+00	0.00000e+00
1.16631e+03	3.05459e+02	1.98600e+03	1.38025e+03	4.71723e+00	2.48143e+00	8.35216e+01	1.93819e+01	8.49893e+00	0.00000e+00
1.16963e+03	3.05616e+02	1.98454e+03	1.38032e+03	4.71919e+00	2.48283e+00	8.33070e+01	1.93955e+01	8.50890e+00	0.00000e+00
1.17295e+03	3.05773e+02	1.98308e+03	1.38038e+03	4.72114e+00	2.48423e+00	8.30932e+01	1.94091e+01	8.51886e+00	0.00000e+00
1.17627e+03	3.05930e+02	1.98163e+03	1.38044e+03	4.72310e+00	2.48562e+00	8.28802e+01	1.94227e+01	8.52882e+00	0.00000e+00
1.17960e+03	3.06087e+02	1.98017e+03	1.38051e+03	4.72506e+00	2.48702e+00	8.26679e+01	1.94363e+01	8.53879e+00	0.00000e+00
1.18292e+03	3.06245e+02	1.97871e+03	1.38057e+03	4.72701e+00	2.48841e+00	8.24564e+01	1.94500e+01	8.54875e+00	0.00000e+00
1.18624e+03	3.06402e+02	1.97726e+03	1.38063e+03	4.72897e+00	2.48981e+00	8.22457e+01	1.94636e+01	8.55872e+00	0.00000e+00
1.18956e+03	3.06559e+02	1.97580e+03	1.38069e+03	4.73092e+00	2.49120e+00	8.20357e+01	1.94772e+01	8.56868e+00	0.00000e+00
1.19288e+03	3.06715e+02	1.97435e+03	1.38075e+03	4.73288e+00	2.49259e+00	8.18282e+01	1.94908e+01	8.57865e+00	0.00000e+00
1.19620e+03	3.06870e+02	1.97289e+03	1.38081e+03	4.73483e+00	2.49399e+00	8.16215e+01	1.95044e+01	8.58861e+00	0.00000e+00
1.19953e+03	3.07026e+02	1.97144e+03	1.38087e+03	4.73678e+00	2.49538e+00	8.14157e+01	1.95181e+01	8.59858e+00	0.00000e+00
1.20285e+03	3.07181e+02	1.96999e+03	1.38093e+03	4.73874e+00	2.49677e+00	8.12105e+01	1.95317e+01	8.60854e+00	0.00000e+00
1.20617e+03	3.07337e+02	1.96854e+03	1.38099e+03	4.74069e+00	2.49816e+00	8.10061e+01	1.95453e+01	8.61850e+00	0.00000e+00
1.20949e+03	3.07493e+02	1.96709e+03	1.38105e+03	4.74264e+00	2.49955e+00	8.08024e+01	1.95589e+01	8.62847e+00	0.00000e+00
1.21281e+03	3.07648e+02	1.96564e+03	1.38111e+03	4.74460e+00	2.50094e+00	8.05994e+01	1.95725e+01	8.63843e+00	0.00000e+00
1.21613e+03	3.07804e+02	1.96419e+03	1.38117e+03	4.74655e+00	2.50233e+00	8.03975e+01	1.95861e+01	8.64840e+00	0.00000e+00
1.21945e+03	3.07958e+02	1.96274e+03	1.38123e+03	4.74850e+00	2.50372e+00	8.01975e+01	1.95998e+01	8.65836e+00	0.00000e+00
1.22278e+03	3.08113e+02	1.96129e+03	1.38128e+03	4.75045e+00	2.50511e+00	7.99982e+01	1.96134e+01	8.66833e+00	0.00000e+00
1.22610e+03	3.08267e+02	1.95984e+03	1.38134e+03	4.75240e+00	2.50649e+00	7.97996e+01	1.96270e+01	8.67829e+00	0.00000e+00
1.22942e+03	3.08421e+02	1.95840e+03	1.38140e+03	4.75435e+00	2.50788e+00	7.96017e+01	1.96406e+01	8.68825e+00	0.00000e+00
1.23274e+03	3.08576e+02	1.95695e+03	1.38145e+03	4.75630e+00	2.50927e+00	7.94044e+01	1.96542e+01	8.69822e+00	0.00000e+00
1.23606e+03	3.08730e+02	1.95551e+03	1.38151e+03	4.75826e+00	2.51065e+00	7.92079e+01	1.96679e+01	8.70818e+00	0.00000e+00
1.23938e+03	3.08885e+02	1.95406e+03	1.38157e+03	4.76021e+00	2.51204e+00	7.90120e+01	1.96815e+01	8.71815e+00	0.00000e+00
1.24270e+03	3.09039e+02	1.95262e+03	1.38162e+03	4.76216e+00	2.51342e+00	7.88176e+01	1.96951e+01	8.72811e+00	0.00000e+00
1.24603e+03	3.09192e+02	1.95118e+03	1.38168e+03	4.76410e+00	2.51481e+00	7.86243e+01	1.97087e+01	8.73808e+00	0.00000e+00
1.24935e+03	3.09346e+02	1.94973e+03	1.38173e+03	4.76605e+00	2.51619e+00	7.84317e+01	1.97223e+01	8.74804e+00	0.00000e+00
1.25267e+03	3.09499e+02	1.94829e+03	1.38178e+03	4.76800e+00	2.51757e+00	7.82398e+01	1.97359e+01	8.75801e+00	0.00000e+00
1.25599e+03	3.09652e+02	1.94685e+03	1.38184e+03	4.76995e+00	2.51896e+00	7.80485e+01	1.97496e+01	8.76797e+00	0.00000e+00
1.25931e+03	3.09806e+02	1.94541e+03	1.38189e+03	4.77190e+00	2.52034e+00	7.78578e+01	1.97632e+01	8.77793e+00	0.00000e+00
1.26263e+03	3.09959e+02	1.94397e+03	1.38195e+03	4.77385e+00	2.52172e+00	7.76679e+01	1.97768e+01	8.78790e+00	0.00000e+00
1.26595e+03	3.10113e+02	1.94254e+03	1.38200e+03	4.77579e+00	2.52310e+00	7.74786e+01	1.97904e+01	8.79786e+00	0.00000e+00
1.26928e+03	3.10265e+02	1.94110e+03	1.38205e+03	4.77774e+00	2.52448e+00	7.72908e+01	1.98040e+01	8.80783e+00	0.00000e+00
1.27260e+03	3.10418e+02	1.93966e+03	1.38210e+03	4.77969e+00	2.52586e+00	7.71037e+01	1.98176e+01	8.81779e+00	0.00000e+00
1.27592e+03	3.10571e+02	1.93823e+03	1.38215e+03	4.78163e+00	2.52724e+00	7.69173e+01	1.98313e+01	8.82776e+00	0.00000e+00
1.27924e+03	3.10723e+02	1.93679e+03	1.38221e+03	4.78358e+00	2.52862e+00	7.67315e+01	1.98449e+01	8.83772e+00	0.00000e+00
1.28256e+03	3.10876e+02	1.93536e+03	1.38226e+03	4.78553e+00	2.53000e+00	7.65463e+01	1.98585e+01	8.84769e+00	0.00000e+00
1.28588e+03	3.11029e+02	1.93392e+03	1.38231e+03	4.78747e+00	2.53138e+00	7.63617e+01	1.98721e+01	8.85765e+00	0.00000e+00
1.28920e+03	3.11181e+02	1.93249e+03	1.38236e+03	4.78942e+00	2.53276e+00	7.61778e+01	1.98857e+01	8.86761e+00	0.00000e+00
1.29253e+03	3.11334e+02	1.93106e+03	1.38241e+03	4.79136e+00	2.53413e+00	7.59948e+01	1.98994e+01	8.87758e+00	0.00000e+00
1.29585e+03	3.11486e+02	1.92963e+03	1.38246e+03	4.79331e+00	2.53551e+00	7.58128e+01	1.99130e+01	8.88754e+00	0.00000e+00
1.29917e+03	3.11638e+02	1.92820e+03	1.38251e+03	4.79525e+00	2.53688e+00	7.56314e+01	1.99266e+01	8.89751e+00	0.00000e+00
1.30249e+03	3.11790e+02	1.92677e+03	1.38256e+03	4.79719e+00	2.53826e+00	7.54507e+01	1.99402e+01	8.90747e+00	0.00000e+00
1.30581e+03	3.11942e+02	1.92534e+03	1.38260e+03	4.79914e+00	2.53963e+00	7.52705e+01	1.99538e+01	8.91744e+00	0.00000e+00
1.30913e+03	3.12094e+02	1.92391e+03	1.38265e+03	4.80108e+00	2.54101e+00	7.50910e+01	1.99674e+01	8.92740e+00	0.00000e+00
1.31246e+03	3.12246e+02	1.92248e+03	1.38270e+03	4.80302e+00	2.54238e+00	7.49120e+01	1.99811e+01	8.93737e+00	0.00000e+00
1.31578e+03	3.12399e+02	1.92106e+03	1.38275e+03	4.80497e+00	2.54375e+00	7.47337e+01	1.99947e+01	8.94733e+00	0.00000e+00
1.31910e+03	3.12550e+02	1.91963e+03	1.38280e+03	4.80691e+00	2.54513e+00	7.45563e+01	2.00083e+01	8.95729e+00	0.00000e+00
1.32242e+03	3.12702e+02	1.91820e+03	1.38284e+03	4.80885e+00	2.54650e+00	7.43796e+01	2.00219e+01	8.96726e+00	0.00000e+00
1.32574e+03	3.12854e+02	1.91678e+03	1.38289e+03	4.81079e+00	2.54787e+00	7.42035e+01	2.00355e+01	8.97722e+00	0.00000e+00
1.32906e+03	3.13005e+02	1.91536e+03	1.38293e+03	4.81273e+00	2.54924e+00	7.40280e+01	2.00492e+01	8.98719e+00	0.00000e+00
1.33238e+03	3.13157e+02	1.91393e+03	1.38298e+03	4.81467e+00	2.55061e+00	7.38530e+01	2.00628e+01	8.99715e+00	0.00000e+00
1.33571e+03	3.13309e+02	1.91251e+03	1.38303e+03	4.81661e+00	2.55198e+00	7.36787e+01	2.00764e+01	9.00712e+00	0.00000e+00
1.33903e+03	3.13460e+02	1.91109e+03	1.38307e+03	4.81855e+00	2.55335e+00	7.35049e+01	2.00900e+01	9.01708e+00	0.00000e+00
1.34235e+03	3.13612e+02	1.90967e+03	1.38312e+03	4.82049e+00	2.55472e+00	7.33318e+01	2.01036e+01	9.02705e+00	0.00000e+00
1.34567e+03	3.13764e+02	1.90825e+03	1.38316e+03	4.82243e+00	2.55609e+00	7.31594e+01	2.01172e+01	9.03701e+00	0.00000e+00
1.34899e+03	3.13915e+02	1.90683e+03	1.38321e+03	4.82437e+00	2.55746e+00	7.29876e+01	2.01309e+01	9.04697e+00	0.00000e+00
1.35231e+03	3.14066e+02	1.90541e+03	1.38325e+03	4.82631e+00	2.55882e+00	7.28164e+01	2.01445e+01	9.05694e+00	0.00000e+00
1.35563e+03	3.14218e+02	1.90399e+03	1.38329e+03	4.82825e+00	2.56019e+00	7.26457e+01	2.01581e+01	9.06690e+00	0.00000e+00
1.35896e+03	3.14369e+02	1.90258e+03	1.38334e+03	4.83019e+00	2.56156e+00	7.24756e+01	2.01717e+01	9.07687e+00	0.00000e+00
1.36228e+03	3.14521e+02	1.90116e+03	1.38338e+03	4.83212e+00	2.56292e+00	7.23061e+01	2.01853e+01	9.08683e+00	0.00000e+00
1.36560e+03	3.14672e+02	1.89975e+03	1.38342e+03	4.83406e+00	2.56429e+00	7.21371e+01	2.01990e+01	9.09680e+00	0.00000e+00
1.36892e+03	3.14824e+02	1.89833e+03	1.38347e+03	4.83600e+00	2.56565e+00	7.19688e+01	2.02126e+01	9.10676e+00	0.00000e+00
1.37224e+03	3.14975e+02	1.89692e+03	1.38351e+03	4.83793e+00	2.56702e+00	7.18009e+01	2.02262e+01	9.11672e+00	0.00000e+00
1.37556e+03	3.15127e+02	1.89551e+03	1.38355e+03	4.83987e+00	2.56838e+00	7.16337e+01	2.02398e+01	9.12669e+00	0.00000e+00
1.37888e+03	3.15278e+02	1.89409e+03	1.38359e+03	4.84181e+00	2.56974e+00	7.14670e+01	2.02534e+01	9.13665e+00	0.00000e+00
1.38221e+03	3.15429e+02	1.89268e+03	1.38363e+03	4.84374e+00	2.57111e+00	7.13008e+01	2.02670e+01	9.14662e+00	0.00000e+00
1.38553e+03	3.15581e+02	1.89127e+03	1.38367e+03	4.84568e+00	2.57247e+00	7.11352e+01	2.02807e+01	9.15658e+00	0.00000e+00
1.38885e+03	3.15732e+02	1.88986e+03	1.38371e+03	4.84761e+00	2.57383e+00	7.09702e+01	2.02943e+01	9.16655e+00	0.00000e+00
1.39217e+03	3.15884e+02	1.88845e+03	1.38375e+03	4.84955e+00	2.57519e+00	7.08056e+01	2.03079e+01	9.17651e+00	0.00000e+00
1.39549e+03	3.16035e+02	1.88705e+03	1.38379e+03	4.85148e+00	2.57655e+00	7.06415e+01	2.03215e+01	9.18648e+00	0.00000e+00
1.39881e+03	3.16187e+02	1.88564e+03	1.38383e+03	4.85341e+00	2.57791e+00	7.04779e+01	2.03351e+01	9.19644e+00	0.00000e+00
1.40213e+03	3.16338e+02	1.88423e+03	1.38387e+03	4.85535e+00	2.57927e+00	7.03149e+01	2.03488e+01	9.20640e+00	0.00000e+00
1.40546e+03	3.16490e+02	1.88283e+03	1.38391e+03	4.85728e+00	2.58063e+00	7.01524e+01	2.03624e+01	9.21637e+00	0.00000e+00
1.40878e+03	3.16641e+02	1.88142e+03	1.38395e+03	4.85921e+00	2.58199e+00	6.99904e+01	2.03760e+01	9.22633e+00	0.00000e+00
1.41210e+03	3.16793e+02	1.88002e+03	1.38399e+03	4.86114e+00	2.58335e+00	6.98290e+01	2.03896e+01	9.23630e+00	0.00000e+00
1.41542e+03	3.16944e+02	1.87861e+03	1.38403e+03	4.86308e+00	2.58470e+00	6.96681e+01	2.04032e+01	9.24626e+00	0.00000e+00
1.41874e+03	3.17096e+02	1.87721e+03	1.38407e+03	4.86501e+00	2.58606e+00	6.95076e+01	2.04168e+01	9.25623e+00	0.00000e+00
1.42206e+03	3.17248e+02	1.87581e+03	1.38410e+03	4.86694e+00	2.58742e+00	6.93474e+01	2.04305e+01	9.26619e+00	0.00000e+00
1.42539e+03	3.17399e+02	1.87441e+03	1.38414e+03	4.86887e+00	2.58877e+00	6.91878e+01	2.04441e+01	9.27616e+00	0.00000e+00
1.42871e+03	3.17551e+02	1.87301e+03	1.38418e+03	4.87080e+00	2.59013e+00	6.90287e+01	2.04577e+01	9.28612e+00	0.00000e+00
1.43203e+03	3.17703e+02	1.87161e+03	1.38421e+03	4.87273e+00	2.59148e+00	6.88701e+01	2.04713e+01	9.29608e+00	0.00000e+00
1.43535e+03	3.17855e+02	1.87021e+03	1.38425e+03	4.87466e+00	2.59284e+00	6.87120e+01	2.04849e+01	9.30605e+00	0.00000e+00
1.43867e+03	3.18007e+02	1.86881e+03	1.38429e+03	4.87659e+00	2.59419e+00	6.85544e+01	2.04986e+01	9.31601e+00	0.00000e+00
1.44199e+03	3.18158e+02	1.86742e+03	1.38432e+03	4.87852e+00	2.59554e+00	6.83974e+01	2.05122e+01	9.32598e+00	0.00000e+00
1.44531e+03	3.18311e+02	1.86602e+03	1.38436e+03	4.88045e+00	2.59690e+00	6.82405e+01	2.05258e+01	9.33594e+00	0.00000e+00
1.44864e+03	3.18463e+02	1.86462e+03	1.38439e+03	4.88237e+00	2.59825e+00	6.80840e+01	2.05394e+01	9.34591e+00	0.00000e+00
1.45196e+03	3.18615e+02	1.86323e+03	1.38443e+03	4.88430e+00	2.59960e+00	6.79281e+01	2.05530e+01	9.35587e+00	0.00000e+00
1.45528e+03	3.18767e+02	1.86184e+03	1.38446e+03	4.88623e+00	2.60095e+00	6.77726e+01	2.05666e+01	9.36584e+00	0.00000e+00
1.45860e+03	3.18919e+02	1.86044e+03	1.38450e+03	4.88816e+00	2.60230e+00	6.76176e+01	2.05803e+01	9.37580e+00	0.00000e+00
1.46192e+03	3.19072e+02	1.85905e+03	1.38453e+03	4.89008e+00	2.60365e+00	6.74632e+01	2.05939e+01	9.38576e+00	0.00000e+00
1.46524e+03	3.19224e+02	1.85766e+03	1.38457e+03	4.89201e+00	2.60500e+00	6.73092e+01	2.06075e+01	9.39573e+00	0.00000e+00
1.46856e+03	3.19376e+02	1.85627e+03	1.38460e+03	4.89394e+00	2.60635e+00	6.71557e+01	2.06211e+01	9.40569e+00	0.00000e+00
1.47189e+03	3.19529e+02	1.85488e+03	1.38463e+03	4.89586e+00	2.60770e+00	6.70022e+01	2.06347e+01	9.41566e+00	0.00000e+00
1.47521e+03	3.19682e+02	1.85349e+03	1.38467e+03	4.89779e+00	2.60905e+00	6.68492e+01	2.06483e+01	9.42562e+00	0.00000e+00
1.47853e+03	3.19834e+02	1.85210e+03	1.38470e+03	4.89971e+00	2.61040e+00	6.66966e+01	2.06620e+01	9.43559e+00	0.00000e+00
1.48185e+03	3.19987e+02	1.85072e+03	1.38473e+03	4.90164e+00	2.61174e+00	6.65446e+01	2.06756e+01	9.44555e+00	0.00000e+00
1.48517e+03	3.20140e+02	1.84933e+03	1.38477e+03	4.90356e+00	2.61309e+00	6.63931e+01	2.06892e+01	9.45552e+00	0.00000e+00
1.48849e+03	3.20293e+02	1.84794e+03	1.38480e+03	4.90548e+00	2.61444e+00	6.62420e+01	2.07028e+01	9.46548e+00	0.00000e+00
1.49181e+03	3.20446e+02	1.84656e+03	1.38483e+03	4.90741e+00	2.61578e+00	6.60914e+01	2.07164e+01	9.47544e+00	0.00000e+00
1.49514e+03	3.20599e+02	1.84518e+03	1.38486e+03	4.90933e+00	2.61713e+00	6.59410e+01	2.07301e+01	9.48541e+00	0.00000e+00
1.49846e+03	3.20752e+02	1.84379e+03	1.38489e+03	4.91125e+00	2.61847e+00	6.57907e+01	2.07437e+01	9.49537e+00	0.00000e+00
1.50178e+03	3.20906e+02	1.84241e+03	1.38492e+03	4.91318e+00	2.61982e+00	6.56409e+01	2.07573e+01	9.50534e+00	0.00000e+00
1.50510e+03	3.21059e+02	1.84103e+03	1.38495e+03	4.91510e+00	2.62116e+00	6.54916e+01	2.07709e+01	9.51530e+00	0.00000e+00
1.50842e+03	3.21213e+02	1.83965e+03	1.38498e+03	4.91702e+00	2.62250e+00	6.53427e+01	2.07845e+01	9.52527e+00	0.00000e+00
1.51174e+03	3.21366e+02	1.83827e+03	1.38502e+03	4.91894e+00	2.62385e+00	6.51944e+01	2.07981e+01	9.53523e+00	0.00000e+00
1.51506e+03	3.21520e+02	1.83689e+03	1.38505e+03	4.92086e+00	2.62519e+00	6.50465e+01	2.08118e+01	9.54519e+00	0.00000e+00
1.51839e+03	3.21673e+02	1.83551e+03	1.38507e+03	4.92278e+00	2.62653e+00	6.48991e+01	2.08254e+01	9.55516e+00	0.00000e+00
1.52171e+03	3.21827e+02	1.83413e+03	1.38510e+03	4.92470e+00	2.62787e+00	6.47515e+01	2.08390e+01	9.56512e+00	0.00000e+00
1.52503e+03	3.21982e+02	1.83276e+03	1.38513e+03	4.92662e+00	2.62921e+00	6.46042e+01	2.08526e+01	9.57509e+00	0.00000e+00
1.52835e+03	3.22136e+02	1.83138e+03	1.38516e+03	4.92854e+00	2.63055e+00	6.44574e+01	2.08662e+01	9.58505e+00	0.00000e+00
1.53167e+03	3.22290e+02	1.83001e+03	1.38519e+03	4.93046e+00	2.63189e+00	6.43111e+01	2.08799e+01	9.59502e+00	0.00000e+00
1.53499e+03	3.22445e+02	1.82863e+03	1.38522e+03	4.93238e+00	2.63323e+00	6.41653e+01	2.08935e+01	9.60498e+00	0.00000e+00
1.53832e+03	3.22599e+02	1.82726e+03	1.38525e+03	4.93430e+00	2.63457e+00	6.40199e+01	2.09071e+01	9.61495e+00	0.00000e+00
1.54164e+03	3.22753e+02	1.82589e+03	1.38528e+03	4.93621e+00	2.63591e+00	6.38750e+01	2.09207e+01	9.62491e+00	0.00000e+00
1.54496e+03	3.22908e+02	1.82452e+03	1.38530e+03	4.93813e+00	2.63724e+00	6.37304e+01	2.09343e+01	9.63487e+00	0.00000e+00
1.54828e+03	3.23063e+02	1.82315e+03	1.38533e+03	4.94005e+00	2.63858e+00	6.35855e+01	2.09479e+01	9.64484e+00	0.00000e+00
1.55160e+03	3.23218e+02	1.82178e+03	1.38536e+03	4.94196e+00	2.63992e+00	6.34411e+01	2.09616e+01	9.65480e+00	0.00000e+00
1.55492e+03	3.23374e+02	1.82041e+03	1.38539e+03	4.94388e+00	2.64125e+00	6.32971e+01	2.09752e+01	9.66477e+00	0.00000e+00
1.55824e+03	3.23529e+02	1.81904e+03	1.38541e+03	4.94580e+00	2.64259e+00	6.31536e+01	2.09888e+01	9.67473e+00	0.00000e+00
1.56157e+03	3.23684e+02	1.81767e+03	1.38544e+03	4.94771e+00	2.64393e+00	6.30106e+01	2.10024e+01	9.68470e+00	0.00000e+00
1.56489e+03	3.23840e+02	1.81631e+03	1.38547e+03	4.94963e+00	2.64526e+00	6.28681e+01	2.10160e+01	9.69466e+00	0.00000e+00
1.56821e+03	3.23995e+02	1.81494e+03	1.38549e+03	4.95154e+00	2.64659e+00	6.27260e+01	2.10297e+01	9.70463e+00	0.00000e+00
1.57153e+03	3.24151e+02	1.81357e+03	1.38552e+03	4.95345e+00	2.64793e+00	6.25837e+01	2.10433e+01	9.71459e+00	0.00000e+00
1.57485e+03	3.24307e+02	1.81221e+03	1.38554e+03	4.95537e+00	2.64926e+00	6.24416e+01	2.10569e+01	9.72455e+00	0.00000e+00
1.57817e+03	3.24464e+02	1.81085e+03	1.38557e+03	4.95728e+00	2.65059e+00	6.22998e+01	2.10705e+01	9.73452e+00	0.00000e+00
1.58149e+03	3.24620e+02	1.80949e+03	1.38559e+03	4.95920e+00	2.65193e+00	6.21586e+01	2.10841e+01	9.74448e+00	0.00000e+00
1.58482e+03	3.24776e+02	1.80812e+03	1.38562e+03	4.96111e+00	2.65326e+00	6.20178e+01	2.10977e+01	9.75445e+00	0.00000e+00
1.58814e+03	3.24933e+02	1.80676e+03	1.38564e+03	4.96302e+00	2.65459e+00	6.18774e+01	2.11114e+01	9.76441e+00	0.00000e+00
1.59146e+03	3.25089e+02	1.80540e+03	1.38567e+03	4.96493e+00	2.65592e+00	6.17375e+01	2.11250e+01	9.77438e+00	0.00000e+00
1.59478e+03	3.25246e+02	1.80405e+03	1.38569e+03	4.96684e+00	2.65725e+00	6.15980e+01	2.11386e+01	9.78434e+00	0.00000e+00
1.59810e+03	3.25403e+02	1.80269e+03	1.38572e+03	4.96875e+00	2.65858e+00	6.14580e+01	2.11522e+01	9.79431e+00	0.00000e+00
1.60142e+03	3.25561e+02	1.80133e+03	1.38574e+03	4.97066e+00	2.65991e+00	6.13184e+01	2.11658e+01	9.80427e+00	0.00000e+00
1.60474e+03	3.25718e+02	1.79997e+03	1.38576e+03	4.97257e+00	2.66124e+00	6.11792e+01	2.11795e+01	9.81423e+00	0.00000e+00
1.60807e+03	3.25876e+02	1.79862e+03	1.38579e+03	4.97448e+00	2.66257e+00	6.10404e+01	2.11931e+01	9.82420e+00	0.00000e+00
1.61139e+03	3.26034e+02	1.79726e+03	1.38581e+03	4.97639e+00	2.66389e+00	6.09021e+01	2.12067e+01	9.83416e+00	0.00000e+00
1.61471e+03	3.26191e+02	1.79591e+03	1.38583e+03	4.97830e+00	2.66522e+00	6.07643e+01	2.12203e+01	9.84413e+00	0.00000e+00
1.61803e+03	3.26349e+02	1.79456e+03	1.38586e+03	4.98021e+00	2.66655e+00	6.06269e+01	2.12339e+01	9.85409e+00	0.00000e+00
1.62135e+03	3.26507e+02	1.79321e+03	1.38588e+03	4.98212e+00	2.66787e+00	6.04896e+01	2.12475e+01	9.86406e+00	0.00000e+00
1.62467e+03	3.26666e+02	1.79186e+03	1.38590e+03	4.98403e+00	2.66920e+00	6.03519e+01	2.12612e+01	9.87402e+00	0.00000e+00
1.62800e+03	3.26825e+02	1.79051e+03	1.38592e+03	4.98594e+00	2.67052e+00	6.02147e+01	2.12748e+01	9.88399e+00	0.00000e+00
1.63132e+03	3.26984e+02	1.78916e+03	1.38594e+03	4.98784e+00	2.67185e+00	6.00779e+01	2.12884e+01	9.89395e+00	0.00000e+00
1.63464e+03	3.27143e+02	1.78781e+03	1.38597e+03	4.98975e+00	2.67317e+00	5.99415e+01	2.13020e+01	9.90391e+00	0.00000e+00
1.63796e+03	3.27302e+02	1.78646e+03	1.38599e+03	4.99166e+00	2.67450e+00	5.98056e+01	2.13156e+01	9.91388e+00	0.00000e+00
1.64128e+03	3.27461e+02	1.78511e+03	1.38601e+03	4.99356e+00	2.67582e+00	5.96702e+01	2.13293e+01	9.92384e+00	0.00000e+00
1.64460e+03	3.27620e+02	1.78377e+03	1.38603e+03	4.99547e+00	2.67714e+00	5.95352e+01	2.13429e+01	9.93381e+00	0.00000e+00
1.64792e+03	3.27780e+02	1.78242e+03	1.38605e+03	4.99737e+00	2.67846e+00	5.93997e+01	2.13565e+01	9.94377e+00	0.00000e+00
1.65125e+03	3.27940e+02	1.78108e+03	1.38607e+03	4.99928e+00	2.67979e+00	5.92643e+01	2.13701e+01	9.95374e+00	0.00000e+00
1.65457e+03	3.28101e+02	1.77974e+03	3.44099e+03	8.49526e+00	4.90270e+00	2.83407e+12	1.38055e+02	8.27093e+01	0.00000e+00
1.72829e+03	3.35613e+02	1.76773e+03	3.44099e+03	8.49775e+00	4.90165e+00	1.71463e+12	1.38296e+02	8.27023e+01	0.00000e+00
1.80202e+03	3.43071e+02	1.75573e+03	3.44218e+03	8.50090e+00	4.90143e+00	1.06407e+12	1.38544e+02	8.27268e+01	0.00000e+00
1.87577e+03	3.50477e+02	1.74373e+03	3.44351e+03	8.50407e+00	4.90121e+00	6.76140e+11	1.38794e+02	8.27520e+01	0.00000e+00
1.94955e+03	3.57829e+02	1.73172e+03	3.44486e+03	8.50718e+00	4.90096e+00	4.39180e+11	1.39040e+02	8.27750e+01	0.00000e+00
2.02336e+03	3.65127e+02	1.71972e+03	3.44617e+03	8.51027e+00	4.90067e+00	2.91160e+11	1.39288e+02	8.27975e+01	0.00000e+00
2.09720e+03	3.72372e+02	1.70772e+03	3.44751e+03	8.51132e+00	4.89782e+00	1.96747e+11	1.39514e+02	8.27223e+01	0.00000e+00
2.17107e+03	3.79564e+02	1.69572e+03	3.44840e+03	8.51347e+00	4.89637e+00	1.35338e+11	1.39750e+02	8.26998e+01	0.00000e+00
2.24495e+03	3.86702e+02	1.68371e+03	3.44950e+03	8.51656e+00	4.89612e+00	9.46606e+10	1.39996e+02	8.27226e+01	0.00000e+00
2.31886e+03	3.93786e+02	1.67171e+03	3.45080e+03	8.51953e+00	4.89568e+00	6.72509e+10	1.40245e+02	8.27400e+01	0.00000e+00
2.39280e+03	4.00817e+02	1.65971e+03	3.45215e+03	8.52261e+00	4.89543e+00	4.84834e+10	1.40490e+02	8.27627e+01	0.00000e+00
2.46676e+03	4.07794e+02	1.64771e+03	3.45344e+03	8.52569e+00	4.89518e+00	3.54381e+10	1.40736e+02	8.27853e+01	0.00000e+00
2.54076e+03	4.14717e+02	1.63570e+03	3.45474e+03	8.52783e+00	4.89369e+00	2.62406e+10	1.40976e+02	8.27627e+01	0.00000e+00
2.61478e+03	4.21587e+02	1.62370e+03	3.45590e+03	8.52835e+00	4.89019e+00	1.96689e+10	1.41200e+02	8.26647e+01	0.00000e+00
2.68882e+03	4.28402e+02	1.61170e+03	3.45676e+03	8.53145e+00	4.88996e+00	1.49136e+10	1.41446e+02	8.26881e+01	0.00000e+00
2.76289e+03	4.35164e+02	1.59969e+03	3.45806e+03	8.53495e+00	4.89022e+00	1.14314e+10	1.41697e+02	8.27297e+01	0.00000e+00
2.83698e+03	4.41872e+02	1.58769e+03	3.45943e+03	8.53821e+00	4.89017e+00	8.85280e+09	1.41946e+02	8.27598e+01	0.00000e+00
2.91110e+03	4.48526e+02	1.57569e+03	3.46076e+03	8.54133e+00	4.88996e+00	6.92286e+09	1.42194e+02	8.27838e+01	0.00000e+00
2.98525e+03	4.55126e+02	1.56369e+03	3.46206e+03	8.54417e+00	4.88936e+00	5.46376e+09	1.42444e+02	8.27958e+01	0.00000e+00
3.05943e+03	4.61672e+02	1.55168e+03	3.46341e+03	8.54540e+00	4.88675e+00	4.35003e+09	1.42676e+02	8.27311e+01	0.00000e+00
3.13364e+03	4.68163e+02	1.53968e+03	3.46440e+03	8.54650e+00	4.88398e+00	3.49217e+09	1.42906e+02	8.26603e+01	0.00000e+00
3.20786e+03	4.74601e+02	1.52768e+03	3.46537e+03	8.54964e+00	4.88377e+00	2.82563e+09	1.43156e+02	8.26847e+01	0.00000e+00
3.28211e+03	4.80984e+02	1.51568e+03	3.46668e+03	8.55278e+00	4.88356e+00	2.30349e+09	1.43406e+02	8.27090e+01	0.00000e+00
3.35639e+03	4.87313e+02	1.50367e+03	3.46800e+03	8.55596e+00	4.88341e+00	1.89128e+09	1.43656e+02	8.27351e+01	0.00000e+00
3.43069e+03	4.93587e+02	1.49167e+03	3.46931e+03	8.55916e+00	4.88327e+00	1.56343e+09	1.43907e+02	8.27615e+01	0.00000e+00
3.50503e+03	4.99807e+02	1.47967e+03	3.47062e+03	8.56250e+00	4.88328e+00	1.30081e+09	1.44163e+02	8.27955e+01	0.00000e+00
3.57939e+03	5.05973e+02	1.46766e+03	3.47203e+03	8.56507e+00	4.88233e+00	1.08901e+09	1.44407e+02	8.27913e+01	0.00000e+00
3.65378e+03	5.12084e+02	1.45566e+03	3.47320e+03	8.56705e+00	4.88065e+00	9.17106e+08	1.44644e+02	8.27590e+01	0.00000e+00
3.72820e+03	5.18140e+02	1.44366e+03	3.47424e+03	8.57037e+00	4.88067e+00	7.76705e+08	1.44899e+02	8.27923e+01	0.00000e+00
3.80264e+03	5.24142e+02	1.43166e+03	3.47561e+03	8.57364e+00	4.88058e+00	6.61356e+08	1.45152e+02	8.28208e+01	0.00000e+00
3.87711e+03	5.30088e+02	1.41965e+03	3.47694e+03	8.57692e+00	4.88050e+00	5.66056e+08	1.45407e+02	8.28498e+01	0.00000e+00
3.95160e+03	5.35980e+02	1.40765e+03	3.47827e+03	8.58036e+00	4.88058e+00	4.86894e+08	1.45666e+02	8.28852e+01	0.00000e+00
4.02613e+03	5.41817e+02	1.39565e+03	3.47964e+03	8.58376e+00	4.88062e+00	4.20795e+08	1.45924e+02	8.29188e+01	0.00000e+00
4.10068e+03	5.47599e+02	1.38365e+03	3.48100e+03	8.58708e+00	4.88057e+00	3.65329e+08	1.46181e+02	8.29491e+01	0.00000e+00
4.17527e+03	5.53325e+02	1.37164e+03	3.48233e+03	8.58914e+00	4.87893e+00	3.18565e+08	1.46427e+02	8.29205e+01	0.00000e+00
4.24988e+03	5.58997e+02	1.35964e+03	3.48347e+03	8.59157e+00	4.87775e+00	2.78955e+08	1.46673e+02	8.29075e+01	0.00000e+00
4.32451e+03	5.64613e+02	1.34764e+03	3.48461e+03	8.59494e+00	4.87775e+00	2.45257e+08	1.46932e+02	8.29394e+01	0.00000e+00
4.39918e+03	5.70173e+02	1.33563e+03	3.48595e+03	8.59836e+00	4.87779e+00	2.16468e+08	1.47193e+02	8.29733e+01	0.00000e+00
4.47387e+03	5.75678e+02	1.32363e+03	3.48732e+03	8.60182e+00	4.87787e+00	1.91773e+08	1.47455e+02	8.30089e+01	0.00000e+00
4.54858e+03	5.81128e+02	1.31163e+03	3.48870e+03	8.60524e+00	4.87791e+00	1.70509e+08	1.47716e+02	8.30422e+01	0.00000e+00
4.62333e+03	5.86521e+02	1.29963e+03	3.49005e+03	8.60868e+00	4.87796e+00	1.52129e+08	1.47978e+02	8.30761e+01	0.00000e+00
4.69811e+03	5.91859e+02	1.28762e+03	3.49141e+03	8.61212e+00	4.87799e+00	1.36185e+08	1.48243e+02	8.31108e+01	0.00000e+00
4.77292e+03	5.97141e+02	1.27562e+03	3.49281e+03	8.61479e+00	4.87706e+00	1.22305e+08	1.48496e+02	8.31070e+01	0.00000e+00
4.84775e+03	6.02366e+02	1.26362e+03	3.49399e+03	8.61828e+00	4.87715e+00	1.10184e+08	1.48760e+02	8.31426e+01	0.00000e+00
4.92262e+03	6.07536e+02	1.25162e+03	3.49536e+03	8.62179e+00	4.87725e+00	9.95621e+07	1.49025e+02	8.31787e+01	0.00000e+00
4.99751e+03	6.12648e+02	1.23961e+03	3.49672e+03	8.62507e+00	4.87704e+00	9.02265e+07	1.49289e+02	8.32031e+01	0.00000e+00
5.07243e+03	6.17705e+02	1.22761e+03	3.49806e+03	8.63611e+00	4.88426e+00	8.19966e+07	1.49782e+02	8.35373e+01	0.00000e+00
5.14738e+03	6.22705e+02	1.21561e+03	3.50166e+03	8.66777e+00	4.91203e+00	7.47204e+07	1.50824e+02	8.47103e+01	0.00000e+00
5.22240e+03	6.27648e+02	1.20361e+03	3.51084e+03	8.67247e+00	4.91301e+00	6.82721e+07	1.51140e+02	8.47855e+01	0.00000e+00
5.29763e+03	6.32534e+02	1.19160e+03	3.51258e+03	8.67583e+00	4.91294e+00	6.25475e+07	1.51404e+02	8.48147e+01	0.00000e+00
5.37289e+03	6.37362e+02	1.17960e+03	3.51389e+03	8.67942e+00	4.91319e+00	5.74450e+07	1.51670e+02	8.48564e+01	0.00000e+00
5.44818e+03	6.42134e+02	1.16760e+03	3.51525e+03	8.68324e+00	4.91370e+00	5.28852e+07	1.51940e+02	8.49076e+01	0.00000e+00
5.52349e+03	6.46848e+02	1.15559e+03	3.51665e+03	8.68743e+00	4.91462e+00	4.88006e+07	1.52216e+02	8.49744e+01	0.00000e+00
5.59884e+03	6.51504e+02	1.14359e+03	3.51810e+03	8.69113e+00	4.91501e+00	4.51333e+07	1.52487e+02	8.50225e+01	0.00000e+00
5.67422e+03	6.56103e+02	1.13159e+03	3.51953e+03	8.69471e+00	4.91514e+00	4.18333e+07	1.52756e+02	8.50580e+01	0.00000e+00
5.74963e+03	6.60644e+02	1.11959e+03	3.52082e+03	8.69837e+00	4.91536e+00	3.88574e+07	1.53027e+02	8.50974e+01	0.00000e+00
5.82507e+03	6.65126e+02	1.10758e+03	3.52213e+03	8.70231e+00	4.91590e+00	3.61681e+07	1.53301e+02	8.51482e+01	0.00000e+00
5.90053e+03	6.69550e+02	1.09558e+03	3.52346e+03	8.70488e+00	4.91453e+00	3.37330e+07	1.53557e+02	8.51198e+01	0.00000e+00
5.97603e+03	6.73915e+02	1.08358e+03	3.52425e+03	8.71011e+00	4.91711e+00	3.15237e+07	1.53853e+02	8.52616e+01	0.00000e+00
6.05154e+03	6.78221e+02	1.07158e+03	3.52642e+03	8.71474e+00	4.91867e+00	2.95154e+07	1.54140e+02	8.53574e+01	0.00000e+00
6.12709e+03	6.82468e+02	1.05957e+03	3.52813e+03	8.71705e+00	4.91677e+00	2.76871e+07	1.54392e+02	8.53033e+01	0.00000e+00
6.20269e+03	6.86655e+02	1.04757e+03	3.52863e+03	8.72192e+00	4.91866e+00	2.60196e+07	1.54684e+02	8.54127e+01	0.00000e+00
6.27829e+03	6.90783e+02	1.03557e+03	3.53045e+03	8.72630e+00	4.91982e+00	2.44958e+07	1.54969e+02	8.54914e+01	0.00000e+00
6.35393e+03	6.94851e+02	1.02356e+03	3.53203e+03	8.73016e+00	4.92027e+00	2.31015e+07	1.55249e+02	8.55416e+01	0.00000e+00
6.42961e+03	6.98858e+02	1.01156e+03	3.53345e+03	8.73302e+00	4.91944e+00	2.18238e+07	1.55513e+02	8.55398e+01	0.00000e+00
6.50532e+03	7.02805e+02	9.99559e+02	3.53457e+03	8.73894e+00	4.92269e+00	2.06511e+07	1.55827e+02	8.57074e+01	0.00000e+00
6.58105e+03	7.06691e+02	9.87556e+02	3.53682e+03	8.74353e+00	4.92413e+00	1.95733e+07	1.56119e+02	8.57987e+01	0.00000e+00
6.65683e+03	7.10516e+02	9.75554e+02	3.53852e+03	8.74691e+00	4.92375e+00	1.85816e+07	1.56391e+02	8.58100e+01	0.00000e+00
6.73265e+03	7.14279e+02	9.63551e+02	3.53954e+03	8.75091e+00	4.92435e+00	1.76678e+07	1.56675e+02	8.58660e+01	0.00000e+00
6.80848e+03	7.17980e+02	9.51548e+02	3.54098e+03	8.75359e+00	4.92314e+00	1.68248e+07	1.56937e+02	8.58456e+01	0.00000e+00
6.88435e+03	7.21619e+02	9.39545e+02	3.54187e+03	8.75607e+00	4.92142e+00	1.60462e+07	1.57198e+02	8.58006e+01	0.00000e+00
6.96024e+03	7.25194e+02	9.27543e+02	3.54249e+03	8.76203e+00	4.92468e+00	1.53263e+07	1.57514e+02	8.59681e+01	0.00000e+00
7.03614e+03	7.28707e+02	9.15540e+02	3.54471e+03	8.76546e+00	4.92432e+00	1.46599e+07	1.57789e+02	8.59792e+01	0.00000e+00
7.11209e+03	7.32156e+02	9.03537e+02	3.54570e+03	8.77025e+00	4.92602e+00	1.40429e+07	1.58090e+02	8.60834e+01	0.00000e+00
7.18806e+03	7.35540e+02	8.91535e+02	3.54755e+03	8.77408e+00	4.92633e+00	1.34708e+07	1.58372e+02	8.61267e+01	0.00000e+00
7.26407e+03	7.38860e+02	8.79532e+02	3.54887e+03	8.77737e+00	4.92572e+00	1.29402e+07	1.58648e+02	8.61280e+01	0.00000e+00
7.34011e+03	7.42115e+02	8.67529e+02	3.54981e+03	8.78212e+00	4.92728e+00	1.24476e+07	1.58950e+02	8.62252e+01	0.00000e+00
7.41617e+03	7.45304e+02	8.55527e+02	3.55157e+03	8.78775e+00	4.93004e+00	1.19901e+07	1.59268e+02	8.63739e+01	0.00000e+00
7.49226e+03	7.48426e+02	8.43524e+02	3.55371e+03	8.79308e+00	4.93231e+00	1.15651e+07	1.59583e+02	8.65013e+01	0.00000e+00
7.56840e+03	7.51481e+02	8.31521e+02	3.55568e+03	8.79698e+00	4.93259e+00	1.11702e+07	1.59873e+02	8.65426e+01	0.00000e+00
7.64459e+03	7.54469e+02	8.19518e+02	3.55697e+03	8.80133e+00	4.93351e+00	1.08031e+07	1.60170e+02	8.66118e+01	0.00000e+00
7.72080e+03	7.57388e+02	8.07516e+02	3.55849e+03	8.80532e+00	4.93386e+00	1.04619e+07	1.60462e+02	8.66556e+01	0.00000e+00
7.79704e+03	7.60237e+02	7.95513e+02	3.55977e+03	8.80920e+00	4.93406e+00	1.01447e+07	1.60753e+02	8.66932e+01	0.00000e+00
7.87332e+03	7.63017e+02	7.83510e+02	3.56104e+03	8.81353e+00	4.93491e+00	9.84995e+06	1.61050e+02	8.67586e+01	0.00000e+00
7.94961e+03	7.65726e+02	7.71508e+02	3.56249e+03	8.81780e+00	4.93566e+00	9.57621e+06	1.61349e+02	8.68199e+01	0.00000e+00
8.02594e+03	7.68363e+02	7.59505e+02	3.56393e+03	8.82186e+00	4.93609e+00	9.32216e+06	1.61643e+02	8.68674e+01	0.00000e+00
8.10230e+03	7.70927e+02	7.47502e+02	3.56525e+03	8.82685e+00	4.93777e+00	9.08663e+06	1.61955e+02	8.69674e+01	0.00000e+00
8.17869e+03	7.73417e+02	7.35499e+02	3.56694e+03	8.83145e+00	4.93888e+00	8.86855e+06	1.62263e+02	8.70440e+01	0.00000e+00
8.25512e+03	7.75833e+02	7.23497e+02	3.56847e+03	8.83679e+00	4.94087e+00	8.66700e+06	1.62584e+02	8.71559e+01	0.00000e+00
8.33158e+03	7.78172e+02	7.11494e+02	3.57018e+03	8.84183e+00	4.94252e+00	8.48113e+06	1.62899e+02	8.72543e+01	0.00000e+00
8.40807e+03	7.80434e+02	6.99491e+02	3.57182e+03	8.84654e+00	4.94371e+00	8.31019e+06	1.63210e+02	8.73338e+01	0.00000e+00
8.48460e+03	7.82617e+02	6.87489e+02	3.57336e+03	8.85087e+00	4.94448e+00	8.15350e+06	1.63517e+02	8.73974e+01	0.00000e+00
8.56116e+03	7.84720e+02	6.75486e+02	3.57485e+03	8.85613e+00	4.94637e+00	8.01050e+06	1.63838e+02	8.75056e+01	0.00000e+00
8.63776e+03	7.86742e+02	6.63483e+02	3.57654e+03	8.86073e+00	4.94740e+00	7.88068e+06	1.64150e+02	8.75788e+01	0.00000e+00
8.71439e+03	7.88680e+02	6.51481e+02	3.57804e+03	8.86507e+00	4.94815e+00	7.76363e+06	1.64459e+02	8.76430e+01	0.00000e+00
8.79105e+03	7.90532e+02	6.39478e+02	3.57958e+03	8.87037e+00	4.95004e+00	7.65899e+06	1.64785e+02	8.77516e+01	0.00000e+00
8.86775e+03	7.92298e+02	6.27475e+02	3.58127e+03	8.87493e+00	4.95102e+00	7.56651e+06	1.65097e+02	8.78225e+01	0.00000e+00
8.94448e+03	7.93975e+02	6.15472e+02	3.58275e+03	8.88028e+00	4.95301e+00	7.48599e+06	1.65430e+02	8.79396e+01	0.00000e+00
9.02124e+03	7.95560e+02	6.03470e+02	3.58465e+03	8.88539e+00	4.95470e+00	7.41731e+06	1.65753e+02	8.80410e+01	0.00000e+00
9.09805e+03	7.97052e+02	5.91467e+02	3.58633e+03	8.89005e+00	4.95571e+00	7.36045e+06	1.66071e+02	8.81137e+01	0.00000e+00
9.17489e+03	7.98447e+02	5.79464e+02	3.58782e+03	8.89453e+00	4.95650e+00	7.31544e+06	1.66390e+02	8.81790e+01	0.00000e+00
9.25176e+03	7.99742e+02	5.67462e+02	3.58934e+03	8.89904e+00	4.95717e+00	7.28241e+06	1.66698e+02	8.82297e+01	0.00000e+00
9.32867e+03	8.00936e+02	5.55459e+02	3.59044e+03	8.90544e+00	4.96039e+00	7.26157e+06	1.67055e+02	8.83983e+01	0.00000e+00
9.40560e+03	8.02024e+02	5.43456e+02	3.59262e+03	8.91067e+00	4.96200e+00	7.25325e+06	1.67393e+02	8.84977e+01	0.00000e+00
9.48257e+03	8.03002e+02	5.31453e+02	3.59433e+03	8.91483e+00	4.96231e+00	7.25792e+06	1.67704e+02	8.85402e+01	0.00000e+00
9.55958e+03	8.03867e+02	5.19451e+02	3.59561e+03	8.92077e+00	4.96486e+00	7.27614e+06	1.68049e+02	8.86753e+01	0.00000e+00
9.63662e+03	8.04614e+02	5.07448e+02	3.59741e+03	8.92560e+00	4.96593e+00	7.30860e+06	1.68374e+02	8.87489e+01	0.00000e+00
9.71370e+03	8.05239e+02	4.95445e+02	3.59883e+03	8.93011e+00	4.96655e+00	7.35620e+06	1.68691e+02	8.88007e+01	0.00000e+00
9.79081e+03	8.05736e+02	4.83443e+02	3.60004e+03	8.93942e+00	4.97114e+00	7.41999e+06	1.69187e+02	8.90266e+01	0.00000e+00
9.86794e+03	8.06100e+02	4.71440e+02	3.60252e+03	8.94682e+00	4.97412e+00	7.50128e+06	1.69649e+02	8.91999e+01	0.00000e+00
9.94513e+03	8.06323e+02	4.59437e+02	3.60521e+03	8.96134e+00	4.98181e+00	7.60167e+06	1.70298e+02	8.95181e+01	0.00000e+00
1.00224e+04	8.06399e+02	4.47434e+02	3.60692e+03	8.97952e+00	4.99247e+00	7.72308e+06	1.70833e+02	8.98328e+01	0.00000e+00
1.00224e+04	8.06399e+02	4.47434e+02	4.65000e+03	4.14532e+00	0.00000e+00	1.00000e+04	7.99043e+01	0.00000e+00	0.00000e+00
1.03052e+04	8.07295e+02	3.97720e+02	4.65000e+03	4.14532e+00	0.00000e+00	1.00000e+04	7.99043e+01	0.00000e+00	0.00000e+00
1.05881e+04	8.08191e+02	3.48005e+02	4.65000e+03	4.17937e+00	0.00000e+00	1.00000e+04	8.12223e+01	0.00000e+00	0.00000e+00
1.08709e+04	8.09087e+02	2.98290e+02	4.65000e+03	4.21315e+00	0.00000e+00	1.00000e+04	8.25404e+01	0.00000e+00	0.00000e+00
1.11538e+04	8.09983e+02	2.48575e+02	4.65000e+03	4.24665e+00	0.00000e+00	1.00000e+04	8.38585e+01	0.00000e+00	0.00000e+00
1.14366e+04	8.10879e+02	1.98860e+02	4.65000e+03	4.27990e+00	0.00000e+00	1.00000e+04	8.51765e+01	0.00000e+00	0.00000e+00
1.17194e+04	8.11775e+02	1.49145e+02	4.65000e+03	4.31289e+00	0.00000e+00	1.00000e+04	8.64946e+01	0.00000e+00	0.00000e+00
1.20023e+04	8.12671e+02	9.94299e+01	4.65000e+03	4.34562e+00	0.00000e+00	1.00000e+04	8.78126e+01	0.00000e+00	0.00000e+00
1.22851e+04	8.13567e+02	4.97149e+01	4.65000e+03	4.37812e+00	0.00000e+00	1.00000e+04	8.91307e+01	0.00000e+00	0.00000e+00
1.25680e+04	8.14463e+02	0.00000e+00	4.65000e+03	4.41037e+00	0.00000e+00	1.00000e+04	9.04488e+01	0.00000e+00	0.00000e+00
