P (MPa)		T (K)		r (km)		rho (kg m-3)	VP (km s-1)	VS (km s-1)	QS/gamma	KS (GPa)	GS (GPa)	g (m/s2)	phase	k (S m-1)	
0.00000e+00	1.10000e+02	2.63410e+03	9.32879e+02	3.87940e+00	1.96225e+00	4.56125e+01	9.24000e+00	3.58800e+00	1.42520e+00	1.00000e+00	0.00000e+00
2.58818e+00	1.19570e+02	2.63215e+03	9.32879e+02	3.88184e+00	1.96389e+00	4.56125e+01	9.24852e+00	3.59355e+00	1.42578e+00	1.00000e+00	0.00000e+00
5.17635e+00	1.29972e+02	2.63021e+03	9.33035e+02	3.88447e+00	1.96562e+00	4.56125e+01	9.25701e+00	3.59909e+00	1.42637e+00	1.00000e+00	0.00000e+00
7.76453e+00	1.41280e+02	2.62826e+03	9.33186e+02	3.88733e+00	1.96747e+00	4.56125e+01	9.26547e+00	3.60462e+00	1.42696e+00	1.00000e+00	0.00000e+00
1.03527e+01	1.53571e+02	2.62632e+03	9.33333e+02	3.89049e+00	1.96947e+00	4.56125e+01	9.27389e+00	3.61013e+00	1.42755e+00	1.00000e+00	0.00000e+00
1.29409e+01	1.66932e+02	2.62438e+03	9.33474e+02	3.89403e+00	1.97167e+00	4.56125e+01	9.28227e+00	3.61563e+00	1.42814e+00	1.00000e+00	0.00000e+00
1.55291e+01	1.81454e+02	2.62244e+03	9.33611e+02	3.89805e+00	1.97411e+00	4.56125e+01	9.29062e+00	3.62112e+00	1.42874e+00	1.00000e+00	0.00000e+00
1.81172e+01	1.97241e+02	2.62049e+03	9.33742e+02	3.90267e+00	1.97684e+00	4.56125e+01	9.29893e+00	3.62659e+00	1.42933e+00	1.00000e+00	0.00000e+00
2.07054e+01	2.14401e+02	2.61856e+03	9.33868e+02	3.90799e+00	1.97994e+00	4.56125e+01	9.30721e+00	3.63205e+00	1.42993e+00	1.00000e+00	0.00000e+00
2.32936e+01	2.33053e+02	2.61662e+03	9.33988e+02	3.91410e+00	1.98343e+00	4.56125e+01	9.31546e+00	3.63749e+00	1.43053e+00	1.00000e+00	0.00000e+00
2.58818e+01	2.53329e+02	2.61468e+03	9.34102e+02	3.92103e+00	1.98735e+00	4.56125e+01	9.32367e+00	3.64292e+00	1.43113e+00	1.00000e+00	0.00000e+00
2.84699e+01	2.53364e+02	2.61274e+03	9.34210e+02	3.92257e+00	1.98853e+00	4.56125e+01	9.33184e+00	3.64834e+00	1.43174e+00	1.00000e+00	0.00000e+00
3.10581e+01	2.53400e+02	2.61081e+03	9.34311e+02	3.92411e+00	1.98970e+00	4.56125e+01	9.33998e+00	3.65375e+00	1.43234e+00	1.00000e+00	0.00000e+00
3.36463e+01	2.53436e+02	2.60888e+03	9.34406e+02	3.92563e+00	1.99087e+00	4.56125e+01	9.34809e+00	3.65914e+00	1.43295e+00	1.00000e+00	0.00000e+00
3.62345e+01	2.53473e+02	2.60694e+03	9.34494e+02	3.92715e+00	1.99204e+00	4.56125e+01	9.35616e+00	3.66452e+00	1.43356e+00	1.00000e+00	0.00000e+00
3.88226e+01	2.53510e+02	2.60501e+03	9.34575e+02	3.92866e+00	1.99320e+00	4.56125e+01	9.36420e+00	3.66988e+00	1.43417e+00	1.00000e+00	0.00000e+00
4.14108e+01	2.53548e+02	2.60308e+03	9.34649e+02	3.93016e+00	1.99436e+00	4.56125e+01	9.37220e+00	3.67524e+00	1.43479e+00	1.00000e+00	0.00000e+00
4.39990e+01	2.53587e+02	2.60115e+03	9.34715e+02	3.93166e+00	1.99551e+00	4.56125e+01	9.38016e+00	3.68057e+00	1.43540e+00	1.00000e+00	0.00000e+00
4.65872e+01	2.53626e+02	2.59922e+03	9.34773e+02	3.93315e+00	1.99666e+00	4.56125e+01	9.38809e+00	3.68590e+00	1.43602e+00	1.00000e+00	0.00000e+00
4.91753e+01	2.53666e+02	2.59729e+03	9.34824e+02	3.93463e+00	1.99781e+00	4.56125e+01	9.39599e+00	3.69121e+00	1.43664e+00	1.00000e+00	0.00000e+00
5.17635e+01	2.53706e+02	2.59536e+03	9.34866e+02	3.93611e+00	1.99895e+00	4.56125e+01	9.40385e+00	3.69651e+00	1.43726e+00	1.00000e+00	0.00000e+00
5.43517e+01	2.53747e+02	2.59344e+03	9.34900e+02	3.93758e+00	2.00009e+00	4.56125e+01	9.41168e+00	3.70179e+00	1.43789e+00	1.00000e+00	0.00000e+00
5.69399e+01	2.53788e+02	2.59151e+03	9.34925e+02	3.93904e+00	2.00122e+00	4.56125e+01	9.41947e+00	3.70706e+00	1.43851e+00	1.00000e+00	0.00000e+00
5.95281e+01	2.53830e+02	2.58959e+03	9.34942e+02	3.94050e+00	2.00235e+00	4.56125e+01	9.42723e+00	3.71232e+00	1.43914e+00	1.00000e+00	0.00000e+00
6.21162e+01	2.53872e+02	2.58767e+03	9.34949e+02	3.94195e+00	2.00348e+00	4.56125e+01	9.43495e+00	3.71757e+00	1.43978e+00	1.00000e+00	0.00000e+00
6.47044e+01	2.53916e+02	2.58574e+03	9.34947e+02	3.94340e+00	2.00460e+00	4.56125e+01	9.44264e+00	3.72280e+00	1.44041e+00	1.00000e+00	0.00000e+00
6.72926e+01	2.53959e+02	2.58382e+03	9.34935e+02	3.94483e+00	2.00572e+00	4.56125e+01	9.45029e+00	3.72802e+00	1.44104e+00	1.00000e+00	0.00000e+00
6.98808e+01	2.54004e+02	2.58190e+03	9.34914e+02	3.94627e+00	2.00684e+00	4.56125e+01	9.45791e+00	3.73322e+00	1.44168e+00	1.00000e+00	0.00000e+00
7.24689e+01	2.54049e+02	2.57998e+03	9.34882e+02	3.94770e+00	2.00795e+00	4.56125e+01	9.46549e+00	3.73841e+00	1.44232e+00	1.00000e+00	0.00000e+00
7.50571e+01	2.54095e+02	2.57806e+03	9.34840e+02	3.94912e+00	2.00906e+00	4.56125e+01	9.47304e+00	3.74359e+00	1.44297e+00	1.00000e+00	0.00000e+00
7.76453e+01	2.54141e+02	2.57614e+03	9.34788e+02	3.95054e+00	2.01017e+00	4.56125e+01	9.48055e+00	3.74875e+00	1.44361e+00	1.00000e+00	0.00000e+00
8.02335e+01	2.54188e+02	2.57422e+03	9.34725e+02	3.95195e+00	2.01127e+00	4.56125e+01	9.48803e+00	3.75390e+00	1.44426e+00	1.00000e+00	0.00000e+00
8.28216e+01	2.54236e+02	2.57231e+03	9.34651e+02	3.95336e+00	2.01237e+00	4.56125e+01	9.49548e+00	3.75904e+00	1.44491e+00	1.00000e+00	0.00000e+00
8.54098e+01	2.54284e+02	2.57039e+03	9.34566e+02	3.95476e+00	2.01347e+00	4.56125e+01	9.50289e+00	3.76417e+00	1.44556e+00	1.00000e+00	0.00000e+00
8.79980e+01	2.54333e+02	2.56847e+03	9.34469e+02	3.95616e+00	2.01456e+00	4.56125e+01	9.51026e+00	3.76928e+00	1.44622e+00	1.00000e+00	0.00000e+00
9.05862e+01	2.54383e+02	2.56656e+03	9.34361e+02	3.95755e+00	2.01565e+00	4.56125e+01	9.51760e+00	3.77437e+00	1.44687e+00	1.00000e+00	0.00000e+00
9.31743e+01	2.54434e+02	2.56464e+03	9.34241e+02	3.95894e+00	2.01674e+00	4.56125e+01	9.52490e+00	3.77946e+00	1.44753e+00	1.00000e+00	0.00000e+00
9.57625e+01	2.54485e+02	2.56273e+03	9.34108e+02	3.96032e+00	2.01783e+00	4.56125e+01	9.53217e+00	3.78453e+00	1.44820e+00	1.00000e+00	0.00000e+00
9.83507e+01	2.54537e+02	2.56082e+03	9.33964e+02	3.96170e+00	2.01891e+00	4.56125e+01	9.53941e+00	3.78958e+00	1.44886e+00	1.00000e+00	0.00000e+00
1.00939e+02	2.54590e+02	2.55890e+03	9.33806e+02	3.96308e+00	2.01999e+00	4.56125e+01	9.54661e+00	3.79463e+00	1.44953e+00	1.00000e+00	0.00000e+00
1.03527e+02	2.54643e+02	2.55699e+03	9.33636e+02	3.96445e+00	2.02107e+00	4.56125e+01	9.55377e+00	3.79966e+00	1.45020e+00	1.00000e+00	0.00000e+00
1.06115e+02	2.54697e+02	2.55508e+03	9.33452e+02	3.96581e+00	2.02215e+00	4.56125e+01	9.56090e+00	3.80468e+00	1.45087e+00	1.00000e+00	0.00000e+00
1.08703e+02	2.54752e+02	2.55317e+03	9.33255e+02	3.96717e+00	2.02322e+00	4.56125e+01	9.56800e+00	3.80968e+00	1.45155e+00	1.00000e+00	0.00000e+00
1.11292e+02	2.54808e+02	2.55126e+03	9.33044e+02	3.96853e+00	2.02429e+00	4.56125e+01	9.57506e+00	3.81467e+00	1.45223e+00	1.00000e+00	0.00000e+00
1.13880e+02	2.54865e+02	2.54935e+03	9.32819e+02	3.96989e+00	2.02536e+00	4.56125e+01	9.58208e+00	3.81965e+00	1.45291e+00	1.00000e+00	0.00000e+00
1.16468e+02	2.54922e+02	2.54744e+03	9.32580e+02	3.97124e+00	2.02642e+00	4.56125e+01	9.58908e+00	3.82461e+00	1.45359e+00	1.00000e+00	0.00000e+00
1.19056e+02	2.54980e+02	2.54553e+03	9.32327e+02	3.97258e+00	2.02748e+00	4.56125e+01	9.59603e+00	3.82956e+00	1.45428e+00	1.00000e+00	0.00000e+00
1.21644e+02	2.55039e+02	2.54362e+03	9.32058e+02	3.97393e+00	2.02854e+00	4.56125e+01	9.60295e+00	3.83449e+00	1.45497e+00	1.00000e+00	0.00000e+00
1.24232e+02	2.61367e+02	2.54171e+03	9.31233e+02	3.97702e+00	2.03050e+00	4.56125e+01	9.60984e+00	3.83942e+00	1.45567e+00	1.00000e+00	0.00000e+00
1.26821e+02	2.61500e+02	2.53980e+03	9.31476e+02	3.97838e+00	2.03157e+00	4.56125e+01	9.61669e+00	3.84433e+00	1.45636e+00	1.00000e+00	0.00000e+00
1.29943e+02	2.61531e+02	2.53780e+03	1.06934e+03	1.59513e+00	0.00000e+00	0.00000e+00	2.72086e+00	0.00000e+00	1.45686e+00	0.00000e+00	2.62321e-01
1.33065e+02	2.61563e+02	2.53580e+03	1.07056e+03	1.60139e+00	0.00000e+00	0.00000e+00	2.74540e+00	0.00000e+00	1.45737e+00	0.00000e+00	2.63114e-01
1.36187e+02	2.61596e+02	2.53380e+03	1.07177e+03	1.60765e+00	0.00000e+00	0.00000e+00	2.77004e+00	0.00000e+00	1.45787e+00	0.00000e+00	2.63915e-01
1.39308e+02	2.61630e+02	2.53180e+03	1.07297e+03	1.61390e+00	0.00000e+00	0.00000e+00	2.79476e+00	0.00000e+00	1.45837e+00	0.00000e+00	2.64724e-01
1.42430e+02	2.61665e+02	2.52981e+03	1.07417e+03	1.62015e+00	0.00000e+00	0.00000e+00	2.81958e+00	0.00000e+00	1.45887e+00	0.00000e+00	2.65540e-01
1.45552e+02	2.61702e+02	2.52782e+03	1.07535e+03	1.62639e+00	0.00000e+00	0.00000e+00	2.84447e+00	0.00000e+00	1.45938e+00	0.00000e+00	2.66363e-01
1.48674e+02	2.61740e+02	2.52583e+03	1.07653e+03	1.63262e+00	0.00000e+00	0.00000e+00	2.86943e+00	0.00000e+00	1.45988e+00	0.00000e+00	2.67194e-01
1.51796e+02	2.61778e+02	2.52385e+03	1.07769e+03	1.63884e+00	0.00000e+00	0.00000e+00	2.89447e+00	0.00000e+00	1.46038e+00	0.00000e+00	2.68032e-01
1.54918e+02	2.61818e+02	2.52187e+03	1.07885e+03	1.64505e+00	0.00000e+00	0.00000e+00	2.91956e+00	0.00000e+00	1.46088e+00	0.00000e+00	2.68877e-01
1.58040e+02	2.61859e+02	2.51989e+03	1.08000e+03	1.65124e+00	0.00000e+00	0.00000e+00	2.94472e+00	0.00000e+00	1.46138e+00	0.00000e+00	2.69728e-01
1.61162e+02	2.61901e+02	2.51791e+03	1.08114e+03	1.65742e+00	0.00000e+00	0.00000e+00	2.96993e+00	0.00000e+00	1.46188e+00	0.00000e+00	2.70586e-01
1.64284e+02	2.61943e+02	2.51594e+03	1.08227e+03	1.66358e+00	0.00000e+00	0.00000e+00	2.99519e+00	0.00000e+00	1.46239e+00	0.00000e+00	2.71451e-01
1.67406e+02	2.61987e+02	2.51397e+03	1.08339e+03	1.66973e+00	0.00000e+00	0.00000e+00	3.02050e+00	0.00000e+00	1.46289e+00	0.00000e+00	2.72322e-01
1.70528e+02	2.62032e+02	2.51200e+03	1.08451e+03	1.67586e+00	0.00000e+00	0.00000e+00	3.04585e+00	0.00000e+00	1.46339e+00	0.00000e+00	2.73198e-01
1.73650e+02	2.62077e+02	2.51004e+03	1.08561e+03	1.68197e+00	0.00000e+00	0.00000e+00	3.07124e+00	0.00000e+00	1.46389e+00	0.00000e+00	2.74081e-01
1.76772e+02	2.62123e+02	2.50807e+03	1.08671e+03	1.68807e+00	0.00000e+00	0.00000e+00	3.09667e+00	0.00000e+00	1.46439e+00	0.00000e+00	2.74970e-01
1.79894e+02	2.62171e+02	2.50611e+03	1.08780e+03	1.69414e+00	0.00000e+00	0.00000e+00	3.12213e+00	0.00000e+00	1.46490e+00	0.00000e+00	2.75865e-01
1.83016e+02	2.62219e+02	2.50416e+03	1.08889e+03	1.70020e+00	0.00000e+00	0.00000e+00	3.14763e+00	0.00000e+00	1.46540e+00	0.00000e+00	2.76766e-01
1.86138e+02	2.62268e+02	2.50220e+03	1.08996e+03	1.70624e+00	0.00000e+00	0.00000e+00	3.17314e+00	0.00000e+00	1.46590e+00	0.00000e+00	2.77672e-01
1.89260e+02	2.62317e+02	2.50025e+03	1.09103e+03	1.71225e+00	0.00000e+00	0.00000e+00	3.19868e+00	0.00000e+00	1.46640e+00	0.00000e+00	2.78585e-01
1.92382e+02	2.62368e+02	2.49830e+03	1.09209e+03	1.71824e+00	0.00000e+00	0.00000e+00	3.22425e+00	0.00000e+00	1.46691e+00	0.00000e+00	2.79502e-01
1.95504e+02	2.62419e+02	2.49635e+03	1.09315e+03	1.72421e+00	0.00000e+00	0.00000e+00	3.24982e+00	0.00000e+00	1.46741e+00	0.00000e+00	2.80425e-01
1.98626e+02	2.62471e+02	2.49441e+03	1.09419e+03	1.73016e+00	0.00000e+00	0.00000e+00	3.27542e+00	0.00000e+00	1.46791e+00	0.00000e+00	2.81354e-01
2.01748e+02	2.62524e+02	2.49247e+03	1.09523e+03	1.73609e+00	0.00000e+00	0.00000e+00	3.30102e+00	0.00000e+00	1.46842e+00	0.00000e+00	2.82289e-01
2.04870e+02	2.62577e+02	2.49053e+03	1.09626e+03	1.74199e+00	0.00000e+00	0.00000e+00	3.32663e+00	0.00000e+00	1.46892e+00	0.00000e+00	2.83228e-01
2.07992e+02	2.62632e+02	2.48859e+03	1.09729e+03	1.74786e+00	0.00000e+00	0.00000e+00	3.35224e+00	0.00000e+00	1.46942e+00	0.00000e+00	2.84173e-01
2.11114e+02	2.62686e+02	2.48666e+03	1.09831e+03	1.75372e+00	0.00000e+00	0.00000e+00	3.37786e+00	0.00000e+00	1.46993e+00	0.00000e+00	2.85122e-01
2.14236e+02	2.62742e+02	2.48472e+03	1.09932e+03	1.75954e+00	0.00000e+00	0.00000e+00	3.40348e+00	0.00000e+00	1.47043e+00	0.00000e+00	2.86077e-01
2.17358e+02	2.62798e+02	2.48280e+03	1.10032e+03	1.76534e+00	0.00000e+00	0.00000e+00	3.42909e+00	0.00000e+00	1.47094e+00	0.00000e+00	2.87035e-01
2.20480e+02	2.62855e+02	2.48087e+03	1.10132e+03	1.77112e+00	0.00000e+00	0.00000e+00	3.45469e+00	0.00000e+00	1.47144e+00	0.00000e+00	2.87998e-01
2.23602e+02	2.62912e+02	2.47894e+03	1.10231e+03	1.77687e+00	0.00000e+00	0.00000e+00	3.48028e+00	0.00000e+00	1.47195e+00	0.00000e+00	2.88965e-01
2.26724e+02	2.62971e+02	2.47702e+03	1.10330e+03	1.78259e+00	0.00000e+00	0.00000e+00	3.50586e+00	0.00000e+00	1.47245e+00	0.00000e+00	2.89936e-01
2.29845e+02	2.63029e+02	2.47510e+03	1.10428e+03	1.78828e+00	0.00000e+00	0.00000e+00	3.53142e+00	0.00000e+00	1.47296e+00	0.00000e+00	2.90911e-01
2.32967e+02	2.63088e+02	2.47318e+03	1.10525e+03	1.79395e+00	0.00000e+00	0.00000e+00	3.55697e+00	0.00000e+00	1.47347e+00	0.00000e+00	2.91889e-01
2.36089e+02	2.63148e+02	2.47127e+03	1.10622e+03	1.79959e+00	0.00000e+00	0.00000e+00	3.58251e+00	0.00000e+00	1.47397e+00	0.00000e+00	2.92870e-01
2.39211e+02	2.63209e+02	2.46935e+03	1.10718e+03	1.80520e+00	0.00000e+00	0.00000e+00	3.60802e+00	0.00000e+00	1.47448e+00	0.00000e+00	2.93854e-01
2.42333e+02	2.63270e+02	2.46744e+03	1.10813e+03	1.81079e+00	0.00000e+00	0.00000e+00	3.63352e+00	0.00000e+00	1.47499e+00	0.00000e+00	2.94842e-01
2.45455e+02	2.63331e+02	2.46554e+03	1.10908e+03	1.81635e+00	0.00000e+00	0.00000e+00	3.65899e+00	0.00000e+00	1.47549e+00	0.00000e+00	2.95832e-01
2.48577e+02	2.63393e+02	2.46363e+03	1.11003e+03	1.82188e+00	0.00000e+00	0.00000e+00	3.68445e+00	0.00000e+00	1.47600e+00	0.00000e+00	2.96824e-01
2.51699e+02	2.63456e+02	2.46173e+03	1.11096e+03	1.82739e+00	0.00000e+00	0.00000e+00	3.70989e+00	0.00000e+00	1.47651e+00	0.00000e+00	2.97819e-01
2.54821e+02	2.63519e+02	2.45982e+03	1.11189e+03	1.83287e+00	0.00000e+00	0.00000e+00	3.73530e+00	0.00000e+00	1.47702e+00	0.00000e+00	2.98817e-01
2.57943e+02	2.63582e+02	2.45792e+03	1.11282e+03	1.83832e+00	0.00000e+00	0.00000e+00	3.76070e+00	0.00000e+00	1.47753e+00	0.00000e+00	2.99816e-01
2.61065e+02	2.63646e+02	2.45603e+03	1.11374e+03	1.84375e+00	0.00000e+00	0.00000e+00	3.78609e+00	0.00000e+00	1.47804e+00	0.00000e+00	3.00818e-01
2.64187e+02	2.63711e+02	2.45413e+03	1.11466e+03	1.84916e+00	0.00000e+00	0.00000e+00	3.81146e+00	0.00000e+00	1.47855e+00	0.00000e+00	3.01821e-01
2.67309e+02	2.63776e+02	2.45224e+03	1.11557e+03	1.85454e+00	0.00000e+00	0.00000e+00	3.83681e+00	0.00000e+00	1.47906e+00	0.00000e+00	3.02826e-01
2.70431e+02	2.63841e+02	2.45035e+03	1.11647e+03	1.85990e+00	0.00000e+00	0.00000e+00	3.86215e+00	0.00000e+00	1.47958e+00	0.00000e+00	3.03833e-01
2.73553e+02	2.63907e+02	2.44846e+03	1.11737e+03	1.86524e+00	0.00000e+00	0.00000e+00	3.88748e+00	0.00000e+00	1.48009e+00	0.00000e+00	3.04841e-01
2.76675e+02	2.63973e+02	2.44657e+03	1.11827e+03	1.87056e+00	0.00000e+00	0.00000e+00	3.91281e+00	0.00000e+00	1.48060e+00	0.00000e+00	3.05850e-01
2.79797e+02	2.64040e+02	2.44469e+03	1.11916e+03	1.87585e+00	0.00000e+00	0.00000e+00	3.93813e+00	0.00000e+00	1.48111e+00	0.00000e+00	3.06861e-01
2.82919e+02	2.64107e+02	2.44281e+03	1.12004e+03	1.88113e+00	0.00000e+00	0.00000e+00	3.96344e+00	0.00000e+00	1.48163e+00	0.00000e+00	3.07873e-01
2.86041e+02	2.64175e+02	2.44093e+03	1.12092e+03	1.88639e+00	0.00000e+00	0.00000e+00	3.98875e+00	0.00000e+00	1.48214e+00	0.00000e+00	3.08886e-01
2.89163e+02	2.64243e+02	2.43905e+03	1.12180e+03	1.89162e+00	0.00000e+00	0.00000e+00	4.01406e+00	0.00000e+00	1.48266e+00	0.00000e+00	3.09900e-01
2.92285e+02	2.64311e+02	2.43718e+03	1.12267e+03	1.89684e+00	0.00000e+00	0.00000e+00	4.03937e+00	0.00000e+00	1.48317e+00	0.00000e+00	3.10914e-01
2.95407e+02	2.64380e+02	2.43530e+03	1.12353e+03	1.90204e+00	0.00000e+00	0.00000e+00	4.06467e+00	0.00000e+00	1.48369e+00	0.00000e+00	3.11930e-01
2.98529e+02	2.64449e+02	2.43343e+03	1.12439e+03	1.90722e+00	0.00000e+00	0.00000e+00	4.08997e+00	0.00000e+00	1.48421e+00	0.00000e+00	3.12946e-01
3.01651e+02	2.64519e+02	2.43156e+03	1.12525e+03	1.91238e+00	0.00000e+00	0.00000e+00	4.11526e+00	0.00000e+00	1.48473e+00	0.00000e+00	3.13962e-01
3.04773e+02	2.64589e+02	2.42969e+03	1.12610e+03	1.91752e+00	0.00000e+00	0.00000e+00	4.14054e+00	0.00000e+00	1.48524e+00	0.00000e+00	3.14979e-01
3.07895e+02	2.64659e+02	2.42783e+03	1.12695e+03	1.92264e+00	0.00000e+00	0.00000e+00	4.16581e+00	0.00000e+00	1.48576e+00	0.00000e+00	3.15997e-01
3.11017e+02	2.64730e+02	2.42597e+03	1.12779e+03	1.92774e+00	0.00000e+00	0.00000e+00	4.19107e+00	0.00000e+00	1.48628e+00	0.00000e+00	3.17014e-01
3.14139e+02	2.64801e+02	2.42410e+03	1.12863e+03	1.93282e+00	0.00000e+00	0.00000e+00	4.21632e+00	0.00000e+00	1.48680e+00	0.00000e+00	3.18031e-01
3.17261e+02	2.64872e+02	2.42225e+03	1.12946e+03	1.93788e+00	0.00000e+00	0.00000e+00	4.24156e+00	0.00000e+00	1.48732e+00	0.00000e+00	3.19048e-01
3.20383e+02	2.64944e+02	2.42039e+03	1.13029e+03	1.94292e+00	0.00000e+00	0.00000e+00	4.26678e+00	0.00000e+00	1.48785e+00	0.00000e+00	3.20064e-01
3.23504e+02	2.65016e+02	2.41853e+03	1.13112e+03	1.94794e+00	0.00000e+00	0.00000e+00	4.29200e+00	0.00000e+00	1.48837e+00	0.00000e+00	3.21080e-01
3.26626e+02	2.65088e+02	2.41668e+03	1.13194e+03	1.95294e+00	0.00000e+00	0.00000e+00	4.31719e+00	0.00000e+00	1.48889e+00	0.00000e+00	3.22094e-01
3.29748e+02	2.65160e+02	2.41483e+03	1.13275e+03	1.95792e+00	0.00000e+00	0.00000e+00	4.34236e+00	0.00000e+00	1.48942e+00	0.00000e+00	3.23108e-01
3.32870e+02	2.65233e+02	2.41298e+03	1.13357e+03	1.96288e+00	0.00000e+00	0.00000e+00	4.36751e+00	0.00000e+00	1.48994e+00	0.00000e+00	3.24120e-01
3.35992e+02	2.65307e+02	2.41113e+03	1.13438e+03	1.96781e+00	0.00000e+00	0.00000e+00	4.39263e+00	0.00000e+00	1.49046e+00	0.00000e+00	3.25131e-01
3.39114e+02	2.65380e+02	2.40929e+03	1.13518e+03	1.97272e+00	0.00000e+00	0.00000e+00	4.41771e+00	0.00000e+00	1.49099e+00	0.00000e+00	3.26140e-01
3.42236e+02	2.65454e+02	2.40744e+03	1.13598e+03	1.97761e+00	0.00000e+00	0.00000e+00	4.44275e+00	0.00000e+00	1.49152e+00	0.00000e+00	3.27148e-01
3.45358e+02	2.65528e+02	2.40560e+03	1.13678e+03	1.98247e+00	0.00000e+00	0.00000e+00	4.46774e+00	0.00000e+00	1.49205e+00	0.00000e+00	3.28153e-01
3.48480e+02	2.65602e+02	2.40376e+03	1.13757e+03	1.98730e+00	0.00000e+00	0.00000e+00	4.49267e+00	0.00000e+00	1.49257e+00	0.00000e+00	3.29157e-01
3.51602e+02	2.65677e+02	2.40193e+03	1.13836e+03	1.99210e+00	0.00000e+00	0.00000e+00	4.51754e+00	0.00000e+00	1.49310e+00	0.00000e+00	3.30158e-01
3.54724e+02	2.65752e+02	2.40009e+03	1.13914e+03	1.99687e+00	0.00000e+00	0.00000e+00	4.54234e+00	0.00000e+00	1.49363e+00	0.00000e+00	3.31156e-01
3.57846e+02	2.65827e+02	2.39826e+03	1.13993e+03	2.00162e+00	0.00000e+00	0.00000e+00	4.56707e+00	0.00000e+00	1.49416e+00	0.00000e+00	3.32152e-01
3.60968e+02	2.65902e+02	2.39643e+03	1.14070e+03	2.00633e+00	0.00000e+00	0.00000e+00	4.59173e+00	0.00000e+00	1.49470e+00	0.00000e+00	3.33145e-01
3.64090e+02	2.65978e+02	2.39460e+03	1.14148e+03	2.01101e+00	0.00000e+00	0.00000e+00	4.61632e+00	0.00000e+00	1.49523e+00	0.00000e+00	3.34135e-01
3.67212e+02	2.66054e+02	2.39277e+03	1.14225e+03	2.01567e+00	0.00000e+00	0.00000e+00	4.64086e+00	0.00000e+00	1.49576e+00	0.00000e+00	3.35122e-01
3.70334e+02	2.66130e+02	2.39094e+03	1.14301e+03	2.02030e+00	0.00000e+00	0.00000e+00	4.66533e+00	0.00000e+00	1.49629e+00	0.00000e+00	3.36106e-01
3.73456e+02	2.66206e+02	2.38912e+03	1.14378e+03	2.02490e+00	0.00000e+00	0.00000e+00	4.68975e+00	0.00000e+00	1.49683e+00	0.00000e+00	3.37086e-01
3.76578e+02	2.66283e+02	2.38730e+03	1.14454e+03	2.02948e+00	0.00000e+00	0.00000e+00	4.71413e+00	0.00000e+00	1.49737e+00	0.00000e+00	3.38063e-01
3.79700e+02	2.66360e+02	2.38547e+03	1.14529e+03	2.03404e+00	0.00000e+00	0.00000e+00	4.73845e+00	0.00000e+00	1.49790e+00	0.00000e+00	3.39036e-01
3.82822e+02	2.66437e+02	2.38366e+03	1.14605e+03	2.03858e+00	0.00000e+00	0.00000e+00	4.76274e+00	0.00000e+00	1.49844e+00	0.00000e+00	3.40005e-01
3.85944e+02	2.66514e+02	2.38184e+03	1.14680e+03	2.04309e+00	0.00000e+00	0.00000e+00	4.78697e+00	0.00000e+00	1.49898e+00	0.00000e+00	3.40970e-01
3.89066e+02	2.66592e+02	2.38002e+03	1.14754e+03	2.04758e+00	0.00000e+00	0.00000e+00	4.81117e+00	0.00000e+00	1.49952e+00	0.00000e+00	3.41930e-01
3.92188e+02	2.66670e+02	2.37821e+03	1.14829e+03	2.05205e+00	0.00000e+00	0.00000e+00	4.83532e+00	0.00000e+00	1.50006e+00	0.00000e+00	3.42887e-01
3.95310e+02	2.66748e+02	2.37640e+03	1.14903e+03	2.05650e+00	0.00000e+00	0.00000e+00	4.85944e+00	0.00000e+00	1.50060e+00	0.00000e+00	3.43839e-01
3.98432e+02	2.66826e+02	2.37459e+03	1.14977e+03	2.06092e+00	0.00000e+00	0.00000e+00	4.88352e+00	0.00000e+00	1.50114e+00	0.00000e+00	3.44786e-01
4.01554e+02	2.66904e+02	2.37278e+03	1.15050e+03	2.06533e+00	0.00000e+00	0.00000e+00	4.90756e+00	0.00000e+00	1.50168e+00	0.00000e+00	3.45729e-01
4.04676e+02	2.66983e+02	2.37098e+03	1.15123e+03	2.06972e+00	0.00000e+00	0.00000e+00	4.93158e+00	0.00000e+00	1.50223e+00	0.00000e+00	3.46667e-01
4.07798e+02	2.67061e+02	2.36917e+03	1.15196e+03	2.07409e+00	0.00000e+00	0.00000e+00	4.95556e+00	0.00000e+00	1.50277e+00	0.00000e+00	3.47600e-01
4.10920e+02	2.67140e+02	2.36737e+03	1.15268e+03	2.07845e+00	0.00000e+00	0.00000e+00	4.97951e+00	0.00000e+00	1.50332e+00	0.00000e+00	3.48528e-01
4.14041e+02	2.67220e+02	2.36557e+03	1.15340e+03	2.08278e+00	0.00000e+00	0.00000e+00	5.00344e+00	0.00000e+00	1.50386e+00	0.00000e+00	3.49451e-01
4.17163e+02	2.67299e+02	2.36377e+03	1.15412e+03	2.08710e+00	0.00000e+00	0.00000e+00	5.02735e+00	0.00000e+00	1.50441e+00	0.00000e+00	3.50370e-01
4.20285e+02	2.67378e+02	2.36197e+03	1.15484e+03	2.09141e+00	0.00000e+00	0.00000e+00	5.05123e+00	0.00000e+00	1.50496e+00	0.00000e+00	3.51284e-01
4.23407e+02	2.67458e+02	2.36018e+03	1.15555e+03	2.09569e+00	0.00000e+00	0.00000e+00	5.07510e+00	0.00000e+00	1.50551e+00	0.00000e+00	3.52194e-01
4.26529e+02	2.67538e+02	2.35839e+03	1.15626e+03	2.09997e+00	0.00000e+00	0.00000e+00	5.09894e+00	0.00000e+00	1.50606e+00	0.00000e+00	3.53099e-01
4.29651e+02	2.67618e+02	2.35659e+03	1.15697e+03	2.10423e+00	0.00000e+00	0.00000e+00	5.12277e+00	0.00000e+00	1.50661e+00	0.00000e+00	3.53999e-01
4.32773e+02	2.67698e+02	2.35480e+03	1.15767e+03	2.10847e+00	0.00000e+00	0.00000e+00	5.14659e+00	0.00000e+00	1.50716e+00	0.00000e+00	3.54895e-01
4.35895e+02	2.67779e+02	2.35302e+03	1.15837e+03	2.11270e+00	0.00000e+00	0.00000e+00	5.17039e+00	0.00000e+00	1.50772e+00	0.00000e+00	3.55787e-01
4.39017e+02	2.67859e+02	2.35123e+03	1.15907e+03	2.11691e+00	0.00000e+00	0.00000e+00	5.19417e+00	0.00000e+00	1.50827e+00	0.00000e+00	3.56674e-01
4.42139e+02	2.67940e+02	2.34944e+03	1.15977e+03	2.12112e+00	0.00000e+00	0.00000e+00	5.21794e+00	0.00000e+00	1.50883e+00	0.00000e+00	3.57557e-01
4.45261e+02	2.68021e+02	2.34766e+03	1.16046e+03	2.12531e+00	0.00000e+00	0.00000e+00	5.24171e+00	0.00000e+00	1.50938e+00	0.00000e+00	3.58436e-01
4.48383e+02	2.68102e+02	2.34588e+03	1.16115e+03	2.12948e+00	0.00000e+00	0.00000e+00	5.26545e+00	0.00000e+00	1.50994e+00	0.00000e+00	3.59311e-01
4.51505e+02	2.68184e+02	2.34410e+03	1.16184e+03	2.13365e+00	0.00000e+00	0.00000e+00	5.28919e+00	0.00000e+00	1.51050e+00	0.00000e+00	3.60182e-01
4.54627e+02	2.68265e+02	2.34232e+03	1.16252e+03	2.13780e+00	0.00000e+00	0.00000e+00	5.31292e+00	0.00000e+00	1.51106e+00	0.00000e+00	3.61049e-01
4.57749e+02	2.68347e+02	2.34055e+03	1.16320e+03	2.14193e+00	0.00000e+00	0.00000e+00	5.33664e+00	0.00000e+00	1.51162e+00	0.00000e+00	3.61911e-01
4.60871e+02	2.68428e+02	2.33877e+03	1.16388e+03	2.14606e+00	0.00000e+00	0.00000e+00	5.36034e+00	0.00000e+00	1.51218e+00	0.00000e+00	3.62771e-01
4.63993e+02	2.68510e+02	2.33700e+03	1.16456e+03	2.15017e+00	0.00000e+00	0.00000e+00	5.38404e+00	0.00000e+00	1.51274e+00	0.00000e+00	3.63626e-01
4.67115e+02	2.68592e+02	2.33523e+03	1.16523e+03	2.15427e+00	0.00000e+00	0.00000e+00	5.40772e+00	0.00000e+00	1.51331e+00	0.00000e+00	3.64478e-01
4.70237e+02	2.68674e+02	2.33346e+03	1.16590e+03	2.15836e+00	0.00000e+00	0.00000e+00	5.43140e+00	0.00000e+00	1.51387e+00	0.00000e+00	3.65326e-01
4.73359e+02	2.68757e+02	2.33169e+03	1.16657e+03	2.16244e+00	0.00000e+00	0.00000e+00	5.45508e+00	0.00000e+00	1.51444e+00	0.00000e+00	3.66171e-01
4.76481e+02	2.68839e+02	2.32992e+03	1.16724e+03	2.16651e+00	0.00000e+00	0.00000e+00	5.47876e+00	0.00000e+00	1.51500e+00	0.00000e+00	3.67013e-01
4.79603e+02	2.68922e+02	2.32816e+03	1.16790e+03	2.17057e+00	0.00000e+00	0.00000e+00	5.50244e+00	0.00000e+00	1.51557e+00	0.00000e+00	3.67852e-01
4.82725e+02	2.69005e+02	2.32640e+03	1.16857e+03	2.17462e+00	0.00000e+00	0.00000e+00	5.52613e+00	0.00000e+00	1.51614e+00	0.00000e+00	3.68687e-01
4.85847e+02	2.69088e+02	2.32464e+03	1.16923e+03	2.17867e+00	0.00000e+00	0.00000e+00	5.54983e+00	0.00000e+00	1.51671e+00	0.00000e+00	3.69519e-01
4.88969e+02	2.69171e+02	2.32288e+03	1.16988e+03	2.18270e+00	0.00000e+00	0.00000e+00	5.57355e+00	0.00000e+00	1.51728e+00	0.00000e+00	3.70349e-01
4.92091e+02	2.69254e+02	2.32112e+03	1.17054e+03	2.18673e+00	0.00000e+00	0.00000e+00	5.59728e+00	0.00000e+00	1.51785e+00	0.00000e+00	3.71176e-01
4.95213e+02	2.69337e+02	2.31936e+03	1.17119e+03	2.19076e+00	0.00000e+00	0.00000e+00	5.62103e+00	0.00000e+00	1.51843e+00	0.00000e+00	3.72000e-01
4.98335e+02	2.69421e+02	2.31761e+03	1.17184e+03	2.19478e+00	0.00000e+00	0.00000e+00	5.64480e+00	0.00000e+00	1.51900e+00	0.00000e+00	3.72822e-01
5.01457e+02	2.69504e+02	2.31586e+03	1.17249e+03	2.19879e+00	0.00000e+00	0.00000e+00	5.66859e+00	0.00000e+00	1.51958e+00	0.00000e+00	3.73642e-01
5.04578e+02	2.69588e+02	2.31410e+03	1.17313e+03	2.20280e+00	0.00000e+00	0.00000e+00	5.69240e+00	0.00000e+00	1.52015e+00	0.00000e+00	3.74459e-01
5.07700e+02	2.69672e+02	2.31235e+03	1.17377e+03	2.20680e+00	0.00000e+00	0.00000e+00	5.71625e+00	0.00000e+00	1.52073e+00	0.00000e+00	3.75273e-01
5.10822e+02	2.69756e+02	2.31061e+03	1.17441e+03	2.21080e+00	0.00000e+00	0.00000e+00	5.74011e+00	0.00000e+00	1.52131e+00	0.00000e+00	3.76085e-01
5.13944e+02	2.69840e+02	2.30886e+03	1.17505e+03	2.21480e+00	0.00000e+00	0.00000e+00	5.76400e+00	0.00000e+00	1.52189e+00	0.00000e+00	3.76894e-01
5.17066e+02	2.69924e+02	2.30712e+03	1.17569e+03	2.21879e+00	0.00000e+00	0.00000e+00	5.78791e+00	0.00000e+00	1.52247e+00	0.00000e+00	3.77701e-01
5.20188e+02	2.70009e+02	2.30537e+03	1.17632e+03	2.22277e+00	0.00000e+00	0.00000e+00	5.81185e+00	0.00000e+00	1.52305e+00	0.00000e+00	3.78504e-01
5.23310e+02	2.70093e+02	2.30363e+03	1.17695e+03	2.22675e+00	0.00000e+00	0.00000e+00	5.83580e+00	0.00000e+00	1.52364e+00	0.00000e+00	3.79304e-01
5.26432e+02	2.70178e+02	2.30189e+03	1.17758e+03	2.23072e+00	0.00000e+00	0.00000e+00	5.85978e+00	0.00000e+00	1.52422e+00	0.00000e+00	3.80101e-01
5.29554e+02	2.70263e+02	2.30015e+03	1.17821e+03	2.23469e+00	0.00000e+00	0.00000e+00	5.88377e+00	0.00000e+00	1.52481e+00	0.00000e+00	3.80894e-01
5.32676e+02	2.70347e+02	2.29841e+03	1.17883e+03	2.23865e+00	0.00000e+00	0.00000e+00	5.90777e+00	0.00000e+00	1.52540e+00	0.00000e+00	3.81684e-01
5.35798e+02	2.70432e+02	2.29668e+03	1.17945e+03	2.24261e+00	0.00000e+00	0.00000e+00	5.93179e+00	0.00000e+00	1.52598e+00	0.00000e+00	3.82470e-01
5.38920e+02	2.70517e+02	2.29495e+03	1.18007e+03	2.24655e+00	0.00000e+00	0.00000e+00	5.95583e+00	0.00000e+00	1.52657e+00	0.00000e+00	3.83252e-01
5.42042e+02	2.70603e+02	2.29321e+03	1.18069e+03	2.25050e+00	0.00000e+00	0.00000e+00	5.97987e+00	0.00000e+00	1.52717e+00	0.00000e+00	3.84030e-01
5.45164e+02	2.70688e+02	2.29148e+03	1.18130e+03	2.25443e+00	0.00000e+00	0.00000e+00	6.00393e+00	0.00000e+00	1.52776e+00	0.00000e+00	3.84804e-01
5.48286e+02	2.70773e+02	2.28975e+03	1.18192e+03	2.25836e+00	0.00000e+00	0.00000e+00	6.02799e+00	0.00000e+00	1.52835e+00	0.00000e+00	3.85573e-01
5.51408e+02	2.70859e+02	2.28803e+03	1.18253e+03	2.26228e+00	0.00000e+00	0.00000e+00	6.05207e+00	0.00000e+00	1.52894e+00	0.00000e+00	3.86338e-01
5.54530e+02	2.70944e+02	2.28630e+03	1.18314e+03	2.26619e+00	0.00000e+00	0.00000e+00	6.07614e+00	0.00000e+00	1.52954e+00	0.00000e+00	3.87098e-01
5.57652e+02	2.71030e+02	2.28458e+03	1.18375e+03	2.27009e+00	0.00000e+00	0.00000e+00	6.10022e+00	0.00000e+00	1.53014e+00	0.00000e+00	3.87853e-01
5.60774e+02	2.71116e+02	2.28285e+03	1.18435e+03	2.27399e+00	0.00000e+00	0.00000e+00	6.12431e+00	0.00000e+00	1.53074e+00	0.00000e+00	3.88603e-01
5.63896e+02	2.71202e+02	2.28113e+03	1.18495e+03	2.27788e+00	0.00000e+00	0.00000e+00	6.14839e+00	0.00000e+00	1.53133e+00	0.00000e+00	3.89348e-01
5.67018e+02	2.71288e+02	2.27941e+03	1.18555e+03	2.28176e+00	0.00000e+00	0.00000e+00	6.17248e+00	0.00000e+00	1.53194e+00	0.00000e+00	3.90088e-01
5.70140e+02	2.71374e+02	2.27770e+03	1.18615e+03	2.28562e+00	0.00000e+00	0.00000e+00	6.19656e+00	0.00000e+00	1.53254e+00	0.00000e+00	3.90822e-01
5.73262e+02	2.71460e+02	2.27598e+03	1.18675e+03	2.28948e+00	0.00000e+00	0.00000e+00	6.22063e+00	0.00000e+00	1.53314e+00	0.00000e+00	3.91551e-01
5.76384e+02	2.71547e+02	2.27426e+03	1.18734e+03	2.29333e+00	0.00000e+00	0.00000e+00	6.24470e+00	0.00000e+00	1.53374e+00	0.00000e+00	3.92273e-01
5.79506e+02	2.71633e+02	2.27255e+03	1.18794e+03	2.29717e+00	0.00000e+00	0.00000e+00	6.26876e+00	0.00000e+00	1.53435e+00	0.00000e+00	3.92990e-01
5.82628e+02	2.71719e+02	2.27084e+03	1.18853e+03	2.30100e+00	0.00000e+00	0.00000e+00	6.29280e+00	0.00000e+00	1.53496e+00	0.00000e+00	3.93700e-01
5.85750e+02	2.71806e+02	2.26913e+03	1.18912e+03	2.30482e+00	0.00000e+00	0.00000e+00	6.31683e+00	0.00000e+00	1.53556e+00	0.00000e+00	3.94404e-01
5.88872e+02	2.71893e+02	2.26742e+03	1.18970e+03	2.30863e+00	0.00000e+00	0.00000e+00	6.34084e+00	0.00000e+00	1.53617e+00	0.00000e+00	3.95102e-01
5.91994e+02	2.71979e+02	2.26571e+03	1.19029e+03	2.31242e+00	0.00000e+00	0.00000e+00	6.36482e+00	0.00000e+00	1.53678e+00	0.00000e+00	3.95793e-01
5.95115e+02	2.72066e+02	2.26401e+03	1.19087e+03	2.31620e+00	0.00000e+00	0.00000e+00	6.38878e+00	0.00000e+00	1.53740e+00	0.00000e+00	3.96477e-01
5.98237e+02	2.72153e+02	2.26230e+03	1.19145e+03	2.31997e+00	0.00000e+00	0.00000e+00	6.41271e+00	0.00000e+00	1.53801e+00	0.00000e+00	3.97153e-01
6.01359e+02	2.72210e+02	2.26070e+03	1.26427e+03	4.26037e+00	2.21892e+00	1.23988e+02	1.46865e+01	6.24122e+00	1.53849e+00	5.00000e+00	0.00000e+00
6.04481e+02	2.72373e+02	2.25909e+03	1.26452e+03	4.26156e+00	2.21914e+00	1.23988e+02	1.47015e+01	6.24403e+00	1.53898e+00	5.00000e+00	0.00000e+00
6.07603e+02	2.72537e+02	2.25749e+03	1.26476e+03	4.26275e+00	2.21935e+00	1.23988e+02	1.47165e+01	6.24684e+00	1.53946e+00	5.00000e+00	0.00000e+00
6.10725e+02	2.72695e+02	2.25588e+03	1.26501e+03	4.26395e+00	2.21957e+00	1.23988e+02	1.47315e+01	6.24965e+00	1.53995e+00	5.00000e+00	0.00000e+00
6.13847e+02	2.72852e+02	2.25428e+03	1.26525e+03	4.26515e+00	2.21979e+00	1.23988e+02	1.47465e+01	6.25246e+00	1.54044e+00	5.00000e+00	0.00000e+00
6.16969e+02	2.73009e+02	2.25268e+03	1.26549e+03	4.26635e+00	2.22002e+00	1.23988e+02	1.47615e+01	6.25527e+00	1.54093e+00	5.00000e+00	0.00000e+00
6.20091e+02	2.73167e+02	2.25108e+03	1.26574e+03	4.26755e+00	2.22024e+00	1.23988e+02	1.47764e+01	6.25808e+00	1.54142e+00	5.00000e+00	0.00000e+00
6.23213e+02	2.73324e+02	2.24948e+03	1.26598e+03	4.26876e+00	2.22047e+00	1.23988e+02	1.47914e+01	6.26089e+00	1.54191e+00	5.00000e+00	0.00000e+00
6.26335e+02	2.73482e+02	2.24788e+03	1.26623e+03	4.26997e+00	2.22070e+00	1.23988e+02	1.48064e+01	6.26370e+00	1.54241e+00	5.00000e+00	0.00000e+00
6.29457e+02	2.73639e+02	2.24628e+03	1.26647e+03	4.27118e+00	2.22093e+00	1.23988e+02	1.48214e+01	6.26651e+00	1.54291e+00	5.00000e+00	0.00000e+00
6.32579e+02	2.73796e+02	2.24468e+03	1.26671e+03	4.27240e+00	2.22116e+00	1.23988e+02	1.48364e+01	6.26932e+00	1.54340e+00	5.00000e+00	0.00000e+00
6.35701e+02	2.73983e+02	2.24309e+03	1.26695e+03	4.27362e+00	2.22140e+00	1.23988e+02	1.48514e+01	6.27213e+00	1.54390e+00	5.00000e+00	0.00000e+00
6.38823e+02	2.74173e+02	2.24149e+03	1.26719e+03	4.27484e+00	2.22164e+00	1.23988e+02	1.48664e+01	6.27494e+00	1.54441e+00	5.00000e+00	0.00000e+00
6.41945e+02	2.74363e+02	2.23997e+03	1.32877e+03	4.35670e+00	2.22867e+00	1.51439e+02	1.72320e+01	6.92583e+00	1.54481e+00	6.00000e+00	0.00000e+00
6.45067e+02	2.74553e+02	2.23845e+03	1.32899e+03	4.35880e+00	2.23019e+00	1.51439e+02	1.72448e+01	6.93520e+00	1.54521e+00	6.00000e+00	0.00000e+00
6.48189e+02	2.74743e+02	2.23693e+03	1.32920e+03	4.36090e+00	2.23170e+00	1.51439e+02	1.72576e+01	6.94457e+00	1.54562e+00	6.00000e+00	0.00000e+00
6.51311e+02	2.74933e+02	2.23541e+03	1.32942e+03	4.36299e+00	2.23322e+00	1.51439e+02	1.72704e+01	6.95393e+00	1.54603e+00	6.00000e+00	0.00000e+00
6.54433e+02	2.75123e+02	2.23389e+03	1.32963e+03	4.36509e+00	2.23473e+00	1.51439e+02	1.72832e+01	6.96330e+00	1.54643e+00	6.00000e+00	0.00000e+00
6.57555e+02	2.75313e+02	2.23237e+03	1.32985e+03	4.36719e+00	2.23624e+00	1.51439e+02	1.72960e+01	6.97266e+00	1.54684e+00	6.00000e+00	0.00000e+00
6.60677e+02	2.75545e+02	2.23086e+03	1.33005e+03	4.36929e+00	2.23776e+00	1.51439e+02	1.73088e+01	6.98203e+00	1.54725e+00	6.00000e+00	0.00000e+00
6.63799e+02	2.75789e+02	2.22934e+03	1.33024e+03	4.37139e+00	2.23927e+00	1.51439e+02	1.73216e+01	6.99140e+00	1.54767e+00	6.00000e+00	0.00000e+00
6.66921e+02	2.76033e+02	2.22782e+03	1.33044e+03	4.37349e+00	2.24078e+00	1.51439e+02	1.73344e+01	7.00076e+00	1.54808e+00	6.00000e+00	0.00000e+00
6.70043e+02	2.76277e+02	2.22631e+03	1.33064e+03	4.37559e+00	2.24229e+00	1.51439e+02	1.73472e+01	7.01013e+00	1.54850e+00	6.00000e+00	0.00000e+00
6.73165e+02	2.76520e+02	2.22479e+03	1.33083e+03	4.37768e+00	2.24380e+00	1.51439e+02	1.73600e+01	7.01949e+00	1.54892e+00	6.00000e+00	0.00000e+00
6.76287e+02	2.76764e+02	2.22328e+03	1.33103e+03	4.37978e+00	2.24531e+00	1.51439e+02	1.73728e+01	7.02886e+00	1.54934e+00	6.00000e+00	0.00000e+00
6.79409e+02	2.77008e+02	2.22177e+03	1.33123e+03	4.38187e+00	2.24682e+00	1.51439e+02	1.73856e+01	7.03823e+00	1.54976e+00	6.00000e+00	0.00000e+00
6.82531e+02	2.77252e+02	2.22025e+03	1.33142e+03	4.38397e+00	2.24833e+00	1.51439e+02	1.73984e+01	7.04759e+00	1.55018e+00	6.00000e+00	0.00000e+00
6.85652e+02	2.77490e+02	2.21874e+03	1.33162e+03	4.38606e+00	2.24983e+00	1.51439e+02	1.74112e+01	7.05696e+00	1.55060e+00	6.00000e+00	0.00000e+00
6.88774e+02	2.77724e+02	2.21723e+03	1.33182e+03	4.38815e+00	2.25134e+00	1.51439e+02	1.74240e+01	7.06632e+00	1.55103e+00	6.00000e+00	0.00000e+00
6.91896e+02	2.77958e+02	2.21572e+03	1.33202e+03	4.39024e+00	2.25284e+00	1.51439e+02	1.74368e+01	7.07569e+00	1.55146e+00	6.00000e+00	0.00000e+00
6.95018e+02	2.78193e+02	2.21421e+03	1.33222e+03	4.39233e+00	2.25435e+00	1.51439e+02	1.74496e+01	7.08506e+00	1.55189e+00	6.00000e+00	0.00000e+00
6.98140e+02	2.78427e+02	2.21270e+03	1.33241e+03	4.39442e+00	2.25585e+00	1.51439e+02	1.74624e+01	7.09442e+00	1.55232e+00	6.00000e+00	0.00000e+00
7.01262e+02	2.78662e+02	2.21119e+03	1.33261e+03	4.39651e+00	2.25735e+00	1.51439e+02	1.74752e+01	7.10379e+00	1.55275e+00	6.00000e+00	0.00000e+00
7.04384e+02	2.78896e+02	2.20968e+03	1.33281e+03	4.39860e+00	2.25885e+00	1.51439e+02	1.74880e+01	7.11315e+00	1.55318e+00	6.00000e+00	0.00000e+00
7.07506e+02	2.79130e+02	2.20817e+03	1.33301e+03	4.40068e+00	2.26035e+00	1.51439e+02	1.75008e+01	7.12252e+00	1.55362e+00	6.00000e+00	0.00000e+00
7.10628e+02	2.79360e+02	2.20666e+03	1.33320e+03	4.40277e+00	2.26185e+00	1.51439e+02	1.75136e+01	7.13188e+00	1.55405e+00	6.00000e+00	0.00000e+00
7.13750e+02	2.79585e+02	2.20516e+03	1.33340e+03	4.40485e+00	2.26334e+00	1.51439e+02	1.75264e+01	7.14125e+00	1.55449e+00	6.00000e+00	0.00000e+00
7.16872e+02	2.79811e+02	2.20365e+03	1.33360e+03	4.40693e+00	2.26484e+00	1.51439e+02	1.75392e+01	7.15062e+00	1.55493e+00	6.00000e+00	0.00000e+00
7.19994e+02	2.80036e+02	2.20215e+03	1.33380e+03	4.40901e+00	2.26633e+00	1.51439e+02	1.75520e+01	7.15998e+00	1.55537e+00	6.00000e+00	0.00000e+00
7.23116e+02	2.80262e+02	2.20064e+03	1.33400e+03	4.41109e+00	2.26783e+00	1.51439e+02	1.75648e+01	7.16935e+00	1.55582e+00	6.00000e+00	0.00000e+00
7.26238e+02	2.80487e+02	2.19914e+03	1.33420e+03	4.41317e+00	2.26932e+00	1.51439e+02	1.75776e+01	7.17871e+00	1.55626e+00	6.00000e+00	0.00000e+00
7.29360e+02	2.80713e+02	2.19763e+03	1.33440e+03	4.41525e+00	2.27081e+00	1.51439e+02	1.75904e+01	7.18808e+00	1.55671e+00	6.00000e+00	0.00000e+00
7.32482e+02	2.80939e+02	2.19613e+03	1.33460e+03	4.41733e+00	2.27230e+00	1.51439e+02	1.76032e+01	7.19745e+00	1.55716e+00	6.00000e+00	0.00000e+00
7.35604e+02	2.81160e+02	2.19463e+03	1.33480e+03	4.41940e+00	2.27379e+00	1.51439e+02	1.76160e+01	7.20681e+00	1.55761e+00	6.00000e+00	0.00000e+00
7.38726e+02	2.81378e+02	2.19313e+03	1.33500e+03	4.42148e+00	2.27528e+00	1.51439e+02	1.76288e+01	7.21618e+00	1.55806e+00	6.00000e+00	0.00000e+00
7.41848e+02	2.81595e+02	2.19163e+03	1.33520e+03	4.42355e+00	2.27677e+00	1.51439e+02	1.76416e+01	7.22554e+00	1.55851e+00	6.00000e+00	0.00000e+00
7.44970e+02	2.81813e+02	2.19013e+03	1.33540e+03	4.42562e+00	2.27825e+00	1.51439e+02	1.76544e+01	7.23491e+00	1.55897e+00	6.00000e+00	0.00000e+00
7.48092e+02	2.82030e+02	2.18863e+03	1.33560e+03	4.42770e+00	2.27974e+00	1.51439e+02	1.76672e+01	7.24428e+00	1.55942e+00	6.00000e+00	0.00000e+00
7.51214e+02	2.82247e+02	2.18713e+03	1.33580e+03	4.42977e+00	2.28123e+00	1.51439e+02	1.76800e+01	7.25364e+00	1.55988e+00	6.00000e+00	0.00000e+00
7.54336e+02	2.82465e+02	2.18563e+03	1.33600e+03	4.43184e+00	2.28271e+00	1.51439e+02	1.76928e+01	7.26301e+00	1.56034e+00	6.00000e+00	0.00000e+00
7.57458e+02	2.82682e+02	2.18413e+03	1.33620e+03	4.43391e+00	2.28419e+00	1.51439e+02	1.77056e+01	7.27237e+00	1.56080e+00	6.00000e+00	0.00000e+00
7.60580e+02	2.82897e+02	2.18264e+03	1.33640e+03	4.43597e+00	2.28567e+00	1.51439e+02	1.77184e+01	7.28174e+00	1.56126e+00	6.00000e+00	0.00000e+00
7.63702e+02	2.83107e+02	2.18114e+03	1.33661e+03	4.43804e+00	2.28716e+00	1.51439e+02	1.77312e+01	7.29110e+00	1.56173e+00	6.00000e+00	0.00000e+00
7.66824e+02	2.83317e+02	2.17965e+03	1.33681e+03	4.44010e+00	2.28864e+00	1.51439e+02	1.77440e+01	7.30047e+00	1.56220e+00	6.00000e+00	0.00000e+00
7.69946e+02	2.83527e+02	2.17815e+03	1.33701e+03	4.44217e+00	2.29011e+00	1.51439e+02	1.77568e+01	7.30984e+00	1.56266e+00	6.00000e+00	0.00000e+00
7.73068e+02	2.83737e+02	2.17666e+03	1.33721e+03	4.44423e+00	2.29159e+00	1.51439e+02	1.77696e+01	7.31920e+00	1.56313e+00	6.00000e+00	0.00000e+00
7.76189e+02	2.83946e+02	2.17516e+03	1.33741e+03	4.44630e+00	2.29307e+00	1.51439e+02	1.77824e+01	7.32857e+00	1.56360e+00	6.00000e+00	0.00000e+00
7.79311e+02	2.84156e+02	2.17367e+03	1.33761e+03	4.44836e+00	2.29455e+00	1.51439e+02	1.77952e+01	7.33793e+00	1.56408e+00	6.00000e+00	0.00000e+00
7.82433e+02	2.84366e+02	2.17218e+03	1.33781e+03	4.45042e+00	2.29602e+00	1.51439e+02	1.78080e+01	7.34730e+00	1.56455e+00	6.00000e+00	0.00000e+00
7.85555e+02	2.84574e+02	2.17069e+03	1.33802e+03	4.45248e+00	2.29749e+00	1.51439e+02	1.78208e+01	7.35667e+00	1.56503e+00	6.00000e+00	0.00000e+00
7.88677e+02	2.84777e+02	2.16920e+03	1.33822e+03	4.45454e+00	2.29897e+00	1.51439e+02	1.78336e+01	7.36603e+00	1.56550e+00	6.00000e+00	0.00000e+00
7.91799e+02	2.84980e+02	2.16771e+03	1.33842e+03	4.45659e+00	2.30044e+00	1.51439e+02	1.78464e+01	7.37540e+00	1.56598e+00	6.00000e+00	0.00000e+00
7.94921e+02	2.85183e+02	2.16622e+03	1.33862e+03	4.45865e+00	2.30191e+00	1.51439e+02	1.78592e+01	7.38476e+00	1.56647e+00	6.00000e+00	0.00000e+00
7.98043e+02	2.85386e+02	2.16473e+03	1.33883e+03	4.46071e+00	2.30338e+00	1.51439e+02	1.78720e+01	7.39413e+00	1.56695e+00	6.00000e+00	0.00000e+00
8.01165e+02	2.85589e+02	2.16324e+03	1.33903e+03	4.46276e+00	2.30485e+00	1.51439e+02	1.78848e+01	7.40350e+00	1.56743e+00	6.00000e+00	0.00000e+00
8.04287e+02	2.85792e+02	2.16175e+03	1.33923e+03	4.46482e+00	2.30632e+00	1.51439e+02	1.78976e+01	7.41286e+00	1.56792e+00	6.00000e+00	0.00000e+00
8.07409e+02	2.85994e+02	2.16027e+03	1.33943e+03	4.46687e+00	2.30779e+00	1.51439e+02	1.79104e+01	7.42223e+00	1.56841e+00	6.00000e+00	0.00000e+00
8.10531e+02	2.86197e+02	2.15878e+03	1.33963e+03	4.46892e+00	2.30925e+00	1.51439e+02	1.79232e+01	7.43159e+00	1.56890e+00	6.00000e+00	0.00000e+00
8.13653e+02	2.86393e+02	2.15730e+03	1.33984e+03	4.47097e+00	2.31072e+00	1.51439e+02	1.79360e+01	7.44096e+00	1.56939e+00	6.00000e+00	0.00000e+00
8.16775e+02	2.86589e+02	2.15581e+03	1.34004e+03	4.47302e+00	2.31218e+00	1.51439e+02	1.79488e+01	7.45033e+00	1.56988e+00	6.00000e+00	0.00000e+00
8.19897e+02	2.86786e+02	2.15433e+03	1.34024e+03	4.47507e+00	2.31365e+00	1.51439e+02	1.79616e+01	7.45969e+00	1.57037e+00	6.00000e+00	0.00000e+00
8.23019e+02	2.86982e+02	2.15284e+03	1.34044e+03	4.47712e+00	2.31511e+00	1.51439e+02	1.79744e+01	7.46906e+00	1.57087e+00	6.00000e+00	0.00000e+00
8.26141e+02	2.87179e+02	2.15136e+03	1.34065e+03	4.47916e+00	2.31657e+00	1.51439e+02	1.79872e+01	7.47842e+00	1.57137e+00	6.00000e+00	0.00000e+00
8.29263e+02	2.87375e+02	2.14988e+03	1.34085e+03	4.48121e+00	2.31803e+00	1.51439e+02	1.80000e+01	7.48779e+00	1.57187e+00	6.00000e+00	0.00000e+00
8.32385e+02	2.87572e+02	2.14840e+03	1.34105e+03	4.48326e+00	2.31949e+00	1.51439e+02	1.80128e+01	7.49715e+00	1.57237e+00	6.00000e+00	0.00000e+00
8.35507e+02	2.87768e+02	2.14692e+03	1.34125e+03	4.48530e+00	2.32095e+00	1.51439e+02	1.80256e+01	7.50652e+00	1.57287e+00	6.00000e+00	0.00000e+00
8.38629e+02	2.87958e+02	2.14544e+03	1.34146e+03	4.48734e+00	2.32241e+00	1.51439e+02	1.80384e+01	7.51589e+00	1.57338e+00	6.00000e+00	0.00000e+00
8.41751e+02	2.88149e+02	2.14396e+03	1.34166e+03	4.48938e+00	2.32387e+00	1.51439e+02	1.80512e+01	7.52525e+00	1.57388e+00	6.00000e+00	0.00000e+00
8.44873e+02	2.88339e+02	2.14248e+03	1.34186e+03	4.49142e+00	2.32532e+00	1.51439e+02	1.80640e+01	7.53462e+00	1.57439e+00	6.00000e+00	0.00000e+00
8.47995e+02	2.88530e+02	2.14100e+03	1.34207e+03	4.49346e+00	2.32678e+00	1.51439e+02	1.80768e+01	7.54398e+00	1.57490e+00	6.00000e+00	0.00000e+00
8.51117e+02	2.88720e+02	2.13953e+03	1.34227e+03	4.49550e+00	2.32823e+00	1.51439e+02	1.80896e+01	7.55335e+00	1.57541e+00	6.00000e+00	0.00000e+00
8.54239e+02	2.88911e+02	2.13805e+03	1.34247e+03	4.49754e+00	2.32969e+00	1.51439e+02	1.81024e+01	7.56272e+00	1.57593e+00	6.00000e+00	0.00000e+00
8.57361e+02	2.89101e+02	2.13658e+03	1.34268e+03	4.49958e+00	2.33114e+00	1.51439e+02	1.81152e+01	7.57208e+00	1.57644e+00	6.00000e+00	0.00000e+00
8.60483e+02	2.89292e+02	2.13510e+03	1.34288e+03	4.50162e+00	2.33259e+00	1.51439e+02	1.81280e+01	7.58145e+00	1.57696e+00	6.00000e+00	0.00000e+00
8.63605e+02	2.89478e+02	2.13363e+03	1.34308e+03	4.50365e+00	2.33404e+00	1.51439e+02	1.81408e+01	7.59081e+00	1.57748e+00	6.00000e+00	0.00000e+00
8.66726e+02	2.89663e+02	2.13215e+03	1.34329e+03	4.50569e+00	2.33549e+00	1.51439e+02	1.81536e+01	7.60018e+00	1.57800e+00	6.00000e+00	0.00000e+00
8.69848e+02	2.89848e+02	2.13068e+03	1.34349e+03	4.50772e+00	2.33694e+00	1.51439e+02	1.81664e+01	7.60955e+00	1.57852e+00	6.00000e+00	0.00000e+00
8.72970e+02	2.90033e+02	2.12921e+03	1.34369e+03	4.50975e+00	2.33839e+00	1.51439e+02	1.81792e+01	7.61891e+00	1.57904e+00	6.00000e+00	0.00000e+00
8.76092e+02	2.90218e+02	2.12774e+03	1.34390e+03	4.51178e+00	2.33983e+00	1.51439e+02	1.81920e+01	7.62828e+00	1.57957e+00	6.00000e+00	0.00000e+00
8.79214e+02	2.90403e+02	2.12627e+03	1.34410e+03	4.51381e+00	2.34128e+00	1.51439e+02	1.82048e+01	7.63764e+00	1.58009e+00	6.00000e+00	0.00000e+00
8.82336e+02	2.90588e+02	2.12480e+03	1.34430e+03	4.51584e+00	2.34273e+00	1.51439e+02	1.82176e+01	7.64701e+00	1.58062e+00	6.00000e+00	0.00000e+00
8.85458e+02	2.90773e+02	2.12333e+03	1.34451e+03	4.51787e+00	2.34417e+00	1.51439e+02	1.82304e+01	7.65637e+00	1.58115e+00	6.00000e+00	0.00000e+00
8.88580e+02	2.90954e+02	2.12186e+03	1.34471e+03	4.51990e+00	2.34561e+00	1.51439e+02	1.82432e+01	7.66574e+00	1.58169e+00	6.00000e+00	0.00000e+00
8.91702e+02	2.91134e+02	2.12039e+03	1.34491e+03	4.52193e+00	2.34706e+00	1.51439e+02	1.82560e+01	7.67511e+00	1.58222e+00	6.00000e+00	0.00000e+00
8.94824e+02	2.91314e+02	2.11893e+03	1.34512e+03	4.52395e+00	2.34850e+00	1.51439e+02	1.82688e+01	7.68447e+00	1.58276e+00	6.00000e+00	0.00000e+00
8.97946e+02	2.91494e+02	2.11746e+03	1.34532e+03	4.52598e+00	2.34994e+00	1.51439e+02	1.82816e+01	7.69384e+00	1.58329e+00	6.00000e+00	0.00000e+00
9.01068e+02	2.91674e+02	2.11599e+03	1.34552e+03	4.52800e+00	2.35138e+00	1.51439e+02	1.82944e+01	7.70320e+00	1.58383e+00	6.00000e+00	0.00000e+00
9.04190e+02	2.91854e+02	2.11453e+03	1.34573e+03	4.53002e+00	2.35282e+00	1.51439e+02	1.83072e+01	7.71257e+00	1.58437e+00	6.00000e+00	0.00000e+00
9.07312e+02	2.92034e+02	2.11307e+03	1.34593e+03	4.53205e+00	2.35426e+00	1.51439e+02	1.83200e+01	7.72194e+00	1.58492e+00	6.00000e+00	0.00000e+00
9.10434e+02	2.92214e+02	2.11160e+03	1.34613e+03	4.53407e+00	2.35569e+00	1.51439e+02	1.83328e+01	7.73130e+00	1.58546e+00	6.00000e+00	0.00000e+00
9.13556e+02	2.92390e+02	2.11014e+03	1.34634e+03	4.53609e+00	2.35713e+00	1.51439e+02	1.83456e+01	7.74067e+00	1.58601e+00	6.00000e+00	0.00000e+00
9.16678e+02	2.92566e+02	2.10868e+03	1.34654e+03	4.53811e+00	2.35857e+00	1.51439e+02	1.83584e+01	7.75003e+00	1.58655e+00	6.00000e+00	0.00000e+00
9.19800e+02	2.92741e+02	2.10722e+03	1.34674e+03	4.54012e+00	2.36000e+00	1.51439e+02	1.83712e+01	7.75940e+00	1.58710e+00	6.00000e+00	0.00000e+00
9.22922e+02	2.92917e+02	2.10576e+03	1.34695e+03	4.54214e+00	2.36143e+00	1.51439e+02	1.83840e+01	7.76877e+00	1.58766e+00	6.00000e+00	0.00000e+00
9.26044e+02	2.93092e+02	2.10430e+03	1.34715e+03	4.54416e+00	2.36287e+00	1.51439e+02	1.83968e+01	7.77813e+00	1.58821e+00	6.00000e+00	0.00000e+00
9.29166e+02	2.93267e+02	2.10284e+03	1.34735e+03	4.54617e+00	2.36430e+00	1.51439e+02	1.84096e+01	7.78750e+00	1.58876e+00	6.00000e+00	0.00000e+00
9.32288e+02	2.93443e+02	2.10138e+03	1.34756e+03	4.54819e+00	2.36573e+00	1.51439e+02	1.84224e+01	7.79686e+00	1.58932e+00	6.00000e+00	0.00000e+00
9.35410e+02	2.93618e+02	2.09992e+03	1.34776e+03	4.55020e+00	2.36716e+00	1.51439e+02	1.84352e+01	7.80623e+00	1.58988e+00	6.00000e+00	0.00000e+00
9.38532e+02	2.93791e+02	2.09847e+03	1.34796e+03	4.55222e+00	2.36859e+00	1.51439e+02	1.84480e+01	7.81560e+00	1.59044e+00	6.00000e+00	0.00000e+00
9.41654e+02	2.93962e+02	2.09701e+03	1.34817e+03	4.55423e+00	2.37002e+00	1.51439e+02	1.84608e+01	7.82496e+00	1.59100e+00	6.00000e+00	0.00000e+00
9.44776e+02	2.94133e+02	2.09555e+03	1.34837e+03	4.55624e+00	2.37145e+00	1.51439e+02	1.84736e+01	7.83433e+00	1.59157e+00	6.00000e+00	0.00000e+00
9.47898e+02	2.94304e+02	2.09410e+03	1.34858e+03	4.55825e+00	2.37287e+00	1.51439e+02	1.84864e+01	7.84369e+00	1.59213e+00	6.00000e+00	0.00000e+00
9.51020e+02	2.94476e+02	2.09265e+03	1.34878e+03	4.56026e+00	2.37430e+00	1.51439e+02	1.84992e+01	7.85306e+00	1.59270e+00	6.00000e+00	0.00000e+00
9.54142e+02	2.94647e+02	2.09119e+03	1.34898e+03	4.56227e+00	2.37572e+00	1.51439e+02	1.85120e+01	7.86242e+00	1.59327e+00	6.00000e+00	0.00000e+00
9.57263e+02	2.94818e+02	2.08974e+03	1.34918e+03	4.56427e+00	2.37715e+00	1.51439e+02	1.85248e+01	7.87179e+00	1.59384e+00	6.00000e+00	0.00000e+00
9.60385e+02	2.94989e+02	2.08829e+03	1.34939e+03	4.56628e+00	2.37857e+00	1.51439e+02	1.85376e+01	7.88116e+00	1.59441e+00	6.00000e+00	0.00000e+00
9.63507e+02	2.95158e+02	2.08684e+03	1.34959e+03	4.56829e+00	2.37999e+00	1.51439e+02	1.85504e+01	7.89052e+00	1.59499e+00	6.00000e+00	0.00000e+00
9.66629e+02	2.95326e+02	2.08539e+03	1.34979e+03	4.57029e+00	2.38141e+00	1.51439e+02	1.85632e+01	7.89989e+00	1.59556e+00	6.00000e+00	0.00000e+00
9.69751e+02	2.95493e+02	2.08394e+03	1.35000e+03	4.57229e+00	2.38284e+00	1.51439e+02	1.85760e+01	7.90925e+00	1.59614e+00	6.00000e+00	0.00000e+00
9.72873e+02	2.95660e+02	2.08249e+03	1.35020e+03	4.57430e+00	2.38426e+00	1.51439e+02	1.85888e+01	7.91862e+00	1.59672e+00	6.00000e+00	0.00000e+00
9.75995e+02	2.95827e+02	2.08104e+03	1.35040e+03	4.57630e+00	2.38567e+00	1.51439e+02	1.86016e+01	7.92799e+00	1.59730e+00	6.00000e+00	0.00000e+00
9.79117e+02	2.95995e+02	2.07959e+03	1.35061e+03	4.57830e+00	2.38709e+00	1.51439e+02	1.86144e+01	7.93735e+00	1.59789e+00	6.00000e+00	0.00000e+00
9.82239e+02	2.96162e+02	2.07815e+03	1.35081e+03	4.58030e+00	2.38851e+00	1.51439e+02	1.86272e+01	7.94672e+00	1.59847e+00	6.00000e+00	0.00000e+00
9.85361e+02	2.96329e+02	2.07670e+03	1.35101e+03	4.58230e+00	2.38993e+00	1.51439e+02	1.86400e+01	7.95608e+00	1.59906e+00	6.00000e+00	0.00000e+00
9.88483e+02	2.96495e+02	2.07526e+03	1.35122e+03	4.58430e+00	2.39134e+00	1.51439e+02	1.86528e+01	7.96545e+00	1.59965e+00	6.00000e+00	0.00000e+00
9.91605e+02	2.96659e+02	2.07381e+03	1.35142e+03	4.58630e+00	2.39276e+00	1.51439e+02	1.86656e+01	7.97482e+00	1.60024e+00	6.00000e+00	0.00000e+00
9.94727e+02	2.96823e+02	2.07237e+03	1.35162e+03	4.58829e+00	2.39417e+00	1.51439e+02	1.86784e+01	7.98418e+00	1.60083e+00	6.00000e+00	0.00000e+00
9.97849e+02	2.96986e+02	2.07093e+03	1.35183e+03	4.59029e+00	2.39558e+00	1.51439e+02	1.86912e+01	7.99355e+00	1.60143e+00	6.00000e+00	0.00000e+00
1.00097e+03	2.97150e+02	2.06949e+03	1.35203e+03	4.59228e+00	2.39700e+00	1.51439e+02	1.87040e+01	8.00291e+00	1.60202e+00	6.00000e+00	0.00000e+00
1.00409e+03	2.97314e+02	2.06804e+03	1.35223e+03	4.59428e+00	2.39841e+00	1.51439e+02	1.87168e+01	8.01228e+00	1.60262e+00	6.00000e+00	0.00000e+00
1.00721e+03	2.97478e+02	2.06660e+03	1.35243e+03	4.59627e+00	2.39982e+00	1.51439e+02	1.87296e+01	8.02164e+00	1.60322e+00	6.00000e+00	0.00000e+00
1.01034e+03	2.97641e+02	2.06516e+03	1.35264e+03	4.59826e+00	2.40123e+00	1.51439e+02	1.87424e+01	8.03101e+00	1.60382e+00	6.00000e+00	0.00000e+00
1.01346e+03	2.97804e+02	2.06373e+03	1.35284e+03	4.60026e+00	2.40264e+00	1.51439e+02	1.87552e+01	8.04038e+00	1.60443e+00	6.00000e+00	0.00000e+00
1.01658e+03	2.97965e+02	2.06229e+03	1.35304e+03	4.60225e+00	2.40405e+00	1.51439e+02	1.87680e+01	8.04974e+00	1.60503e+00	6.00000e+00	0.00000e+00
1.01970e+03	2.98125e+02	2.06085e+03	1.35324e+03	4.60424e+00	2.40545e+00	1.51439e+02	1.87808e+01	8.05911e+00	1.60564e+00	6.00000e+00	0.00000e+00
1.02282e+03	2.98286e+02	2.05941e+03	1.35345e+03	4.60622e+00	2.40686e+00	1.51439e+02	1.87936e+01	8.06847e+00	1.60625e+00	6.00000e+00	0.00000e+00
1.02595e+03	2.98447e+02	2.05798e+03	1.35365e+03	4.60821e+00	2.40827e+00	1.51439e+02	1.88064e+01	8.07784e+00	1.60686e+00	6.00000e+00	0.00000e+00
1.02907e+03	2.98607e+02	2.05654e+03	1.35385e+03	4.61020e+00	2.40967e+00	1.51439e+02	1.88192e+01	8.08721e+00	1.60748e+00	6.00000e+00	0.00000e+00
1.03219e+03	2.98768e+02	2.05511e+03	1.35405e+03	4.61219e+00	2.41107e+00	1.51439e+02	1.88320e+01	8.09657e+00	1.60809e+00	6.00000e+00	0.00000e+00
1.03531e+03	2.98928e+02	2.05367e+03	1.35426e+03	4.61417e+00	2.41248e+00	1.51439e+02	1.88448e+01	8.10594e+00	1.60871e+00	6.00000e+00	0.00000e+00
1.03843e+03	2.99088e+02	2.05224e+03	1.35446e+03	4.61616e+00	2.41388e+00	1.51439e+02	1.88576e+01	8.11530e+00	1.60933e+00	6.00000e+00	0.00000e+00
1.04156e+03	2.99246e+02	2.05081e+03	1.35466e+03	4.61814e+00	2.41528e+00	1.51439e+02	1.88704e+01	8.12467e+00	1.60995e+00	6.00000e+00	0.00000e+00
1.04468e+03	2.99404e+02	2.04938e+03	1.35486e+03	4.62012e+00	2.41668e+00	1.51439e+02	1.88832e+01	8.13404e+00	1.61057e+00	6.00000e+00	0.00000e+00
1.04780e+03	2.99561e+02	2.04795e+03	1.35507e+03	4.62210e+00	2.41808e+00	1.51439e+02	1.88960e+01	8.14340e+00	1.61119e+00	6.00000e+00	0.00000e+00
1.05092e+03	2.99719e+02	2.04652e+03	1.35527e+03	4.62409e+00	2.41948e+00	1.51439e+02	1.89088e+01	8.15277e+00	1.61182e+00	6.00000e+00	0.00000e+00
1.05404e+03	2.99877e+02	2.04509e+03	1.35547e+03	4.62607e+00	2.42088e+00	1.51439e+02	1.89216e+01	8.16213e+00	1.61245e+00	6.00000e+00	0.00000e+00
1.05717e+03	3.00034e+02	2.04366e+03	1.35567e+03	4.62805e+00	2.42228e+00	1.51439e+02	1.89344e+01	8.17150e+00	1.61308e+00	6.00000e+00	0.00000e+00
1.06029e+03	3.00192e+02	2.04223e+03	1.35587e+03	4.63002e+00	2.42367e+00	1.51439e+02	1.89472e+01	8.18087e+00	1.61371e+00	6.00000e+00	0.00000e+00
1.06341e+03	3.00350e+02	2.04081e+03	1.35607e+03	4.63200e+00	2.42507e+00	1.51439e+02	1.89600e+01	8.19023e+00	1.61434e+00	6.00000e+00	0.00000e+00
1.06653e+03	3.00505e+02	2.03938e+03	1.35628e+03	4.63398e+00	2.42647e+00	1.51439e+02	1.89728e+01	8.19960e+00	1.61498e+00	6.00000e+00	0.00000e+00
1.06965e+03	3.00660e+02	2.03796e+03	1.35648e+03	4.63595e+00	2.42786e+00	1.51439e+02	1.89856e+01	8.20896e+00	1.61561e+00	6.00000e+00	0.00000e+00
1.07278e+03	3.00815e+02	2.03653e+03	1.35668e+03	4.63793e+00	2.42925e+00	1.51439e+02	1.89984e+01	8.21833e+00	1.61625e+00	6.00000e+00	0.00000e+00
1.07590e+03	3.00970e+02	2.03511e+03	1.35688e+03	4.63990e+00	2.43065e+00	1.51439e+02	1.90112e+01	8.22769e+00	1.61689e+00	6.00000e+00	0.00000e+00
1.07902e+03	3.01125e+02	2.03369e+03	1.35708e+03	4.64188e+00	2.43204e+00	1.51439e+02	1.90240e+01	8.23706e+00	1.61754e+00	6.00000e+00	0.00000e+00
1.08214e+03	3.01280e+02	2.03226e+03	1.35728e+03	4.64385e+00	2.43343e+00	1.51439e+02	1.90368e+01	8.24643e+00	1.61818e+00	6.00000e+00	0.00000e+00
1.08526e+03	3.01435e+02	2.03084e+03	1.35748e+03	4.64582e+00	2.43482e+00	1.51439e+02	1.90496e+01	8.25579e+00	1.61883e+00	6.00000e+00	0.00000e+00
1.08839e+03	3.01590e+02	2.02942e+03	1.35769e+03	4.64779e+00	2.43621e+00	1.51439e+02	1.90624e+01	8.26516e+00	1.61948e+00	6.00000e+00	0.00000e+00
1.09151e+03	3.01743e+02	2.02800e+03	1.35789e+03	4.64976e+00	2.43760e+00	1.51439e+02	1.90752e+01	8.27452e+00	1.62013e+00	6.00000e+00	0.00000e+00
1.09463e+03	3.01896e+02	2.02658e+03	1.35809e+03	4.65173e+00	2.43899e+00	1.51439e+02	1.90880e+01	8.28389e+00	1.62078e+00	6.00000e+00	0.00000e+00
1.09775e+03	3.02049e+02	2.02516e+03	1.35829e+03	4.65370e+00	2.44037e+00	1.51439e+02	1.91008e+01	8.29326e+00	1.62143e+00	6.00000e+00	0.00000e+00
1.10087e+03	3.02202e+02	2.02375e+03	1.35849e+03	4.65567e+00	2.44176e+00	1.51439e+02	1.91136e+01	8.30262e+00	1.62209e+00	6.00000e+00	0.00000e+00
1.10400e+03	3.02354e+02	2.02233e+03	1.35869e+03	4.65763e+00	2.44315e+00	1.51439e+02	1.91264e+01	8.31199e+00	1.62275e+00	6.00000e+00	0.00000e+00
1.10712e+03	3.02507e+02	2.02092e+03	1.35889e+03	4.65960e+00	2.44453e+00	1.51439e+02	1.91392e+01	8.32135e+00	1.62341e+00	6.00000e+00	0.00000e+00
1.11024e+03	3.02660e+02	2.01950e+03	1.35909e+03	4.66157e+00	2.44592e+00	1.51439e+02	1.91520e+01	8.33072e+00	1.62407e+00	6.00000e+00	0.00000e+00
1.11336e+03	3.02813e+02	2.01809e+03	1.35929e+03	4.66353e+00	2.44730e+00	1.51439e+02	1.91648e+01	8.34009e+00	1.62473e+00	6.00000e+00	0.00000e+00
1.11648e+03	3.02964e+02	2.01667e+03	1.35949e+03	4.66549e+00	2.44868e+00	1.51439e+02	1.91776e+01	8.34945e+00	1.62540e+00	6.00000e+00	0.00000e+00
1.11961e+03	3.03115e+02	2.01526e+03	1.35969e+03	4.66746e+00	2.45006e+00	1.51439e+02	1.91904e+01	8.35882e+00	1.62607e+00	6.00000e+00	0.00000e+00
1.12273e+03	3.03265e+02	2.01385e+03	1.35989e+03	4.66942e+00	2.45144e+00	1.51439e+02	1.92032e+01	8.36818e+00	1.62674e+00	6.00000e+00	0.00000e+00
1.12585e+03	3.03416e+02	2.01244e+03	1.36009e+03	4.67138e+00	2.45282e+00	1.51439e+02	1.92160e+01	8.37755e+00	1.62741e+00	6.00000e+00	0.00000e+00
1.12897e+03	3.03567e+02	2.01103e+03	1.36030e+03	4.67334e+00	2.45420e+00	1.51439e+02	1.92288e+01	8.38691e+00	1.62808e+00	6.00000e+00	0.00000e+00
1.13209e+03	3.03717e+02	2.00962e+03	1.36050e+03	4.67530e+00	2.45558e+00	1.51439e+02	1.92416e+01	8.39628e+00	1.62876e+00	6.00000e+00	0.00000e+00
1.13522e+03	3.03868e+02	2.00821e+03	1.36069e+03	4.67726e+00	2.45696e+00	1.51439e+02	1.92544e+01	8.40565e+00	1.62944e+00	6.00000e+00	0.00000e+00
1.13834e+03	3.04019e+02	2.00680e+03	1.36089e+03	4.67921e+00	2.45834e+00	1.51439e+02	1.92672e+01	8.41501e+00	1.63011e+00	6.00000e+00	0.00000e+00
1.14146e+03	3.04168e+02	2.00539e+03	1.36109e+03	4.68117e+00	2.45971e+00	1.51439e+02	1.92800e+01	8.42438e+00	1.63080e+00	6.00000e+00	0.00000e+00
1.14458e+03	3.04317e+02	2.00399e+03	1.36129e+03	4.68313e+00	2.46109e+00	1.51439e+02	1.92928e+01	8.43374e+00	1.63148e+00	6.00000e+00	0.00000e+00
1.14770e+03	3.04466e+02	2.00258e+03	1.36149e+03	4.68508e+00	2.46246e+00	1.51439e+02	1.93056e+01	8.44311e+00	1.63216e+00	6.00000e+00	0.00000e+00
1.15083e+03	3.04615e+02	2.00118e+03	1.36169e+03	4.68704e+00	2.46384e+00	1.51439e+02	1.93184e+01	8.45248e+00	1.63285e+00	6.00000e+00	0.00000e+00
1.15395e+03	3.04764e+02	1.99977e+03	1.36189e+03	4.68899e+00	2.46521e+00	1.51439e+02	1.93312e+01	8.46184e+00	1.63354e+00	6.00000e+00	0.00000e+00
1.15707e+03	3.04913e+02	1.99837e+03	1.36209e+03	4.69094e+00	2.46659e+00	1.51439e+02	1.93440e+01	8.47121e+00	1.63423e+00	6.00000e+00	0.00000e+00
1.16019e+03	3.05062e+02	1.99697e+03	1.36229e+03	4.69290e+00	2.46796e+00	1.51439e+02	1.93568e+01	8.48057e+00	1.63492e+00	6.00000e+00	0.00000e+00
1.16331e+03	3.05211e+02	1.99557e+03	1.36249e+03	4.69485e+00	2.46933e+00	1.51439e+02	1.93696e+01	8.48994e+00	1.63562e+00	6.00000e+00	0.00000e+00
1.16644e+03	3.05359e+02	1.99417e+03	1.36269e+03	4.69680e+00	2.47070e+00	1.51439e+02	1.93824e+01	8.49931e+00	1.63632e+00	6.00000e+00	0.00000e+00
1.16956e+03	3.05506e+02	1.99277e+03	1.36289e+03	4.69875e+00	2.47207e+00	1.51439e+02	1.93952e+01	8.50867e+00	1.63701e+00	6.00000e+00	0.00000e+00
1.17268e+03	3.05653e+02	1.99137e+03	1.36309e+03	4.70070e+00	2.47344e+00	1.51439e+02	1.94080e+01	8.51804e+00	1.63772e+00	6.00000e+00	0.00000e+00
1.17580e+03	3.05801e+02	1.98997e+03	1.36329e+03	4.70264e+00	2.47481e+00	1.51439e+02	1.94208e+01	8.52740e+00	1.63842e+00	6.00000e+00	0.00000e+00
1.17892e+03	3.05948e+02	1.98857e+03	1.36349e+03	4.70459e+00	2.47617e+00	1.51439e+02	1.94336e+01	8.53677e+00	1.63912e+00	6.00000e+00	0.00000e+00
1.18205e+03	3.06095e+02	1.98717e+03	1.36368e+03	4.70654e+00	2.47754e+00	1.51439e+02	1.94464e+01	8.54614e+00	1.63983e+00	6.00000e+00	0.00000e+00
1.18517e+03	3.06243e+02	1.98578e+03	1.36388e+03	4.70848e+00	2.47891e+00	1.51439e+02	1.94592e+01	8.55550e+00	1.64054e+00	6.00000e+00	0.00000e+00
1.18829e+03	3.06390e+02	1.98438e+03	1.36408e+03	4.71043e+00	2.48027e+00	1.51439e+02	1.94720e+01	8.56487e+00	1.64125e+00	6.00000e+00	0.00000e+00
1.19141e+03	3.06537e+02	1.98299e+03	1.36428e+03	4.71237e+00	2.48163e+00	1.51439e+02	1.94848e+01	8.57423e+00	1.64196e+00	6.00000e+00	0.00000e+00
1.19453e+03	3.06683e+02	1.98160e+03	1.36448e+03	4.71432e+00	2.48300e+00	1.51439e+02	1.94976e+01	8.58360e+00	1.64268e+00	6.00000e+00	0.00000e+00
1.19765e+03	3.06829e+02	1.98020e+03	1.36467e+03	4.71626e+00	2.48436e+00	1.51439e+02	1.95104e+01	8.59296e+00	1.64339e+00	6.00000e+00	0.00000e+00
1.20078e+03	3.06975e+02	1.97881e+03	1.36487e+03	4.71820e+00	2.48572e+00	1.51439e+02	1.95232e+01	8.60233e+00	1.64411e+00	6.00000e+00	0.00000e+00
1.20390e+03	3.07121e+02	1.97742e+03	1.36507e+03	4.72014e+00	2.48709e+00	1.51439e+02	1.95360e+01	8.61170e+00	1.64483e+00	6.00000e+00	0.00000e+00
1.20702e+03	3.07267e+02	1.97603e+03	1.36527e+03	4.72208e+00	2.48845e+00	1.51439e+02	1.95488e+01	8.62106e+00	1.64555e+00	6.00000e+00	0.00000e+00
1.21014e+03	3.07413e+02	1.97464e+03	1.36547e+03	4.72402e+00	2.48981e+00	1.51439e+02	1.95616e+01	8.63043e+00	1.64628e+00	6.00000e+00	0.00000e+00
1.21326e+03	3.07559e+02	1.97325e+03	1.36566e+03	4.72596e+00	2.49117e+00	1.51439e+02	1.95744e+01	8.63979e+00	1.64701e+00	6.00000e+00	0.00000e+00
1.21639e+03	3.07704e+02	1.97186e+03	1.36586e+03	4.72790e+00	2.49252e+00	1.51439e+02	1.95872e+01	8.64916e+00	1.64773e+00	6.00000e+00	0.00000e+00
1.21951e+03	3.07849e+02	1.97048e+03	1.36606e+03	4.72983e+00	2.49388e+00	1.51439e+02	1.96000e+01	8.65853e+00	1.64846e+00	6.00000e+00	0.00000e+00
1.22263e+03	3.07994e+02	1.96909e+03	1.36626e+03	4.73177e+00	2.49524e+00	1.51439e+02	1.96128e+01	8.66789e+00	1.64920e+00	6.00000e+00	0.00000e+00
1.22575e+03	3.08139e+02	1.96771e+03	1.36645e+03	4.73370e+00	2.49659e+00	1.51439e+02	1.96256e+01	8.67726e+00	1.64993e+00	6.00000e+00	0.00000e+00
1.22887e+03	3.08284e+02	1.96632e+03	1.36665e+03	4.73564e+00	2.49795e+00	1.51439e+02	1.96384e+01	8.68662e+00	1.65067e+00	6.00000e+00	0.00000e+00
1.23200e+03	3.08428e+02	1.96494e+03	1.36685e+03	4.73757e+00	2.49931e+00	1.51439e+02	1.96512e+01	8.69599e+00	1.65141e+00	6.00000e+00	0.00000e+00
1.23512e+03	3.08573e+02	1.96355e+03	1.36704e+03	4.73951e+00	2.50066e+00	1.51439e+02	1.96640e+01	8.70536e+00	1.65215e+00	6.00000e+00	0.00000e+00
1.23824e+03	3.08718e+02	1.96217e+03	1.36724e+03	4.74144e+00	2.50201e+00	1.51439e+02	1.96768e+01	8.71472e+00	1.65289e+00	6.00000e+00	0.00000e+00
1.24136e+03	3.08863e+02	1.96079e+03	1.36744e+03	4.74337e+00	2.50337e+00	1.51439e+02	1.96896e+01	8.72409e+00	1.65363e+00	6.00000e+00	0.00000e+00
1.24448e+03	3.09007e+02	1.95941e+03	1.36763e+03	4.74530e+00	2.50472e+00	1.51439e+02	1.97024e+01	8.73345e+00	1.65438e+00	6.00000e+00	0.00000e+00
1.24761e+03	3.09151e+02	1.95803e+03	1.36783e+03	4.74723e+00	2.50607e+00	1.51439e+02	1.97152e+01	8.74282e+00	1.65513e+00	6.00000e+00	0.00000e+00
1.25073e+03	3.09295e+02	1.95665e+03	1.36802e+03	4.74916e+00	2.50742e+00	1.51439e+02	1.97280e+01	8.75218e+00	1.65588e+00	6.00000e+00	0.00000e+00
1.25385e+03	3.09438e+02	1.95527e+03	1.36822e+03	4.75109e+00	2.50877e+00	1.51439e+02	1.97408e+01	8.76155e+00	1.65663e+00	6.00000e+00	0.00000e+00
1.25697e+03	3.09582e+02	1.95390e+03	1.36842e+03	4.75302e+00	2.51012e+00	1.51439e+02	1.97536e+01	8.77092e+00	1.65739e+00	6.00000e+00	0.00000e+00
1.26009e+03	3.09726e+02	1.95252e+03	1.36861e+03	4.75494e+00	2.51147e+00	1.51439e+02	1.97664e+01	8.78028e+00	1.65814e+00	6.00000e+00	0.00000e+00
1.26322e+03	3.09870e+02	1.95114e+03	1.36881e+03	4.75687e+00	2.51281e+00	1.51439e+02	1.97792e+01	8.78965e+00	1.65890e+00	6.00000e+00	0.00000e+00
1.26634e+03	3.10014e+02	1.94977e+03	1.36900e+03	4.75879e+00	2.51416e+00	1.51439e+02	1.97920e+01	8.79901e+00	1.65966e+00	6.00000e+00	0.00000e+00
1.26946e+03	3.10157e+02	1.94840e+03	1.36920e+03	4.76072e+00	2.51551e+00	1.51439e+02	1.98048e+01	8.80838e+00	1.66043e+00	6.00000e+00	0.00000e+00
1.27258e+03	3.10300e+02	1.94702e+03	1.36939e+03	4.76264e+00	2.51685e+00	1.51439e+02	1.98176e+01	8.81775e+00	1.66119e+00	6.00000e+00	0.00000e+00
1.27570e+03	3.10444e+02	1.94565e+03	1.36959e+03	4.76457e+00	2.51820e+00	1.51439e+02	1.98304e+01	8.82711e+00	1.66196e+00	6.00000e+00	0.00000e+00
1.27883e+03	3.10587e+02	1.94428e+03	1.36978e+03	4.76649e+00	2.51954e+00	1.51439e+02	1.98432e+01	8.83648e+00	1.66273e+00	6.00000e+00	0.00000e+00
1.28195e+03	3.10730e+02	1.94291e+03	1.36998e+03	4.76841e+00	2.52089e+00	1.51439e+02	1.98560e+01	8.84584e+00	1.66350e+00	6.00000e+00	0.00000e+00
1.28507e+03	3.10873e+02	1.94154e+03	1.37017e+03	4.77033e+00	2.52223e+00	1.51439e+02	1.98688e+01	8.85521e+00	1.66427e+00	6.00000e+00	0.00000e+00
1.28819e+03	3.11016e+02	1.94017e+03	1.37037e+03	4.77225e+00	2.52357e+00	1.51439e+02	1.98816e+01	8.86458e+00	1.66505e+00	6.00000e+00	0.00000e+00
1.29131e+03	3.11160e+02	1.93880e+03	1.37056e+03	4.77417e+00	2.52491e+00	1.51439e+02	1.98944e+01	8.87394e+00	1.66582e+00	6.00000e+00	0.00000e+00
1.29444e+03	3.11302e+02	1.93744e+03	1.37076e+03	4.77609e+00	2.52625e+00	1.51439e+02	1.99072e+01	8.88331e+00	1.66660e+00	6.00000e+00	0.00000e+00
1.29756e+03	3.11445e+02	1.93607e+03	1.37095e+03	4.77801e+00	2.52759e+00	1.51439e+02	1.99200e+01	8.89267e+00	1.66738e+00	6.00000e+00	0.00000e+00
1.30068e+03	3.11587e+02	1.93470e+03	1.37115e+03	4.77992e+00	2.52893e+00	1.51439e+02	1.99328e+01	8.90204e+00	1.66817e+00	6.00000e+00	0.00000e+00
1.30380e+03	3.11730e+02	1.93334e+03	1.37134e+03	4.78184e+00	2.53027e+00	1.51439e+02	1.99456e+01	8.91141e+00	1.66895e+00	6.00000e+00	0.00000e+00
1.30692e+03	3.11873e+02	1.93197e+03	1.37153e+03	4.78376e+00	2.53161e+00	1.51439e+02	1.99584e+01	8.92077e+00	1.66974e+00	6.00000e+00	0.00000e+00
1.31005e+03	3.12015e+02	1.93061e+03	1.37173e+03	4.78567e+00	2.53295e+00	1.51439e+02	1.99712e+01	8.93014e+00	1.67053e+00	6.00000e+00	0.00000e+00
1.31317e+03	3.12158e+02	1.92925e+03	1.37192e+03	4.78758e+00	2.53428e+00	1.51439e+02	1.99840e+01	8.93950e+00	1.67132e+00	6.00000e+00	0.00000e+00
1.31629e+03	3.12301e+02	1.92789e+03	1.37211e+03	4.78950e+00	2.53562e+00	1.51439e+02	1.99968e+01	8.94887e+00	1.67212e+00	6.00000e+00	0.00000e+00
1.31941e+03	3.12443e+02	1.92653e+03	1.37231e+03	4.79141e+00	2.53695e+00	1.51439e+02	2.00096e+01	8.95823e+00	1.67291e+00	6.00000e+00	0.00000e+00
1.32253e+03	3.12585e+02	1.92517e+03	1.37250e+03	4.79332e+00	2.53829e+00	1.51439e+02	2.00224e+01	8.96760e+00	1.67371e+00	6.00000e+00	0.00000e+00
1.32566e+03	3.12727e+02	1.92381e+03	1.37269e+03	4.79523e+00	2.53962e+00	1.51439e+02	2.00352e+01	8.97697e+00	1.67451e+00	6.00000e+00	0.00000e+00
1.32878e+03	3.12870e+02	1.92245e+03	1.37289e+03	4.79714e+00	2.54096e+00	1.51439e+02	2.00480e+01	8.98633e+00	1.67531e+00	6.00000e+00	0.00000e+00
1.33190e+03	3.13012e+02	1.92109e+03	1.37308e+03	4.79905e+00	2.54229e+00	1.51439e+02	2.00608e+01	8.99570e+00	1.67612e+00	6.00000e+00	0.00000e+00
1.33502e+03	3.13154e+02	1.91974e+03	1.37327e+03	4.80096e+00	2.54362e+00	1.51439e+02	2.00736e+01	9.00506e+00	1.67692e+00	6.00000e+00	0.00000e+00
1.33814e+03	3.13296e+02	1.91838e+03	1.37347e+03	4.80287e+00	2.54495e+00	1.51439e+02	2.00864e+01	9.01443e+00	1.67773e+00	6.00000e+00	0.00000e+00
1.34127e+03	3.13439e+02	1.91703e+03	1.37366e+03	4.80478e+00	2.54628e+00	1.51439e+02	2.00992e+01	9.02380e+00	1.67854e+00	6.00000e+00	0.00000e+00
1.34439e+03	3.13581e+02	1.91567e+03	1.37385e+03	4.80668e+00	2.54761e+00	1.51439e+02	2.01120e+01	9.03316e+00	1.67935e+00	6.00000e+00	0.00000e+00
1.34751e+03	3.13723e+02	1.91432e+03	1.37404e+03	4.80859e+00	2.54894e+00	1.51439e+02	2.01248e+01	9.04253e+00	1.68017e+00	6.00000e+00	0.00000e+00
1.35063e+03	3.13865e+02	1.91297e+03	1.37424e+03	4.81050e+00	2.55027e+00	1.51439e+02	2.01376e+01	9.05189e+00	1.68098e+00	6.00000e+00	0.00000e+00
1.35375e+03	3.14007e+02	1.91162e+03	1.37443e+03	4.81240e+00	2.55160e+00	1.51439e+02	2.01504e+01	9.06126e+00	1.68180e+00	6.00000e+00	0.00000e+00
1.35688e+03	3.14149e+02	1.91027e+03	1.37462e+03	4.81430e+00	2.55292e+00	1.51439e+02	2.01632e+01	9.07063e+00	1.68262e+00	6.00000e+00	0.00000e+00
1.36000e+03	3.14291e+02	1.90892e+03	1.37481e+03	4.81621e+00	2.55425e+00	1.51439e+02	2.01760e+01	9.07999e+00	1.68345e+00	6.00000e+00	0.00000e+00
1.36312e+03	3.14433e+02	1.90757e+03	1.37500e+03	4.81811e+00	2.55557e+00	1.51439e+02	2.01888e+01	9.08936e+00	1.68427e+00	6.00000e+00	0.00000e+00
1.36624e+03	3.14575e+02	1.90622e+03	1.37519e+03	4.82001e+00	2.55690e+00	1.51439e+02	2.02016e+01	9.09872e+00	1.68510e+00	6.00000e+00	0.00000e+00
1.36936e+03	3.14717e+02	1.90487e+03	1.37539e+03	4.82191e+00	2.55822e+00	1.51439e+02	2.02144e+01	9.10809e+00	1.68593e+00	6.00000e+00	0.00000e+00
1.37248e+03	3.14859e+02	1.90353e+03	1.37558e+03	4.82381e+00	2.55955e+00	1.51439e+02	2.02272e+01	9.11745e+00	1.68676e+00	6.00000e+00	0.00000e+00
1.37561e+03	3.15001e+02	1.90218e+03	1.37577e+03	4.82571e+00	2.56087e+00	1.51439e+02	2.02400e+01	9.12682e+00	1.68759e+00	6.00000e+00	0.00000e+00
1.37873e+03	3.15143e+02	1.90084e+03	1.37596e+03	4.82761e+00	2.56219e+00	1.51439e+02	2.02528e+01	9.13619e+00	1.68843e+00	6.00000e+00	0.00000e+00
1.38185e+03	3.15285e+02	1.89949e+03	1.37615e+03	4.82951e+00	2.56351e+00	1.51439e+02	2.02656e+01	9.14555e+00	1.68927e+00	6.00000e+00	0.00000e+00
1.38497e+03	3.15427e+02	1.89815e+03	1.37634e+03	4.83140e+00	2.56484e+00	1.51439e+02	2.02784e+01	9.15492e+00	1.69011e+00	6.00000e+00	0.00000e+00
1.38809e+03	3.15569e+02	1.89681e+03	1.37653e+03	4.83330e+00	2.56616e+00	1.51439e+02	2.02912e+01	9.16428e+00	1.69095e+00	6.00000e+00	0.00000e+00
1.39122e+03	3.15711e+02	1.89547e+03	1.37672e+03	4.83520e+00	2.56748e+00	1.51439e+02	2.03040e+01	9.17365e+00	1.69179e+00	6.00000e+00	0.00000e+00
1.39434e+03	3.15853e+02	1.89413e+03	1.37691e+03	4.83709e+00	2.56880e+00	1.51439e+02	2.03168e+01	9.18302e+00	1.69264e+00	6.00000e+00	0.00000e+00
1.39746e+03	3.15995e+02	1.89279e+03	1.37710e+03	4.83899e+00	2.57011e+00	1.51439e+02	2.03296e+01	9.19238e+00	1.69349e+00	6.00000e+00	0.00000e+00
1.40058e+03	3.16137e+02	1.89145e+03	1.37729e+03	4.84088e+00	2.57143e+00	1.51439e+02	2.03424e+01	9.20175e+00	1.69434e+00	6.00000e+00	0.00000e+00
1.40370e+03	3.16279e+02	1.89011e+03	1.37748e+03	4.84277e+00	2.57275e+00	1.51439e+02	2.03552e+01	9.21111e+00	1.69519e+00	6.00000e+00	0.00000e+00
1.40683e+03	3.16421e+02	1.88878e+03	1.37767e+03	4.84467e+00	2.57406e+00	1.51439e+02	2.03680e+01	9.22048e+00	1.69605e+00	6.00000e+00	0.00000e+00
1.40995e+03	3.16563e+02	1.88744e+03	1.37786e+03	4.84656e+00	2.57538e+00	1.51439e+02	2.03808e+01	9.22985e+00	1.69691e+00	6.00000e+00	0.00000e+00
1.41307e+03	3.16706e+02	1.88610e+03	1.37805e+03	4.84845e+00	2.57670e+00	1.51439e+02	2.03936e+01	9.23921e+00	1.69776e+00	6.00000e+00	0.00000e+00
1.41619e+03	3.16848e+02	1.88477e+03	1.37824e+03	4.85034e+00	2.57801e+00	1.51439e+02	2.04064e+01	9.24858e+00	1.69863e+00	6.00000e+00	0.00000e+00
1.41931e+03	3.16990e+02	1.88344e+03	1.37843e+03	4.85223e+00	2.57932e+00	1.51439e+02	2.04192e+01	9.25794e+00	1.69949e+00	6.00000e+00	0.00000e+00
1.42244e+03	3.17132e+02	1.88210e+03	1.37862e+03	4.85412e+00	2.58064e+00	1.51439e+02	2.04320e+01	9.26731e+00	1.70036e+00	6.00000e+00	0.00000e+00
1.42556e+03	3.17275e+02	1.88077e+03	1.37881e+03	4.85600e+00	2.58195e+00	1.51439e+02	2.04448e+01	9.27667e+00	1.70122e+00	6.00000e+00	0.00000e+00
1.42868e+03	3.17417e+02	1.87944e+03	1.37899e+03	4.85789e+00	2.58326e+00	1.51439e+02	2.04576e+01	9.28604e+00	1.70209e+00	6.00000e+00	0.00000e+00
1.43180e+03	3.17559e+02	1.87811e+03	1.37918e+03	4.85978e+00	2.58457e+00	1.51439e+02	2.04704e+01	9.29541e+00	1.70297e+00	6.00000e+00	0.00000e+00
1.43492e+03	3.17702e+02	1.87678e+03	1.37937e+03	4.86166e+00	2.58588e+00	1.51439e+02	2.04832e+01	9.30477e+00	1.70384e+00	6.00000e+00	0.00000e+00
1.43805e+03	3.17844e+02	1.87546e+03	1.37956e+03	4.86355e+00	2.58719e+00	1.51439e+02	2.04960e+01	9.31414e+00	1.70472e+00	6.00000e+00	0.00000e+00
1.44117e+03	3.17986e+02	1.87413e+03	1.37975e+03	4.86543e+00	2.58850e+00	1.51439e+02	2.05088e+01	9.32350e+00	1.70560e+00	6.00000e+00	0.00000e+00
1.44429e+03	3.18129e+02	1.87280e+03	1.37994e+03	4.86732e+00	2.58981e+00	1.51439e+02	2.05216e+01	9.33287e+00	1.70648e+00	6.00000e+00	0.00000e+00
1.44741e+03	3.18272e+02	1.87148e+03	1.38012e+03	4.86920e+00	2.59112e+00	1.51439e+02	2.05344e+01	9.34224e+00	1.70736e+00	6.00000e+00	0.00000e+00
1.45053e+03	3.18414e+02	1.87015e+03	1.38031e+03	4.87108e+00	2.59243e+00	1.51439e+02	2.05472e+01	9.35160e+00	1.70824e+00	6.00000e+00	0.00000e+00
1.45366e+03	3.18557e+02	1.86883e+03	1.38050e+03	4.87296e+00	2.59373e+00	1.51439e+02	2.05600e+01	9.36097e+00	1.70913e+00	6.00000e+00	0.00000e+00
1.45678e+03	3.18700e+02	1.86750e+03	1.38069e+03	4.87485e+00	2.59504e+00	1.51439e+02	2.05728e+01	9.37033e+00	1.71002e+00	6.00000e+00	0.00000e+00
1.45990e+03	3.18842e+02	1.86618e+03	1.38087e+03	4.87673e+00	2.59634e+00	1.51439e+02	2.05856e+01	9.37970e+00	1.71091e+00	6.00000e+00	0.00000e+00
1.46302e+03	3.18985e+02	1.86486e+03	1.38106e+03	4.87861e+00	2.59765e+00	1.51439e+02	2.05984e+01	9.38907e+00	1.71181e+00	6.00000e+00	0.00000e+00
1.46614e+03	3.19128e+02	1.86354e+03	1.38125e+03	4.88048e+00	2.59895e+00	1.51439e+02	2.06112e+01	9.39843e+00	1.71270e+00	6.00000e+00	0.00000e+00
1.46927e+03	3.19271e+02	1.86222e+03	1.38144e+03	4.88236e+00	2.60026e+00	1.51439e+02	2.06240e+01	9.40780e+00	1.71360e+00	6.00000e+00	0.00000e+00
1.47239e+03	3.19414e+02	1.86090e+03	1.38162e+03	4.88424e+00	2.60156e+00	1.51439e+02	2.06368e+01	9.41716e+00	1.71450e+00	6.00000e+00	0.00000e+00
1.47551e+03	3.19557e+02	1.85958e+03	1.38181e+03	4.88612e+00	2.60286e+00	1.51439e+02	2.06496e+01	9.42653e+00	1.71541e+00	6.00000e+00	0.00000e+00
1.47863e+03	3.19701e+02	1.85827e+03	1.38199e+03	4.88799e+00	2.60416e+00	1.51439e+02	2.06624e+01	9.43590e+00	1.71631e+00	6.00000e+00	0.00000e+00
1.48175e+03	3.19844e+02	1.85695e+03	1.38218e+03	4.88987e+00	2.60546e+00	1.51439e+02	2.06752e+01	9.44526e+00	1.71722e+00	6.00000e+00	0.00000e+00
1.48488e+03	3.19987e+02	1.85564e+03	1.38237e+03	4.89174e+00	2.60677e+00	1.51439e+02	2.06880e+01	9.45463e+00	1.71813e+00	6.00000e+00	0.00000e+00
1.48800e+03	3.20130e+02	1.85432e+03	1.38255e+03	4.89362e+00	2.60806e+00	1.51439e+02	2.07008e+01	9.46399e+00	1.71904e+00	6.00000e+00	0.00000e+00
1.49112e+03	3.20274e+02	1.85301e+03	1.38274e+03	4.89549e+00	2.60936e+00	1.51439e+02	2.07136e+01	9.47336e+00	1.71995e+00	6.00000e+00	0.00000e+00
1.49424e+03	3.20417e+02	1.85170e+03	1.38292e+03	4.89736e+00	2.61066e+00	1.51439e+02	2.07264e+01	9.48272e+00	1.72087e+00	6.00000e+00	0.00000e+00
1.49736e+03	3.20561e+02	1.85038e+03	1.38311e+03	4.89924e+00	2.61196e+00	1.51439e+02	2.07392e+01	9.49209e+00	1.72179e+00	6.00000e+00	0.00000e+00
1.50049e+03	3.20705e+02	1.84907e+03	1.38330e+03	4.90111e+00	2.61326e+00	1.51439e+02	2.07520e+01	9.50146e+00	1.72271e+00	6.00000e+00	0.00000e+00
1.50361e+03	3.20849e+02	1.84776e+03	1.38348e+03	4.90298e+00	2.61455e+00	1.51439e+02	2.07648e+01	9.51082e+00	1.72363e+00	6.00000e+00	0.00000e+00
1.50673e+03	3.20993e+02	1.84645e+03	1.38367e+03	4.90485e+00	2.61585e+00	1.51439e+02	2.07776e+01	9.52019e+00	1.72455e+00	6.00000e+00	0.00000e+00
1.50985e+03	3.21137e+02	1.84515e+03	1.38385e+03	4.90672e+00	2.61715e+00	1.51439e+02	2.07904e+01	9.52955e+00	1.72548e+00	6.00000e+00	0.00000e+00
1.51297e+03	3.21281e+02	1.84384e+03	1.38403e+03	4.90859e+00	2.61844e+00	1.51439e+02	2.08032e+01	9.53892e+00	1.72641e+00	6.00000e+00	0.00000e+00
1.51610e+03	3.21424e+02	1.84253e+03	1.38422e+03	4.91045e+00	2.61973e+00	1.51439e+02	2.08160e+01	9.54829e+00	1.72734e+00	6.00000e+00	0.00000e+00
1.51922e+03	3.21568e+02	1.84123e+03	1.38440e+03	4.91232e+00	2.62103e+00	1.51439e+02	2.08288e+01	9.55765e+00	1.72828e+00	6.00000e+00	0.00000e+00
1.52234e+03	3.21713e+02	1.83992e+03	1.38459e+03	4.91419e+00	2.62232e+00	1.51439e+02	2.08416e+01	9.56702e+00	1.72921e+00	6.00000e+00	0.00000e+00
1.52546e+03	3.21858e+02	1.83862e+03	1.38477e+03	4.91605e+00	2.62361e+00	1.51439e+02	2.08544e+01	9.57638e+00	1.73015e+00	6.00000e+00	0.00000e+00
1.52858e+03	3.22003e+02	1.83732e+03	1.38496e+03	4.91792e+00	2.62491e+00	1.51439e+02	2.08672e+01	9.58575e+00	1.73109e+00	6.00000e+00	0.00000e+00
1.53171e+03	3.22147e+02	1.83601e+03	1.38514e+03	4.91979e+00	2.62620e+00	1.51439e+02	2.08800e+01	9.59512e+00	1.73203e+00	6.00000e+00	0.00000e+00
1.53483e+03	3.22292e+02	1.83471e+03	1.38532e+03	4.92165e+00	2.62749e+00	1.51439e+02	2.08928e+01	9.60448e+00	1.73298e+00	6.00000e+00	0.00000e+00
1.53795e+03	3.22437e+02	1.83341e+03	1.38551e+03	4.92351e+00	2.62878e+00	1.51439e+02	2.09056e+01	9.61385e+00	1.73393e+00	6.00000e+00	0.00000e+00
1.54107e+03	3.22581e+02	1.83211e+03	1.38569e+03	4.92538e+00	2.63007e+00	1.51439e+02	2.09184e+01	9.62321e+00	1.73488e+00	6.00000e+00	0.00000e+00
1.54419e+03	3.22726e+02	1.83081e+03	1.38587e+03	4.92724e+00	2.63136e+00	1.51439e+02	2.09312e+01	9.63258e+00	1.73583e+00	6.00000e+00	0.00000e+00
1.54731e+03	3.22872e+02	1.82952e+03	1.38606e+03	4.92910e+00	2.63264e+00	1.51439e+02	2.09440e+01	9.64194e+00	1.73678e+00	6.00000e+00	0.00000e+00
1.55044e+03	3.23017e+02	1.82822e+03	1.38624e+03	4.93096e+00	2.63393e+00	1.51439e+02	2.09568e+01	9.65131e+00	1.73774e+00	6.00000e+00	0.00000e+00
1.55356e+03	3.23163e+02	1.82692e+03	1.38642e+03	4.93282e+00	2.63522e+00	1.51439e+02	2.09696e+01	9.66068e+00	1.73870e+00	6.00000e+00	0.00000e+00
1.55668e+03	3.23309e+02	1.82563e+03	1.38661e+03	4.93468e+00	2.63650e+00	1.51439e+02	2.09824e+01	9.67004e+00	1.73966e+00	6.00000e+00	0.00000e+00
1.55980e+03	3.23454e+02	1.82434e+03	1.38679e+03	4.93654e+00	2.63779e+00	1.51439e+02	2.09952e+01	9.67941e+00	1.74062e+00	6.00000e+00	0.00000e+00
1.56292e+03	3.23600e+02	1.82304e+03	1.38697e+03	4.93840e+00	2.63907e+00	1.51439e+02	2.10080e+01	9.68877e+00	1.74158e+00	6.00000e+00	0.00000e+00
1.56605e+03	3.23745e+02	1.82175e+03	1.38715e+03	4.94025e+00	2.64036e+00	1.51439e+02	2.10208e+01	9.69814e+00	1.74255e+00	6.00000e+00	0.00000e+00
1.56917e+03	3.23891e+02	1.82046e+03	1.38733e+03	4.94211e+00	2.64164e+00	1.51439e+02	2.10336e+01	9.70751e+00	1.74352e+00	6.00000e+00	0.00000e+00
1.57229e+03	3.24038e+02	1.81917e+03	1.38752e+03	4.94397e+00	2.64293e+00	1.51439e+02	2.10464e+01	9.71687e+00	1.74449e+00	6.00000e+00	0.00000e+00
1.57541e+03	3.24184e+02	1.81788e+03	1.38770e+03	4.94582e+00	2.64421e+00	1.51439e+02	2.10592e+01	9.72624e+00	1.74547e+00	6.00000e+00	0.00000e+00
1.57853e+03	3.24331e+02	1.81659e+03	1.38788e+03	4.94768e+00	2.64549e+00	1.51439e+02	2.10720e+01	9.73560e+00	1.74644e+00	6.00000e+00	0.00000e+00
1.58166e+03	3.24477e+02	1.81530e+03	1.38806e+03	4.94953e+00	2.64677e+00	1.51439e+02	2.10848e+01	9.74497e+00	1.74742e+00	6.00000e+00	0.00000e+00
1.58478e+03	3.24624e+02	1.81402e+03	1.38824e+03	4.95138e+00	2.64805e+00	1.51439e+02	2.10976e+01	9.75434e+00	1.74840e+00	6.00000e+00	0.00000e+00
1.58790e+03	3.24771e+02	1.81273e+03	1.38842e+03	4.95324e+00	2.64933e+00	1.51439e+02	2.11104e+01	9.76370e+00	1.74939e+00	6.00000e+00	0.00000e+00
1.59102e+03	3.24917e+02	1.81144e+03	1.38860e+03	4.95509e+00	2.65061e+00	1.51439e+02	2.11232e+01	9.77307e+00	1.75037e+00	6.00000e+00	0.00000e+00
1.59414e+03	3.25064e+02	1.81016e+03	1.38878e+03	4.95694e+00	2.65189e+00	1.51439e+02	2.11360e+01	9.78243e+00	1.75136e+00	6.00000e+00	0.00000e+00
1.59727e+03	3.25212e+02	1.80888e+03	1.38897e+03	4.95879e+00	2.65317e+00	1.51439e+02	2.11488e+01	9.79180e+00	1.75235e+00	6.00000e+00	0.00000e+00
1.60039e+03	3.25359e+02	1.80759e+03	1.38915e+03	4.96064e+00	2.65445e+00	1.51439e+02	2.11616e+01	9.80117e+00	1.75334e+00	6.00000e+00	0.00000e+00
1.60351e+03	3.25507e+02	1.80631e+03	1.38933e+03	4.96249e+00	2.65573e+00	1.51439e+02	2.11744e+01	9.81053e+00	1.75434e+00	6.00000e+00	0.00000e+00
1.60663e+03	3.25655e+02	1.80503e+03	1.38951e+03	4.96434e+00	2.65700e+00	1.51439e+02	2.11872e+01	9.81990e+00	1.75534e+00	6.00000e+00	0.00000e+00
1.60975e+03	3.25803e+02	1.80375e+03	1.38969e+03	4.96619e+00	2.65828e+00	1.51439e+02	2.12000e+01	9.82926e+00	1.75633e+00	6.00000e+00	0.00000e+00
1.61288e+03	3.25951e+02	1.80247e+03	1.38987e+03	4.96804e+00	2.65955e+00	1.51439e+02	2.12128e+01	9.83863e+00	1.75734e+00	6.00000e+00	0.00000e+00
1.61600e+03	3.26098e+02	1.80119e+03	1.39005e+03	4.96988e+00	2.66083e+00	1.51439e+02	2.12256e+01	9.84799e+00	1.75834e+00	6.00000e+00	0.00000e+00
1.61912e+03	3.26246e+02	1.79992e+03	1.39023e+03	4.97173e+00	2.66210e+00	1.51439e+02	2.12384e+01	9.85736e+00	1.75935e+00	6.00000e+00	0.00000e+00
1.62224e+03	3.26395e+02	1.79864e+03	1.39040e+03	4.97357e+00	2.66338e+00	1.51439e+02	2.12512e+01	9.86673e+00	1.76036e+00	6.00000e+00	0.00000e+00
1.62536e+03	3.26544e+02	1.79737e+03	1.39058e+03	4.97542e+00	2.66465e+00	1.51439e+02	2.12640e+01	9.87609e+00	1.76137e+00	6.00000e+00	0.00000e+00
1.62849e+03	3.26693e+02	1.79609e+03	1.39076e+03	4.97726e+00	2.66592e+00	1.51439e+02	2.12768e+01	9.88546e+00	1.76238e+00	6.00000e+00	0.00000e+00
1.63161e+03	3.26842e+02	1.79482e+03	1.39094e+03	4.97911e+00	2.66720e+00	1.51439e+02	2.12896e+01	9.89482e+00	1.76339e+00	6.00000e+00	0.00000e+00
1.63473e+03	3.26991e+02	1.79355e+03	1.39112e+03	4.98095e+00	2.66847e+00	1.51439e+02	2.13024e+01	9.90419e+00	1.76441e+00	6.00000e+00	0.00000e+00
1.63785e+03	3.27140e+02	1.79227e+03	1.39130e+03	4.98279e+00	2.66974e+00	1.51439e+02	2.13152e+01	9.91356e+00	1.76543e+00	6.00000e+00	0.00000e+00
1.64097e+03	3.27289e+02	1.79100e+03	1.39148e+03	4.98464e+00	2.67101e+00	1.51439e+02	2.13280e+01	9.92292e+00	1.76646e+00	6.00000e+00	0.00000e+00
1.64410e+03	3.27438e+02	1.78973e+03	1.39166e+03	4.98648e+00	2.67228e+00	1.51439e+02	2.13408e+01	9.93229e+00	1.76748e+00	6.00000e+00	0.00000e+00
1.64722e+03	3.27588e+02	1.78846e+03	1.39183e+03	4.98832e+00	2.67355e+00	1.51439e+02	2.13536e+01	9.94165e+00	1.76851e+00	6.00000e+00	0.00000e+00
1.65034e+03	3.27738e+02	1.78720e+03	1.39201e+03	4.99016e+00	2.67482e+00	1.51439e+02	2.13664e+01	9.95102e+00	1.76954e+00	6.00000e+00	0.00000e+00
1.65346e+03	3.27889e+02	1.78593e+03	1.39219e+03	4.99200e+00	2.67609e+00	1.51439e+02	2.13792e+01	9.96039e+00	1.77057e+00	6.00000e+00	0.00000e+00
1.65658e+03	3.28039e+02	1.78466e+03	1.39237e+03	4.99384e+00	2.67735e+00	1.51439e+02	2.13920e+01	9.96975e+00	1.77160e+00	6.00000e+00	0.00000e+00
1.65971e+03	3.28190e+02	1.78340e+03	1.39254e+03	4.99567e+00	2.67862e+00	1.51439e+02	2.14048e+01	9.97912e+00	1.77264e+00	6.00000e+00	0.00000e+00
1.66283e+03	3.28340e+02	1.78213e+03	1.39272e+03	4.99751e+00	2.67989e+00	1.51439e+02	2.14176e+01	9.98848e+00	1.77368e+00	6.00000e+00	0.00000e+00
1.66595e+03	3.28490e+02	1.78087e+03	1.39290e+03	4.99935e+00	2.68115e+00	1.51439e+02	2.14304e+01	9.99785e+00	1.77472e+00	6.00000e+00	0.00000e+00
1.66907e+03	3.28641e+02	1.77961e+03	1.39308e+03	5.00118e+00	2.68242e+00	1.51439e+02	2.14432e+01	1.00072e+01	1.77576e+00	6.00000e+00	0.00000e+00
1.67219e+03	3.28792e+02	1.77834e+03	1.39325e+03	5.00302e+00	2.68368e+00	1.51439e+02	2.14560e+01	1.00166e+01	1.77681e+00	6.00000e+00	0.00000e+00
1.67532e+03	3.28944e+02	1.77708e+03	1.39343e+03	5.00485e+00	2.68495e+00	1.51439e+02	2.14688e+01	1.00259e+01	1.77785e+00	6.00000e+00	0.00000e+00
1.67844e+03	3.29096e+02	1.77582e+03	1.39360e+03	5.00669e+00	2.68621e+00	1.51439e+02	2.14816e+01	1.00353e+01	1.77891e+00	6.00000e+00	0.00000e+00
1.68156e+03	3.29248e+02	1.77456e+03	1.39378e+03	5.00852e+00	2.68747e+00	1.51439e+02	2.14944e+01	1.00447e+01	1.77996e+00	6.00000e+00	0.00000e+00
1.68468e+03	3.29400e+02	1.77330e+03	1.39396e+03	5.01036e+00	2.68873e+00	1.51439e+02	2.15072e+01	1.00540e+01	1.78101e+00	6.00000e+00	0.00000e+00
1.68780e+03	3.29551e+02	1.77205e+03	1.39413e+03	5.01219e+00	2.69000e+00	1.51439e+02	2.15200e+01	1.00634e+01	1.78207e+00	6.00000e+00	0.00000e+00
1.69093e+03	3.29703e+02	1.77079e+03	1.39431e+03	5.01402e+00	2.69126e+00	1.51439e+02	2.15328e+01	1.00728e+01	1.78313e+00	6.00000e+00	0.00000e+00
1.69405e+03	3.29855e+02	1.76954e+03	1.39448e+03	5.01585e+00	2.69252e+00	1.51439e+02	2.15456e+01	1.00821e+01	1.78419e+00	6.00000e+00	0.00000e+00
1.69717e+03	3.30008e+02	1.76828e+03	1.39466e+03	5.01768e+00	2.69378e+00	1.51439e+02	2.15584e+01	1.00915e+01	1.78526e+00	6.00000e+00	0.00000e+00
1.70029e+03	3.30161e+02	1.76703e+03	1.39484e+03	5.01951e+00	2.69504e+00	1.51439e+02	2.15712e+01	1.01009e+01	1.78632e+00	6.00000e+00	0.00000e+00
1.70341e+03	3.30315e+02	1.76577e+03	1.39501e+03	5.02134e+00	2.69630e+00	1.51439e+02	2.15840e+01	1.01102e+01	1.78739e+00	6.00000e+00	0.00000e+00
1.70654e+03	3.30468e+02	1.76452e+03	1.39519e+03	5.02317e+00	2.69756e+00	1.51439e+02	2.15968e+01	1.01196e+01	1.78846e+00	6.00000e+00	0.00000e+00
1.70966e+03	3.30622e+02	1.76327e+03	1.39536e+03	5.02500e+00	2.69881e+00	1.51439e+02	2.16096e+01	1.01290e+01	1.78954e+00	6.00000e+00	0.00000e+00
1.71278e+03	3.30775e+02	1.76202e+03	1.39554e+03	5.02683e+00	2.70007e+00	1.51439e+02	2.16224e+01	1.01383e+01	1.79061e+00	6.00000e+00	0.00000e+00
1.71590e+03	3.30929e+02	1.76077e+03	1.39571e+03	5.02865e+00	2.70133e+00	1.51439e+02	2.16352e+01	1.01477e+01	1.79169e+00	6.00000e+00	0.00000e+00
1.71902e+03	3.31082e+02	1.75952e+03	1.39588e+03	5.03048e+00	2.70258e+00	1.51439e+02	2.16480e+01	1.01571e+01	1.79277e+00	6.00000e+00	0.00000e+00
1.72215e+03	3.31236e+02	1.75828e+03	1.39606e+03	5.03230e+00	2.70384e+00	1.51439e+02	2.16608e+01	1.01664e+01	1.79386e+00	6.00000e+00	0.00000e+00
1.72527e+03	3.31391e+02	1.75703e+03	1.39623e+03	5.03413e+00	2.70510e+00	1.51439e+02	2.16736e+01	1.01758e+01	1.79494e+00	6.00000e+00	0.00000e+00
1.72839e+03	3.31546e+02	1.75578e+03	1.39641e+03	5.03595e+00	2.70635e+00	1.51439e+02	2.16864e+01	1.01852e+01	1.79603e+00	6.00000e+00	0.00000e+00
1.73151e+03	3.31701e+02	1.75454e+03	1.39658e+03	5.03778e+00	2.70760e+00	1.51439e+02	2.16992e+01	1.01945e+01	1.79712e+00	6.00000e+00	0.00000e+00
1.73463e+03	3.31857e+02	1.75330e+03	1.39675e+03	5.03960e+00	2.70886e+00	1.51439e+02	2.17120e+01	1.02039e+01	1.79821e+00	6.00000e+00	0.00000e+00
1.73775e+03	3.32012e+02	1.75205e+03	1.39693e+03	5.04142e+00	2.71011e+00	1.51439e+02	2.17248e+01	1.02133e+01	1.79931e+00	6.00000e+00	0.00000e+00
1.74088e+03	3.32167e+02	1.75081e+03	1.39710e+03	5.04325e+00	2.71136e+00	1.51439e+02	2.17376e+01	1.02226e+01	1.80041e+00	6.00000e+00	0.00000e+00
1.74400e+03	3.32322e+02	1.74957e+03	1.39727e+03	5.04507e+00	2.71262e+00	1.51439e+02	2.17504e+01	1.02320e+01	1.80151e+00	6.00000e+00	0.00000e+00
1.74712e+03	3.32478e+02	1.74833e+03	1.39745e+03	5.04689e+00	2.71387e+00	1.51439e+02	2.17632e+01	1.02414e+01	1.80261e+00	6.00000e+00	0.00000e+00
1.75024e+03	3.32635e+02	1.74709e+03	1.39762e+03	5.04871e+00	2.71512e+00	1.51439e+02	2.17760e+01	1.02507e+01	1.80371e+00	6.00000e+00	0.00000e+00
1.75336e+03	3.32791e+02	1.74585e+03	1.39779e+03	5.05053e+00	2.71637e+00	1.51439e+02	2.17888e+01	1.02601e+01	1.80482e+00	6.00000e+00	0.00000e+00
1.75649e+03	3.32948e+02	1.74462e+03	1.39796e+03	5.05235e+00	2.71762e+00	1.51439e+02	2.18016e+01	1.02695e+01	1.80593e+00	6.00000e+00	0.00000e+00
1.75961e+03	3.33105e+02	1.74338e+03	1.39814e+03	5.05417e+00	2.71887e+00	1.51439e+02	2.18144e+01	1.02788e+01	1.80704e+00	6.00000e+00	0.00000e+00
1.76273e+03	3.33262e+02	1.74214e+03	1.39831e+03	5.05598e+00	2.72012e+00	1.51439e+02	2.18272e+01	1.02882e+01	1.80816e+00	6.00000e+00	0.00000e+00
1.76585e+03	3.33419e+02	1.74091e+03	1.39848e+03	5.05780e+00	2.72136e+00	1.51439e+02	2.18400e+01	1.02976e+01	1.80927e+00	6.00000e+00	0.00000e+00
1.76897e+03	3.33576e+02	1.73967e+03	1.39865e+03	5.05962e+00	2.72261e+00	1.51439e+02	2.18528e+01	1.03069e+01	1.81039e+00	6.00000e+00	0.00000e+00
1.77210e+03	3.33733e+02	1.73844e+03	1.39882e+03	5.06143e+00	2.72386e+00	1.51439e+02	2.18656e+01	1.03163e+01	1.81151e+00	6.00000e+00	0.00000e+00
1.77522e+03	3.33892e+02	1.73721e+03	1.39899e+03	5.06325e+00	2.72510e+00	1.51439e+02	2.18784e+01	1.03257e+01	1.81264e+00	6.00000e+00	0.00000e+00
1.77834e+03	3.34051e+02	1.73598e+03	1.39917e+03	5.06506e+00	2.72635e+00	1.51439e+02	2.18912e+01	1.03350e+01	1.81376e+00	6.00000e+00	0.00000e+00
1.78146e+03	3.34210e+02	1.73475e+03	1.39934e+03	5.06688e+00	2.72760e+00	1.51439e+02	2.19040e+01	1.03444e+01	1.81489e+00	6.00000e+00	0.00000e+00
1.78458e+03	3.34369e+02	1.73352e+03	3.64525e+03	5.93229e+00	2.18332e+00	2.14289e+12	1.05115e+02	1.73765e+01	1.81602e+00	5.00000e+01	0.00000e+00
1.88049e+03	3.44020e+02	1.71903e+03	3.64164e+03	6.05537e+00	2.30023e+00	1.15048e+12	1.07832e+02	1.92832e+01	1.81602e+00	5.00000e+01	0.00000e+00
1.97631e+03	3.53590e+02	1.70454e+03	3.63519e+03	6.22353e+00	2.45713e+00	6.41859e+11	1.11536e+02	2.19474e+01	1.81602e+00	5.00000e+01	0.00000e+00
2.07195e+03	3.63082e+02	1.69006e+03	3.61108e+03	7.16691e+00	3.61006e+00	3.70801e+11	1.21023e+02	4.94555e+01	1.81602e+00	5.00000e+01	0.00000e+00
2.16696e+03	3.72493e+02	1.67557e+03	3.60274e+03	7.51529e+00	3.95289e+00	2.20961e+11	1.27569e+02	5.72610e+01	1.81602e+00	5.00000e+01	0.00000e+00
2.26175e+03	3.81825e+02	1.66108e+03	3.60488e+03	7.73599e+00	4.25307e+00	1.35566e+11	1.28793e+02	6.52075e+01	1.81602e+00	5.00000e+01	0.00000e+00
2.35660e+03	3.91078e+02	1.64659e+03	3.60682e+03	7.74051e+00	4.25369e+00	8.54689e+10	1.29089e+02	6.52613e+01	1.81602e+00	5.00000e+01	0.00000e+00
2.45150e+03	4.00250e+02	1.63210e+03	3.61719e+03	7.79967e+00	4.28553e+00	5.52519e+10	1.31475e+02	6.64328e+01	1.81602e+00	5.00000e+01	0.00000e+00
2.54667e+03	4.09343e+02	1.61762e+03	3.62527e+03	7.82604e+00	4.29651e+00	3.65658e+10	1.32806e+02	6.69225e+01	1.81602e+00	5.00000e+01	0.00000e+00
2.64205e+03	4.18357e+02	1.60313e+03	3.62747e+03	7.83215e+00	4.29825e+00	2.47273e+10	1.33162e+02	6.70174e+01	1.81602e+00	5.00000e+01	0.00000e+00
2.73749e+03	4.27291e+02	1.58864e+03	3.62915e+03	7.83586e+00	4.29862e+00	1.70555e+10	1.33419e+02	6.70600e+01	1.81602e+00	5.00000e+01	0.00000e+00
2.83298e+03	4.36146e+02	1.57415e+03	3.63242e+03	7.84697e+00	4.30322e+00	1.19814e+10	1.33981e+02	6.72641e+01	1.81602e+00	5.00000e+01	0.00000e+00
2.92855e+03	4.44921e+02	1.55966e+03	3.63579e+03	7.85864e+00	4.30816e+00	8.56206e+09	1.34565e+02	6.74813e+01	1.81602e+00	5.00000e+01	0.00000e+00
3.02421e+03	4.53616e+02	1.54517e+03	3.63714e+03	7.86098e+00	4.30777e+00	6.21676e+09	1.34765e+02	6.74939e+01	1.81602e+00	5.00000e+01	0.00000e+00
3.11991e+03	4.62233e+02	1.53069e+03	3.64167e+03	7.86659e+00	4.30740e+00	4.58113e+09	1.35270e+02	6.75664e+01	1.81602e+00	5.00000e+01	0.00000e+00
3.21572e+03	4.70769e+02	1.51620e+03	3.64418e+03	7.87913e+00	4.31356e+00	3.42316e+09	1.35824e+02	6.78067e+01	1.81602e+00	5.00000e+01	0.00000e+00
3.31160e+03	4.79227e+02	1.50171e+03	3.64574e+03	7.87951e+00	4.31150e+00	2.59127e+09	1.35991e+02	6.77712e+01	1.81602e+00	5.00000e+01	0.00000e+00
3.40753e+03	4.87605e+02	1.48722e+03	3.64790e+03	7.89014e+00	4.31658e+00	1.98546e+09	1.36470e+02	6.79709e+01	1.81602e+00	5.00000e+01	0.00000e+00
3.50351e+03	4.95904e+02	1.47273e+03	3.65013e+03	7.90192e+00	4.32258e+00	1.53871e+09	1.36980e+02	6.82015e+01	1.81602e+00	5.00000e+01	0.00000e+00
3.59954e+03	5.04124e+02	1.45825e+03	3.65199e+03	7.90747e+00	4.32418e+00	1.20532e+09	1.37303e+02	6.82868e+01	1.81602e+00	5.00000e+01	0.00000e+00
3.69563e+03	5.12264e+02	1.44376e+03	3.65382e+03	7.91234e+00	4.32532e+00	9.53720e+08	1.37605e+02	6.83569e+01	1.81602e+00	5.00000e+01	0.00000e+00
3.79176e+03	5.20326e+02	1.42927e+03	3.65562e+03	7.91718e+00	4.32642e+00	7.61827e+08	1.37907e+02	6.84255e+01	1.81602e+00	5.00000e+01	0.00000e+00
3.88795e+03	5.28308e+02	1.41478e+03	3.65744e+03	7.92196e+00	4.32749e+00	6.14009e+08	1.38207e+02	6.84937e+01	1.81602e+00	5.00000e+01	0.00000e+00
3.98418e+03	5.36211e+02	1.40029e+03	3.65926e+03	7.92685e+00	4.32863e+00	4.99069e+08	1.38511e+02	6.85638e+01	1.81602e+00	5.00000e+01	0.00000e+00
4.08045e+03	5.44035e+02	1.38581e+03	3.66110e+03	7.93164e+00	4.32973e+00	4.08896e+08	1.38812e+02	6.86330e+01	1.81602e+00	5.00000e+01	0.00000e+00
4.17678e+03	5.51781e+02	1.37132e+03	3.66292e+03	7.93660e+00	4.33093e+00	3.37557e+08	1.39119e+02	6.87051e+01	1.81602e+00	5.00000e+01	0.00000e+00
4.27315e+03	5.59447e+02	1.35683e+03	3.66473e+03	7.94161e+00	4.33216e+00	2.80665e+08	1.39427e+02	6.87783e+01	1.81602e+00	5.00000e+01	0.00000e+00
4.36958e+03	5.67035e+02	1.34234e+03	3.66659e+03	7.94647e+00	4.33331e+00	2.34950e+08	1.39732e+02	6.88497e+01	1.81602e+00	5.00000e+01	0.00000e+00
4.46605e+03	5.74543e+02	1.32785e+03	3.66841e+03	7.95152e+00	4.33458e+00	1.97953e+08	1.40043e+02	6.89242e+01	1.81602e+00	5.00000e+01	0.00000e+00
4.56257e+03	5.81973e+02	1.31336e+03	3.67031e+03	7.95667e+00	4.33595e+00	1.67804e+08	1.40358e+02	6.90034e+01	1.81602e+00	5.00000e+01	0.00000e+00
4.65913e+03	5.89325e+02	1.29888e+03	3.67401e+03	7.96693e+00	4.34158e+00	1.43078e+08	1.40860e+02	6.92525e+01	1.81602e+00	5.00000e+01	0.00000e+00
4.75580e+03	5.96598e+02	1.28439e+03	3.67630e+03	7.97334e+00	4.34397e+00	1.22677e+08	1.41221e+02	6.93721e+01	1.81602e+00	5.00000e+01	0.00000e+00
4.85253e+03	6.03792e+02	1.26990e+03	3.67799e+03	7.97818e+00	4.34504e+00	1.05741e+08	1.41525e+02	6.94383e+01	1.81602e+00	5.00000e+01	0.00000e+00
4.94930e+03	6.10907e+02	1.25541e+03	3.68350e+03	7.99374e+00	4.35505e+00	9.16025e+07	1.42225e+02	6.98629e+01	1.81602e+00	5.00000e+01	0.00000e+00
5.04621e+03	6.17945e+02	1.24092e+03	3.68865e+03	8.00823e+00	4.36420e+00	7.97413e+07	1.42887e+02	7.02549e+01	1.81602e+00	5.00000e+01	0.00000e+00
5.14326e+03	6.24904e+02	1.22644e+03	3.69147e+03	8.01643e+00	4.36800e+00	6.97384e+07	1.43317e+02	7.04313e+01	1.81602e+00	5.00000e+01	0.00000e+00
5.24039e+03	6.31785e+02	1.21195e+03	3.71984e+03	8.22163e+00	4.49292e+00	6.12582e+07	1.51324e+02	7.50900e+01	1.81602e+00	5.00000e+01	0.00000e+00
5.33826e+03	6.38587e+02	1.19746e+03	3.72227e+03	8.22193e+00	4.49250e+00	5.40615e+07	1.51459e+02	7.51249e+01	1.81602e+00	5.00000e+01	0.00000e+00
5.43620e+03	6.45312e+02	1.18297e+03	3.72747e+03	8.19782e+00	4.48420e+00	4.79003e+07	1.50566e+02	7.49523e+01	1.81602e+00	5.00000e+01	0.00000e+00
5.53427e+03	6.51958e+02	1.16848e+03	3.72901e+03	8.20483e+00	4.48587e+00	4.26051e+07	1.50982e+02	7.50391e+01	1.81602e+00	5.00000e+01	0.00000e+00
5.63238e+03	6.58527e+02	1.15400e+03	3.73316e+03	8.19088e+00	4.48107e+00	3.80329e+07	1.50511e+02	7.49616e+01	1.81602e+00	5.00000e+01	0.00000e+00
5.73060e+03	6.65018e+02	1.13951e+03	3.73503e+03	8.19617e+00	4.48240e+00	3.40710e+07	1.50850e+02	7.50437e+01	1.81602e+00	5.00000e+01	0.00000e+00
5.82888e+03	6.71431e+02	1.12502e+03	3.73716e+03	8.19981e+00	4.48331e+00	3.06237e+07	1.51119e+02	7.51171e+01	1.81602e+00	5.00000e+01	0.00000e+00
5.92720e+03	6.77767e+02	1.11053e+03	3.74086e+03	8.19311e+00	4.48150e+00	2.76135e+07	1.50938e+02	7.51310e+01	1.81602e+00	5.00000e+01	0.00000e+00
6.02563e+03	6.84026e+02	1.09604e+03	3.74274e+03	8.19854e+00	4.48295e+00	2.49764e+07	1.51282e+02	7.52172e+01	1.81602e+00	5.00000e+01	0.00000e+00
6.12410e+03	6.90207e+02	1.08155e+03	3.74614e+03	8.19625e+00	4.48288e+00	2.26579e+07	1.51283e+02	7.52833e+01	1.81602e+00	5.00000e+01	0.00000e+00
6.22267e+03	6.96310e+02	1.06707e+03	3.74786e+03	8.20228e+00	4.48441e+00	2.06133e+07	1.51654e+02	7.53691e+01	1.81602e+00	5.00000e+01	0.00000e+00
6.32128e+03	7.02337e+02	1.05258e+03	3.75045e+03	8.20450e+00	4.48531e+00	1.88042e+07	1.51855e+02	7.54514e+01	1.81602e+00	5.00000e+01	0.00000e+00
6.41995e+03	7.08287e+02	1.03809e+03	3.75225e+03	8.21023e+00	4.48685e+00	1.71990e+07	1.52212e+02	7.55397e+01	1.81602e+00	5.00000e+01	0.00000e+00
6.51868e+03	7.14161e+02	1.02360e+03	3.75478e+03	8.21426e+00	4.48863e+00	1.57705e+07	1.52483e+02	7.56505e+01	1.81602e+00	5.00000e+01	0.00000e+00
6.61747e+03	7.19957e+02	1.00911e+03	3.75660e+03	8.21976e+00	4.49008e+00	1.44958e+07	1.52831e+02	7.57361e+01	1.81602e+00	5.00000e+01	0.00000e+00
6.71631e+03	7.25678e+02	9.94626e+02	3.75886e+03	8.22461e+00	4.49185e+00	1.33552e+07	1.53143e+02	7.58416e+01	1.81602e+00	5.00000e+01	0.00000e+00
6.81521e+03	7.31322e+02	9.80138e+02	3.76220e+03	8.23391e+00	4.49711e+00	1.23320e+07	1.53618e+02	7.60869e+01	1.81602e+00	5.00000e+01	0.00000e+00
6.91419e+03	7.36890e+02	9.65650e+02	3.76836e+03	8.25222e+00	4.51014e+00	1.14121e+07	1.54417e+02	7.66535e+01	1.81602e+00	5.00000e+01	0.00000e+00
7.01334e+03	7.42382e+02	9.51162e+02	3.77195e+03	8.26080e+00	4.51460e+00	1.05835e+07	1.54896e+02	7.68784e+01	1.81602e+00	5.00000e+01	0.00000e+00
7.11258e+03	7.47799e+02	9.36674e+02	3.77464e+03	8.26717e+00	4.51687e+00	9.83490e+06	1.55301e+02	7.70107e+01	1.81602e+00	5.00000e+01	0.00000e+00
7.21190e+03	7.53141e+02	9.22186e+02	3.77626e+03	8.27578e+00	4.52133e+00	9.15705e+06	1.55703e+02	7.71961e+01	1.81602e+00	5.00000e+01	0.00000e+00
7.31125e+03	7.58407e+02	9.07697e+02	3.77572e+03	8.28756e+00	4.52856e+00	8.54179e+06	1.56088e+02	7.74321e+01	1.81602e+00	5.00000e+01	0.00000e+00
7.41059e+03	7.63599e+02	8.93209e+02	3.78732e+03	8.28961e+00	4.52764e+00	7.98199e+06	1.56738e+02	7.76385e+01	1.81602e+00	5.00000e+01	0.00000e+00
7.51024e+03	7.68716e+02	8.78721e+02	3.78798e+03	8.30071e+00	4.53444e+00	7.47265e+06	1.57152e+02	7.78854e+01	1.81602e+00	5.00000e+01	0.00000e+00
7.60991e+03	7.73759e+02	8.64233e+02	3.79305e+03	8.30730e+00	4.53736e+00	7.00741e+06	1.57643e+02	7.80898e+01	1.81602e+00	5.00000e+01	0.00000e+00
7.70970e+03	7.78728e+02	8.49745e+02	3.79485e+03	8.31119e+00	4.54049e+00	6.58195e+06	1.57819e+02	7.82349e+01	1.81602e+00	5.00000e+01	0.00000e+00
7.80955e+03	7.83623e+02	8.35257e+02	3.79591e+03	8.31484e+00	4.54652e+00	6.19193e+06	1.57817e+02	7.84651e+01	1.81602e+00	5.00000e+01	0.00000e+00
7.90942e+03	7.88445e+02	8.20769e+02	3.80091e+03	8.32121e+00	4.55233e+00	5.83369e+06	1.58160e+02	7.87690e+01	1.81602e+00	5.00000e+01	0.00000e+00
8.00943e+03	7.93195e+02	8.06281e+02	3.79744e+03	8.31694e+00	4.55769e+00	5.50430e+06	1.57498e+02	7.88826e+01	1.81602e+00	5.00000e+01	0.00000e+00
8.10934e+03	7.97872e+02	7.91793e+02	3.79508e+03	8.31294e+00	4.56127e+00	5.20047e+06	1.56983e+02	7.89577e+01	1.81602e+00	5.00000e+01	0.00000e+00
8.20919e+03	8.02477e+02	7.77304e+02	3.80449e+03	8.32918e+00	4.56726e+00	4.91982e+06	1.58123e+02	7.93611e+01	1.81602e+00	5.00000e+01	0.00000e+00
8.30929e+03	8.07011e+02	7.62816e+02	3.80550e+03	8.33431e+00	4.56914e+00	4.66069e+06	1.58403e+02	7.94474e+01	1.81602e+00	5.00000e+01	0.00000e+00
8.40942e+03	8.11475e+02	7.48328e+02	3.80797e+03	8.34241e+00	4.57238e+00	4.42068e+06	1.58870e+02	7.96119e+01	1.81602e+00	5.00000e+01	0.00000e+00
8.50961e+03	8.15867e+02	7.33840e+02	3.81253e+03	8.35071e+00	4.57510e+00	4.19809e+06	1.59461e+02	7.98021e+01	1.81602e+00	5.00000e+01	0.00000e+00
8.60992e+03	8.20190e+02	7.19352e+02	3.81302e+03	8.35559e+00	4.57700e+00	3.99140e+06	1.59705e+02	7.98786e+01	1.81602e+00	5.00000e+01	0.00000e+00
8.71024e+03	8.24445e+02	7.04864e+02	3.81560e+03	8.36200e+00	4.57922e+00	3.79905e+06	1.60118e+02	8.00101e+01	1.81602e+00	5.00000e+01	0.00000e+00
8.81063e+03	8.28631e+02	6.90376e+02	3.81484e+03	8.36553e+00	4.58062e+00	3.61985e+06	1.60247e+02	8.00434e+01	1.81602e+00	5.00000e+01	0.00000e+00
8.91100e+03	8.32749e+02	6.75888e+02	3.82034e+03	8.37638e+00	4.58474e+00	3.45254e+06	1.60979e+02	8.03030e+01	1.81602e+00	5.00000e+01	0.00000e+00
9.01152e+03	8.36801e+02	6.61400e+02	3.82245e+03	8.38194e+00	4.58655e+00	3.29629e+06	1.61339e+02	8.04107e+01	1.81602e+00	5.00000e+01	0.00000e+00
9.11209e+03	8.40787e+02	6.46911e+02	3.82475e+03	8.38875e+00	4.58915e+00	3.15004e+06	1.61751e+02	8.05504e+01	1.81602e+00	5.00000e+01	0.00000e+00
9.21272e+03	8.44709e+02	6.32423e+02	3.82412e+03	8.39234e+00	4.59055e+00	3.01297e+06	1.61890e+02	8.05862e+01	1.81602e+00	5.00000e+01	0.00000e+00
9.31334e+03	8.48567e+02	6.17935e+02	3.82810e+03	8.40045e+00	4.59347e+00	2.88425e+06	1.62443e+02	8.07727e+01	1.81602e+00	5.00000e+01	0.00000e+00
9.41406e+03	8.52363e+02	6.03447e+02	3.83116e+03	8.40786e+00	4.59621e+00	2.76328e+06	1.62921e+02	8.09340e+01	1.81602e+00	5.00000e+01	0.00000e+00
9.51486e+03	8.56098e+02	5.88959e+02	3.83034e+03	8.41176e+00	4.59785e+00	2.64940e+06	1.63060e+02	8.09741e+01	1.81602e+00	5.00000e+01	0.00000e+00
9.61564e+03	8.59773e+02	5.74471e+02	3.83274e+03	8.41848e+00	4.60040e+00	2.54197e+06	1.63476e+02	8.11148e+01	1.81602e+00	5.00000e+01	0.00000e+00
9.71648e+03	8.63391e+02	5.59983e+02	3.83097e+03	8.42164e+00	4.60179e+00	2.44052e+06	1.63540e+02	8.11265e+01	1.81602e+00	5.00000e+01	0.00000e+00
9.81728e+03	8.66953e+02	5.45495e+02	3.83870e+03	8.43321e+00	4.60595e+00	2.34451e+06	1.64422e+02	8.14373e+01	1.81602e+00	5.00000e+01	0.00000e+00
9.91828e+03	8.70460e+02	5.31007e+02	3.94950e+03	7.77853e+00	4.19740e+00	2.25361e+06	1.46570e+02	7.01540e+01	1.81602e+00	5.00000e+01	0.00000e+00
1.00222e+04	8.73916e+02	5.16518e+02	4.08102e+03	7.03464e+00	3.73000e+00	2.16860e+06	1.26619e+02	5.73311e+01	1.81602e+00	5.00000e+01	0.00000e+00
1.01296e+04	8.77323e+02	5.02030e+02	4.21098e+03	6.44010e+00	3.35792e+00	2.08905e+06	1.11340e+02	4.74807e+01	1.81602e+00	5.00000e+01	0.00000e+00
1.02404e+04	8.80684e+02	4.87542e+02	4.19349e+03	6.45732e+00	3.36141e+00	2.01426e+06	1.11679e+02	4.73827e+01	1.81602e+00	5.00000e+01	0.00000e+00
1.03507e+04	8.84001e+02	4.73054e+02	4.19762e+03	6.46423e+00	3.36407e+00	1.94231e+06	1.12064e+02	4.75042e+01	1.81602e+00	5.00000e+01	0.00000e+00
1.04611e+04	8.87278e+02	4.58566e+02	4.20378e+03	6.45507e+00	3.35526e+00	1.87314e+06	1.12062e+02	4.73252e+01	1.81602e+00	5.00000e+01	0.00000e+00
1.05717e+04	8.90519e+02	4.44078e+02	4.21472e+03	6.40735e+00	3.32008e+00	1.80652e+06	1.11087e+02	4.64585e+01	1.81602e+00	5.00000e+01	0.00000e+00
1.06826e+04	8.93730e+02	4.29590e+02	4.21976e+03	6.40696e+00	3.31760e+00	1.74226e+06	1.11291e+02	4.64446e+01	1.81602e+00	5.00000e+01	0.00000e+00
1.07937e+04	8.96914e+02	4.15102e+02	4.18524e+03	6.45219e+00	3.33589e+00	1.68005e+06	1.12133e+02	4.65726e+01	1.81602e+00	5.00000e+01	0.00000e+00
1.09038e+04	9.00078e+02	4.00614e+02	4.23265e+03	6.39160e+00	3.30218e+00	1.61945e+06	1.11373e+02	4.61537e+01	1.81602e+00	5.00000e+01	0.00000e+00
1.10151e+04	9.03229e+02	3.86125e+02	4.23322e+03	6.38888e+00	3.29603e+00	1.56074e+06	1.11472e+02	4.59889e+01	1.81602e+00	5.00000e+01	0.00000e+00
1.11265e+04	9.06374e+02	3.71637e+02	4.24169e+03	6.37142e+00	3.28125e+00	1.50341e+06	1.11300e+02	4.56685e+01	1.81602e+00	5.00000e+01	0.00000e+00
1.12381e+04	9.09523e+02	3.57149e+02	4.26595e+03	6.34621e+00	3.26630e+00	1.44730e+06	1.11125e+02	4.55120e+01	1.81602e+00	5.00000e+01	0.00000e+00
1.13504e+04	9.12686e+02	3.42661e+02	4.27987e+03	6.31646e+00	3.24375e+00	1.39224e+06	1.10710e+02	4.50312e+01	1.81602e+00	5.00000e+01	0.00000e+00
1.14630e+04	9.15876e+02	3.28173e+02	4.27040e+03	6.33581e+00	3.25119e+00	1.33798e+06	1.11239e+02	4.51390e+01	1.81602e+00	5.00000e+01	0.00000e+00
1.15753e+04	9.19108e+02	3.13685e+02	4.27373e+03	6.32846e+00	3.24234e+00	1.28421e+06	1.11255e+02	4.49284e+01	1.81602e+00	5.00000e+01	0.00000e+00
1.16878e+04	9.22399e+02	2.99197e+02	4.29404e+03	6.30202e+00	3.22487e+00	1.23076e+06	1.10997e+02	4.46570e+01	1.81602e+00	5.00000e+01	0.00000e+00
1.16878e+04	9.22399e+02	2.99197e+02	4.65000e+03	4.34197e+00	0.00000e+00	1.00000e+04	8.76650e+01	0.00000e+00	1.15495e+00	1.00000e+02	0.00000e+00
1.18663e+04	9.23424e+02	2.65953e+02	4.65000e+03	4.36252e+00	0.00000e+00	1.00000e+04	8.84970e+01	0.00000e+00	1.15495e+00	1.00000e+02	0.00000e+00
1.20448e+04	9.24449e+02	2.32709e+02	4.65000e+03	4.38298e+00	0.00000e+00	1.00000e+04	8.93290e+01	0.00000e+00	1.15495e+00	1.00000e+02	0.00000e+00
1.22234e+04	9.25474e+02	1.99464e+02	4.65000e+03	4.40335e+00	0.00000e+00	1.00000e+04	9.01610e+01	0.00000e+00	1.15495e+00	1.00000e+02	0.00000e+00
1.24019e+04	9.26499e+02	1.66220e+02	4.65000e+03	4.42362e+00	0.00000e+00	1.00000e+04	9.09929e+01	0.00000e+00	1.15495e+00	1.00000e+02	0.00000e+00
1.25805e+04	9.27524e+02	1.32976e+02	4.65000e+03	4.44379e+00	0.00000e+00	1.00000e+04	9.18249e+01	0.00000e+00	1.15495e+00	1.00000e+02	0.00000e+00
1.27590e+04	9.28549e+02	9.97322e+01	4.65000e+03	4.46388e+00	0.00000e+00	1.00000e+04	9.26569e+01	0.00000e+00	1.15495e+00	1.00000e+02	0.00000e+00
1.29375e+04	9.29573e+02	6.64882e+01	4.65000e+03	4.48388e+00	0.00000e+00	1.00000e+04	9.34889e+01	0.00000e+00	1.15495e+00	1.00000e+02	0.00000e+00
1.31161e+04	9.30598e+02	3.32441e+01	4.65000e+03	4.50378e+00	0.00000e+00	1.00000e+04	9.43209e+01	0.00000e+00	1.15495e+00	1.00000e+02	0.00000e+00
1.32946e+04	9.31623e+02	0.00000e+00	4.65000e+03	4.52360e+00	0.00000e+00	1.00000e+04	9.51529e+01	0.00000e+00	1.15495e+00	1.00000e+02	0.00000e+00
