P (MPa)		T (K)		r (km)		rho (kg m-3)	VP (km s-1)	VS (km s-1)	QS/gamma	
0.00000e+00	1.10000e+02	2.63410e+03	9.31665e+02	3.87940e+00	1.96225e+00	3.09516e+04
3.74543e-01	1.15390e+02	2.63382e+03	9.31665e+02	3.88009e+00	1.96266e+00	1.85839e+04
7.49086e-01	1.21045e+02	2.63354e+03	9.31459e+02	3.88084e+00	1.96310e+00	1.14272e+04
1.12363e+00	1.26977e+02	2.63325e+03	9.31222e+02	3.88165e+00	1.96357e+00	7.18800e+03
1.49817e+00	1.33199e+02	2.63297e+03	9.30949e+02	3.88254e+00	1.96407e+00	4.62043e+03
1.87272e+00	1.39727e+02	2.63269e+03	9.30635e+02	3.88351e+00	1.96462e+00	3.03195e+03
2.24726e+00	1.46574e+02	2.63241e+03	9.30275e+02	3.88458e+00	1.96522e+00	2.02913e+03
2.62180e+00	1.53757e+02	2.63213e+03	9.29861e+02	3.88577e+00	1.96588e+00	1.38371e+03
2.99635e+00	1.61292e+02	2.63184e+03	9.29387e+02	3.88708e+00	1.96660e+00	9.60606e+02
3.37089e+00	1.69196e+02	2.63156e+03	9.28843e+02	3.88853e+00	1.96740e+00	6.78347e+02
3.74543e+00	1.77487e+02	2.63128e+03	9.28220e+02	3.89015e+00	1.96828e+00	4.86873e+02
4.11998e+00	1.86185e+02	2.63099e+03	9.27510e+02	3.89196e+00	1.96925e+00	3.54903e+02
4.49452e+00	1.95308e+02	2.63071e+03	9.26701e+02	3.89398e+00	1.97033e+00	2.62553e+02
4.86906e+00	2.04879e+02	2.63043e+03	9.25785e+02	3.89622e+00	1.97152e+00	1.96988e+02
5.24361e+00	2.14919e+02	2.63014e+03	9.24752e+02	3.89872e+00	1.97284e+00	1.49792e+02
5.61815e+00	2.25452e+02	2.62986e+03	9.23595e+02	3.90147e+00	1.97430e+00	1.15371e+02
5.99269e+00	2.36500e+02	2.62958e+03	9.22313e+02	3.90450e+00	1.97589e+00	8.99504e+01
6.36723e+00	2.48089e+02	2.62929e+03	9.20905e+02	3.90781e+00	1.97762e+00	7.09509e+01
6.74178e+00	2.60247e+02	2.62901e+03	9.19380e+02	3.91136e+00	1.97948e+00	5.65883e+01
7.11632e+00	2.73000e+02	2.62872e+03	9.17756e+02	3.91514e+00	1.98145e+00	4.56125e+01
1.11005e+01	2.72993e+02	2.62594e+03	1.00544e+03	1.41714e+00	0.00000e+00	0.00000e+00
1.50847e+01	2.72989e+02	2.62317e+03	1.00741e+03	1.42377e+00	0.00000e+00	0.00000e+00
1.90689e+01	2.72990e+02	2.62041e+03	1.00937e+03	1.43045e+00	0.00000e+00	0.00000e+00
2.30531e+01	2.72993e+02	2.61765e+03	1.01130e+03	1.43717e+00	0.00000e+00	0.00000e+00
2.70373e+01	2.73001e+02	2.61490e+03	1.01322e+03	1.44393e+00	0.00000e+00	0.00000e+00
3.10214e+01	2.73011e+02	2.61216e+03	1.01512e+03	1.45076e+00	0.00000e+00	0.00000e+00
3.50056e+01	2.73026e+02	2.60942e+03	1.01701e+03	1.45766e+00	0.00000e+00	0.00000e+00
3.89898e+01	2.73043e+02	2.60669e+03	1.01887e+03	1.46466e+00	0.00000e+00	0.00000e+00
4.29740e+01	2.73063e+02	2.60396e+03	1.02072e+03	1.47176e+00	0.00000e+00	0.00000e+00
4.69582e+01	2.73087e+02	2.60124e+03	1.02255e+03	1.47896e+00	0.00000e+00	0.00000e+00
5.09424e+01	2.73113e+02	2.59853e+03	1.02436e+03	1.48624e+00	0.00000e+00	0.00000e+00
5.49266e+01	2.73143e+02	2.59582e+03	1.02615e+03	1.49358e+00	0.00000e+00	0.00000e+00
5.89107e+01	2.73175e+02	2.59312e+03	1.02793e+03	1.50097e+00	0.00000e+00	0.00000e+00
6.28949e+01	2.73210e+02	2.59043e+03	1.02969e+03	1.50838e+00	0.00000e+00	0.00000e+00
6.68791e+01	2.73248e+02	2.58774e+03	1.03143e+03	1.51581e+00	0.00000e+00	0.00000e+00
7.08633e+01	2.73288e+02	2.58505e+03	1.03316e+03	1.52327e+00	0.00000e+00	0.00000e+00
7.48475e+01	2.73331e+02	2.58237e+03	1.03487e+03	1.53075e+00	0.00000e+00	0.00000e+00
7.88317e+01	2.73376e+02	2.57970e+03	1.03656e+03	1.53825e+00	0.00000e+00	0.00000e+00
8.28159e+01	2.73424e+02	2.57703e+03	1.03824e+03	1.54575e+00	0.00000e+00	0.00000e+00
8.68000e+01	2.73474e+02	2.57437e+03	1.03989e+03	1.55326e+00	0.00000e+00	0.00000e+00
9.07842e+01	2.73526e+02	2.57172e+03	1.04154e+03	1.56077e+00	0.00000e+00	0.00000e+00
9.47684e+01	2.73580e+02	2.56907e+03	1.04317e+03	1.56827e+00	0.00000e+00	0.00000e+00
9.87526e+01	2.73637e+02	2.56642e+03	1.04478e+03	1.57577e+00	0.00000e+00	0.00000e+00
1.02737e+02	2.73696e+02	2.56378e+03	1.04638e+03	1.58326e+00	0.00000e+00	0.00000e+00
1.06721e+02	2.73756e+02	2.56114e+03	1.04796e+03	1.59076e+00	0.00000e+00	0.00000e+00
1.10705e+02	2.73819e+02	2.55851e+03	1.04952e+03	1.59827e+00	0.00000e+00	0.00000e+00
1.14689e+02	2.73884e+02	2.55589e+03	1.05108e+03	1.60578e+00	0.00000e+00	0.00000e+00
1.18674e+02	2.73950e+02	2.55327e+03	1.05261e+03	1.61330e+00	0.00000e+00	0.00000e+00
1.22658e+02	2.74018e+02	2.55065e+03	1.05414e+03	1.62082e+00	0.00000e+00	0.00000e+00
1.26642e+02	2.74088e+02	2.54804e+03	1.05565e+03	1.62835e+00	0.00000e+00	0.00000e+00
1.30626e+02	2.74160e+02	2.54544e+03	1.05714e+03	1.63589e+00	0.00000e+00	0.00000e+00
1.34610e+02	2.74233e+02	2.54284e+03	1.05862e+03	1.64342e+00	0.00000e+00	0.00000e+00
1.38594e+02	2.74308e+02	2.54024e+03	1.06009e+03	1.65096e+00	0.00000e+00	0.00000e+00
1.42579e+02	2.74384e+02	2.53765e+03	1.06155e+03	1.65849e+00	0.00000e+00	0.00000e+00
1.46563e+02	2.74462e+02	2.53507e+03	1.06299e+03	1.66603e+00	0.00000e+00	0.00000e+00
1.50547e+02	2.74541e+02	2.53248e+03	1.06442e+03	1.67356e+00	0.00000e+00	0.00000e+00
1.54531e+02	2.74621e+02	2.52991e+03	1.06583e+03	1.68109e+00	0.00000e+00	0.00000e+00
1.58515e+02	2.74703e+02	2.52734e+03	1.06724e+03	1.68861e+00	0.00000e+00	0.00000e+00
1.62500e+02	2.74786e+02	2.52477e+03	1.06863e+03	1.69612e+00	0.00000e+00	0.00000e+00
1.66484e+02	2.74871e+02	2.52220e+03	1.07000e+03	1.70362e+00	0.00000e+00	0.00000e+00
1.70468e+02	2.74956e+02	2.51964e+03	1.07137e+03	1.71111e+00	0.00000e+00	0.00000e+00
1.74452e+02	2.75043e+02	2.51709e+03	1.07273e+03	1.71858e+00	0.00000e+00	0.00000e+00
1.78436e+02	2.75131e+02	2.51454e+03	1.07407e+03	1.72604e+00	0.00000e+00	0.00000e+00
1.82421e+02	2.75220e+02	2.51199e+03	1.07540e+03	1.73347e+00	0.00000e+00	0.00000e+00
1.86405e+02	2.75310e+02	2.50945e+03	1.07672e+03	1.74088e+00	0.00000e+00	0.00000e+00
1.90389e+02	2.75401e+02	2.50691e+03	1.07803e+03	1.74826e+00	0.00000e+00	0.00000e+00
1.94373e+02	2.75493e+02	2.50438e+03	1.07933e+03	1.75559e+00	0.00000e+00	0.00000e+00
1.98357e+02	2.75586e+02	2.50185e+03	1.08061e+03	1.76286e+00	0.00000e+00	0.00000e+00
2.02341e+02	2.75680e+02	2.49933e+03	1.08189e+03	1.77008e+00	0.00000e+00	0.00000e+00
2.06326e+02	2.75775e+02	2.49681e+03	1.08316e+03	1.77723e+00	0.00000e+00	0.00000e+00
2.10310e+02	2.75870e+02	2.49429e+03	1.08441e+03	1.78432e+00	0.00000e+00	0.00000e+00
2.14294e+02	2.75967e+02	2.49178e+03	1.08566e+03	1.79136e+00	0.00000e+00	0.00000e+00
2.18278e+02	2.76064e+02	2.48927e+03	1.08690e+03	1.79835e+00	0.00000e+00	0.00000e+00
2.22262e+02	2.76162e+02	2.48676e+03	1.08812e+03	1.80531e+00	0.00000e+00	0.00000e+00
2.26247e+02	2.76261e+02	2.48426e+03	1.08934e+03	1.81223e+00	0.00000e+00	0.00000e+00
2.30231e+02	2.76360e+02	2.48176e+03	1.09055e+03	1.81912e+00	0.00000e+00	0.00000e+00
2.34215e+02	2.76461e+02	2.47927e+03	1.09175e+03	1.82597e+00	0.00000e+00	0.00000e+00
2.38199e+02	2.76561e+02	2.47678e+03	1.09294e+03	1.83280e+00	0.00000e+00	0.00000e+00
2.42183e+02	2.76663e+02	2.47429e+03	1.09412e+03	1.83960e+00	0.00000e+00	0.00000e+00
2.46167e+02	2.76765e+02	2.47181e+03	1.09529e+03	1.84636e+00	0.00000e+00	0.00000e+00
2.50152e+02	2.76867e+02	2.46933e+03	1.09646e+03	1.85311e+00	0.00000e+00	0.00000e+00
2.54136e+02	2.76970e+02	2.46686e+03	1.09761e+03	1.85982e+00	0.00000e+00	0.00000e+00
2.58120e+02	2.77074e+02	2.46439e+03	1.09876e+03	1.86651e+00	0.00000e+00	0.00000e+00
2.62104e+02	2.77178e+02	2.46192e+03	1.09990e+03	1.87317e+00	0.00000e+00	0.00000e+00
2.66088e+02	2.77283e+02	2.45946e+03	1.10103e+03	1.87980e+00	0.00000e+00	0.00000e+00
2.70073e+02	2.77388e+02	2.45700e+03	1.10215e+03	1.88640e+00	0.00000e+00	0.00000e+00
2.74057e+02	2.77494e+02	2.45454e+03	1.10327e+03	1.89298e+00	0.00000e+00	0.00000e+00
2.78041e+02	2.77600e+02	2.45209e+03	1.10437e+03	1.89953e+00	0.00000e+00	0.00000e+00
2.82025e+02	2.77706e+02	2.44964e+03	1.10547e+03	1.90604e+00	0.00000e+00	0.00000e+00
2.86009e+02	2.77813e+02	2.44720e+03	1.10657e+03	1.91253e+00	0.00000e+00	0.00000e+00
2.89994e+02	2.77920e+02	2.44475e+03	1.10765e+03	1.91898e+00	0.00000e+00	0.00000e+00
2.93978e+02	2.78028e+02	2.44231e+03	1.10873e+03	1.92539e+00	0.00000e+00	0.00000e+00
2.97962e+02	2.78136e+02	2.43988e+03	1.10980e+03	1.93176e+00	0.00000e+00	0.00000e+00
3.01946e+02	2.78245e+02	2.43745e+03	1.11086e+03	1.93809e+00	0.00000e+00	0.00000e+00
3.05930e+02	2.78353e+02	2.43502e+03	1.11192e+03	1.94437e+00	0.00000e+00	0.00000e+00
3.09914e+02	2.78462e+02	2.43260e+03	1.11297e+03	1.95061e+00	0.00000e+00	0.00000e+00
3.13899e+02	2.78572e+02	2.43017e+03	1.11402e+03	1.95680e+00	0.00000e+00	0.00000e+00
3.17883e+02	2.78682e+02	2.42776e+03	1.11505e+03	1.96296e+00	0.00000e+00	0.00000e+00
3.21867e+02	2.78792e+02	2.42534e+03	1.11608e+03	1.96907e+00	0.00000e+00	0.00000e+00
3.25851e+02	2.78902e+02	2.42293e+03	1.11711e+03	1.97515e+00	0.00000e+00	0.00000e+00
3.29835e+02	2.79013e+02	2.42052e+03	1.11812e+03	1.98120e+00	0.00000e+00	0.00000e+00
3.33820e+02	2.79124e+02	2.41812e+03	1.11913e+03	1.98721e+00	0.00000e+00	0.00000e+00
3.37804e+02	2.79235e+02	2.41572e+03	1.12014e+03	1.99319e+00	0.00000e+00	0.00000e+00
3.41788e+02	2.79346e+02	2.41332e+03	1.12114e+03	1.99913e+00	0.00000e+00	0.00000e+00
3.45772e+02	2.79458e+02	2.41092e+03	1.12213e+03	2.00504e+00	0.00000e+00	0.00000e+00
3.49756e+02	2.79570e+02	2.40853e+03	1.12312e+03	2.01092e+00	0.00000e+00	0.00000e+00
3.53740e+02	2.79682e+02	2.40614e+03	1.12410e+03	2.01677e+00	0.00000e+00	0.00000e+00
3.57725e+02	2.79794e+02	2.40376e+03	1.12508e+03	2.02259e+00	0.00000e+00	0.00000e+00
3.61709e+02	2.79906e+02	2.40137e+03	1.12605e+03	2.02838e+00	0.00000e+00	0.00000e+00
3.65693e+02	2.80019e+02	2.39900e+03	1.12701e+03	2.03414e+00	0.00000e+00	0.00000e+00
3.69677e+02	2.80132e+02	2.39662e+03	1.12797e+03	2.03987e+00	0.00000e+00	0.00000e+00
3.73661e+02	2.80245e+02	2.39425e+03	1.12893e+03	2.04558e+00	0.00000e+00	0.00000e+00
3.77646e+02	2.80359e+02	2.39188e+03	1.12988e+03	2.05125e+00	0.00000e+00	0.00000e+00
3.81630e+02	2.80472e+02	2.38951e+03	1.13082e+03	2.05690e+00	0.00000e+00	0.00000e+00
3.85614e+02	2.80586e+02	2.38715e+03	1.13176e+03	2.06252e+00	0.00000e+00	0.00000e+00
3.89598e+02	2.80700e+02	2.38479e+03	1.13269e+03	2.06811e+00	0.00000e+00	0.00000e+00
3.93582e+02	2.80814e+02	2.38243e+03	1.13362e+03	2.07368e+00	0.00000e+00	0.00000e+00
3.97567e+02	2.80928e+02	2.38008e+03	1.13455e+03	2.07924e+00	0.00000e+00	0.00000e+00
4.01551e+02	2.81042e+02	2.37772e+03	1.13546e+03	2.08479e+00	0.00000e+00	0.00000e+00
4.05535e+02	2.81157e+02	2.37538e+03	1.13638e+03	2.09033e+00	0.00000e+00	0.00000e+00
4.09519e+02	2.81271e+02	2.37303e+03	1.13729e+03	2.09586e+00	0.00000e+00	0.00000e+00
4.13503e+02	2.81386e+02	2.37069e+03	1.13819e+03	2.10138e+00	0.00000e+00	0.00000e+00
4.17487e+02	2.81501e+02	2.36835e+03	1.13909e+03	2.10688e+00	0.00000e+00	0.00000e+00
4.21472e+02	2.81616e+02	2.36601e+03	1.13999e+03	2.11237e+00	0.00000e+00	0.00000e+00
4.25456e+02	2.81731e+02	2.36368e+03	1.14088e+03	2.11784e+00	0.00000e+00	0.00000e+00
4.29440e+02	2.81847e+02	2.36135e+03	1.14176e+03	2.12329e+00	0.00000e+00	0.00000e+00
4.33424e+02	2.81962e+02	2.35902e+03	1.14264e+03	2.12872e+00	0.00000e+00	0.00000e+00
4.37408e+02	2.82078e+02	2.35670e+03	1.14352e+03	2.13415e+00	0.00000e+00	0.00000e+00
4.41393e+02	2.82194e+02	2.35437e+03	1.14439e+03	2.13955e+00	0.00000e+00	0.00000e+00
4.45377e+02	2.82310e+02	2.35206e+03	1.14526e+03	2.14494e+00	0.00000e+00	0.00000e+00
4.49361e+02	2.82426e+02	2.34974e+03	1.14612e+03	2.15032e+00	0.00000e+00	0.00000e+00
4.53345e+02	2.82542e+02	2.34743e+03	1.14698e+03	2.15568e+00	0.00000e+00	0.00000e+00
4.57329e+02	2.82658e+02	2.34512e+03	1.14784e+03	2.16103e+00	0.00000e+00	0.00000e+00
4.61314e+02	2.82775e+02	2.34281e+03	1.14869e+03	2.16637e+00	0.00000e+00	0.00000e+00
4.65298e+02	2.82891e+02	2.34050e+03	1.14953e+03	2.17169e+00	0.00000e+00	0.00000e+00
4.69282e+02	2.83008e+02	2.33820e+03	1.15038e+03	2.17700e+00	0.00000e+00	0.00000e+00
4.73266e+02	2.83125e+02	2.33590e+03	1.15121e+03	2.18228e+00	0.00000e+00	0.00000e+00
4.77250e+02	2.83241e+02	2.33361e+03	1.15205e+03	2.18755e+00	0.00000e+00	0.00000e+00
4.81234e+02	2.83358e+02	2.33131e+03	1.15288e+03	2.19281e+00	0.00000e+00	0.00000e+00
4.85219e+02	2.83475e+02	2.32902e+03	1.15370e+03	2.19804e+00	0.00000e+00	0.00000e+00
4.89203e+02	2.83593e+02	2.32674e+03	1.15453e+03	2.20324e+00	0.00000e+00	0.00000e+00
4.93187e+02	2.83710e+02	2.32445e+03	1.15535e+03	2.20841e+00	0.00000e+00	0.00000e+00
4.97171e+02	2.83827e+02	2.32217e+03	1.15616e+03	2.21355e+00	0.00000e+00	0.00000e+00
5.01155e+02	2.83944e+02	2.31989e+03	1.15697e+03	2.21865e+00	0.00000e+00	0.00000e+00
5.05140e+02	2.84062e+02	2.31761e+03	1.15778e+03	2.22370e+00	0.00000e+00	0.00000e+00
5.09124e+02	2.84180e+02	2.31534e+03	1.15858e+03	2.22871e+00	0.00000e+00	0.00000e+00
5.13108e+02	2.84297e+02	2.31307e+03	1.15938e+03	2.23369e+00	0.00000e+00	0.00000e+00
5.17092e+02	2.84415e+02	2.31080e+03	1.16018e+03	2.23864e+00	0.00000e+00	0.00000e+00
5.21076e+02	2.84533e+02	2.30853e+03	1.16097e+03	2.24356e+00	0.00000e+00	0.00000e+00
5.25060e+02	2.84651e+02	2.30627e+03	1.16176e+03	2.24847e+00	0.00000e+00	0.00000e+00
5.29045e+02	2.84768e+02	2.30401e+03	1.16255e+03	2.25336e+00	0.00000e+00	0.00000e+00
5.33029e+02	2.84886e+02	2.30175e+03	1.16333e+03	2.25823e+00	0.00000e+00	0.00000e+00
5.37013e+02	2.85004e+02	2.29949e+03	1.16411e+03	2.26308e+00	0.00000e+00	0.00000e+00
5.40997e+02	2.85123e+02	2.29724e+03	1.16489e+03	2.26793e+00	0.00000e+00	0.00000e+00
5.44981e+02	2.85241e+02	2.29499e+03	1.16566e+03	2.27275e+00	0.00000e+00	0.00000e+00
5.48966e+02	2.85359e+02	2.29274e+03	1.16643e+03	2.27757e+00	0.00000e+00	0.00000e+00
5.52950e+02	2.85477e+02	2.29050e+03	1.16720e+03	2.28236e+00	0.00000e+00	0.00000e+00
5.56934e+02	2.85596e+02	2.28826e+03	1.16796e+03	2.28715e+00	0.00000e+00	0.00000e+00
5.60918e+02	2.85714e+02	2.28602e+03	1.16872e+03	2.29192e+00	0.00000e+00	0.00000e+00
5.64902e+02	2.85832e+02	2.28378e+03	1.16948e+03	2.29667e+00	0.00000e+00	0.00000e+00
5.68887e+02	2.85951e+02	2.28155e+03	1.17023e+03	2.30141e+00	0.00000e+00	0.00000e+00
5.72871e+02	2.86069e+02	2.27931e+03	1.17098e+03	2.30614e+00	0.00000e+00	0.00000e+00
5.76855e+02	2.86188e+02	2.27708e+03	1.17173e+03	2.31085e+00	0.00000e+00	0.00000e+00
5.80839e+02	2.86306e+02	2.27486e+03	1.17247e+03	2.31554e+00	0.00000e+00	0.00000e+00
5.84823e+02	2.86425e+02	2.27263e+03	1.17321e+03	2.32023e+00	0.00000e+00	0.00000e+00
5.88807e+02	2.86543e+02	2.27041e+03	1.17395e+03	2.32489e+00	0.00000e+00	0.00000e+00
5.92792e+02	2.86662e+02	2.26819e+03	1.17469e+03	2.32954e+00	0.00000e+00	0.00000e+00
5.96776e+02	2.86780e+02	2.26598e+03	1.17542e+03	2.33418e+00	0.00000e+00	0.00000e+00
6.00760e+02	2.86899e+02	2.26376e+03	1.17615e+03	2.33880e+00	0.00000e+00	0.00000e+00
6.04744e+02	2.87017e+02	2.26155e+03	1.17688e+03	2.34340e+00	0.00000e+00	0.00000e+00
6.08728e+02	2.87136e+02	2.25934e+03	1.17760e+03	2.34799e+00	0.00000e+00	0.00000e+00
6.12713e+02	2.87255e+02	2.25714e+03	1.17832e+03	2.35256e+00	0.00000e+00	0.00000e+00
6.16697e+02	2.87373e+02	2.25493e+03	1.17904e+03	2.35712e+00	0.00000e+00	0.00000e+00
6.20681e+02	2.87492e+02	2.25273e+03	1.17976e+03	2.36167e+00	0.00000e+00	0.00000e+00
6.24665e+02	2.87610e+02	2.25053e+03	1.18047e+03	2.36621e+00	0.00000e+00	0.00000e+00
6.28649e+02	2.87729e+02	2.24834e+03	1.18118e+03	2.37073e+00	0.00000e+00	0.00000e+00
6.32634e+02	2.87847e+02	2.24614e+03	1.18189e+03	2.37524e+00	0.00000e+00	0.00000e+00
6.36618e+02	2.87966e+02	2.24395e+03	1.18260e+03	2.37974e+00	0.00000e+00	0.00000e+00
6.40602e+02	2.88085e+02	2.24176e+03	1.18330e+03	2.38422e+00	0.00000e+00	0.00000e+00
6.44586e+02	2.88203e+02	2.23958e+03	1.18400e+03	2.38869e+00	0.00000e+00	0.00000e+00
6.48570e+02	2.88322e+02	2.23739e+03	1.18470e+03	2.39315e+00	0.00000e+00	0.00000e+00
6.52554e+02	2.88440e+02	2.23521e+03	1.18539e+03	2.39759e+00	0.00000e+00	0.00000e+00
6.56539e+02	2.88559e+02	2.23303e+03	1.18608e+03	2.40202e+00	0.00000e+00	0.00000e+00
6.60523e+02	2.88677e+02	2.23086e+03	1.18677e+03	2.40643e+00	0.00000e+00	0.00000e+00
6.64507e+02	2.88796e+02	2.22868e+03	1.18746e+03	2.41083e+00	0.00000e+00	0.00000e+00
6.68491e+02	2.88914e+02	2.22651e+03	1.18814e+03	2.41522e+00	0.00000e+00	0.00000e+00
6.72475e+02	2.89033e+02	2.22434e+03	1.18883e+03	2.41960e+00	0.00000e+00	0.00000e+00
6.76460e+02	2.89151e+02	2.22218e+03	1.18951e+03	2.42396e+00	0.00000e+00	0.00000e+00
6.80444e+02	2.89270e+02	2.22001e+03	1.19018e+03	2.42832e+00	0.00000e+00	0.00000e+00
6.84428e+02	2.89388e+02	2.21785e+03	1.19086e+03	2.43267e+00	0.00000e+00	0.00000e+00
6.88412e+02	2.89506e+02	2.21569e+03	1.19153e+03	2.43701e+00	0.00000e+00	0.00000e+00
6.92396e+02	2.89625e+02	2.21353e+03	1.19220e+03	2.44134e+00	0.00000e+00	0.00000e+00
6.96380e+02	2.89743e+02	2.21138e+03	1.19287e+03	2.44567e+00	0.00000e+00	0.00000e+00
7.00365e+02	2.89861e+02	2.20923e+03	1.19353e+03	2.44999e+00	0.00000e+00	0.00000e+00
7.04349e+02	2.89980e+02	2.20708e+03	1.19420e+03	2.45431e+00	0.00000e+00	0.00000e+00
7.08333e+02	2.90098e+02	2.20493e+03	1.19486e+03	2.45863e+00	0.00000e+00	0.00000e+00
7.12317e+02	2.90216e+02	2.20278e+03	1.19552e+03	2.46294e+00	0.00000e+00	0.00000e+00
7.16301e+02	2.90334e+02	2.20064e+03	1.19617e+03	2.46724e+00	0.00000e+00	0.00000e+00
7.20286e+02	2.90452e+02	2.19850e+03	1.19683e+03	2.47154e+00	0.00000e+00	0.00000e+00
7.24270e+02	2.90571e+02	2.19636e+03	1.19748e+03	2.47582e+00	0.00000e+00	0.00000e+00
7.28254e+02	2.90689e+02	2.19423e+03	1.19813e+03	2.48010e+00	0.00000e+00	0.00000e+00
7.32238e+02	2.90807e+02	2.19209e+03	1.19877e+03	2.48438e+00	0.00000e+00	0.00000e+00
7.36222e+02	2.90925e+02	2.18996e+03	1.19942e+03	2.48864e+00	0.00000e+00	0.00000e+00
7.40207e+02	2.91043e+02	2.18784e+03	1.20006e+03	2.49290e+00	0.00000e+00	0.00000e+00
7.44191e+02	2.91160e+02	2.18571e+03	1.20070e+03	2.49715e+00	0.00000e+00	0.00000e+00
7.48175e+02	2.91278e+02	2.18359e+03	1.20134e+03	2.50139e+00	0.00000e+00	0.00000e+00
7.52159e+02	2.91396e+02	2.18146e+03	1.20197e+03	2.50563e+00	0.00000e+00	0.00000e+00
7.56143e+02	2.91514e+02	2.17935e+03	1.20261e+03	2.50987e+00	0.00000e+00	0.00000e+00
7.60127e+02	2.91631e+02	2.17723e+03	1.20324e+03	2.51410e+00	0.00000e+00	0.00000e+00
7.64112e+02	2.91749e+02	2.17511e+03	1.20387e+03	2.51833e+00	0.00000e+00	0.00000e+00
7.68096e+02	2.91866e+02	2.17300e+03	1.20450e+03	2.52255e+00	0.00000e+00	0.00000e+00
7.72080e+02	2.91984e+02	2.17089e+03	1.20512e+03	2.52677e+00	0.00000e+00	0.00000e+00
7.76064e+02	2.92101e+02	2.16879e+03	1.20575e+03	2.53099e+00	0.00000e+00	0.00000e+00
7.80048e+02	2.92219e+02	2.16668e+03	1.20637e+03	2.53520e+00	0.00000e+00	0.00000e+00
7.84033e+02	2.92336e+02	2.16458e+03	1.20699e+03	2.53942e+00	0.00000e+00	0.00000e+00
7.88017e+02	2.92453e+02	2.16248e+03	1.20760e+03	2.54362e+00	0.00000e+00	0.00000e+00
7.92001e+02	2.92570e+02	2.16038e+03	1.20822e+03	2.54783e+00	0.00000e+00	0.00000e+00
7.95985e+02	2.92687e+02	2.15828e+03	1.20883e+03	2.55204e+00	0.00000e+00	0.00000e+00
7.99969e+02	2.92804e+02	2.15619e+03	1.20944e+03	2.55624e+00	0.00000e+00	0.00000e+00
8.03954e+02	2.92921e+02	2.15410e+03	1.21005e+03	2.56044e+00	0.00000e+00	0.00000e+00
8.07938e+02	2.93038e+02	2.15201e+03	1.21066e+03	2.56464e+00	0.00000e+00	0.00000e+00
8.11922e+02	2.93155e+02	2.14992e+03	1.21126e+03	2.56883e+00	0.00000e+00	0.00000e+00
8.15906e+02	2.93271e+02	2.14784e+03	1.21186e+03	2.57303e+00	0.00000e+00	0.00000e+00
8.19890e+02	2.93388e+02	2.14576e+03	1.21247e+03	2.57722e+00	0.00000e+00	0.00000e+00
8.23874e+02	2.93505e+02	2.14368e+03	1.21306e+03	2.58141e+00	0.00000e+00	0.00000e+00
8.27859e+02	2.93621e+02	2.14160e+03	1.21366e+03	2.58559e+00	0.00000e+00	0.00000e+00
8.31843e+02	2.93737e+02	2.13952e+03	1.21426e+03	2.58978e+00	0.00000e+00	0.00000e+00
8.35827e+02	2.93854e+02	2.13745e+03	1.21485e+03	2.59396e+00	0.00000e+00	0.00000e+00
8.39811e+02	2.93970e+02	2.13538e+03	1.21544e+03	2.59814e+00	0.00000e+00	0.00000e+00
8.43795e+02	2.94086e+02	2.13331e+03	1.21603e+03	2.60231e+00	0.00000e+00	0.00000e+00
8.47780e+02	2.94202e+02	2.13124e+03	1.21662e+03	2.60649e+00	0.00000e+00	0.00000e+00
8.51764e+02	2.94318e+02	2.12918e+03	1.21720e+03	2.61066e+00	0.00000e+00	0.00000e+00
8.55748e+02	2.94434e+02	2.12712e+03	1.21779e+03	2.61482e+00	0.00000e+00	0.00000e+00
8.59732e+02	2.94550e+02	2.12506e+03	1.21837e+03	2.61899e+00	0.00000e+00	0.00000e+00
8.63716e+02	2.94665e+02	2.12300e+03	1.21895e+03	2.62315e+00	0.00000e+00	0.00000e+00
8.67700e+02	2.94781e+02	2.12095e+03	1.21953e+03	2.62731e+00	0.00000e+00	0.00000e+00
8.71685e+02	2.94896e+02	2.11889e+03	1.22011e+03	2.63147e+00	0.00000e+00	0.00000e+00
8.75669e+02	2.95012e+02	2.11684e+03	1.22068e+03	2.63562e+00	0.00000e+00	0.00000e+00
8.79653e+02	2.95127e+02	2.11479e+03	1.22126e+03	2.63977e+00	0.00000e+00	0.00000e+00
8.83637e+02	2.95242e+02	2.11275e+03	1.22183e+03	2.64392e+00	0.00000e+00	0.00000e+00
8.87621e+02	2.95357e+02	2.11070e+03	1.22240e+03	2.64807e+00	0.00000e+00	0.00000e+00
8.91606e+02	2.95473e+02	2.10866e+03	1.22297e+03	2.65221e+00	0.00000e+00	0.00000e+00
8.95590e+02	2.95588e+02	2.10662e+03	1.22353e+03	2.65635e+00	0.00000e+00	0.00000e+00
8.99574e+02	2.95702e+02	2.10459e+03	1.22410e+03	2.66048e+00	0.00000e+00	0.00000e+00
9.03558e+02	2.95817e+02	2.10255e+03	1.22466e+03	2.66461e+00	0.00000e+00	0.00000e+00
9.07542e+02	2.95932e+02	2.10052e+03	1.22522e+03	2.66874e+00	0.00000e+00	0.00000e+00
9.11527e+02	2.96047e+02	2.09849e+03	1.22578e+03	2.67287e+00	0.00000e+00	0.00000e+00
9.15511e+02	2.96161e+02	2.09646e+03	1.22634e+03	2.67699e+00	0.00000e+00	0.00000e+00
9.19495e+02	2.96276e+02	2.09443e+03	1.22690e+03	2.68111e+00	0.00000e+00	0.00000e+00
9.23479e+02	2.96390e+02	2.09241e+03	1.22745e+03	2.68522e+00	0.00000e+00	0.00000e+00
9.27463e+02	2.96505e+02	2.09039e+03	1.22800e+03	2.68933e+00	0.00000e+00	0.00000e+00
9.31447e+02	2.96619e+02	2.08837e+03	1.22856e+03	2.69344e+00	0.00000e+00	0.00000e+00
9.35432e+02	2.96733e+02	2.08635e+03	1.22911e+03	2.69754e+00	0.00000e+00	0.00000e+00
9.39416e+02	2.96847e+02	2.08433e+03	1.22966e+03	2.70164e+00	0.00000e+00	0.00000e+00
9.43400e+02	2.96961e+02	2.08232e+03	1.23020e+03	2.70574e+00	0.00000e+00	0.00000e+00
9.47384e+02	2.97075e+02	2.08031e+03	1.23075e+03	2.70983e+00	0.00000e+00	0.00000e+00
9.51368e+02	2.97189e+02	2.07830e+03	1.23129e+03	2.71392e+00	0.00000e+00	0.00000e+00
9.55353e+02	2.97303e+02	2.07630e+03	1.23184e+03	2.71800e+00	0.00000e+00	0.00000e+00
9.59337e+02	2.97417e+02	2.07429e+03	1.23238e+03	2.72208e+00	0.00000e+00	0.00000e+00
9.63321e+02	2.97531e+02	2.07229e+03	1.23292e+03	2.72616e+00	0.00000e+00	0.00000e+00
9.67305e+02	2.97645e+02	2.07029e+03	1.23345e+03	2.73023e+00	0.00000e+00	0.00000e+00
9.71289e+02	2.97758e+02	2.06829e+03	1.23399e+03	2.73430e+00	0.00000e+00	0.00000e+00
9.75274e+02	2.97872e+02	2.06630e+03	1.23453e+03	2.73836e+00	0.00000e+00	0.00000e+00
9.79258e+02	2.97985e+02	2.06430e+03	1.23506e+03	2.74242e+00	0.00000e+00	0.00000e+00
9.83242e+02	2.98099e+02	2.06231e+03	1.23559e+03	2.74647e+00	0.00000e+00	0.00000e+00
9.87226e+02	2.98212e+02	2.06032e+03	1.23612e+03	2.75052e+00	0.00000e+00	0.00000e+00
9.91210e+02	2.98326e+02	2.05833e+03	1.23665e+03	2.75457e+00	0.00000e+00	0.00000e+00
9.95194e+02	2.98439e+02	2.05635e+03	1.23718e+03	2.75861e+00	0.00000e+00	0.00000e+00
9.99179e+02	2.98553e+02	2.05437e+03	1.23771e+03	2.76264e+00	0.00000e+00	0.00000e+00
1.00316e+03	2.98666e+02	2.05239e+03	1.23823e+03	2.76667e+00	0.00000e+00	0.00000e+00
1.00715e+03	2.98779e+02	2.05041e+03	1.23876e+03	2.77070e+00	0.00000e+00	0.00000e+00
1.01113e+03	2.98893e+02	2.04843e+03	1.23928e+03	2.77472e+00	0.00000e+00	0.00000e+00
1.01512e+03	2.99006e+02	2.04646e+03	1.23980e+03	2.77873e+00	0.00000e+00	0.00000e+00
1.01910e+03	2.99119e+02	2.04449e+03	1.24032e+03	2.78274e+00	0.00000e+00	0.00000e+00
1.02308e+03	2.99232e+02	2.04252e+03	1.24084e+03	2.78675e+00	0.00000e+00	0.00000e+00
1.02707e+03	2.99346e+02	2.04055e+03	1.24136e+03	2.79075e+00	0.00000e+00	0.00000e+00
1.03105e+03	2.99459e+02	2.03858e+03	1.24187e+03	2.79474e+00	0.00000e+00	0.00000e+00
1.03504e+03	2.99572e+02	2.03662e+03	1.24239e+03	2.79873e+00	0.00000e+00	0.00000e+00
1.03902e+03	2.99685e+02	2.03466e+03	1.24290e+03	2.80271e+00	0.00000e+00	0.00000e+00
1.04300e+03	2.99799e+02	2.03270e+03	1.24341e+03	2.80669e+00	0.00000e+00	0.00000e+00
1.04699e+03	2.99912e+02	2.03074e+03	1.24392e+03	2.81066e+00	0.00000e+00	0.00000e+00
1.05097e+03	3.00025e+02	2.02879e+03	1.24443e+03	2.81463e+00	0.00000e+00	0.00000e+00
1.05496e+03	3.00139e+02	2.02683e+03	1.24494e+03	2.81859e+00	0.00000e+00	0.00000e+00
1.05894e+03	3.00221e+02	2.02502e+03	1.33804e+03	4.72274e+00	2.47205e+00	9.11438e+01
1.06293e+03	3.00422e+02	2.02320e+03	1.33808e+03	4.72523e+00	2.47382e+00	9.08329e+01
1.06691e+03	3.00621e+02	2.02139e+03	1.33812e+03	4.72772e+00	2.47559e+00	9.05281e+01
1.07089e+03	3.00819e+02	2.01958e+03	1.33815e+03	4.73020e+00	2.47736e+00	9.02251e+01
1.07488e+03	3.01017e+02	2.01777e+03	1.33819e+03	4.73268e+00	2.47913e+00	8.99236e+01
1.07886e+03	3.01216e+02	2.01596e+03	1.33823e+03	4.73516e+00	2.48089e+00	8.96234e+01
1.08285e+03	3.01414e+02	2.01415e+03	1.33827e+03	4.73764e+00	2.48266e+00	8.93247e+01
1.08683e+03	3.01612e+02	2.01234e+03	1.33831e+03	4.74012e+00	2.48442e+00	8.90273e+01
1.09081e+03	3.01809e+02	2.01053e+03	1.33834e+03	4.74259e+00	2.48618e+00	8.87338e+01
1.09480e+03	3.02004e+02	2.00873e+03	1.33838e+03	4.74507e+00	2.48794e+00	8.84435e+01
1.09878e+03	3.02199e+02	2.00692e+03	1.33842e+03	4.74754e+00	2.48970e+00	8.81546e+01
1.10277e+03	3.02395e+02	2.00512e+03	1.33846e+03	4.75001e+00	2.49146e+00	8.78670e+01
1.10675e+03	3.02590e+02	2.00331e+03	1.33850e+03	4.75248e+00	2.49322e+00	8.75807e+01
1.11074e+03	3.02785e+02	2.00151e+03	1.33853e+03	4.75495e+00	2.49497e+00	8.72957e+01
1.11472e+03	3.02980e+02	1.99971e+03	1.33857e+03	4.75742e+00	2.49672e+00	8.70128e+01
1.11870e+03	3.03173e+02	1.99791e+03	1.33861e+03	4.75988e+00	2.49848e+00	8.67341e+01
1.12269e+03	3.03366e+02	1.99611e+03	1.33865e+03	4.76235e+00	2.50023e+00	8.64567e+01
1.12667e+03	3.03558e+02	1.99432e+03	1.33869e+03	4.76481e+00	2.50198e+00	8.61806e+01
1.13066e+03	3.03751e+02	1.99252e+03	1.33872e+03	4.76727e+00	2.50372e+00	8.59056e+01
1.13464e+03	3.03944e+02	1.99072e+03	1.33876e+03	4.76973e+00	2.50547e+00	8.56319e+01
1.13863e+03	3.04137e+02	1.98893e+03	1.33880e+03	4.77219e+00	2.50722e+00	8.53594e+01
1.14261e+03	3.04327e+02	1.98714e+03	1.33884e+03	4.77464e+00	2.50896e+00	8.50909e+01
1.14659e+03	3.04518e+02	1.98535e+03	1.33888e+03	4.77710e+00	2.51070e+00	8.48240e+01
1.15058e+03	3.04708e+02	1.98355e+03	1.33891e+03	4.77955e+00	2.51244e+00	8.45583e+01
1.15456e+03	3.04899e+02	1.98176e+03	1.33895e+03	4.78201e+00	2.51418e+00	8.42938e+01
1.15855e+03	3.05089e+02	1.97998e+03	1.33899e+03	4.78446e+00	2.51592e+00	8.40304e+01
1.16253e+03	3.05279e+02	1.97819e+03	1.33903e+03	4.78691e+00	2.51766e+00	8.37682e+01
1.16651e+03	3.05469e+02	1.97640e+03	1.33907e+03	4.78936e+00	2.51940e+00	8.35084e+01
1.17050e+03	3.05657e+02	1.97462e+03	1.33910e+03	4.79180e+00	2.52113e+00	8.32512e+01
1.17448e+03	3.05846e+02	1.97283e+03	1.33914e+03	4.79425e+00	2.52287e+00	8.29950e+01
1.17847e+03	3.06034e+02	1.97105e+03	1.33918e+03	4.79669e+00	2.52460e+00	8.27400e+01
1.18245e+03	3.06223e+02	1.96927e+03	1.33922e+03	4.79914e+00	2.52633e+00	8.24861e+01
1.18644e+03	3.06411e+02	1.96749e+03	1.33926e+03	4.80158e+00	2.52806e+00	8.22333e+01
1.19042e+03	3.06599e+02	1.96571e+03	1.33930e+03	4.80402e+00	2.52979e+00	8.19818e+01
1.19440e+03	3.06786e+02	1.96393e+03	1.33933e+03	4.80646e+00	2.53152e+00	8.17334e+01
1.19839e+03	3.06973e+02	1.96215e+03	1.33937e+03	4.80890e+00	2.53324e+00	8.14861e+01
1.20237e+03	3.07159e+02	1.96038e+03	1.33941e+03	4.81133e+00	2.53497e+00	8.12398e+01
1.20636e+03	3.07346e+02	1.95860e+03	1.33945e+03	4.81377e+00	2.53669e+00	8.09945e+01
1.21034e+03	3.07533e+02	1.95683e+03	1.33949e+03	4.81620e+00	2.53841e+00	8.07503e+01
1.21432e+03	3.07719e+02	1.95506e+03	1.33952e+03	4.81863e+00	2.54013e+00	8.05071e+01
1.21831e+03	3.07905e+02	1.95329e+03	1.33956e+03	4.82106e+00	2.54185e+00	8.02664e+01
1.22229e+03	3.08090e+02	1.95151e+03	1.33960e+03	4.82349e+00	2.54357e+00	8.00271e+01
1.22628e+03	3.08275e+02	1.94975e+03	1.33964e+03	4.82592e+00	2.54529e+00	7.97888e+01
1.23026e+03	3.08461e+02	1.94798e+03	1.33968e+03	4.82835e+00	2.54700e+00	7.95515e+01
1.23425e+03	3.08646e+02	1.94621e+03	1.33971e+03	4.83077e+00	2.54872e+00	7.93152e+01
1.23823e+03	3.08831e+02	1.94445e+03	1.33975e+03	4.83320e+00	2.55043e+00	7.90799e+01
1.24221e+03	3.09016e+02	1.94268e+03	1.33979e+03	4.83562e+00	2.55214e+00	7.88462e+01
1.24620e+03	3.09200e+02	1.94092e+03	1.33983e+03	4.83804e+00	2.55385e+00	7.86143e+01
1.25018e+03	3.09384e+02	1.93916e+03	1.33987e+03	4.84046e+00	2.55556e+00	7.83834e+01
1.25417e+03	3.09568e+02	1.93740e+03	1.33991e+03	4.84288e+00	2.55727e+00	7.81534e+01
1.25815e+03	3.09752e+02	1.93564e+03	1.33994e+03	4.84529e+00	2.55898e+00	7.79244e+01
1.26213e+03	3.09936e+02	1.93388e+03	1.33998e+03	4.84771e+00	2.56069e+00	7.76963e+01
1.26612e+03	3.10120e+02	1.93212e+03	1.34002e+03	4.85013e+00	2.56239e+00	7.74692e+01
1.27010e+03	3.10303e+02	1.93036e+03	1.34006e+03	4.85254e+00	2.56409e+00	7.72442e+01
1.27409e+03	3.10487e+02	1.92861e+03	1.34010e+03	4.85495e+00	2.56580e+00	7.70200e+01
1.27807e+03	3.10670e+02	1.92686e+03	1.34013e+03	4.85736e+00	2.56750e+00	7.67968e+01
1.28206e+03	3.10853e+02	1.92510e+03	1.34017e+03	4.85977e+00	2.56920e+00	7.65745e+01
1.28604e+03	3.11036e+02	1.92335e+03	1.34021e+03	4.86218e+00	2.57090e+00	7.63531e+01
1.29002e+03	3.11219e+02	1.92160e+03	1.34025e+03	4.86459e+00	2.57259e+00	7.61325e+01
1.29401e+03	3.11402e+02	1.91985e+03	1.34029e+03	4.86699e+00	2.57429e+00	7.59135e+01
1.29799e+03	3.11584e+02	1.91811e+03	1.34032e+03	4.86939e+00	2.57598e+00	7.56956e+01
1.30198e+03	3.11767e+02	1.91636e+03	1.34036e+03	4.87180e+00	2.57768e+00	7.54786e+01
1.30596e+03	3.11949e+02	1.91461e+03	1.34040e+03	4.87420e+00	2.57937e+00	7.52625e+01
1.30995e+03	3.12132e+02	1.91287e+03	1.34044e+03	4.87660e+00	2.58106e+00	7.50472e+01
1.31393e+03	3.12314e+02	1.91113e+03	1.34048e+03	4.87900e+00	2.58275e+00	7.48328e+01
1.31791e+03	3.12496e+02	1.90939e+03	1.34051e+03	4.88140e+00	2.58444e+00	7.46194e+01
1.32190e+03	3.12678e+02	1.90764e+03	1.34055e+03	4.88379e+00	2.58613e+00	7.44073e+01
1.32588e+03	3.12860e+02	1.90591e+03	1.34059e+03	4.88619e+00	2.58782e+00	7.41960e+01
1.32987e+03	3.13042e+02	1.90417e+03	1.34063e+03	4.88858e+00	2.58950e+00	7.39856e+01
1.33385e+03	3.13224e+02	1.90243e+03	1.34066e+03	4.89097e+00	2.59119e+00	7.37760e+01
1.33783e+03	3.13406e+02	1.90070e+03	1.34070e+03	4.89336e+00	2.59287e+00	7.35673e+01
1.34182e+03	3.13588e+02	1.89896e+03	1.34074e+03	4.89575e+00	2.59455e+00	7.33593e+01
1.34580e+03	3.13770e+02	1.89723e+03	1.34078e+03	4.89814e+00	2.59623e+00	7.31525e+01
1.34979e+03	3.13951e+02	1.89550e+03	1.34082e+03	4.90053e+00	2.59791e+00	7.29466e+01
1.35377e+03	3.14133e+02	1.89377e+03	1.34085e+03	4.90292e+00	2.59959e+00	7.27414e+01
1.35776e+03	3.14315e+02	1.89204e+03	1.34089e+03	4.90530e+00	2.60127e+00	7.25371e+01
1.36174e+03	3.14496e+02	1.89031e+03	1.34093e+03	4.90768e+00	2.60294e+00	7.23335e+01
1.36572e+03	3.14678e+02	1.88858e+03	1.34097e+03	4.91007e+00	2.60462e+00	7.21308e+01
1.36971e+03	3.14860e+02	1.88686e+03	1.34100e+03	4.91245e+00	2.60629e+00	7.19289e+01
1.37369e+03	3.15041e+02	1.88513e+03	1.34104e+03	4.91483e+00	2.60797e+00	7.17278e+01
1.37768e+03	3.15223e+02	1.88341e+03	1.34108e+03	4.91721e+00	2.60964e+00	7.15276e+01
1.38166e+03	3.15405e+02	1.88169e+03	1.34112e+03	4.91958e+00	2.61131e+00	7.13281e+01
1.38564e+03	3.15586e+02	1.87997e+03	1.34116e+03	4.92196e+00	2.61298e+00	7.11294e+01
1.38963e+03	3.15768e+02	1.87825e+03	1.34119e+03	4.92433e+00	2.61464e+00	7.09315e+01
1.39361e+03	3.15949e+02	1.87653e+03	1.34123e+03	4.92671e+00	2.61631e+00	7.07343e+01
1.39760e+03	3.16131e+02	1.87482e+03	1.34127e+03	4.92908e+00	2.61798e+00	7.05378e+01
1.40158e+03	3.16313e+02	1.87310e+03	1.34131e+03	4.93145e+00	2.61964e+00	7.03420e+01
1.40557e+03	3.16495e+02	1.87139e+03	1.34134e+03	4.93382e+00	2.62131e+00	7.01471e+01
1.40955e+03	3.16676e+02	1.86967e+03	1.34138e+03	4.93619e+00	2.62297e+00	6.99529e+01
1.41353e+03	3.16858e+02	1.86796e+03	1.34142e+03	4.93856e+00	2.62463e+00	6.97594e+01
1.41752e+03	3.17040e+02	1.86625e+03	1.34146e+03	4.94092e+00	2.62629e+00	6.95667e+01
1.42150e+03	3.17222e+02	1.86454e+03	1.34149e+03	4.94329e+00	2.62795e+00	6.93745e+01
1.42549e+03	3.17404e+02	1.86284e+03	1.34153e+03	4.94565e+00	2.62961e+00	6.91829e+01
1.42947e+03	3.17586e+02	1.86113e+03	1.34157e+03	4.94801e+00	2.63126e+00	6.89921e+01
1.43345e+03	3.17768e+02	1.85942e+03	1.34160e+03	4.95037e+00	2.63292e+00	6.88021e+01
1.43744e+03	3.17950e+02	1.85772e+03	1.34164e+03	4.95273e+00	2.63457e+00	6.86128e+01
1.44142e+03	3.18132e+02	1.85602e+03	1.34168e+03	4.95509e+00	2.63623e+00	6.84242e+01
1.44541e+03	3.18315e+02	1.85432e+03	1.34172e+03	4.95745e+00	2.63788e+00	6.82361e+01
1.44939e+03	3.18497e+02	1.85262e+03	1.34175e+03	4.95981e+00	2.63953e+00	6.80485e+01
1.45338e+03	3.18680e+02	1.85092e+03	1.34179e+03	4.96216e+00	2.64118e+00	6.78616e+01
1.45736e+03	3.18863e+02	1.84922e+03	1.34183e+03	4.96452e+00	2.64283e+00	6.76754e+01
1.46134e+03	3.19045e+02	1.84753e+03	1.34187e+03	4.96687e+00	2.64448e+00	6.74900e+01
1.46533e+03	3.19228e+02	1.84583e+03	3.54365e+03	4.60502e+00	2.60908e+00	4.21699e+12
1.53002e+03	3.27757e+02	1.83542e+03	3.54365e+03	4.60645e+00	2.60882e+00	2.24054e+12
1.59431e+03	3.36243e+02	1.82501e+03	3.54478e+03	4.60781e+00	2.60854e+00	1.23167e+12
1.65820e+03	3.44687e+02	1.81460e+03	3.54588e+03	8.06605e+00	4.56444e+00	6.98657e+11
1.72170e+03	3.53088e+02	1.80418e+03	3.54698e+03	8.06831e+00	4.56388e+00	4.07937e+11
1.78480e+03	3.61447e+02	1.79377e+03	3.54805e+03	8.07056e+00	4.56333e+00	2.44640e+11
1.84751e+03	3.69763e+02	1.78336e+03	3.54911e+03	8.07272e+00	4.56273e+00	1.50385e+11
1.90982e+03	3.78037e+02	1.77295e+03	3.55016e+03	8.08856e+00	4.57329e+00	9.45905e+10
1.97172e+03	3.86269e+02	1.76253e+03	3.55591e+03	8.17429e+00	4.64062e+00	6.07786e+10
2.03331e+03	3.94458e+02	1.75212e+03	3.58563e+03	8.23762e+00	4.68958e+00	3.98415e+10
2.09499e+03	4.02605e+02	1.74171e+03	3.60758e+03	8.23969e+00	4.68886e+00	2.66262e+10
2.15661e+03	4.10710e+02	1.73130e+03	3.60856e+03	8.24171e+00	4.68810e+00	1.81139e+10
2.21780e+03	4.18774e+02	1.72089e+03	3.60953e+03	8.24368e+00	4.68732e+00	1.25225e+10
2.27855e+03	4.26795e+02	1.71047e+03	3.61048e+03	8.24560e+00	4.68652e+00	8.78829e+09
2.33887e+03	4.34774e+02	1.70006e+03	3.61141e+03	8.24748e+00	4.68572e+00	6.25528e+09
2.39876e+03	4.42712e+02	1.68965e+03	3.61234e+03	8.24931e+00	4.68490e+00	4.51178e+09
2.45821e+03	4.50608e+02	1.67924e+03	3.61325e+03	8.25112e+00	4.68407e+00	3.29508e+09
2.51721e+03	4.58463e+02	1.66883e+03	3.61415e+03	8.25286e+00	4.68322e+00	2.43492e+09
2.57578e+03	4.66276e+02	1.65841e+03	3.61504e+03	8.25889e+00	4.68486e+00	1.81933e+09
2.63391e+03	4.74048e+02	1.64800e+03	3.61627e+03	8.35311e+00	4.73730e+00	1.37366e+09
2.69159e+03	4.81778e+02	1.63759e+03	3.62474e+03	8.41776e+00	4.77266e+00	1.04747e+09
2.74895e+03	4.89467e+02	1.62718e+03	3.63078e+03	8.41158e+00	4.76726e+00	8.06358e+08
2.80594e+03	4.97115e+02	1.61677e+03	3.63097e+03	8.42863e+00	4.77523e+00	6.26321e+08
2.86246e+03	5.04722e+02	1.60635e+03	3.63307e+03	8.43004e+00	4.77421e+00	4.90564e+08
2.91854e+03	5.12289e+02	1.59594e+03	3.63387e+03	8.43141e+00	4.77318e+00	3.87305e+08
2.97416e+03	5.19814e+02	1.58553e+03	3.63466e+03	8.43275e+00	4.77216e+00	3.08096e+08
3.02932e+03	5.27299e+02	1.57512e+03	3.63545e+03	8.43404e+00	4.77111e+00	2.46848e+08
3.08401e+03	5.34743e+02	1.56471e+03	3.63622e+03	8.43532e+00	4.77008e+00	1.99130e+08
3.13824e+03	5.42147e+02	1.55429e+03	3.63698e+03	8.43655e+00	4.76902e+00	1.61681e+08
3.19199e+03	5.49511e+02	1.54388e+03	3.63772e+03	8.43775e+00	4.76797e+00	1.32090e+08
3.24527e+03	5.56834e+02	1.53347e+03	3.63846e+03	8.43892e+00	4.76691e+00	1.08552e+08
3.29808e+03	5.64118e+02	1.52306e+03	3.63919e+03	8.44005e+00	4.76584e+00	8.97124e+07
3.35041e+03	5.71361e+02	1.51264e+03	3.63991e+03	8.44116e+00	4.76478e+00	7.45417e+07
3.40226e+03	5.78565e+02	1.50223e+03	3.64062e+03	8.44222e+00	4.76370e+00	6.22552e+07
3.45363e+03	5.85729e+02	1.49182e+03	3.64131e+03	8.44326e+00	4.76262e+00	5.22496e+07
3.50452e+03	5.92854e+02	1.48141e+03	3.64199e+03	8.44427e+00	4.76154e+00	4.40586e+07
3.55492e+03	5.99939e+02	1.47100e+03	3.64267e+03	8.44524e+00	4.76045e+00	3.73191e+07
3.60483e+03	6.06985e+02	1.46058e+03	3.64333e+03	8.44619e+00	4.75936e+00	3.17469e+07
3.65425e+03	6.13992e+02	1.45017e+03	3.64399e+03	8.44710e+00	4.75826e+00	2.71184e+07
3.70317e+03	6.20960e+02	1.43976e+03	3.64463e+03	8.44798e+00	4.75716e+00	2.32566e+07
3.75160e+03	6.27889e+02	1.42935e+03	3.64526e+03	8.44882e+00	4.75606e+00	2.00207e+07
3.79953e+03	6.34780e+02	1.41894e+03	3.64589e+03	8.44964e+00	4.75495e+00	1.72980e+07
3.84695e+03	6.41633e+02	1.40852e+03	3.64650e+03	8.45043e+00	4.75385e+00	1.49980e+07
3.89387e+03	6.48447e+02	1.39811e+03	3.64710e+03	8.45118e+00	4.75273e+00	1.30476e+07
3.94028e+03	6.55223e+02	1.38770e+03	3.64769e+03	8.45190e+00	4.75161e+00	1.13877e+07
3.98618e+03	6.61962e+02	1.37729e+03	3.64827e+03	8.45259e+00	4.75049e+00	9.96994e+06
4.03156e+03	6.68662e+02	1.36688e+03	3.64884e+03	8.45325e+00	4.74937e+00	8.75486e+06
4.07643e+03	6.75326e+02	1.35646e+03	3.64939e+03	8.45388e+00	4.74825e+00	7.71007e+06
4.12077e+03	6.81952e+02	1.34605e+03	3.64994e+03	8.45447e+00	4.74711e+00	6.80883e+06
4.16459e+03	6.88541e+02	1.33564e+03	3.65048e+03	8.45503e+00	4.74598e+00	6.02904e+06
4.20788e+03	6.95094e+02	1.32523e+03	3.65101e+03	8.45557e+00	4.74484e+00	5.35234e+06
4.25064e+03	7.01609e+02	1.31482e+03	3.65152e+03	8.45606e+00	4.74370e+00	4.76341e+06
4.29286e+03	7.08089e+02	1.30440e+03	3.65203e+03	8.45653e+00	4.74256e+00	4.24944e+06
4.33454e+03	7.14532e+02	1.29399e+03	3.65252e+03	8.45696e+00	4.74141e+00	3.79970e+06
4.37568e+03	7.20940e+02	1.28358e+03	3.65300e+03	8.45735e+00	4.74025e+00	3.40515e+06
4.41628e+03	7.27312e+02	1.27317e+03	3.65347e+03	8.45772e+00	4.73910e+00	3.05813e+06
4.45632e+03	7.33649e+02	1.26275e+03	3.65393e+03	8.45805e+00	4.73794e+00	2.75219e+06
4.49581e+03	7.39951e+02	1.25234e+03	3.65438e+03	8.45835e+00	4.73678e+00	2.48183e+06
4.53473e+03	7.46218e+02	1.24193e+03	3.65482e+03	8.45861e+00	4.73561e+00	2.24237e+06
4.57309e+03	7.52450e+02	1.23152e+03	3.65524e+03	8.45883e+00	4.73444e+00	2.02980e+06
4.61089e+03	7.58649e+02	1.22111e+03	3.65565e+03	8.45902e+00	4.73326e+00	1.84071e+06
4.64811e+03	7.64814e+02	1.21069e+03	3.65605e+03	8.45918e+00	4.73208e+00	1.67215e+06
4.68475e+03	7.70945e+02	1.20028e+03	3.65644e+03	8.45929e+00	4.73090e+00	1.52159e+06
4.72081e+03	7.77043e+02	1.18987e+03	3.65682e+03	8.45938e+00	4.72971e+00	1.38685e+06
4.75628e+03	7.83108e+02	1.17946e+03	3.65719e+03	8.45942e+00	4.72852e+00	1.26603e+06
4.79115e+03	7.89141e+02	1.16905e+03	3.65754e+03	8.45943e+00	4.72732e+00	1.15749e+06
4.82543e+03	7.95142e+02	1.15863e+03	3.65788e+03	8.45939e+00	4.72611e+00	1.05982e+06
4.85910e+03	8.01111e+02	1.14822e+03	3.65821e+03	8.45933e+00	4.72490e+00	9.71775e+05
4.89216e+03	8.07049e+02	1.13781e+03	3.65853e+03	8.45921e+00	4.72369e+00	8.92267e+05
4.92460e+03	8.12956e+02	1.12740e+03	3.65883e+03	8.45906e+00	4.72247e+00	8.20352e+05
4.95642e+03	8.18833e+02	1.11699e+03	3.65912e+03	8.45887e+00	4.72124e+00	7.55202e+05
4.98761e+03	8.24680e+02	1.10657e+03	3.65939e+03	8.45863e+00	4.72001e+00	6.96088e+05
5.01816e+03	8.30497e+02	1.09616e+03	3.65966e+03	8.45836e+00	4.71877e+00	6.42369e+05
5.04807e+03	8.36286e+02	1.08575e+03	3.65991e+03	8.45804e+00	4.71752e+00	5.93480e+05
5.07733e+03	8.42045e+02	1.07534e+03	3.66014e+03	8.45767e+00	4.71627e+00	5.48925e+05
5.10593e+03	8.47777e+02	1.06493e+03	3.66036e+03	8.45727e+00	4.71501e+00	5.08261e+05
5.13387e+03	8.53482e+02	1.05451e+03	3.66057e+03	8.45681e+00	4.71374e+00	4.71097e+05
5.16113e+03	8.59159e+02	1.04410e+03	3.66076e+03	8.45632e+00	4.71246e+00	4.37088e+05
5.18770e+03	8.64811e+02	1.03369e+03	3.66094e+03	8.45577e+00	4.71118e+00	4.05925e+05
5.21359e+03	8.70437e+02	1.02328e+03	3.66110e+03	8.45517e+00	4.70988e+00	3.77334e+05
5.23877e+03	8.76037e+02	1.01286e+03	3.66125e+03	8.45452e+00	4.70858e+00	3.51070e+05
5.26325e+03	8.81614e+02	1.00245e+03	3.66138e+03	8.45383e+00	4.70726e+00	3.26914e+05
5.28701e+03	8.87167e+02	9.92040e+02	3.66150e+03	8.45308e+00	4.70594e+00	3.04672e+05
5.31003e+03	8.92697e+02	9.81628e+02	3.66160e+03	8.45227e+00	4.70460e+00	2.84167e+05
5.33232e+03	8.98204e+02	9.71216e+02	3.66169e+03	8.45142e+00	4.70326e+00	2.65243e+05
5.35386e+03	9.03691e+02	9.60804e+02	3.66176e+03	8.45051e+00	4.70191e+00	2.47759e+05
5.37463e+03	9.09157e+02	9.50392e+02	3.66181e+03	8.44953e+00	4.70053e+00	2.31588e+05
5.39463e+03	9.14603e+02	9.39980e+02	3.66184e+03	8.44851e+00	4.69915e+00	2.16615e+05
5.41384e+03	9.20030e+02	9.29568e+02	3.66186e+03	8.44742e+00	4.69776e+00	2.02738e+05
5.43225e+03	9.25440e+02	9.19156e+02	3.66186e+03	8.44626e+00	4.69635e+00	1.89864e+05
5.44985e+03	9.30833e+02	9.08744e+02	3.66183e+03	8.44505e+00	4.69493e+00	1.77908e+05
5.46662e+03	9.36210e+02	8.98332e+02	3.66179e+03	8.44378e+00	4.69349e+00	1.66794e+05
5.48255e+03	9.41572e+02	8.87920e+02	3.66174e+03	8.44242e+00	4.69204e+00	1.56453e+05
5.49762e+03	9.46920e+02	8.77508e+02	3.66166e+03	8.44101e+00	4.69056e+00	1.46823e+05
5.51182e+03	9.52256e+02	8.67095e+02	3.66156e+03	8.43952e+00	4.68908e+00	1.37846e+05
5.52513e+03	9.57581e+02	8.56683e+02	3.66144e+03	8.43796e+00	4.68757e+00	1.29471e+05
5.53753e+03	9.62896e+02	8.46271e+02	3.66130e+03	8.43632e+00	4.68605e+00	1.21651e+05
5.54900e+03	9.68203e+02	8.35859e+02	3.66113e+03	8.43461e+00	4.68450e+00	1.14343e+05
5.55952e+03	9.73502e+02	8.25447e+02	3.66095e+03	8.43281e+00	4.68294e+00	1.07507e+05
5.56908e+03	9.78796e+02	8.15035e+02	3.66074e+03	8.43093e+00	4.68135e+00	1.01109e+05
5.57764e+03	9.84086e+02	8.04623e+02	3.66050e+03	8.42897e+00	4.67974e+00	9.51152e+04
5.58520e+03	9.89373e+02	7.94211e+02	3.66025e+03	8.42692e+00	4.67810e+00	8.94958e+04
5.59172e+03	9.94660e+02	7.83799e+02	3.65996e+03	8.42476e+00	4.67644e+00	8.42235e+04
5.59718e+03	9.99948e+02	7.73387e+02	3.65965e+03	8.42252e+00	4.67475e+00	7.92734e+04
5.60156e+03	1.00524e+03	7.62975e+02	3.65932e+03	8.42018e+00	4.67304e+00	7.46223e+04
5.60482e+03	1.01054e+03	7.52563e+02	3.65895e+03	8.41773e+00	4.67129e+00	7.02493e+04
5.60693e+03	1.01584e+03	7.42150e+02	3.65856e+03	8.41518e+00	4.66951e+00	6.61349e+04
5.60787e+03	1.02115e+03	7.31738e+02	3.65814e+03	8.41252e+00	4.66771e+00	6.22612e+04
5.60761e+03	1.02648e+03	7.21326e+02	3.65769e+03	8.40974e+00	4.66586e+00	5.86119e+04
5.60610e+03	1.03182e+03	7.10914e+02	3.65720e+03	8.40684e+00	4.66398e+00	5.51718e+04
5.60332e+03	1.03718e+03	7.00502e+02	3.65668e+03	8.40381e+00	4.66207e+00	5.19271e+04
5.59921e+03	1.04256e+03	6.90090e+02	3.65613e+03	8.40066e+00	4.66011e+00	4.88648e+04
5.59375e+03	1.04796e+03	6.79678e+02	3.65554e+03	8.39737e+00	4.65811e+00	4.59732e+04
5.58689e+03	1.05339e+03	6.69266e+02	3.65492e+03	8.39394e+00	4.65607e+00	4.32414e+04
5.57858e+03	1.05884e+03	6.58854e+02	3.65425e+03	8.39036e+00	4.65398e+00	4.06591e+04
5.56878e+03	1.06434e+03	6.48442e+02	3.65355e+03	8.38661e+00	4.65184e+00	3.82171e+04
5.55742e+03	1.06987e+03	6.38030e+02	3.65280e+03	8.38271e+00	4.64964e+00	3.59067e+04
5.54446e+03	1.07544e+03	6.27618e+02	3.65201e+03	8.37865e+00	4.64740e+00	3.37200e+04
5.54446e+03	1.07544e+03	6.27618e+02	8.00000e+03	6.12890e+00	3.30887e+00	1.00000e+04
5.32993e+03	1.07663e+03	5.57882e+02	8.00817e+03	6.12578e+00	3.30718e+00	1.00000e+04
4.76286e+03	1.07783e+03	4.88147e+02	8.01738e+03	6.10548e+00	3.29718e+00	1.00000e+04
3.72035e+03	1.07902e+03	4.18412e+02	8.02936e+03	6.05638e+00	3.27321e+00	1.00000e+04
1.99056e+03	1.08022e+03	3.48676e+02	8.05246e+03	5.96506e+00	3.22866e+00	1.00000e+04
-8.27411e+02	1.08141e+03	2.78941e+02	7.99382e+03	5.84671e+00	3.17300e+00	1.00000e+04
-5.53201e+03	1.08261e+03	2.09206e+02	7.98430e+03	5.61417e+00	3.06171e+00	1.00000e+04
-1.42425e+04	1.08380e+03	1.39471e+02	7.97993e+03	5.19772e+00	2.86358e+00	1.00000e+04
-3.42416e+04	1.08500e+03	6.97353e+01	7.97719e+03	4.31905e+00	2.45337e+00	1.00000e+04
-1.14817e+05	1.08619e+03	0.00000e+00	7.98175e+03	0.00000e+00-7.52463e-01i	1.00219e+00	1.00000e+04
