P (MPa)		T (K)		r (km)		rho (kg m-3)	VP (km s-1)	VS (km s-1)	QS/gamma	KS (GPa)	GS (GPa)	k for 0.01 mol/kg MgSO4 (S m-1)	
0.00000e+00	1.10000e+02	2.63410e+03	9.31841e+02	3.87940e+00	1.96225e+00	2.74516e+04	9.24000e+00	3.58800e+00	0.00000e+00
7.05129e-01	1.22562e+02	2.63357e+03	9.31841e+02	3.88096e+00	1.96315e+00	9.07467e+03	9.24233e+00	3.58951e+00	0.00000e+00
1.41026e+00	1.36558e+02	2.63304e+03	9.31834e+02	3.88286e+00	1.96422e+00	3.36021e+03	9.24465e+00	3.59103e+00	0.00000e+00
2.11539e+00	1.52153e+02	2.63251e+03	9.31823e+02	3.88523e+00	1.96553e+00	1.37760e+03	9.24697e+00	3.59254e+00	0.00000e+00
2.82052e+00	1.69529e+02	2.63198e+03	9.31808e+02	3.88825e+00	1.96717e+00	6.18831e+02	9.24929e+00	3.59405e+00	0.00000e+00
3.52565e+00	1.88889e+02	2.63145e+03	9.31789e+02	3.89211e+00	1.96923e+00	3.01746e+02	9.25160e+00	3.59556e+00	0.00000e+00
4.23078e+00	2.10460e+02	2.63092e+03	9.31765e+02	3.89707e+00	1.97185e+00	1.58374e+02	9.25392e+00	3.59707e+00	0.00000e+00
4.93590e+00	2.34494e+02	2.63038e+03	9.31736e+02	3.90333e+00	1.97513e+00	8.88012e+01	9.25623e+00	3.59858e+00	0.00000e+00
5.64103e+00	2.61273e+02	2.62985e+03	9.31703e+02	3.91097e+00	1.97910e+00	5.28333e+01	9.25853e+00	3.60009e+00	0.00000e+00
6.34616e+00	2.61306e+02	2.62932e+03	9.31664e+02	3.91141e+00	1.97944e+00	5.28031e+01	9.26084e+00	3.60159e+00	0.00000e+00
7.05129e+00	2.61340e+02	2.62879e+03	9.31619e+02	3.91186e+00	1.97978e+00	5.27725e+01	9.26314e+00	3.60310e+00	0.00000e+00
7.75642e+00	2.61374e+02	2.62826e+03	9.31569e+02	3.91230e+00	1.98011e+00	5.27413e+01	9.26544e+00	3.60460e+00	0.00000e+00
8.46155e+00	2.61408e+02	2.62773e+03	9.31513e+02	3.91274e+00	1.98045e+00	5.27095e+01	9.26774e+00	3.60610e+00	0.00000e+00
9.16668e+00	2.61444e+02	2.62720e+03	9.31450e+02	3.91319e+00	1.98078e+00	5.26772e+01	9.27003e+00	3.60761e+00	0.00000e+00
9.87181e+00	2.61479e+02	2.62667e+03	9.31380e+02	3.91363e+00	1.98111e+00	5.26444e+01	9.27232e+00	3.60911e+00	0.00000e+00
1.05769e+01	2.61516e+02	2.62614e+03	9.31303e+02	3.91407e+00	1.98145e+00	5.26109e+01	9.27461e+00	3.61061e+00	0.00000e+00
1.12821e+01	2.61553e+02	2.62561e+03	9.31218e+02	3.91451e+00	1.98178e+00	5.25769e+01	9.27690e+00	3.61211e+00	0.00000e+00
1.19872e+01	2.61591e+02	2.62508e+03	9.31126e+02	3.91496e+00	1.98211e+00	5.25423e+01	9.27918e+00	3.61360e+00	0.00000e+00
1.26923e+01	2.61630e+02	2.62455e+03	9.31025e+02	3.91540e+00	1.98245e+00	5.25071e+01	9.28147e+00	3.61510e+00	0.00000e+00
1.33975e+01	2.61669e+02	2.62402e+03	9.30915e+02	3.91584e+00	1.98278e+00	5.24712e+01	9.28374e+00	3.61660e+00	0.00000e+00
1.41026e+01	2.61709e+02	2.62349e+03	9.30796e+02	3.91628e+00	1.98311e+00	5.24348e+01	9.28602e+00	3.61809e+00	0.00000e+00
1.48077e+01	2.61750e+02	2.62296e+03	9.30667e+02	3.91672e+00	1.98345e+00	5.23977e+01	9.28830e+00	3.61959e+00	0.00000e+00
1.55128e+01	2.61792e+02	2.62243e+03	9.30528e+02	3.91715e+00	1.98378e+00	5.23599e+01	9.29057e+00	3.62108e+00	0.00000e+00
1.62180e+01	2.61834e+02	2.62190e+03	9.30378e+02	3.91759e+00	1.98411e+00	5.23216e+01	9.29284e+00	3.62257e+00	0.00000e+00
1.69231e+01	2.61877e+02	2.62137e+03	9.30216e+02	3.91803e+00	1.98444e+00	5.22825e+01	9.29510e+00	3.62406e+00	0.00000e+00
1.76282e+01	2.61921e+02	2.62084e+03	9.30043e+02	3.91847e+00	1.98477e+00	5.22428e+01	9.29737e+00	3.62555e+00	0.00000e+00
1.83334e+01	2.61966e+02	2.62031e+03	9.29858e+02	3.91891e+00	1.98510e+00	5.22023e+01	9.29963e+00	3.62704e+00	0.00000e+00
1.90385e+01	2.62011e+02	2.61978e+03	9.29659e+02	3.91934e+00	1.98543e+00	5.21612e+01	9.30188e+00	3.62853e+00	0.00000e+00
1.97436e+01	2.62058e+02	2.61925e+03	9.29447e+02	3.91978e+00	1.98576e+00	5.21194e+01	9.30414e+00	3.63002e+00	0.00000e+00
2.04487e+01	2.62105e+02	2.61872e+03	9.29221e+02	3.92022e+00	1.98609e+00	5.20768e+01	9.30639e+00	3.63151e+00	0.00000e+00
2.11539e+01	2.62153e+02	2.61818e+03	9.28981e+02	3.92065e+00	1.98642e+00	5.20336e+01	9.30864e+00	3.63299e+00	0.00000e+00
2.18590e+01	2.62202e+02	2.61765e+03	9.28725e+02	3.92109e+00	1.98675e+00	5.19895e+01	9.31089e+00	3.63448e+00	0.00000e+00
2.25641e+01	2.62252e+02	2.61712e+03	9.28453e+02	3.92152e+00	1.98708e+00	5.19448e+01	9.31314e+00	3.63596e+00	0.00000e+00
2.32693e+01	2.62302e+02	2.61659e+03	9.28165e+02	3.92196e+00	1.98741e+00	5.18992e+01	9.31538e+00	3.63744e+00	0.00000e+00
2.39744e+01	2.62354e+02	2.61606e+03	9.27860e+02	3.92239e+00	1.98774e+00	5.18529e+01	9.31762e+00	3.63892e+00	0.00000e+00
2.46795e+01	2.62407e+02	2.61553e+03	9.27538e+02	3.92283e+00	1.98807e+00	5.18058e+01	9.31986e+00	3.64040e+00	0.00000e+00
2.53847e+01	2.62461e+02	2.61500e+03	9.27198e+02	3.92326e+00	1.98840e+00	5.17578e+01	9.32209e+00	3.64188e+00	0.00000e+00
2.60898e+01	2.62515e+02	2.61447e+03	9.26841e+02	3.92370e+00	1.98873e+00	5.17091e+01	9.32433e+00	3.64336e+00	0.00000e+00
2.67949e+01	2.62571e+02	2.61394e+03	9.26464e+02	3.92413e+00	1.98906e+00	5.16595e+01	9.32656e+00	3.64484e+00	0.00000e+00
2.75000e+01	2.62628e+02	2.61340e+03	9.26070e+02	3.92456e+00	1.98938e+00	5.16091e+01	9.32878e+00	3.64631e+00	0.00000e+00
2.82052e+01	2.62685e+02	2.61287e+03	9.25656e+02	3.92499e+00	1.98971e+00	5.15579e+01	9.33101e+00	3.64779e+00	0.00000e+00
2.89103e+01	2.62744e+02	2.61234e+03	9.25224e+02	3.92543e+00	1.99004e+00	5.15057e+01	9.33323e+00	3.64926e+00	0.00000e+00
2.96154e+01	2.62804e+02	2.61181e+03	9.24773e+02	3.92586e+00	1.99037e+00	5.14527e+01	9.33545e+00	3.65074e+00	0.00000e+00
3.03206e+01	2.62865e+02	2.61128e+03	9.24303e+02	3.92629e+00	1.99070e+00	5.13988e+01	9.33767e+00	3.65221e+00	0.00000e+00
3.10257e+01	2.62927e+02	2.61074e+03	9.23815e+02	3.92672e+00	1.99102e+00	5.13440e+01	9.33988e+00	3.65368e+00	0.00000e+00
3.17308e+01	2.62990e+02	2.61021e+03	9.23310e+02	3.92715e+00	1.99135e+00	5.12882e+01	9.34209e+00	3.65515e+00	0.00000e+00
3.24359e+01	2.63055e+02	2.60968e+03	9.22788e+02	3.92759e+00	1.99168e+00	5.12315e+01	9.34430e+00	3.65662e+00	0.00000e+00
3.31411e+01	2.63120e+02	2.60914e+03	9.22250e+02	3.92802e+00	1.99200e+00	5.11739e+01	9.34651e+00	3.65809e+00	0.00000e+00
3.38462e+01	2.69858e+02	2.60861e+03	9.21072e+02	3.93031e+00	1.99328e+00	4.57184e+01	9.34871e+00	3.65956e+00	0.00000e+00
3.45513e+01	2.70000e+02	2.60808e+03	9.21129e+02	3.93076e+00	1.99361e+00	4.56125e+01	9.35092e+00	3.66102e+00	0.00000e+00
3.78271e+01	2.70031e+02	2.60604e+03	1.12377e+03	1.59897e+00	0.00000e+00	0.00000e+00	2.87315e+00	0.00000e+00	7.57475e-02
4.11028e+01	2.70064e+02	2.60401e+03	1.12504e+03	1.60537e+00	0.00000e+00	0.00000e+00	2.89947e+00	0.00000e+00	7.60989e-02
4.43786e+01	2.70097e+02	2.60198e+03	1.12631e+03	1.61175e+00	0.00000e+00	0.00000e+00	2.92586e+00	0.00000e+00	7.64471e-02
4.76543e+01	2.70132e+02	2.59996e+03	1.12756e+03	1.61812e+00	0.00000e+00	0.00000e+00	2.95230e+00	0.00000e+00	7.67921e-02
5.09301e+01	2.70168e+02	2.59793e+03	1.12881e+03	1.62446e+00	0.00000e+00	0.00000e+00	2.97878e+00	0.00000e+00	7.71339e-02
5.42058e+01	2.70204e+02	2.59591e+03	1.13005e+03	1.63078e+00	0.00000e+00	0.00000e+00	3.00531e+00	0.00000e+00	7.74726e-02
5.74816e+01	2.70242e+02	2.59390e+03	1.13127e+03	1.63709e+00	0.00000e+00	0.00000e+00	3.03187e+00	0.00000e+00	7.78082e-02
6.07573e+01	2.70280e+02	2.59188e+03	1.13249e+03	1.64337e+00	0.00000e+00	0.00000e+00	3.05846e+00	0.00000e+00	7.81406e-02
6.40331e+01	2.70320e+02	2.58987e+03	1.13370e+03	1.64962e+00	0.00000e+00	0.00000e+00	3.08509e+00	0.00000e+00	7.84699e-02
6.73088e+01	2.70360e+02	2.58786e+03	1.13490e+03	1.65586e+00	0.00000e+00	0.00000e+00	3.11174e+00	0.00000e+00	7.87961e-02
7.05846e+01	2.70402e+02	2.58585e+03	1.13609e+03	1.66207e+00	0.00000e+00	0.00000e+00	3.13843e+00	0.00000e+00	7.91192e-02
7.38603e+01	2.70444e+02	2.58385e+03	1.13727e+03	1.66826e+00	0.00000e+00	0.00000e+00	3.16514e+00	0.00000e+00	7.94392e-02
7.71361e+01	2.70487e+02	2.58185e+03	1.13844e+03	1.67443e+00	0.00000e+00	0.00000e+00	3.19188e+00	0.00000e+00	7.97561e-02
8.04118e+01	2.70530e+02	2.57985e+03	1.13961e+03	1.68058e+00	0.00000e+00	0.00000e+00	3.21864e+00	0.00000e+00	8.00699e-02
8.36875e+01	2.70575e+02	2.57785e+03	1.14076e+03	1.68670e+00	0.00000e+00	0.00000e+00	3.24543e+00	0.00000e+00	8.03807e-02
8.69633e+01	2.70620e+02	2.57585e+03	1.14191e+03	1.69280e+00	0.00000e+00	0.00000e+00	3.27223e+00	0.00000e+00	8.06884e-02
9.02390e+01	2.70666e+02	2.57386e+03	1.14305e+03	1.69888e+00	0.00000e+00	0.00000e+00	3.29904e+00	0.00000e+00	8.09932e-02
9.35148e+01	2.70713e+02	2.57187e+03	1.14418e+03	1.70493e+00	0.00000e+00	0.00000e+00	3.32586e+00	0.00000e+00	8.12949e-02
9.67905e+01	2.70760e+02	2.56988e+03	1.14530e+03	1.71095e+00	0.00000e+00	0.00000e+00	3.35269e+00	0.00000e+00	8.15937e-02
1.00066e+02	2.70808e+02	2.56790e+03	1.14641e+03	1.71694e+00	0.00000e+00	0.00000e+00	3.37950e+00	0.00000e+00	8.18895e-02
1.03342e+02	2.70857e+02	2.56592e+03	1.14752e+03	1.72291e+00	0.00000e+00	0.00000e+00	3.40631e+00	0.00000e+00	8.21824e-02
1.06618e+02	2.70906e+02	2.56394e+03	1.14862e+03	1.72884e+00	0.00000e+00	0.00000e+00	3.43310e+00	0.00000e+00	8.24724e-02
1.09894e+02	2.70956e+02	2.56196e+03	1.14971e+03	1.73475e+00	0.00000e+00	0.00000e+00	3.45988e+00	0.00000e+00	8.27596e-02
1.13169e+02	2.71006e+02	2.55998e+03	1.15080e+03	1.74062e+00	0.00000e+00	0.00000e+00	3.48663e+00	0.00000e+00	8.30439e-02
1.16445e+02	2.71058e+02	2.55801e+03	1.15187e+03	1.74647e+00	0.00000e+00	0.00000e+00	3.51337e+00	0.00000e+00	8.33254e-02
1.19721e+02	2.71109e+02	2.55604e+03	1.15294e+03	1.75228e+00	0.00000e+00	0.00000e+00	3.54009e+00	0.00000e+00	8.36042e-02
1.22997e+02	2.71161e+02	2.55407e+03	1.15401e+03	1.75807e+00	0.00000e+00	0.00000e+00	3.56679e+00	0.00000e+00	8.38802e-02
1.26272e+02	2.71214e+02	2.55210e+03	1.15506e+03	1.76382e+00	0.00000e+00	0.00000e+00	3.59347e+00	0.00000e+00	8.41535e-02
1.29548e+02	2.71267e+02	2.55014e+03	1.15611e+03	1.76955e+00	0.00000e+00	0.00000e+00	3.62013e+00	0.00000e+00	8.44241e-02
1.32824e+02	2.71321e+02	2.54817e+03	1.15715e+03	1.77524e+00	0.00000e+00	0.00000e+00	3.64676e+00	0.00000e+00	8.46921e-02
1.36100e+02	2.71375e+02	2.54621e+03	1.15819e+03	1.78091e+00	0.00000e+00	0.00000e+00	3.67335e+00	0.00000e+00	8.49576e-02
1.39375e+02	2.71430e+02	2.54425e+03	1.15922e+03	1.78654e+00	0.00000e+00	0.00000e+00	3.69991e+00	0.00000e+00	8.52205e-02
1.42651e+02	2.71485e+02	2.54230e+03	1.16024e+03	1.79214e+00	0.00000e+00	0.00000e+00	3.72642e+00	0.00000e+00	8.54809e-02
1.45927e+02	2.71541e+02	2.54035e+03	1.16126e+03	1.79770e+00	0.00000e+00	0.00000e+00	3.75288e+00	0.00000e+00	8.57388e-02
1.49203e+02	2.71597e+02	2.53839e+03	1.16227e+03	1.80323e+00	0.00000e+00	0.00000e+00	3.77928e+00	0.00000e+00	8.59944e-02
1.52478e+02	2.71654e+02	2.53644e+03	1.16327e+03	1.80872e+00	0.00000e+00	0.00000e+00	3.80561e+00	0.00000e+00	8.62476e-02
1.55754e+02	2.71711e+02	2.53450e+03	1.16427e+03	1.81417e+00	0.00000e+00	0.00000e+00	3.83187e+00	0.00000e+00	8.64985e-02
1.59030e+02	2.71768e+02	2.53255e+03	1.16526e+03	1.81959e+00	0.00000e+00	0.00000e+00	3.85807e+00	0.00000e+00	8.67472e-02
1.62305e+02	2.71826e+02	2.53061e+03	1.16625e+03	1.82497e+00	0.00000e+00	0.00000e+00	3.88420e+00	0.00000e+00	8.69937e-02
1.65581e+02	2.71884e+02	2.52867e+03	1.16723e+03	1.83032e+00	0.00000e+00	0.00000e+00	3.91027e+00	0.00000e+00	8.72380e-02
1.68857e+02	2.71942e+02	2.52673e+03	1.16820e+03	1.83563e+00	0.00000e+00	0.00000e+00	3.93628e+00	0.00000e+00	8.74803e-02
1.72133e+02	2.72001e+02	2.52479e+03	1.16917e+03	1.84090e+00	0.00000e+00	0.00000e+00	3.96223e+00	0.00000e+00	8.77206e-02
1.75408e+02	2.72060e+02	2.52286e+03	1.17013e+03	1.84615e+00	0.00000e+00	0.00000e+00	3.98812e+00	0.00000e+00	8.79590e-02
1.78684e+02	2.72120e+02	2.52092e+03	1.17109e+03	1.85136e+00	0.00000e+00	0.00000e+00	4.01396e+00	0.00000e+00	8.81954e-02
1.81960e+02	2.72180e+02	2.51899e+03	1.17204e+03	1.85654e+00	0.00000e+00	0.00000e+00	4.03973e+00	0.00000e+00	8.84301e-02
1.85236e+02	2.72240e+02	2.51706e+03	1.17299e+03	1.86169e+00	0.00000e+00	0.00000e+00	4.06545e+00	0.00000e+00	8.86630e-02
1.88511e+02	2.72301e+02	2.51513e+03	1.17393e+03	1.86680e+00	0.00000e+00	0.00000e+00	4.09110e+00	0.00000e+00	8.88942e-02
1.91787e+02	2.72362e+02	2.51321e+03	1.17487e+03	1.87188e+00	0.00000e+00	0.00000e+00	4.11669e+00	0.00000e+00	8.91238e-02
1.95063e+02	2.72423e+02	2.51129e+03	1.17580e+03	1.87694e+00	0.00000e+00	0.00000e+00	4.14222e+00	0.00000e+00	8.93519e-02
1.98339e+02	2.72485e+02	2.50936e+03	1.17673e+03	1.88196e+00	0.00000e+00	0.00000e+00	4.16769e+00	0.00000e+00	8.95786e-02
2.01614e+02	2.72547e+02	2.50745e+03	1.17765e+03	1.88695e+00	0.00000e+00	0.00000e+00	4.19311e+00	0.00000e+00	8.98038e-02
2.04890e+02	2.72609e+02	2.50553e+03	1.17857e+03	1.89191e+00	0.00000e+00	0.00000e+00	4.21849e+00	0.00000e+00	9.00277e-02
2.08166e+02	2.72672e+02	2.50361e+03	1.17948e+03	1.89685e+00	0.00000e+00	0.00000e+00	4.24382e+00	0.00000e+00	9.02502e-02
2.11442e+02	2.72734e+02	2.50170e+03	1.18039e+03	1.90176e+00	0.00000e+00	0.00000e+00	4.26911e+00	0.00000e+00	9.04714e-02
2.14717e+02	2.72797e+02	2.49979e+03	1.18129e+03	1.90665e+00	0.00000e+00	0.00000e+00	4.29436e+00	0.00000e+00	9.06912e-02
2.17993e+02	2.72861e+02	2.49788e+03	1.18219e+03	1.91151e+00	0.00000e+00	0.00000e+00	4.31958e+00	0.00000e+00	9.09097e-02
2.21269e+02	2.72924e+02	2.49597e+03	1.18308e+03	1.91635e+00	0.00000e+00	0.00000e+00	4.34477e+00	0.00000e+00	9.11268e-02
2.24545e+02	2.72988e+02	2.49406e+03	1.18397e+03	1.92117e+00	0.00000e+00	0.00000e+00	4.36993e+00	0.00000e+00	9.13425e-02
2.27820e+02	2.73053e+02	2.49216e+03	1.18486e+03	1.92597e+00	0.00000e+00	0.00000e+00	4.39508e+00	0.00000e+00	9.15568e-02
2.31096e+02	2.73117e+02	2.49026e+03	1.18574e+03	1.93075e+00	0.00000e+00	0.00000e+00	4.42021e+00	0.00000e+00	9.17698e-02
2.34372e+02	2.73182e+02	2.48836e+03	1.18662e+03	1.93552e+00	0.00000e+00	0.00000e+00	4.44534e+00	0.00000e+00	9.19814e-02
2.37648e+02	2.73247e+02	2.48646e+03	1.18749e+03	1.94027e+00	0.00000e+00	0.00000e+00	4.47046e+00	0.00000e+00	9.21916e-02
2.40923e+02	2.73312e+02	2.48456e+03	1.18836e+03	1.94500e+00	0.00000e+00	0.00000e+00	4.49558e+00	0.00000e+00	9.24005e-02
2.44199e+02	2.73377e+02	2.48266e+03	1.18922e+03	1.94972e+00	0.00000e+00	0.00000e+00	4.52070e+00	0.00000e+00	9.26080e-02
2.47475e+02	2.73443e+02	2.48077e+03	1.19008e+03	1.95442e+00	0.00000e+00	0.00000e+00	4.54582e+00	0.00000e+00	9.28141e-02
2.50751e+02	2.73508e+02	2.47888e+03	1.19093e+03	1.95911e+00	0.00000e+00	0.00000e+00	4.57094e+00	0.00000e+00	9.30189e-02
2.54026e+02	2.73575e+02	2.47699e+03	1.19178e+03	1.96379e+00	0.00000e+00	0.00000e+00	4.59606e+00	0.00000e+00	9.32223e-02
2.57302e+02	2.73641e+02	2.47510e+03	1.19263e+03	1.96844e+00	0.00000e+00	0.00000e+00	4.62118e+00	0.00000e+00	9.34244e-02
2.60578e+02	2.73707e+02	2.47322e+03	1.19347e+03	1.97309e+00	0.00000e+00	0.00000e+00	4.64628e+00	0.00000e+00	9.36252e-02
2.63854e+02	2.73774e+02	2.47133e+03	1.19431e+03	1.97771e+00	0.00000e+00	0.00000e+00	4.67137e+00	0.00000e+00	9.38246e-02
2.67129e+02	2.73841e+02	2.46945e+03	1.19515e+03	1.98232e+00	0.00000e+00	0.00000e+00	4.69645e+00	0.00000e+00	9.40226e-02
2.70405e+02	2.73908e+02	2.46757e+03	1.19598e+03	1.98691e+00	0.00000e+00	0.00000e+00	4.72152e+00	0.00000e+00	9.42194e-02
2.73681e+02	2.73975e+02	2.46569e+03	1.19681e+03	1.99149e+00	0.00000e+00	0.00000e+00	4.74659e+00	0.00000e+00	9.44148e-02
2.76957e+02	2.74043e+02	2.46381e+03	1.19763e+03	1.99605e+00	0.00000e+00	0.00000e+00	4.77164e+00	0.00000e+00	9.46090e-02
2.80232e+02	2.74111e+02	2.46193e+03	1.19845e+03	2.00060e+00	0.00000e+00	0.00000e+00	4.79668e+00	0.00000e+00	9.48019e-02
2.83508e+02	2.74178e+02	2.46006e+03	1.19927e+03	2.00513e+00	0.00000e+00	0.00000e+00	4.82172e+00	0.00000e+00	9.49935e-02
2.86784e+02	2.74247e+02	2.45819e+03	1.20008e+03	2.00965e+00	0.00000e+00	0.00000e+00	4.84675e+00	0.00000e+00	9.51838e-02
2.90060e+02	2.74315e+02	2.45632e+03	1.20089e+03	2.01415e+00	0.00000e+00	0.00000e+00	4.87177e+00	0.00000e+00	9.53729e-02
2.93335e+02	2.74383e+02	2.45445e+03	1.20170e+03	2.01864e+00	0.00000e+00	0.00000e+00	4.89679e+00	0.00000e+00	9.55607e-02
2.96611e+02	2.74452e+02	2.45258e+03	1.20250e+03	2.02311e+00	0.00000e+00	0.00000e+00	4.92181e+00	0.00000e+00	9.57474e-02
2.99887e+02	2.74521e+02	2.45071e+03	1.20330e+03	2.02757e+00	0.00000e+00	0.00000e+00	4.94682e+00	0.00000e+00	9.59328e-02
3.03163e+02	2.74590e+02	2.44885e+03	1.20409e+03	2.03202e+00	0.00000e+00	0.00000e+00	4.97183e+00	0.00000e+00	9.61171e-02
3.06438e+02	2.74659e+02	2.44699e+03	1.20488e+03	2.03646e+00	0.00000e+00	0.00000e+00	4.99683e+00	0.00000e+00	9.63002e-02
3.09714e+02	2.74728e+02	2.44513e+03	1.20567e+03	2.04087e+00	0.00000e+00	0.00000e+00	5.02182e+00	0.00000e+00	9.64821e-02
3.12990e+02	2.74798e+02	2.44327e+03	1.20646e+03	2.04528e+00	0.00000e+00	0.00000e+00	5.04680e+00	0.00000e+00	9.66627e-02
3.16266e+02	2.74868e+02	2.44141e+03	1.20724e+03	2.04967e+00	0.00000e+00	0.00000e+00	5.07177e+00	0.00000e+00	9.68420e-02
3.19541e+02	2.74938e+02	2.43956e+03	1.20801e+03	2.05404e+00	0.00000e+00	0.00000e+00	5.09672e+00	0.00000e+00	9.70201e-02
3.22817e+02	2.75008e+02	2.43770e+03	1.20879e+03	2.05840e+00	0.00000e+00	0.00000e+00	5.12164e+00	0.00000e+00	9.71968e-02
3.26093e+02	2.75078e+02	2.43585e+03	1.20956e+03	2.06274e+00	0.00000e+00	0.00000e+00	5.14653e+00	0.00000e+00	9.73723e-02
3.29369e+02	2.75149e+02	2.43400e+03	1.21033e+03	2.06705e+00	0.00000e+00	0.00000e+00	5.17138e+00	0.00000e+00	9.75463e-02
3.32644e+02	2.75219e+02	2.43215e+03	1.21109e+03	2.07135e+00	0.00000e+00	0.00000e+00	5.19618e+00	0.00000e+00	9.77190e-02
3.35920e+02	2.75290e+02	2.43030e+03	1.21186e+03	2.07562e+00	0.00000e+00	0.00000e+00	5.22092e+00	0.00000e+00	9.78903e-02
3.39196e+02	2.75361e+02	2.42845e+03	1.21261e+03	2.07987e+00	0.00000e+00	0.00000e+00	5.24559e+00	0.00000e+00	9.80601e-02
3.42472e+02	2.75432e+02	2.42661e+03	1.21337e+03	2.08409e+00	0.00000e+00	0.00000e+00	5.27020e+00	0.00000e+00	9.82285e-02
3.45747e+02	2.75503e+02	2.42477e+03	1.21412e+03	2.08829e+00	0.00000e+00	0.00000e+00	5.29475e+00	0.00000e+00	9.83954e-02
3.49023e+02	2.75575e+02	2.42292e+03	1.21487e+03	2.09247e+00	0.00000e+00	0.00000e+00	5.31924e+00	0.00000e+00	9.85607e-02
3.52299e+02	2.75646e+02	2.42108e+03	1.21562e+03	2.09663e+00	0.00000e+00	0.00000e+00	5.34369e+00	0.00000e+00	9.87246e-02
3.55575e+02	2.75718e+02	2.41925e+03	1.21636e+03	2.10077e+00	0.00000e+00	0.00000e+00	5.36809e+00	0.00000e+00	9.88869e-02
3.58850e+02	2.75790e+02	2.41741e+03	1.21710e+03	2.10489e+00	0.00000e+00	0.00000e+00	5.39246e+00	0.00000e+00	9.90476e-02
3.62126e+02	2.75862e+02	2.41557e+03	1.21784e+03	2.10900e+00	0.00000e+00	0.00000e+00	5.41680e+00	0.00000e+00	9.92067e-02
3.65402e+02	2.75934e+02	2.41374e+03	1.21858e+03	2.11309e+00	0.00000e+00	0.00000e+00	5.44111e+00	0.00000e+00	9.93642e-02
3.68678e+02	2.76007e+02	2.41191e+03	1.21931e+03	2.11716e+00	0.00000e+00	0.00000e+00	5.46541e+00	0.00000e+00	9.95200e-02
3.71953e+02	2.76079e+02	2.41008e+03	1.22004e+03	2.12122e+00	0.00000e+00	0.00000e+00	5.48968e+00	0.00000e+00	9.96741e-02
3.75229e+02	2.76152e+02	2.40825e+03	1.22077e+03	2.12527e+00	0.00000e+00	0.00000e+00	5.51393e+00	0.00000e+00	9.98265e-02
3.78505e+02	2.76225e+02	2.40642e+03	1.22149e+03	2.12931e+00	0.00000e+00	0.00000e+00	5.53817e+00	0.00000e+00	9.99772e-02
3.81781e+02	2.76298e+02	2.40460e+03	1.22221e+03	2.13333e+00	0.00000e+00	0.00000e+00	5.56238e+00	0.00000e+00	1.00126e-01
3.85056e+02	2.76371e+02	2.40277e+03	1.22293e+03	2.13733e+00	0.00000e+00	0.00000e+00	5.58658e+00	0.00000e+00	1.00273e-01
3.88332e+02	2.76444e+02	2.40095e+03	1.22365e+03	2.14133e+00	0.00000e+00	0.00000e+00	5.61076e+00	0.00000e+00	1.00419e-01
3.91608e+02	2.76517e+02	2.39913e+03	1.22436e+03	2.14531e+00	0.00000e+00	0.00000e+00	5.63492e+00	0.00000e+00	1.00562e-01
3.94884e+02	2.76591e+02	2.39731e+03	1.22507e+03	2.14928e+00	0.00000e+00	0.00000e+00	5.65906e+00	0.00000e+00	1.00704e-01
3.98159e+02	2.76664e+02	2.39549e+03	1.22578e+03	2.15323e+00	0.00000e+00	0.00000e+00	5.68319e+00	0.00000e+00	1.00843e-01
4.01435e+02	2.76738e+02	2.39367e+03	1.22648e+03	2.15717e+00	0.00000e+00	0.00000e+00	5.70729e+00	0.00000e+00	1.00981e-01
4.04711e+02	2.76812e+02	2.39186e+03	1.22719e+03	2.16110e+00	0.00000e+00	0.00000e+00	5.73137e+00	0.00000e+00	1.01117e-01
4.07987e+02	2.76886e+02	2.39004e+03	1.22789e+03	2.16501e+00	0.00000e+00	0.00000e+00	5.75544e+00	0.00000e+00	1.01251e-01
4.11262e+02	2.76960e+02	2.38823e+03	1.22858e+03	2.16891e+00	0.00000e+00	0.00000e+00	5.77948e+00	0.00000e+00	1.01383e-01
4.14538e+02	2.77035e+02	2.38642e+03	1.22928e+03	2.17280e+00	0.00000e+00	0.00000e+00	5.80351e+00	0.00000e+00	1.01513e-01
4.17814e+02	2.77109e+02	2.38461e+03	1.22997e+03	2.17668e+00	0.00000e+00	0.00000e+00	5.82751e+00	0.00000e+00	1.01641e-01
4.21090e+02	2.77184e+02	2.38280e+03	1.23066e+03	2.18054e+00	0.00000e+00	0.00000e+00	5.85150e+00	0.00000e+00	1.01768e-01
4.24365e+02	2.77258e+02	2.38099e+03	1.23135e+03	2.18439e+00	0.00000e+00	0.00000e+00	5.87546e+00	0.00000e+00	1.01893e-01
4.27641e+02	2.77333e+02	2.37919e+03	1.23204e+03	2.18823e+00	0.00000e+00	0.00000e+00	5.89941e+00	0.00000e+00	1.02016e-01
4.30917e+02	2.77408e+02	2.37738e+03	1.23272e+03	2.19205e+00	0.00000e+00	0.00000e+00	5.92334e+00	0.00000e+00	1.02138e-01
4.34193e+02	2.77483e+02	2.37558e+03	1.23340e+03	2.19587e+00	0.00000e+00	0.00000e+00	5.94725e+00	0.00000e+00	1.02257e-01
4.37468e+02	2.77558e+02	2.37378e+03	1.23408e+03	2.19967e+00	0.00000e+00	0.00000e+00	5.97114e+00	0.00000e+00	1.02376e-01
4.40744e+02	2.77633e+02	2.37198e+03	1.23475e+03	2.20346e+00	0.00000e+00	0.00000e+00	5.99502e+00	0.00000e+00	1.02492e-01
4.44020e+02	2.77708e+02	2.37018e+03	1.23543e+03	2.20724e+00	0.00000e+00	0.00000e+00	6.01887e+00	0.00000e+00	1.02608e-01
4.47296e+02	2.77784e+02	2.36839e+03	1.23610e+03	2.21100e+00	0.00000e+00	0.00000e+00	6.04272e+00	0.00000e+00	1.02721e-01
4.50571e+02	2.77859e+02	2.36659e+03	1.23677e+03	2.21476e+00	0.00000e+00	0.00000e+00	6.06654e+00	0.00000e+00	1.02834e-01
4.53847e+02	2.77935e+02	2.36480e+03	1.23744e+03	2.21850e+00	0.00000e+00	0.00000e+00	6.09036e+00	0.00000e+00	1.02944e-01
4.57123e+02	2.78011e+02	2.36301e+03	1.23810e+03	2.22224e+00	0.00000e+00	0.00000e+00	6.11416e+00	0.00000e+00	1.03054e-01
4.60399e+02	2.78087e+02	2.36122e+03	1.23876e+03	2.22596e+00	0.00000e+00	0.00000e+00	6.13794e+00	0.00000e+00	1.03162e-01
4.63674e+02	2.78163e+02	2.35943e+03	1.23942e+03	2.22967e+00	0.00000e+00	0.00000e+00	6.16172e+00	0.00000e+00	1.03269e-01
4.66950e+02	2.78239e+02	2.35764e+03	1.24008e+03	2.23338e+00	0.00000e+00	0.00000e+00	6.18548e+00	0.00000e+00	1.03374e-01
4.70226e+02	2.78315e+02	2.35585e+03	1.24074e+03	2.23707e+00	0.00000e+00	0.00000e+00	6.20924e+00	0.00000e+00	1.03479e-01
4.73502e+02	2.78391e+02	2.35407e+03	1.24139e+03	2.24075e+00	0.00000e+00	0.00000e+00	6.23298e+00	0.00000e+00	1.03582e-01
4.76777e+02	2.78467e+02	2.35228e+03	1.24204e+03	2.24443e+00	0.00000e+00	0.00000e+00	6.25672e+00	0.00000e+00	1.03684e-01
4.80053e+02	2.78544e+02	2.35050e+03	1.24269e+03	2.24809e+00	0.00000e+00	0.00000e+00	6.28045e+00	0.00000e+00	1.03785e-01
4.83329e+02	2.78620e+02	2.34872e+03	1.24334e+03	2.25175e+00	0.00000e+00	0.00000e+00	6.30418e+00	0.00000e+00	1.03885e-01
4.86605e+02	2.78697e+02	2.34694e+03	1.24399e+03	2.25539e+00	0.00000e+00	0.00000e+00	6.32790e+00	0.00000e+00	1.03984e-01
4.89880e+02	2.78773e+02	2.34516e+03	1.24463e+03	2.25903e+00	0.00000e+00	0.00000e+00	6.35162e+00	0.00000e+00	1.04082e-01
4.93156e+02	2.78850e+02	2.34338e+03	1.24527e+03	2.26266e+00	0.00000e+00	0.00000e+00	6.37533e+00	0.00000e+00	1.04179e-01
4.96432e+02	2.78927e+02	2.34161e+03	1.24591e+03	2.26628e+00	0.00000e+00	0.00000e+00	6.39905e+00	0.00000e+00	1.04275e-01
4.99708e+02	2.79004e+02	2.33983e+03	1.24655e+03	2.26990e+00	0.00000e+00	0.00000e+00	6.42276e+00	0.00000e+00	1.04370e-01
5.02983e+02	2.79081e+02	2.33806e+03	1.24718e+03	2.27351e+00	0.00000e+00	0.00000e+00	6.44647e+00	0.00000e+00	1.04465e-01
5.06259e+02	2.79158e+02	2.33629e+03	1.24782e+03	2.27711e+00	0.00000e+00	0.00000e+00	6.47019e+00	0.00000e+00	1.04559e-01
5.09535e+02	2.79235e+02	2.33452e+03	1.24845e+03	2.28070e+00	0.00000e+00	0.00000e+00	6.49390e+00	0.00000e+00	1.04652e-01
5.12811e+02	2.79312e+02	2.33275e+03	1.24908e+03	2.28429e+00	0.00000e+00	0.00000e+00	6.51762e+00	0.00000e+00	1.04744e-01
5.16086e+02	2.79389e+02	2.33098e+03	1.24970e+03	2.28786e+00	0.00000e+00	0.00000e+00	6.54135e+00	0.00000e+00	1.04835e-01
5.19362e+02	2.79467e+02	2.32922e+03	1.25033e+03	2.29144e+00	0.00000e+00	0.00000e+00	6.56509e+00	0.00000e+00	1.04926e-01
5.22638e+02	2.79544e+02	2.32745e+03	1.25095e+03	2.29501e+00	0.00000e+00	0.00000e+00	6.58883e+00	0.00000e+00	1.05015e-01
5.25913e+02	2.79622e+02	2.32569e+03	1.25157e+03	2.29857e+00	0.00000e+00	0.00000e+00	6.61258e+00	0.00000e+00	1.05103e-01
5.29189e+02	2.79699e+02	2.32393e+03	1.25219e+03	2.30213e+00	0.00000e+00	0.00000e+00	6.63635e+00	0.00000e+00	1.05191e-01
5.32465e+02	2.79777e+02	2.32217e+03	1.25281e+03	2.30568e+00	0.00000e+00	0.00000e+00	6.66012e+00	0.00000e+00	1.05277e-01
5.35741e+02	2.79854e+02	2.32041e+03	1.25343e+03	2.30922e+00	0.00000e+00	0.00000e+00	6.68391e+00	0.00000e+00	1.05362e-01
5.39016e+02	2.79932e+02	2.31865e+03	1.25404e+03	2.31277e+00	0.00000e+00	0.00000e+00	6.70772e+00	0.00000e+00	1.05446e-01
5.42292e+02	2.80010e+02	2.31689e+03	1.25465e+03	2.31630e+00	0.00000e+00	0.00000e+00	6.73154e+00	0.00000e+00	1.05529e-01
5.45568e+02	2.80088e+02	2.31514e+03	1.25526e+03	2.31984e+00	0.00000e+00	0.00000e+00	6.75538e+00	0.00000e+00	1.05610e-01
5.48844e+02	2.80166e+02	2.31339e+03	1.25587e+03	2.32337e+00	0.00000e+00	0.00000e+00	6.77924e+00	0.00000e+00	1.05691e-01
5.52119e+02	2.80244e+02	2.31163e+03	1.25648e+03	2.32689e+00	0.00000e+00	0.00000e+00	6.80311e+00	0.00000e+00	1.05770e-01
5.55395e+02	2.80322e+02	2.30988e+03	1.25708e+03	2.33042e+00	0.00000e+00	0.00000e+00	6.82701e+00	0.00000e+00	1.05847e-01
5.58671e+02	2.80400e+02	2.30813e+03	1.25768e+03	2.33393e+00	0.00000e+00	0.00000e+00	6.85093e+00	0.00000e+00	1.05923e-01
5.61947e+02	2.80478e+02	2.30638e+03	1.25829e+03	2.33745e+00	0.00000e+00	0.00000e+00	6.87486e+00	0.00000e+00	1.05998e-01
5.65222e+02	2.80557e+02	2.30464e+03	1.25889e+03	2.34096e+00	0.00000e+00	0.00000e+00	6.89882e+00	0.00000e+00	1.06071e-01
5.68498e+02	2.80635e+02	2.30289e+03	1.25948e+03	2.34447e+00	0.00000e+00	0.00000e+00	6.92281e+00	0.00000e+00	1.06143e-01
5.71774e+02	2.80713e+02	2.30115e+03	1.26008e+03	2.34798e+00	0.00000e+00	0.00000e+00	6.94681e+00	0.00000e+00	1.06213e-01
5.75050e+02	2.80792e+02	2.29940e+03	1.26067e+03	2.35148e+00	0.00000e+00	0.00000e+00	6.97084e+00	0.00000e+00	1.06282e-01
5.78325e+02	2.80870e+02	2.29766e+03	1.26126e+03	2.35498e+00	0.00000e+00	0.00000e+00	6.99490e+00	0.00000e+00	1.06349e-01
5.81601e+02	2.80949e+02	2.29592e+03	1.26185e+03	2.35848e+00	0.00000e+00	0.00000e+00	7.01897e+00	0.00000e+00	1.06414e-01
5.84877e+02	2.81027e+02	2.29418e+03	1.26244e+03	2.36197e+00	0.00000e+00	0.00000e+00	7.04308e+00	0.00000e+00	1.06478e-01
5.88153e+02	2.81106e+02	2.29244e+03	1.26303e+03	2.36547e+00	0.00000e+00	0.00000e+00	7.06720e+00	0.00000e+00	1.06539e-01
5.91428e+02	2.81185e+02	2.29071e+03	1.26362e+03	2.36896e+00	0.00000e+00	0.00000e+00	7.09136e+00	0.00000e+00	1.06599e-01
5.94704e+02	2.81263e+02	2.28897e+03	1.26420e+03	2.37244e+00	0.00000e+00	0.00000e+00	7.11553e+00	0.00000e+00	1.06657e-01
5.97980e+02	2.81342e+02	2.28724e+03	1.26478e+03	2.37593e+00	0.00000e+00	0.00000e+00	7.13974e+00	0.00000e+00	1.06714e-01
6.01256e+02	2.81421e+02	2.28550e+03	1.26536e+03	2.37941e+00	0.00000e+00	0.00000e+00	7.16397e+00	0.00000e+00	1.06768e-01
6.04531e+02	2.81500e+02	2.28377e+03	1.26594e+03	2.38289e+00	0.00000e+00	0.00000e+00	7.18823e+00	0.00000e+00	1.06820e-01
6.07807e+02	2.81579e+02	2.28204e+03	1.26652e+03	2.38637e+00	0.00000e+00	0.00000e+00	7.21252e+00	0.00000e+00	1.06870e-01
6.11083e+02	2.81658e+02	2.28031e+03	1.26709e+03	2.38985e+00	0.00000e+00	0.00000e+00	7.23684e+00	0.00000e+00	1.06919e-01
6.14359e+02	2.81737e+02	2.27858e+03	1.26767e+03	2.39332e+00	0.00000e+00	0.00000e+00	7.26119e+00	0.00000e+00	1.06965e-01
6.17634e+02	2.81816e+02	2.27686e+03	1.26824e+03	2.39680e+00	0.00000e+00	0.00000e+00	7.28556e+00	0.00000e+00	1.07010e-01
6.20910e+02	2.81895e+02	2.27513e+03	1.26881e+03	2.40027e+00	0.00000e+00	0.00000e+00	7.30997e+00	0.00000e+00	1.07052e-01
6.24186e+02	2.81975e+02	2.27341e+03	1.26938e+03	2.40374e+00	0.00000e+00	0.00000e+00	7.33441e+00	0.00000e+00	1.07092e-01
6.27462e+02	2.82054e+02	2.27168e+03	1.26994e+03	2.40721e+00	0.00000e+00	0.00000e+00	7.35888e+00	0.00000e+00	1.07131e-01
6.30737e+02	2.82133e+02	2.26996e+03	1.27051e+03	2.41067e+00	0.00000e+00	0.00000e+00	7.38338e+00	0.00000e+00	1.07167e-01
6.34013e+02	2.82212e+02	2.26824e+03	1.27107e+03	2.41414e+00	0.00000e+00	0.00000e+00	7.40791e+00	0.00000e+00	1.07202e-01
6.37289e+02	2.82292e+02	2.26652e+03	1.27164e+03	2.41761e+00	0.00000e+00	0.00000e+00	7.43248e+00	0.00000e+00	1.07234e-01
6.40565e+02	2.82371e+02	2.26481e+03	1.27220e+03	2.42107e+00	0.00000e+00	0.00000e+00	7.45707e+00	0.00000e+00	1.07265e-01
6.43840e+02	2.82451e+02	2.26309e+03	1.27276e+03	2.42453e+00	0.00000e+00	0.00000e+00	7.48170e+00	0.00000e+00	1.07294e-01
6.47116e+02	2.82530e+02	2.26138e+03	1.27331e+03	2.42799e+00	0.00000e+00	0.00000e+00	7.50637e+00	0.00000e+00	1.07320e-01
6.50392e+02	2.82610e+02	2.25966e+03	1.27387e+03	2.43145e+00	0.00000e+00	0.00000e+00	7.53107e+00	0.00000e+00	1.07345e-01
6.53668e+02	2.82690e+02	2.25795e+03	1.27442e+03	2.43491e+00	0.00000e+00	0.00000e+00	7.55580e+00	0.00000e+00	1.07368e-01
6.56943e+02	2.82769e+02	2.25624e+03	1.27498e+03	2.43837e+00	0.00000e+00	0.00000e+00	7.58056e+00	0.00000e+00	1.07389e-01
6.60219e+02	2.82849e+02	2.25453e+03	1.27553e+03	2.44183e+00	0.00000e+00	0.00000e+00	7.60536e+00	0.00000e+00	1.07408e-01
6.63495e+02	2.82929e+02	2.25282e+03	1.27608e+03	2.44528e+00	0.00000e+00	0.00000e+00	7.63019e+00	0.00000e+00	1.07424e-01
6.66771e+02	2.83008e+02	2.25111e+03	1.27662e+03	2.44874e+00	0.00000e+00	0.00000e+00	7.65506e+00	0.00000e+00	1.07439e-01
6.70046e+02	2.83088e+02	2.24940e+03	1.27717e+03	2.45219e+00	0.00000e+00	0.00000e+00	7.67996e+00	0.00000e+00	1.07452e-01
6.73322e+02	2.83168e+02	2.24770e+03	1.27772e+03	2.45565e+00	0.00000e+00	0.00000e+00	7.70490e+00	0.00000e+00	1.07463e-01
6.76598e+02	2.83248e+02	2.24599e+03	1.27826e+03	2.45910e+00	0.00000e+00	0.00000e+00	7.72987e+00	0.00000e+00	1.07473e-01
6.79874e+02	2.83328e+02	2.24429e+03	1.27880e+03	2.46255e+00	0.00000e+00	0.00000e+00	7.75487e+00	0.00000e+00	1.07480e-01
6.83149e+02	2.83408e+02	2.24259e+03	1.27934e+03	2.46600e+00	0.00000e+00	0.00000e+00	7.77991e+00	0.00000e+00	1.07485e-01
6.86425e+02	2.83488e+02	2.24089e+03	1.27988e+03	2.46945e+00	0.00000e+00	0.00000e+00	7.80498e+00	0.00000e+00	1.07488e-01
6.89701e+02	2.83568e+02	2.23919e+03	1.28042e+03	2.47290e+00	0.00000e+00	0.00000e+00	7.83008e+00	0.00000e+00	1.07490e-01
6.92977e+02	2.83648e+02	2.23749e+03	1.28096e+03	2.47635e+00	0.00000e+00	0.00000e+00	7.85522e+00	0.00000e+00	1.07489e-01
6.96252e+02	2.83728e+02	2.23580e+03	1.28149e+03	2.47980e+00	0.00000e+00	0.00000e+00	7.88039e+00	0.00000e+00	1.07487e-01
6.99528e+02	2.83808e+02	2.23410e+03	1.28202e+03	2.48324e+00	0.00000e+00	0.00000e+00	7.90560e+00	0.00000e+00	1.07483e-01
7.02804e+02	2.83888e+02	2.23241e+03	1.28256e+03	2.48669e+00	0.00000e+00	0.00000e+00	7.93084e+00	0.00000e+00	1.07477e-01
7.06080e+02	2.83968e+02	2.23071e+03	1.28309e+03	2.49013e+00	0.00000e+00	0.00000e+00	7.95611e+00	0.00000e+00	1.07469e-01
7.09355e+02	2.84048e+02	2.22902e+03	1.28361e+03	2.49358e+00	0.00000e+00	0.00000e+00	7.98141e+00	0.00000e+00	1.07459e-01
7.12631e+02	2.84128e+02	2.22733e+03	1.28414e+03	2.49702e+00	0.00000e+00	0.00000e+00	8.00675e+00	0.00000e+00	1.07447e-01
7.15907e+02	2.84208e+02	2.22564e+03	1.28467e+03	2.50046e+00	0.00000e+00	0.00000e+00	8.03212e+00	0.00000e+00	1.07434e-01
7.19183e+02	2.84289e+02	2.22396e+03	1.28519e+03	2.50390e+00	0.00000e+00	0.00000e+00	8.05752e+00	0.00000e+00	1.07418e-01
7.22458e+02	2.84369e+02	2.22227e+03	1.28571e+03	2.50734e+00	0.00000e+00	0.00000e+00	8.08296e+00	0.00000e+00	1.07401e-01
7.25734e+02	2.84449e+02	2.22058e+03	1.28624e+03	2.51078e+00	0.00000e+00	0.00000e+00	8.10842e+00	0.00000e+00	1.07383e-01
7.29010e+02	2.84529e+02	2.21890e+03	1.28676e+03	2.51421e+00	0.00000e+00	0.00000e+00	8.13392e+00	0.00000e+00	1.07363e-01
7.32286e+02	2.84610e+02	2.21722e+03	1.28728e+03	2.51765e+00	0.00000e+00	0.00000e+00	8.15945e+00	0.00000e+00	1.07341e-01
7.35561e+02	2.84690e+02	2.21553e+03	1.28779e+03	2.52108e+00	0.00000e+00	0.00000e+00	8.18501e+00	0.00000e+00	1.07317e-01
7.38837e+02	2.84770e+02	2.21385e+03	1.28831e+03	2.52451e+00	0.00000e+00	0.00000e+00	8.21061e+00	0.00000e+00	1.07292e-01
7.42113e+02	2.84850e+02	2.21217e+03	1.28882e+03	2.52794e+00	0.00000e+00	0.00000e+00	8.23623e+00	0.00000e+00	1.07266e-01
7.45389e+02	2.84931e+02	2.21050e+03	1.28934e+03	2.53137e+00	0.00000e+00	0.00000e+00	8.26189e+00	0.00000e+00	1.07238e-01
7.48664e+02	2.85011e+02	2.20882e+03	1.28985e+03	2.53480e+00	0.00000e+00	0.00000e+00	8.28757e+00	0.00000e+00	1.07209e-01
7.51940e+02	2.85091e+02	2.20714e+03	1.29036e+03	2.53823e+00	0.00000e+00	0.00000e+00	8.31329e+00	0.00000e+00	1.07178e-01
7.55216e+02	2.85172e+02	2.20547e+03	1.29087e+03	2.54166e+00	0.00000e+00	0.00000e+00	8.33903e+00	0.00000e+00	1.07146e-01
7.58492e+02	2.85252e+02	2.20379e+03	1.29138e+03	2.54508e+00	0.00000e+00	0.00000e+00	8.36481e+00	0.00000e+00	1.07113e-01
7.61767e+02	2.85333e+02	2.20212e+03	1.29188e+03	2.54851e+00	0.00000e+00	0.00000e+00	8.39062e+00	0.00000e+00	1.07079e-01
7.65043e+02	2.85413e+02	2.20045e+03	1.29239e+03	2.55193e+00	0.00000e+00	0.00000e+00	8.41646e+00	0.00000e+00	1.07043e-01
7.68319e+02	2.85493e+02	2.19878e+03	1.29289e+03	2.55535e+00	0.00000e+00	0.00000e+00	8.44232e+00	0.00000e+00	1.07006e-01
7.71595e+02	2.85574e+02	2.19711e+03	1.29339e+03	2.55877e+00	0.00000e+00	0.00000e+00	8.46822e+00	0.00000e+00	1.06968e-01
7.74870e+02	2.85654e+02	2.19544e+03	1.29389e+03	2.56219e+00	0.00000e+00	0.00000e+00	8.49415e+00	0.00000e+00	1.06929e-01
7.78146e+02	2.85734e+02	2.19378e+03	1.29439e+03	2.56560e+00	0.00000e+00	0.00000e+00	8.52011e+00	0.00000e+00	1.06888e-01
7.81422e+02	2.85815e+02	2.19211e+03	1.29489e+03	2.56902e+00	0.00000e+00	0.00000e+00	8.54609e+00	0.00000e+00	1.06847e-01
7.84698e+02	2.85895e+02	2.19045e+03	1.29539e+03	2.57243e+00	0.00000e+00	0.00000e+00	8.57211e+00	0.00000e+00	1.06805e-01
7.87973e+02	2.85975e+02	2.18879e+03	1.29588e+03	2.57585e+00	0.00000e+00	0.00000e+00	8.59816e+00	0.00000e+00	1.06762e-01
7.91249e+02	2.86056e+02	2.18712e+03	1.29638e+03	2.57926e+00	0.00000e+00	0.00000e+00	8.62423e+00	0.00000e+00	1.06718e-01
7.94525e+02	2.86136e+02	2.18546e+03	1.29687e+03	2.58267e+00	0.00000e+00	0.00000e+00	8.65034e+00	0.00000e+00	1.06673e-01
7.97801e+02	2.86216e+02	2.18380e+03	1.29736e+03	2.58607e+00	0.00000e+00	0.00000e+00	8.67647e+00	0.00000e+00	1.06627e-01
8.01076e+02	2.86297e+02	2.18215e+03	1.29785e+03	2.58948e+00	0.00000e+00	0.00000e+00	8.70264e+00	0.00000e+00	1.06581e-01
8.04352e+02	2.86377e+02	2.18049e+03	1.29834e+03	2.59289e+00	0.00000e+00	0.00000e+00	8.72883e+00	0.00000e+00	1.06534e-01
8.07628e+02	2.86457e+02	2.17883e+03	1.29883e+03	2.59629e+00	0.00000e+00	0.00000e+00	8.75505e+00	0.00000e+00	1.06486e-01
8.10904e+02	2.86538e+02	2.17718e+03	1.29932e+03	2.59969e+00	0.00000e+00	0.00000e+00	8.78129e+00	0.00000e+00	1.06437e-01
8.14179e+02	2.86618e+02	2.17553e+03	1.29980e+03	2.60309e+00	0.00000e+00	0.00000e+00	8.80757e+00	0.00000e+00	1.06388e-01
8.17455e+02	2.86698e+02	2.17387e+03	1.30028e+03	2.60649e+00	0.00000e+00	0.00000e+00	8.83387e+00	0.00000e+00	1.06338e-01
8.20731e+02	2.86779e+02	2.17222e+03	1.30077e+03	2.60989e+00	0.00000e+00	0.00000e+00	8.86020e+00	0.00000e+00	1.06287e-01
8.24007e+02	2.86859e+02	2.17057e+03	1.30125e+03	2.61328e+00	0.00000e+00	0.00000e+00	8.88656e+00	0.00000e+00	1.06235e-01
8.27282e+02	2.86939e+02	2.16892e+03	1.30173e+03	2.61668e+00	0.00000e+00	0.00000e+00	8.91294e+00	0.00000e+00	1.06182e-01
8.30558e+02	2.87019e+02	2.16728e+03	1.30221e+03	2.62007e+00	0.00000e+00	0.00000e+00	8.93936e+00	0.00000e+00	1.06129e-01
8.33834e+02	2.87099e+02	2.16563e+03	1.30268e+03	2.62346e+00	0.00000e+00	0.00000e+00	8.96579e+00	0.00000e+00	1.06075e-01
8.37110e+02	2.87180e+02	2.16398e+03	1.30316e+03	2.62685e+00	0.00000e+00	0.00000e+00	8.99226e+00	0.00000e+00	1.06020e-01
8.40385e+02	2.87260e+02	2.16234e+03	1.30364e+03	2.63024e+00	0.00000e+00	0.00000e+00	9.01875e+00	0.00000e+00	1.05964e-01
8.43661e+02	2.87340e+02	2.16070e+03	1.30411e+03	2.63362e+00	0.00000e+00	0.00000e+00	9.04526e+00	0.00000e+00	1.05907e-01
8.46937e+02	2.87420e+02	2.15906e+03	1.30458e+03	2.63701e+00	0.00000e+00	0.00000e+00	9.07180e+00	0.00000e+00	1.05850e-01
8.50213e+02	2.87500e+02	2.15742e+03	1.30505e+03	2.64039e+00	0.00000e+00	0.00000e+00	9.09837e+00	0.00000e+00	1.05791e-01
8.53488e+02	2.87580e+02	2.15578e+03	1.30552e+03	2.64377e+00	0.00000e+00	0.00000e+00	9.12496e+00	0.00000e+00	1.05732e-01
8.56764e+02	2.87660e+02	2.15414e+03	1.30599e+03	2.64714e+00	0.00000e+00	0.00000e+00	9.15158e+00	0.00000e+00	1.05672e-01
8.60040e+02	2.87740e+02	2.15250e+03	1.30646e+03	2.65052e+00	0.00000e+00	0.00000e+00	9.17822e+00	0.00000e+00	1.05611e-01
8.63316e+02	2.87820e+02	2.15087e+03	1.30693e+03	2.65389e+00	0.00000e+00	0.00000e+00	9.20489e+00	0.00000e+00	1.05549e-01
8.66591e+02	2.87900e+02	2.14923e+03	1.30739e+03	2.65727e+00	0.00000e+00	0.00000e+00	9.23158e+00	0.00000e+00	1.05485e-01
8.69867e+02	2.87980e+02	2.14760e+03	1.30786e+03	2.66064e+00	0.00000e+00	0.00000e+00	9.25829e+00	0.00000e+00	1.05422e-01
8.73143e+02	2.88060e+02	2.14596e+03	1.30832e+03	2.66400e+00	0.00000e+00	0.00000e+00	9.28503e+00	0.00000e+00	1.05357e-01
8.76419e+02	2.88139e+02	2.14433e+03	1.30878e+03	2.66737e+00	0.00000e+00	0.00000e+00	9.31180e+00	0.00000e+00	1.05291e-01
8.79694e+02	2.88219e+02	2.14270e+03	1.30924e+03	2.67073e+00	0.00000e+00	0.00000e+00	9.33858e+00	0.00000e+00	1.05224e-01
8.82970e+02	2.88299e+02	2.14107e+03	1.30970e+03	2.67409e+00	0.00000e+00	0.00000e+00	9.36539e+00	0.00000e+00	1.05156e-01
8.86246e+02	2.88379e+02	2.13945e+03	1.31016e+03	2.67745e+00	0.00000e+00	0.00000e+00	9.39223e+00	0.00000e+00	1.05087e-01
8.89522e+02	2.88458e+02	2.13782e+03	1.31062e+03	2.68081e+00	0.00000e+00	0.00000e+00	9.41908e+00	0.00000e+00	1.05017e-01
8.92797e+02	2.88538e+02	2.13619e+03	1.31107e+03	2.68417e+00	0.00000e+00	0.00000e+00	9.44596e+00	0.00000e+00	1.04946e-01
8.96073e+02	2.88617e+02	2.13457e+03	1.31153e+03	2.68752e+00	0.00000e+00	0.00000e+00	9.47286e+00	0.00000e+00	1.04874e-01
8.99349e+02	2.88697e+02	2.13295e+03	1.31198e+03	2.69087e+00	0.00000e+00	0.00000e+00	9.49979e+00	0.00000e+00	1.04801e-01
9.02624e+02	2.88776e+02	2.13132e+03	1.31243e+03	2.69422e+00	0.00000e+00	0.00000e+00	9.52673e+00	0.00000e+00	1.04727e-01
9.05900e+02	2.88856e+02	2.12970e+03	1.31289e+03	2.69757e+00	0.00000e+00	0.00000e+00	9.55370e+00	0.00000e+00	1.04652e-01
9.09176e+02	2.88935e+02	2.12808e+03	1.31334e+03	2.70091e+00	0.00000e+00	0.00000e+00	9.58069e+00	0.00000e+00	1.04576e-01
9.12452e+02	2.89014e+02	2.12646e+03	1.31379e+03	2.70425e+00	0.00000e+00	0.00000e+00	9.60770e+00	0.00000e+00	1.04498e-01
9.15727e+02	2.89094e+02	2.12485e+03	1.31423e+03	2.70759e+00	0.00000e+00	0.00000e+00	9.63473e+00	0.00000e+00	1.04420e-01
9.19003e+02	2.89173e+02	2.12323e+03	1.31468e+03	2.71093e+00	0.00000e+00	0.00000e+00	9.66179e+00	0.00000e+00	1.04341e-01
9.22279e+02	2.89252e+02	2.12162e+03	1.31513e+03	2.71427e+00	0.00000e+00	0.00000e+00	9.68886e+00	0.00000e+00	1.04260e-01
9.25555e+02	2.89331e+02	2.12000e+03	1.31557e+03	2.71760e+00	0.00000e+00	0.00000e+00	9.71596e+00	0.00000e+00	1.04179e-01
9.28830e+02	2.89410e+02	2.11839e+03	1.31602e+03	2.72093e+00	0.00000e+00	0.00000e+00	9.74307e+00	0.00000e+00	1.04096e-01
9.32106e+02	2.89489e+02	2.11678e+03	1.31646e+03	2.72426e+00	0.00000e+00	0.00000e+00	9.77021e+00	0.00000e+00	1.04013e-01
9.35382e+02	2.89489e+02	2.11523e+03	1.37505e+03	4.57997e+00	2.38264e+00	1.03873e+02	1.84351e+01	7.80615e+00	0.00000e+00
9.38658e+02	2.89489e+02	2.11369e+03	1.37516e+03	4.58190e+00	2.38405e+00	1.03873e+02	1.84485e+01	7.81597e+00	0.00000e+00
9.41933e+02	2.89489e+02	2.11215e+03	1.37526e+03	4.58383e+00	2.38546e+00	1.03873e+02	1.84619e+01	7.82580e+00	0.00000e+00
9.45209e+02	2.89489e+02	2.11061e+03	1.37537e+03	4.58576e+00	2.38686e+00	1.03873e+02	1.84754e+01	7.83563e+00	0.00000e+00
9.48485e+02	2.89489e+02	2.10907e+03	1.37547e+03	4.58769e+00	2.38827e+00	1.03873e+02	1.84888e+01	7.84545e+00	0.00000e+00
9.51761e+02	2.89489e+02	2.10753e+03	1.37557e+03	4.58962e+00	2.38968e+00	1.03873e+02	1.85022e+01	7.85528e+00	0.00000e+00
9.55036e+02	2.89489e+02	2.10599e+03	1.37568e+03	4.59155e+00	2.39108e+00	1.03873e+02	1.85156e+01	7.86511e+00	0.00000e+00
9.58312e+02	2.89489e+02	2.10445e+03	1.37578e+03	4.59348e+00	2.39249e+00	1.03873e+02	1.85291e+01	7.87494e+00	0.00000e+00
9.61588e+02	2.89489e+02	2.10291e+03	1.37588e+03	4.59541e+00	2.39389e+00	1.03873e+02	1.85425e+01	7.88476e+00	0.00000e+00
9.64864e+02	2.89489e+02	2.10138e+03	1.37598e+03	4.59734e+00	2.39529e+00	1.03873e+02	1.85559e+01	7.89459e+00	0.00000e+00
9.68139e+02	2.89489e+02	2.09984e+03	1.37608e+03	4.59927e+00	2.39670e+00	1.03873e+02	1.85694e+01	7.90442e+00	0.00000e+00
9.71415e+02	2.89489e+02	2.09830e+03	1.37618e+03	4.60120e+00	2.39810e+00	1.03873e+02	1.85828e+01	7.91425e+00	0.00000e+00
9.74691e+02	2.89489e+02	2.09677e+03	1.37628e+03	4.60312e+00	2.39950e+00	1.03873e+02	1.85962e+01	7.92407e+00	0.00000e+00
9.77967e+02	2.89489e+02	2.09523e+03	1.37638e+03	4.60505e+00	2.40090e+00	1.03873e+02	1.86097e+01	7.93390e+00	0.00000e+00
9.81242e+02	2.89489e+02	2.09370e+03	1.37648e+03	4.60698e+00	2.40230e+00	1.03873e+02	1.86231e+01	7.94373e+00	0.00000e+00
9.84518e+02	2.89489e+02	2.09217e+03	1.37658e+03	4.60891e+00	2.40370e+00	1.03873e+02	1.86365e+01	7.95355e+00	0.00000e+00
9.87794e+02	2.89489e+02	2.09063e+03	1.37667e+03	4.61083e+00	2.40510e+00	1.03873e+02	1.86500e+01	7.96338e+00	0.00000e+00
9.91070e+02	2.89489e+02	2.08910e+03	1.37677e+03	4.61276e+00	2.40650e+00	1.03873e+02	1.86634e+01	7.97321e+00	0.00000e+00
9.94345e+02	2.89489e+02	2.08757e+03	1.37687e+03	4.61469e+00	2.40790e+00	1.03873e+02	1.86768e+01	7.98304e+00	0.00000e+00
9.97621e+02	2.89489e+02	2.08604e+03	1.37696e+03	4.61661e+00	2.40930e+00	1.03873e+02	1.86902e+01	7.99286e+00	0.00000e+00
1.00090e+03	2.89489e+02	2.08451e+03	1.37706e+03	4.61854e+00	2.41069e+00	1.03873e+02	1.87037e+01	8.00269e+00	0.00000e+00
1.00417e+03	2.89489e+02	2.08298e+03	1.37715e+03	4.62047e+00	2.41209e+00	1.03873e+02	1.87171e+01	8.01252e+00	0.00000e+00
1.00745e+03	2.89489e+02	2.08145e+03	1.37725e+03	4.62239e+00	2.41348e+00	1.03873e+02	1.87305e+01	8.02235e+00	0.00000e+00
1.01072e+03	2.89489e+02	2.07992e+03	1.37734e+03	4.62432e+00	2.41488e+00	1.03873e+02	1.87440e+01	8.03217e+00	0.00000e+00
1.01400e+03	2.89489e+02	2.07839e+03	1.37744e+03	4.62624e+00	2.41627e+00	1.03873e+02	1.87574e+01	8.04200e+00	0.00000e+00
1.01728e+03	2.89489e+02	2.07686e+03	1.37753e+03	4.62817e+00	2.41767e+00	1.03873e+02	1.87708e+01	8.05183e+00	0.00000e+00
1.02055e+03	2.89489e+02	2.07534e+03	1.37762e+03	4.63009e+00	2.41906e+00	1.03873e+02	1.87843e+01	8.06165e+00	0.00000e+00
1.02383e+03	2.89489e+02	2.07381e+03	1.37772e+03	4.63202e+00	2.42045e+00	1.03873e+02	1.87977e+01	8.07148e+00	0.00000e+00
1.02710e+03	2.89489e+02	2.07228e+03	1.37781e+03	4.63394e+00	2.42185e+00	1.03873e+02	1.88111e+01	8.08131e+00	0.00000e+00
1.03038e+03	2.89489e+02	2.07076e+03	1.37790e+03	4.63586e+00	2.42324e+00	1.03873e+02	1.88246e+01	8.09114e+00	0.00000e+00
1.03365e+03	2.89489e+02	2.06924e+03	1.37799e+03	4.63779e+00	2.42463e+00	1.03873e+02	1.88380e+01	8.10096e+00	0.00000e+00
1.03693e+03	2.89489e+02	2.06771e+03	1.37808e+03	4.63971e+00	2.42602e+00	1.03873e+02	1.88514e+01	8.11079e+00	0.00000e+00
1.04021e+03	2.89489e+02	2.06619e+03	1.37817e+03	4.64163e+00	2.42741e+00	1.03873e+02	1.88648e+01	8.12062e+00	0.00000e+00
1.04348e+03	2.89489e+02	2.06467e+03	1.37826e+03	4.64356e+00	2.42880e+00	1.03873e+02	1.88783e+01	8.13044e+00	0.00000e+00
1.04676e+03	2.89489e+02	2.06314e+03	1.37835e+03	4.64548e+00	2.43019e+00	1.03873e+02	1.88917e+01	8.14027e+00	0.00000e+00
1.05003e+03	2.89489e+02	2.06162e+03	1.37844e+03	4.64740e+00	2.43158e+00	1.03873e+02	1.89051e+01	8.15010e+00	0.00000e+00
1.05331e+03	2.89489e+02	2.06010e+03	1.37853e+03	4.64932e+00	2.43296e+00	1.03873e+02	1.89186e+01	8.15993e+00	0.00000e+00
1.05658e+03	2.89489e+02	2.05858e+03	1.37861e+03	4.65124e+00	2.43435e+00	1.03873e+02	1.89320e+01	8.16975e+00	0.00000e+00
1.05986e+03	2.89489e+02	2.05706e+03	1.37870e+03	4.65316e+00	2.43574e+00	1.03873e+02	1.89454e+01	8.17958e+00	0.00000e+00
1.06314e+03	2.89524e+02	2.05554e+03	1.37879e+03	4.65509e+00	2.43713e+00	1.03809e+02	1.89589e+01	8.18941e+00	0.00000e+00
1.06641e+03	2.89652e+02	2.05403e+03	1.37886e+03	4.65702e+00	2.43852e+00	1.03569e+02	1.89723e+01	8.19924e+00	0.00000e+00
1.06969e+03	2.89780e+02	2.05251e+03	1.37894e+03	4.65896e+00	2.43991e+00	1.03330e+02	1.89857e+01	8.20906e+00	0.00000e+00
1.07296e+03	2.89909e+02	2.05099e+03	1.37902e+03	4.66089e+00	2.44130e+00	1.03091e+02	1.89991e+01	8.21889e+00	0.00000e+00
1.07624e+03	2.90037e+02	2.04948e+03	1.37909e+03	4.66283e+00	2.44269e+00	1.02854e+02	1.90126e+01	8.22872e+00	0.00000e+00
1.07951e+03	2.90165e+02	2.04796e+03	1.37917e+03	4.66476e+00	2.44408e+00	1.02617e+02	1.90260e+01	8.23854e+00	0.00000e+00
1.08279e+03	2.90294e+02	2.04644e+03	1.37925e+03	4.66669e+00	2.44547e+00	1.02381e+02	1.90394e+01	8.24837e+00	0.00000e+00
1.08607e+03	2.90422e+02	2.04493e+03	1.37932e+03	4.66863e+00	2.44686e+00	1.02145e+02	1.90529e+01	8.25820e+00	0.00000e+00
1.08934e+03	2.90550e+02	2.04342e+03	1.37940e+03	4.67056e+00	2.44825e+00	1.01912e+02	1.90663e+01	8.26803e+00	0.00000e+00
1.09262e+03	2.90675e+02	2.04190e+03	1.37947e+03	4.67249e+00	2.44964e+00	1.01683e+02	1.90797e+01	8.27785e+00	0.00000e+00
1.09589e+03	2.90801e+02	2.04039e+03	1.37955e+03	4.67442e+00	2.45103e+00	1.01455e+02	1.90932e+01	8.28768e+00	0.00000e+00
1.09917e+03	2.90926e+02	2.03888e+03	1.37962e+03	4.67636e+00	2.45242e+00	1.01228e+02	1.91066e+01	8.29751e+00	0.00000e+00
1.10245e+03	2.91052e+02	2.03737e+03	1.37969e+03	4.67829e+00	2.45380e+00	1.01001e+02	1.91200e+01	8.30734e+00	0.00000e+00
1.10572e+03	2.91177e+02	2.03586e+03	1.37977e+03	4.68022e+00	2.45519e+00	1.00775e+02	1.91335e+01	8.31716e+00	0.00000e+00
1.10900e+03	2.91303e+02	2.03435e+03	1.37984e+03	4.68215e+00	2.45657e+00	1.00550e+02	1.91469e+01	8.32699e+00	0.00000e+00
1.11227e+03	2.91428e+02	2.03284e+03	1.37991e+03	4.68408e+00	2.45796e+00	1.00326e+02	1.91603e+01	8.33682e+00	0.00000e+00
1.11555e+03	2.91553e+02	2.03133e+03	1.37998e+03	4.68601e+00	2.45934e+00	1.00104e+02	1.91737e+01	8.34664e+00	0.00000e+00
1.11882e+03	2.91676e+02	2.02982e+03	1.38005e+03	4.68794e+00	2.46073e+00	9.98853e+01	1.91872e+01	8.35647e+00	0.00000e+00
1.12210e+03	2.91799e+02	2.02831e+03	1.38012e+03	4.68987e+00	2.46211e+00	9.96673e+01	1.92006e+01	8.36630e+00	0.00000e+00
1.12538e+03	2.91922e+02	2.02681e+03	1.38020e+03	4.69180e+00	2.46349e+00	9.94499e+01	1.92140e+01	8.37613e+00	0.00000e+00
1.12865e+03	2.92045e+02	2.02530e+03	1.38027e+03	4.69373e+00	2.46488e+00	9.92333e+01	1.92275e+01	8.38595e+00	0.00000e+00
1.13193e+03	2.92168e+02	2.02380e+03	1.38034e+03	4.69566e+00	2.46626e+00	9.90172e+01	1.92409e+01	8.39578e+00	0.00000e+00
1.13520e+03	2.92291e+02	2.02229e+03	1.38040e+03	4.69759e+00	2.46764e+00	9.88019e+01	1.92543e+01	8.40561e+00	0.00000e+00
1.13848e+03	2.92414e+02	2.02079e+03	1.38047e+03	4.69951e+00	2.46902e+00	9.85872e+01	1.92678e+01	8.41543e+00	0.00000e+00
1.14175e+03	2.92535e+02	2.01928e+03	1.38054e+03	4.70144e+00	2.47040e+00	9.83761e+01	1.92812e+01	8.42526e+00	0.00000e+00
1.14503e+03	2.92655e+02	2.01778e+03	1.38061e+03	4.70337e+00	2.47178e+00	9.81666e+01	1.92946e+01	8.43509e+00	0.00000e+00
1.14831e+03	2.92776e+02	2.01628e+03	1.38068e+03	4.70530e+00	2.47316e+00	9.79577e+01	1.93081e+01	8.44492e+00	0.00000e+00
1.15158e+03	2.92897e+02	2.01478e+03	1.38075e+03	4.70722e+00	2.47453e+00	9.77495e+01	1.93215e+01	8.45474e+00	0.00000e+00
1.15486e+03	2.93018e+02	2.01328e+03	1.38081e+03	4.70915e+00	2.47591e+00	9.75418e+01	1.93349e+01	8.46457e+00	0.00000e+00
1.15813e+03	2.93138e+02	2.01178e+03	1.38088e+03	4.71108e+00	2.47729e+00	9.73348e+01	1.93483e+01	8.47440e+00	0.00000e+00
1.16141e+03	2.93259e+02	2.01028e+03	1.38094e+03	4.71300e+00	2.47867e+00	9.71284e+01	1.93618e+01	8.48423e+00	0.00000e+00
1.16468e+03	2.93380e+02	2.00878e+03	1.38101e+03	4.71493e+00	2.48004e+00	9.69227e+01	1.93752e+01	8.49405e+00	0.00000e+00
1.16796e+03	2.93498e+02	2.00728e+03	1.38108e+03	4.71685e+00	2.48142e+00	9.67209e+01	1.93886e+01	8.50388e+00	0.00000e+00
1.17124e+03	2.93617e+02	2.00578e+03	1.38114e+03	4.71878e+00	2.48279e+00	9.65197e+01	1.94021e+01	8.51371e+00	0.00000e+00
1.17451e+03	2.93736e+02	2.00429e+03	1.38121e+03	4.72070e+00	2.48417e+00	9.63191e+01	1.94155e+01	8.52353e+00	0.00000e+00
1.17779e+03	2.93854e+02	2.00279e+03	1.38127e+03	4.72263e+00	2.48554e+00	9.61191e+01	1.94289e+01	8.53336e+00	0.00000e+00
1.18106e+03	2.93973e+02	2.00129e+03	1.38133e+03	4.72455e+00	2.48691e+00	9.59196e+01	1.94424e+01	8.54319e+00	0.00000e+00
1.18434e+03	2.94092e+02	1.99980e+03	1.38140e+03	4.72647e+00	2.48829e+00	9.57208e+01	1.94558e+01	8.55302e+00	0.00000e+00
1.18761e+03	2.94210e+02	1.99831e+03	1.38146e+03	4.72840e+00	2.48966e+00	9.55225e+01	1.94692e+01	8.56284e+00	0.00000e+00
1.19089e+03	2.94328e+02	1.99681e+03	1.38152e+03	4.73032e+00	2.49103e+00	9.53257e+01	1.94827e+01	8.57267e+00	0.00000e+00
1.19417e+03	2.94445e+02	1.99532e+03	1.38159e+03	4.73224e+00	2.49240e+00	9.51315e+01	1.94961e+01	8.58250e+00	0.00000e+00
1.19744e+03	2.94562e+02	1.99383e+03	1.38165e+03	4.73417e+00	2.49377e+00	9.49378e+01	1.95095e+01	8.59233e+00	0.00000e+00
1.20072e+03	2.94679e+02	1.99234e+03	1.38171e+03	4.73609e+00	2.49514e+00	9.47448e+01	1.95229e+01	8.60215e+00	0.00000e+00
1.20399e+03	2.94796e+02	1.99084e+03	1.38177e+03	4.73801e+00	2.49651e+00	9.45522e+01	1.95364e+01	8.61198e+00	0.00000e+00
1.20727e+03	2.94913e+02	1.98935e+03	1.38183e+03	4.73993e+00	2.49788e+00	9.43602e+01	1.95498e+01	8.62181e+00	0.00000e+00
1.21054e+03	2.95030e+02	1.98787e+03	1.38189e+03	4.74185e+00	2.49925e+00	9.41688e+01	1.95632e+01	8.63163e+00	0.00000e+00
1.21382e+03	2.95147e+02	1.98638e+03	1.38195e+03	4.74377e+00	2.50062e+00	9.39779e+01	1.95767e+01	8.64146e+00	0.00000e+00
1.21710e+03	2.95263e+02	1.98489e+03	1.38201e+03	4.74569e+00	2.50198e+00	9.37890e+01	1.95901e+01	8.65129e+00	0.00000e+00
1.22037e+03	2.95378e+02	1.98340e+03	1.38207e+03	4.74761e+00	2.50335e+00	9.36017e+01	1.96035e+01	8.66112e+00	0.00000e+00
1.22365e+03	2.95493e+02	1.98191e+03	1.38213e+03	4.74953e+00	2.50472e+00	9.34150e+01	1.96170e+01	8.67094e+00	0.00000e+00
1.22692e+03	2.95608e+02	1.98043e+03	1.38219e+03	4.75145e+00	2.50608e+00	9.32287e+01	1.96304e+01	8.68077e+00	0.00000e+00
1.23020e+03	2.95724e+02	1.97894e+03	1.38225e+03	4.75337e+00	2.50745e+00	9.30430e+01	1.96438e+01	8.69060e+00	0.00000e+00
1.23348e+03	2.95839e+02	1.97746e+03	1.38231e+03	4.75529e+00	2.50881e+00	9.28578e+01	1.96572e+01	8.70043e+00	0.00000e+00
1.23675e+03	2.95954e+02	1.97597e+03	1.38236e+03	4.75721e+00	2.51018e+00	9.26731e+01	1.96707e+01	8.71025e+00	0.00000e+00
1.24003e+03	2.96070e+02	1.97449e+03	1.38242e+03	4.75913e+00	2.51154e+00	9.24889e+01	1.96841e+01	8.72008e+00	0.00000e+00
1.24330e+03	2.96184e+02	1.97301e+03	1.38248e+03	4.76105e+00	2.51290e+00	9.23071e+01	1.96975e+01	8.72991e+00	0.00000e+00
1.24658e+03	2.96298e+02	1.97153e+03	1.38253e+03	4.76296e+00	2.51427e+00	9.21261e+01	1.97110e+01	8.73973e+00	0.00000e+00
1.24985e+03	2.96412e+02	1.97005e+03	1.38259e+03	4.76488e+00	2.51563e+00	9.19456e+01	1.97244e+01	8.74956e+00	0.00000e+00
1.25313e+03	2.96525e+02	1.96856e+03	1.38265e+03	4.76680e+00	2.51699e+00	9.17656e+01	1.97378e+01	8.75939e+00	0.00000e+00
1.25641e+03	2.96639e+02	1.96709e+03	1.38270e+03	4.76872e+00	2.51835e+00	9.15860e+01	1.97513e+01	8.76922e+00	0.00000e+00
1.25968e+03	2.96753e+02	1.96561e+03	1.38276e+03	4.77063e+00	2.51971e+00	9.14070e+01	1.97647e+01	8.77904e+00	0.00000e+00
1.26296e+03	2.96867e+02	1.96413e+03	1.38281e+03	4.77255e+00	2.52107e+00	9.12285e+01	1.97781e+01	8.78887e+00	0.00000e+00
1.26623e+03	2.96981e+02	1.96265e+03	1.38287e+03	4.77446e+00	2.52243e+00	9.10506e+01	1.97916e+01	8.79870e+00	0.00000e+00
1.26951e+03	2.97094e+02	1.96117e+03	1.38292e+03	4.77638e+00	2.52379e+00	9.08749e+01	1.98050e+01	8.80852e+00	0.00000e+00
1.27278e+03	2.97207e+02	1.95970e+03	1.38298e+03	4.77829e+00	2.52515e+00	9.06996e+01	1.98184e+01	8.81835e+00	0.00000e+00
1.27606e+03	2.97319e+02	1.95822e+03	1.38303e+03	4.78021e+00	2.52650e+00	9.05248e+01	1.98318e+01	8.82818e+00	0.00000e+00
1.27934e+03	2.97432e+02	1.95675e+03	1.38308e+03	4.78212e+00	2.52786e+00	9.03505e+01	1.98453e+01	8.83801e+00	0.00000e+00
1.28261e+03	2.97545e+02	1.95527e+03	1.38313e+03	4.78404e+00	2.52922e+00	9.01766e+01	1.98587e+01	8.84783e+00	0.00000e+00
1.28589e+03	2.97657e+02	1.95380e+03	1.38319e+03	4.78595e+00	2.53057e+00	9.00032e+01	1.98721e+01	8.85766e+00	0.00000e+00
1.28916e+03	2.97770e+02	1.95233e+03	1.38324e+03	4.78786e+00	2.53193e+00	8.98303e+01	1.98856e+01	8.86749e+00	0.00000e+00
1.29244e+03	2.97883e+02	1.95085e+03	1.38329e+03	4.78978e+00	2.53328e+00	8.96584e+01	1.98990e+01	8.87732e+00	0.00000e+00
1.29571e+03	2.97994e+02	1.94938e+03	1.38334e+03	4.79169e+00	2.53464e+00	8.94879e+01	1.99124e+01	8.88714e+00	0.00000e+00
1.29899e+03	2.98106e+02	1.94791e+03	1.38339e+03	4.79360e+00	2.53599e+00	8.93178e+01	1.99259e+01	8.89697e+00	0.00000e+00
1.30227e+03	2.98218e+02	1.94644e+03	1.38345e+03	4.79551e+00	2.53735e+00	8.91482e+01	1.99393e+01	8.90680e+00	0.00000e+00
1.30554e+03	2.98330e+02	1.94497e+03	1.38350e+03	4.79743e+00	2.53870e+00	8.89791e+01	1.99527e+01	8.91662e+00	0.00000e+00
1.30882e+03	2.98441e+02	1.94350e+03	1.38355e+03	4.79934e+00	2.54005e+00	8.88103e+01	1.99662e+01	8.92645e+00	0.00000e+00
1.31209e+03	2.98553e+02	1.94204e+03	1.38360e+03	4.80125e+00	2.54140e+00	8.86421e+01	1.99796e+01	8.93628e+00	0.00000e+00
1.31537e+03	2.98665e+02	1.94057e+03	1.38365e+03	4.80316e+00	2.54276e+00	8.84743e+01	1.99930e+01	8.94611e+00	0.00000e+00
1.31864e+03	2.98776e+02	1.93910e+03	1.38369e+03	4.80507e+00	2.54411e+00	8.83077e+01	2.00064e+01	8.95593e+00	0.00000e+00
1.32192e+03	2.98887e+02	1.93764e+03	1.38374e+03	4.80698e+00	2.54546e+00	8.81420e+01	2.00199e+01	8.96576e+00	0.00000e+00
1.32520e+03	2.98998e+02	1.93617e+03	1.38379e+03	4.80889e+00	2.54681e+00	8.79767e+01	2.00333e+01	8.97559e+00	0.00000e+00
1.32847e+03	2.99109e+02	1.93471e+03	1.38384e+03	4.81080e+00	2.54816e+00	8.78118e+01	2.00467e+01	8.98542e+00	0.00000e+00
1.33175e+03	2.99220e+02	1.93325e+03	1.38389e+03	4.81271e+00	2.54950e+00	8.76473e+01	2.00602e+01	8.99524e+00	0.00000e+00
1.33502e+03	2.99331e+02	1.93178e+03	1.38394e+03	4.81461e+00	2.55085e+00	8.74833e+01	2.00736e+01	9.00507e+00	0.00000e+00
1.33830e+03	2.99442e+02	1.93032e+03	1.38398e+03	4.81652e+00	2.55220e+00	8.73198e+01	2.00870e+01	9.01490e+00	0.00000e+00
1.34157e+03	2.99553e+02	1.92886e+03	1.38403e+03	4.81843e+00	2.55355e+00	8.71566e+01	2.01005e+01	9.02472e+00	0.00000e+00
1.34485e+03	2.99663e+02	1.92740e+03	1.38408e+03	4.82034e+00	2.55490e+00	8.69948e+01	2.01139e+01	9.03455e+00	0.00000e+00
1.34813e+03	2.99773e+02	1.92594e+03	1.38412e+03	4.82225e+00	2.55624e+00	8.68334e+01	2.01273e+01	9.04438e+00	0.00000e+00
1.35140e+03	2.99884e+02	1.92448e+03	1.38417e+03	4.82415e+00	2.55759e+00	8.66724e+01	2.01407e+01	9.05421e+00	0.00000e+00
1.35468e+03	2.99994e+02	1.92302e+03	1.38422e+03	4.82606e+00	2.55893e+00	8.65119e+01	2.01542e+01	9.06403e+00	0.00000e+00
1.35795e+03	3.00104e+02	1.92157e+03	1.38426e+03	4.82796e+00	2.56028e+00	8.63517e+01	2.01676e+01	9.07386e+00	0.00000e+00
1.36123e+03	3.00215e+02	1.92011e+03	1.38431e+03	4.82987e+00	2.56162e+00	8.61920e+01	2.01810e+01	9.08369e+00	0.00000e+00
1.36450e+03	3.00325e+02	1.91865e+03	1.38435e+03	4.83178e+00	2.56296e+00	8.60327e+01	2.01945e+01	9.09351e+00	0.00000e+00
1.36778e+03	3.00435e+02	1.91720e+03	1.38440e+03	4.83368e+00	2.56431e+00	8.58740e+01	2.02079e+01	9.10334e+00	0.00000e+00
1.37106e+03	3.00545e+02	1.91574e+03	1.38444e+03	4.83559e+00	2.56565e+00	8.57162e+01	2.02213e+01	9.11317e+00	0.00000e+00
1.37433e+03	3.00655e+02	1.91429e+03	1.38448e+03	4.83749e+00	2.56699e+00	8.55588e+01	2.02348e+01	9.12300e+00	0.00000e+00
1.37761e+03	3.00765e+02	1.91284e+03	1.38453e+03	4.83939e+00	2.56833e+00	8.54018e+01	2.02482e+01	9.13282e+00	0.00000e+00
1.38088e+03	3.00875e+02	1.91138e+03	1.38457e+03	4.84130e+00	2.56968e+00	8.52452e+01	2.02616e+01	9.14265e+00	0.00000e+00
1.38416e+03	3.00984e+02	1.90993e+03	1.38462e+03	4.84320e+00	2.57102e+00	8.50890e+01	2.02751e+01	9.15248e+00	0.00000e+00
1.38744e+03	3.01094e+02	1.90848e+03	1.38466e+03	4.84510e+00	2.57236e+00	8.49332e+01	2.02885e+01	9.16231e+00	0.00000e+00
1.39071e+03	3.01204e+02	1.90703e+03	1.38470e+03	4.84701e+00	2.57370e+00	8.47778e+01	2.03019e+01	9.17213e+00	0.00000e+00
1.39399e+03	3.01314e+02	1.90558e+03	1.38474e+03	4.84891e+00	2.57503e+00	8.46231e+01	2.03153e+01	9.18196e+00	0.00000e+00
1.39726e+03	3.01423e+02	1.90413e+03	1.38478e+03	4.85081e+00	2.57637e+00	8.44689e+01	2.03288e+01	9.19179e+00	0.00000e+00
1.40054e+03	3.01533e+02	1.90269e+03	1.38483e+03	4.85271e+00	2.57771e+00	8.43152e+01	2.03422e+01	9.20161e+00	0.00000e+00
1.40381e+03	3.01642e+02	1.90124e+03	1.38487e+03	4.85461e+00	2.57905e+00	8.41618e+01	2.03556e+01	9.21144e+00	0.00000e+00
1.40709e+03	3.01752e+02	1.89979e+03	1.38491e+03	4.85651e+00	2.58039e+00	8.40088e+01	2.03691e+01	9.22127e+00	0.00000e+00
1.41037e+03	3.01861e+02	1.89835e+03	1.38495e+03	4.85841e+00	2.58172e+00	8.38562e+01	2.03825e+01	9.23110e+00	0.00000e+00
1.41364e+03	3.01971e+02	1.89690e+03	1.38499e+03	4.86031e+00	2.58306e+00	8.37040e+01	2.03959e+01	9.24092e+00	0.00000e+00
1.41692e+03	3.02080e+02	1.89546e+03	1.38503e+03	4.86221e+00	2.58439e+00	8.35522e+01	2.04094e+01	9.25075e+00	0.00000e+00
1.42019e+03	3.02190e+02	1.89401e+03	1.38507e+03	4.86411e+00	2.58573e+00	8.34010e+01	2.04228e+01	9.26058e+00	0.00000e+00
1.42347e+03	3.02299e+02	1.89257e+03	1.38511e+03	4.86601e+00	2.58706e+00	8.32501e+01	2.04362e+01	9.27041e+00	0.00000e+00
1.42674e+03	3.02408e+02	1.89113e+03	1.38515e+03	4.86791e+00	2.58840e+00	8.30997e+01	2.04497e+01	9.28023e+00	0.00000e+00
1.43002e+03	3.02518e+02	1.88969e+03	1.38519e+03	4.86981e+00	2.58973e+00	8.29497e+01	2.04631e+01	9.29006e+00	0.00000e+00
1.43330e+03	3.02627e+02	1.88825e+03	1.38523e+03	4.87171e+00	2.59106e+00	8.28000e+01	2.04765e+01	9.29989e+00	0.00000e+00
1.43657e+03	3.02737e+02	1.88681e+03	1.38527e+03	4.87361e+00	2.59240e+00	8.26507e+01	2.04899e+01	9.30971e+00	0.00000e+00
1.43985e+03	3.02846e+02	1.88537e+03	1.38531e+03	4.87550e+00	2.59373e+00	8.25018e+01	2.05034e+01	9.31954e+00	0.00000e+00
1.44312e+03	3.02955e+02	1.88393e+03	1.38534e+03	4.87740e+00	2.59506e+00	8.23532e+01	2.05168e+01	9.32937e+00	0.00000e+00
1.44640e+03	3.03065e+02	1.88250e+03	1.38538e+03	4.87930e+00	2.59639e+00	8.22051e+01	2.05302e+01	9.33920e+00	0.00000e+00
1.44967e+03	3.03174e+02	1.88106e+03	1.38542e+03	4.88119e+00	2.59772e+00	8.20573e+01	2.05437e+01	9.34902e+00	0.00000e+00
1.45295e+03	3.03283e+02	1.87962e+03	1.38546e+03	4.88309e+00	2.59905e+00	8.19100e+01	2.05571e+01	9.35885e+00	0.00000e+00
1.45623e+03	3.03393e+02	1.87819e+03	1.38549e+03	4.88498e+00	2.60038e+00	8.17629e+01	2.05705e+01	9.36868e+00	0.00000e+00
1.45950e+03	3.03502e+02	1.87676e+03	1.38553e+03	4.88688e+00	2.60171e+00	8.16163e+01	2.05840e+01	9.37850e+00	0.00000e+00
1.46278e+03	3.03611e+02	1.87532e+03	1.38557e+03	4.88877e+00	2.60304e+00	8.14700e+01	2.05974e+01	9.38833e+00	0.00000e+00
1.46605e+03	3.03721e+02	1.87389e+03	1.38560e+03	4.89067e+00	2.60437e+00	8.13241e+01	2.06108e+01	9.39816e+00	0.00000e+00
1.46933e+03	3.03830e+02	1.87246e+03	1.38564e+03	4.89256e+00	2.60569e+00	8.11785e+01	2.06242e+01	9.40799e+00	0.00000e+00
1.47260e+03	3.03939e+02	1.87103e+03	1.38567e+03	4.89445e+00	2.60702e+00	8.10332e+01	2.06377e+01	9.41781e+00	0.00000e+00
1.47588e+03	3.04049e+02	1.86960e+03	1.38571e+03	4.89635e+00	2.60835e+00	8.08882e+01	2.06511e+01	9.42764e+00	0.00000e+00
1.47916e+03	3.04158e+02	1.86817e+03	1.38574e+03	4.89824e+00	2.60967e+00	8.07436e+01	2.06645e+01	9.43747e+00	0.00000e+00
1.48243e+03	3.04268e+02	1.86674e+03	1.38578e+03	4.90013e+00	2.61100e+00	8.05994e+01	2.06780e+01	9.44730e+00	0.00000e+00
1.48571e+03	3.04377e+02	1.86531e+03	1.38581e+03	4.90202e+00	2.61232e+00	8.04555e+01	2.06914e+01	9.45712e+00	0.00000e+00
1.48898e+03	3.04486e+02	1.86389e+03	1.38585e+03	4.90392e+00	2.61365e+00	8.03120e+01	2.07048e+01	9.46695e+00	0.00000e+00
1.49226e+03	3.04596e+02	1.86246e+03	1.38588e+03	4.90581e+00	2.61497e+00	8.01688e+01	2.07183e+01	9.47678e+00	0.00000e+00
1.49553e+03	3.04706e+02	1.86103e+03	1.38592e+03	4.90770e+00	2.61630e+00	8.00259e+01	2.07317e+01	9.48660e+00	0.00000e+00
1.49881e+03	3.04815e+02	1.85961e+03	1.38595e+03	4.90959e+00	2.61762e+00	7.98831e+01	2.07451e+01	9.49643e+00	0.00000e+00
1.50209e+03	3.04925e+02	1.85819e+03	1.38598e+03	4.91148e+00	2.61894e+00	7.97407e+01	2.07586e+01	9.50626e+00	0.00000e+00
1.50536e+03	3.05035e+02	1.85676e+03	1.38602e+03	4.91337e+00	2.62026e+00	7.95986e+01	2.07720e+01	9.51609e+00	0.00000e+00
1.50864e+03	3.05144e+02	1.85534e+03	1.38605e+03	4.91526e+00	2.62158e+00	7.94570e+01	2.07854e+01	9.52591e+00	0.00000e+00
1.51191e+03	3.05254e+02	1.85392e+03	1.38608e+03	4.91715e+00	2.62291e+00	7.93156e+01	2.07988e+01	9.53574e+00	0.00000e+00
1.51519e+03	3.05364e+02	1.85250e+03	1.38612e+03	4.91903e+00	2.62423e+00	7.91746e+01	2.08123e+01	9.54557e+00	0.00000e+00
1.51847e+03	3.05473e+02	1.85108e+03	1.38615e+03	4.92092e+00	2.62555e+00	7.90340e+01	2.08257e+01	9.55540e+00	0.00000e+00
1.52174e+03	3.05583e+02	1.84966e+03	1.38618e+03	4.92281e+00	2.62687e+00	7.88933e+01	2.08391e+01	9.56522e+00	0.00000e+00
1.52502e+03	3.05693e+02	1.84824e+03	1.38621e+03	4.92470e+00	2.62818e+00	7.87529e+01	2.08526e+01	9.57505e+00	0.00000e+00
1.52829e+03	3.05803e+02	1.84682e+03	1.38624e+03	4.92659e+00	2.62950e+00	7.86129e+01	2.08660e+01	9.58488e+00	0.00000e+00
1.53157e+03	3.05913e+02	1.84541e+03	1.38627e+03	4.92847e+00	2.63082e+00	7.84732e+01	2.08794e+01	9.59470e+00	0.00000e+00
1.53484e+03	3.06023e+02	1.84399e+03	1.38631e+03	4.93036e+00	2.63214e+00	7.83338e+01	2.08929e+01	9.60453e+00	0.00000e+00
1.53812e+03	3.06133e+02	1.84258e+03	1.38634e+03	4.93224e+00	2.63346e+00	7.81948e+01	2.09063e+01	9.61436e+00	0.00000e+00
1.54140e+03	3.06244e+02	1.84116e+03	1.38637e+03	4.93413e+00	2.63477e+00	7.80562e+01	2.09197e+01	9.62419e+00	0.00000e+00
1.54467e+03	3.06354e+02	1.83975e+03	1.38640e+03	4.93601e+00	2.63609e+00	7.79178e+01	2.09332e+01	9.63401e+00	0.00000e+00
1.54795e+03	3.06464e+02	1.83834e+03	1.38643e+03	4.93790e+00	2.63740e+00	7.77792e+01	2.09466e+01	9.64384e+00	0.00000e+00
1.55122e+03	3.06575e+02	1.83693e+03	1.38646e+03	4.93978e+00	2.63872e+00	7.76410e+01	2.09600e+01	9.65367e+00	0.00000e+00
1.55450e+03	3.06685e+02	1.83552e+03	1.38649e+03	4.94167e+00	2.64003e+00	7.75031e+01	2.09734e+01	9.66349e+00	0.00000e+00
1.55777e+03	3.06796e+02	1.83411e+03	1.38652e+03	4.94355e+00	2.64135e+00	7.73655e+01	2.09869e+01	9.67332e+00	0.00000e+00
1.56105e+03	3.06906e+02	1.83270e+03	1.38654e+03	4.94543e+00	2.64266e+00	7.72283e+01	2.10003e+01	9.68315e+00	0.00000e+00
1.56433e+03	3.07017e+02	1.83129e+03	1.38657e+03	4.94732e+00	2.64397e+00	7.70914e+01	2.10137e+01	9.69298e+00	0.00000e+00
1.56760e+03	3.07127e+02	1.82988e+03	1.38660e+03	4.94920e+00	2.64529e+00	7.69549e+01	2.10272e+01	9.70280e+00	0.00000e+00
1.57088e+03	3.07238e+02	1.82847e+03	1.38663e+03	4.95108e+00	2.64660e+00	7.68184e+01	2.10406e+01	9.71263e+00	0.00000e+00
1.57415e+03	3.07349e+02	1.82707e+03	1.38666e+03	4.95296e+00	2.64791e+00	7.66819e+01	2.10540e+01	9.72246e+00	0.00000e+00
1.57743e+03	3.07460e+02	1.82566e+03	1.38669e+03	4.95484e+00	2.64922e+00	7.65456e+01	2.10675e+01	9.73229e+00	0.00000e+00
1.58070e+03	3.07572e+02	1.82426e+03	1.38671e+03	4.95673e+00	2.65053e+00	7.64097e+01	2.10809e+01	9.74211e+00	0.00000e+00
1.58398e+03	3.07683e+02	1.82285e+03	1.38674e+03	4.95861e+00	2.65184e+00	7.62741e+01	2.10943e+01	9.75194e+00	0.00000e+00
1.58726e+03	3.07794e+02	1.82145e+03	1.38677e+03	4.96049e+00	2.65315e+00	7.61389e+01	2.11077e+01	9.76177e+00	0.00000e+00
1.59053e+03	3.07905e+02	1.82005e+03	1.38680e+03	4.96237e+00	2.65446e+00	7.60040e+01	2.11212e+01	9.77159e+00	0.00000e+00
1.59381e+03	3.08016e+02	1.81865e+03	1.38682e+03	4.96424e+00	2.65577e+00	7.58694e+01	2.11346e+01	9.78142e+00	0.00000e+00
1.59708e+03	3.08128e+02	1.81725e+03	1.38685e+03	4.96612e+00	2.65708e+00	7.57346e+01	2.11480e+01	9.79125e+00	0.00000e+00
1.60036e+03	3.08240e+02	1.81585e+03	1.38688e+03	4.96800e+00	2.65839e+00	7.55999e+01	2.11615e+01	9.80108e+00	0.00000e+00
1.60363e+03	3.08352e+02	1.81445e+03	1.38690e+03	4.96988e+00	2.65969e+00	7.54655e+01	2.11749e+01	9.81090e+00	0.00000e+00
1.60691e+03	3.08463e+02	1.81305e+03	1.38693e+03	4.97176e+00	2.66100e+00	7.53314e+01	2.11883e+01	9.82073e+00	0.00000e+00
1.61019e+03	3.08575e+02	1.81166e+03	1.38696e+03	4.97363e+00	2.66231e+00	7.51976e+01	2.12018e+01	9.83056e+00	0.00000e+00
1.61346e+03	3.08687e+02	1.81026e+03	1.38698e+03	4.97551e+00	2.66361e+00	7.50642e+01	2.12152e+01	9.84039e+00	0.00000e+00
1.61674e+03	3.08799e+02	1.80887e+03	1.38701e+03	4.97739e+00	2.66492e+00	7.49311e+01	2.12286e+01	9.85021e+00	0.00000e+00
1.62001e+03	3.08911e+02	1.80747e+03	1.38703e+03	4.97926e+00	2.66622e+00	7.47984e+01	2.12421e+01	9.86004e+00	0.00000e+00
1.62329e+03	3.09024e+02	1.80608e+03	1.38706e+03	4.98114e+00	2.66753e+00	7.46650e+01	2.12555e+01	9.86987e+00	0.00000e+00
1.62656e+03	3.09136e+02	1.80468e+03	1.38708e+03	4.98301e+00	2.66883e+00	7.45320e+01	2.12689e+01	9.87969e+00	0.00000e+00
1.62984e+03	3.09249e+02	1.80329e+03	1.38711e+03	4.98489e+00	2.67013e+00	7.43992e+01	2.12823e+01	9.88952e+00	0.00000e+00
1.63312e+03	3.09362e+02	1.80190e+03	1.38713e+03	4.98676e+00	2.67144e+00	7.42668e+01	2.12958e+01	9.89935e+00	0.00000e+00
1.63639e+03	3.09474e+02	1.80051e+03	1.38715e+03	4.98864e+00	2.67274e+00	7.41348e+01	2.13092e+01	9.90918e+00	0.00000e+00
1.63967e+03	3.09587e+02	1.79912e+03	1.38718e+03	4.99051e+00	2.67404e+00	7.40030e+01	2.13226e+01	9.91900e+00	0.00000e+00
1.64294e+03	3.09700e+02	1.79773e+03	1.38720e+03	4.99239e+00	2.67534e+00	7.38716e+01	2.13361e+01	9.92883e+00	0.00000e+00
1.64622e+03	3.09813e+02	1.79635e+03	1.38723e+03	4.99426e+00	2.67664e+00	7.37403e+01	2.13495e+01	9.93866e+00	0.00000e+00
1.64949e+03	3.09926e+02	1.79496e+03	1.38725e+03	4.99613e+00	2.67794e+00	7.36085e+01	2.13629e+01	9.94848e+00	0.00000e+00
1.65277e+03	3.10040e+02	1.79357e+03	1.38727e+03	4.99800e+00	2.67924e+00	7.34770e+01	2.13764e+01	9.95831e+00	0.00000e+00
1.65605e+03	3.10154e+02	1.79219e+03	1.38730e+03	4.99987e+00	2.68054e+00	7.33458e+01	2.13898e+01	9.96814e+00	0.00000e+00
1.65932e+03	3.10267e+02	1.79081e+03	1.38732e+03	5.00175e+00	2.68184e+00	7.32149e+01	2.14032e+01	9.97797e+00	0.00000e+00
1.66260e+03	3.10381e+02	1.78942e+03	1.38734e+03	5.00362e+00	2.68314e+00	7.30844e+01	2.14167e+01	9.98779e+00	0.00000e+00
1.66587e+03	3.10495e+02	1.78804e+03	1.38736e+03	5.00549e+00	2.68444e+00	7.29542e+01	2.14301e+01	9.99762e+00	0.00000e+00
1.66915e+03	3.10608e+02	1.78666e+03	1.38739e+03	5.00736e+00	2.68573e+00	7.28244e+01	2.14435e+01	1.00074e+01	0.00000e+00
1.67243e+03	3.10722e+02	1.78528e+03	1.38741e+03	5.00923e+00	2.68703e+00	7.26943e+01	2.14569e+01	1.00173e+01	0.00000e+00
1.67570e+03	3.10837e+02	1.78390e+03	1.38743e+03	5.01110e+00	2.68833e+00	7.25639e+01	2.14704e+01	1.00271e+01	0.00000e+00
1.67898e+03	3.10952e+02	1.78252e+03	1.38745e+03	5.01296e+00	2.68962e+00	7.24338e+01	2.14838e+01	1.00369e+01	0.00000e+00
1.68225e+03	3.11066e+02	1.78114e+03	1.38747e+03	5.01483e+00	2.69092e+00	7.23040e+01	2.14972e+01	1.00468e+01	0.00000e+00
1.68553e+03	3.11181e+02	1.77976e+03	1.38749e+03	5.01670e+00	2.69221e+00	7.21746e+01	2.15107e+01	1.00566e+01	0.00000e+00
1.68880e+03	3.11296e+02	1.77839e+03	1.38751e+03	5.01857e+00	2.69351e+00	7.20455e+01	2.15241e+01	1.00664e+01	0.00000e+00
1.69208e+03	3.11410e+02	1.77701e+03	1.38754e+03	5.02043e+00	2.69480e+00	7.19168e+01	2.15375e+01	1.00762e+01	0.00000e+00
1.69536e+03	3.11525e+02	1.77564e+03	1.38756e+03	5.02230e+00	2.69610e+00	7.17884e+01	2.15510e+01	1.00861e+01	0.00000e+00
1.69863e+03	3.11641e+02	1.77426e+03	1.38758e+03	5.02417e+00	2.69739e+00	7.16593e+01	2.15644e+01	1.00959e+01	0.00000e+00
1.70191e+03	3.11757e+02	1.77289e+03	1.38760e+03	5.02603e+00	2.69868e+00	7.15302e+01	2.15778e+01	1.01057e+01	0.00000e+00
1.70518e+03	3.11872e+02	1.77152e+03	1.38762e+03	5.02790e+00	2.69998e+00	7.14015e+01	2.15912e+01	1.01155e+01	0.00000e+00
1.70846e+03	3.11988e+02	1.77015e+03	1.38764e+03	5.02976e+00	2.70127e+00	7.12731e+01	2.16047e+01	1.01254e+01	0.00000e+00
1.71173e+03	3.12104e+02	1.76878e+03	1.38766e+03	5.03163e+00	2.70256e+00	7.11450e+01	2.16181e+01	1.01352e+01	0.00000e+00
1.71501e+03	3.12220e+02	1.76741e+03	1.38768e+03	5.03349e+00	2.70385e+00	7.10172e+01	2.16315e+01	1.01450e+01	0.00000e+00
1.71829e+03	3.12336e+02	1.76604e+03	1.38770e+03	5.03536e+00	2.70514e+00	7.08898e+01	2.16450e+01	1.01549e+01	0.00000e+00
1.72156e+03	3.12452e+02	1.76467e+03	1.38772e+03	5.03722e+00	2.70643e+00	7.07627e+01	2.16584e+01	1.01647e+01	0.00000e+00
1.72484e+03	3.12569e+02	1.76330e+03	1.38773e+03	5.03908e+00	2.70772e+00	7.06345e+01	2.16718e+01	1.01745e+01	0.00000e+00
1.72811e+03	3.12686e+02	1.76194e+03	1.38775e+03	5.04095e+00	2.70901e+00	7.05067e+01	2.16853e+01	1.01843e+01	0.00000e+00
1.73139e+03	3.12803e+02	1.76057e+03	1.38777e+03	5.04281e+00	2.71030e+00	7.03792e+01	2.16987e+01	1.01942e+01	0.00000e+00
1.73466e+03	3.12920e+02	1.75921e+03	1.38779e+03	5.04467e+00	2.71158e+00	7.02520e+01	2.17121e+01	1.02040e+01	0.00000e+00
1.73794e+03	3.13037e+02	1.75785e+03	1.38781e+03	5.04653e+00	2.71287e+00	7.01252e+01	2.17256e+01	1.02138e+01	0.00000e+00
1.74122e+03	3.13154e+02	1.75648e+03	1.38783e+03	5.04839e+00	2.71416e+00	6.99987e+01	2.17390e+01	1.02236e+01	0.00000e+00
1.74449e+03	3.13271e+02	1.75512e+03	1.38784e+03	5.05025e+00	2.71545e+00	6.98725e+01	2.17524e+01	1.02335e+01	0.00000e+00
1.74777e+03	3.13389e+02	1.75376e+03	1.38786e+03	5.05211e+00	2.71673e+00	6.97462e+01	2.17658e+01	1.02433e+01	0.00000e+00
1.75104e+03	3.13507e+02	1.75240e+03	1.38788e+03	5.05397e+00	2.71802e+00	6.96192e+01	2.17793e+01	1.02531e+01	0.00000e+00
1.75432e+03	3.13625e+02	1.75104e+03	1.38790e+03	5.05583e+00	2.71930e+00	6.94925e+01	2.17927e+01	1.02630e+01	0.00000e+00
1.75759e+03	3.13744e+02	1.74968e+03	1.38792e+03	5.05769e+00	2.72059e+00	6.93662e+01	2.18061e+01	1.02728e+01	0.00000e+00
1.76087e+03	3.13862e+02	1.74833e+03	1.38793e+03	5.05955e+00	2.72187e+00	6.92401e+01	2.18196e+01	1.02826e+01	0.00000e+00
1.76415e+03	3.13981e+02	1.74697e+03	1.38795e+03	5.06141e+00	2.72316e+00	6.91144e+01	2.18330e+01	1.02924e+01	0.00000e+00
1.76742e+03	3.14099e+02	1.74562e+03	1.38797e+03	5.06326e+00	2.72444e+00	6.89891e+01	2.18464e+01	1.03023e+01	0.00000e+00
1.77070e+03	3.14218e+02	1.74426e+03	1.38798e+03	5.06512e+00	2.72572e+00	6.88640e+01	2.18599e+01	1.03121e+01	0.00000e+00
1.77397e+03	3.14337e+02	1.74291e+03	1.38800e+03	5.06698e+00	2.72700e+00	6.87384e+01	2.18733e+01	1.03219e+01	0.00000e+00
1.77725e+03	3.14457e+02	1.74155e+03	1.38802e+03	5.06883e+00	2.72829e+00	6.86125e+01	2.18867e+01	1.03317e+01	0.00000e+00
1.78052e+03	3.14577e+02	1.74020e+03	1.38803e+03	5.07069e+00	2.72957e+00	6.84869e+01	2.19002e+01	1.03416e+01	0.00000e+00
1.78380e+03	3.14696e+02	1.73885e+03	1.38805e+03	5.07255e+00	2.73085e+00	6.83617e+01	2.19136e+01	1.03514e+01	0.00000e+00
1.78708e+03	3.14816e+02	1.73750e+03	1.38806e+03	5.07440e+00	2.73213e+00	6.82367e+01	2.19270e+01	1.03612e+01	0.00000e+00
1.79035e+03	3.14936e+02	1.73615e+03	1.38808e+03	5.07625e+00	2.73341e+00	6.81121e+01	2.19404e+01	1.03711e+01	0.00000e+00
1.79363e+03	3.15056e+02	1.73481e+03	1.38809e+03	5.07811e+00	2.73469e+00	6.79878e+01	2.19539e+01	1.03809e+01	0.00000e+00
1.79690e+03	3.15176e+02	1.73346e+03	1.38811e+03	5.07996e+00	2.73597e+00	6.78638e+01	2.19673e+01	1.03907e+01	0.00000e+00
1.80018e+03	3.15297e+02	1.73211e+03	1.38812e+03	5.08182e+00	2.73724e+00	6.77388e+01	2.19807e+01	1.04005e+01	0.00000e+00
1.80346e+03	3.15418e+02	1.73077e+03	1.38814e+03	5.08367e+00	2.73852e+00	6.76139e+01	2.19942e+01	1.04104e+01	0.00000e+00
1.80673e+03	3.15540e+02	1.72942e+03	1.38815e+03	5.08552e+00	2.73980e+00	6.74893e+01	2.20076e+01	1.04202e+01	0.00000e+00
1.81001e+03	3.15661e+02	1.72808e+03	1.38817e+03	5.08737e+00	2.74108e+00	6.73651e+01	2.20210e+01	1.04300e+01	0.00000e+00
1.81328e+03	3.15783e+02	1.72674e+03	1.38818e+03	5.08923e+00	2.74235e+00	6.72411e+01	2.20345e+01	1.04398e+01	0.00000e+00
1.81656e+03	3.15904e+02	1.72539e+03	1.38820e+03	5.09108e+00	2.74363e+00	6.71175e+01	2.20479e+01	1.04497e+01	0.00000e+00
1.81983e+03	3.16025e+02	1.72405e+03	1.38821e+03	5.09293e+00	2.74491e+00	6.69942e+01	2.20613e+01	1.04595e+01	0.00000e+00
1.82311e+03	3.16147e+02	1.72271e+03	1.38823e+03	5.09478e+00	2.74618e+00	6.68711e+01	2.20747e+01	1.04693e+01	0.00000e+00
1.82639e+03	3.16270e+02	1.72137e+03	1.38824e+03	5.09663e+00	2.74746e+00	6.67468e+01	2.20882e+01	1.04792e+01	0.00000e+00
1.82966e+03	3.16393e+02	1.72004e+03	1.38825e+03	5.09848e+00	2.74873e+00	6.66228e+01	2.21016e+01	1.04890e+01	0.00000e+00
1.83294e+03	3.16516e+02	1.71870e+03	1.38827e+03	5.10033e+00	2.75000e+00	6.64992e+01	2.21150e+01	1.04988e+01	0.00000e+00
1.83621e+03	3.16639e+02	1.71736e+03	1.38828e+03	5.10217e+00	2.75128e+00	6.63759e+01	2.21285e+01	1.05086e+01	0.00000e+00
1.83949e+03	3.16762e+02	1.71603e+03	1.38829e+03	5.10402e+00	2.75255e+00	6.62529e+01	2.21419e+01	1.05185e+01	0.00000e+00
1.84276e+03	3.16885e+02	1.71469e+03	1.38831e+03	5.10587e+00	2.75382e+00	6.61302e+01	2.21553e+01	1.05283e+01	0.00000e+00
1.84604e+03	3.17008e+02	1.71336e+03	1.38832e+03	5.10772e+00	2.75510e+00	6.60079e+01	2.21688e+01	1.05381e+01	0.00000e+00
1.84932e+03	3.17132e+02	1.71203e+03	1.38833e+03	5.10956e+00	2.75637e+00	6.58852e+01	2.21822e+01	1.05479e+01	0.00000e+00
1.85259e+03	3.17257e+02	1.71069e+03	1.38835e+03	5.11141e+00	2.75764e+00	6.57618e+01	2.21956e+01	1.05578e+01	0.00000e+00
1.85587e+03	3.17381e+02	1.70936e+03	1.38836e+03	5.11326e+00	2.75891e+00	6.56387e+01	2.22091e+01	1.05676e+01	0.00000e+00
1.85914e+03	3.17506e+02	1.70803e+03	1.38837e+03	5.11510e+00	2.76018e+00	6.55160e+01	2.22225e+01	1.05774e+01	0.00000e+00
1.86242e+03	3.17631e+02	1.70670e+03	1.38838e+03	5.11695e+00	2.76145e+00	6.53936e+01	2.22359e+01	1.05873e+01	0.00000e+00
1.86569e+03	3.17756e+02	1.70538e+03	1.38840e+03	5.11879e+00	2.76272e+00	6.52715e+01	2.22493e+01	1.05971e+01	0.00000e+00
1.86897e+03	3.17880e+02	1.70405e+03	3.44776e+03	8.51972e+00	4.91411e+00	1.15507e+13	1.39247e+02	8.32581e+01	0.00000e+00
1.99442e+03	3.31793e+02	1.68360e+03	3.44776e+03	8.52114e+00	4.90902e+00	4.12731e+12	1.39620e+02	8.31209e+01	0.00000e+00
2.11987e+03	3.45506e+02	1.66314e+03	3.44922e+03	8.52600e+00	4.90828e+00	1.62442e+12	1.40028e+02	8.31490e+01	0.00000e+00
2.24537e+03	3.59018e+02	1.64269e+03	3.45142e+03	8.53085e+00	4.90758e+00	6.95483e+11	1.40432e+02	8.31766e+01	0.00000e+00
2.37095e+03	3.72328e+02	1.62224e+03	3.45355e+03	8.53388e+00	4.90457e+00	3.20552e+11	1.40818e+02	8.31172e+01	0.00000e+00
2.49661e+03	3.85435e+02	1.60178e+03	3.45532e+03	8.53746e+00	4.90228e+00	1.57657e+11	1.41211e+02	8.30857e+01	0.00000e+00
2.62234e+03	3.98339e+02	1.58133e+03	3.45724e+03	8.54256e+00	4.90191e+00	8.21275e+10	1.41619e+02	8.31257e+01	0.00000e+00
2.74813e+03	4.11037e+02	1.56088e+03	3.45943e+03	8.54741e+00	4.90121e+00	4.50280e+10	1.42025e+02	8.31534e+01	0.00000e+00
2.87401e+03	4.23530e+02	1.54042e+03	3.46157e+03	8.54899e+00	4.89637e+00	2.58434e+10	1.42401e+02	8.30268e+01	0.00000e+00
2.99996e+03	4.35817e+02	1.51997e+03	3.46313e+03	8.55362e+00	4.89537e+00	1.54547e+10	1.42811e+02	8.30450e+01	0.00000e+00
3.12597e+03	4.47895e+02	1.49952e+03	3.46531e+03	8.55857e+00	4.89478e+00	9.59070e+09	1.43220e+02	8.30765e+01	0.00000e+00
3.25206e+03	4.59764e+02	1.47906e+03	3.46746e+03	8.56259e+00	4.89299e+00	6.15474e+09	1.43623e+02	8.30640e+01	0.00000e+00
3.37822e+03	4.71422e+02	1.45861e+03	3.46948e+03	8.56459e+00	4.88865e+00	4.07199e+09	1.44007e+02	8.29561e+01	0.00000e+00
3.50446e+03	4.82869e+02	1.43816e+03	3.47113e+03	8.56983e+00	4.88833e+00	2.76993e+09	1.44427e+02	8.29996e+01	0.00000e+00
3.63076e+03	4.94102e+02	1.41770e+03	3.47339e+03	8.57499e+00	4.88791e+00	1.93270e+09	1.44844e+02	8.30373e+01	0.00000e+00
3.75714e+03	5.05120e+02	1.39725e+03	3.47557e+03	8.58010e+00	4.88737e+00	1.38037e+09	1.45264e+02	8.30706e+01	0.00000e+00
3.88361e+03	5.15922e+02	1.37680e+03	3.47774e+03	8.58364e+00	4.88493e+00	1.00729e+09	1.45663e+02	8.30318e+01	0.00000e+00
4.01015e+03	5.26506e+02	1.35634e+03	3.47958e+03	8.58923e+00	4.88490e+00	7.49776e+08	1.46094e+02	8.30850e+01	0.00000e+00
4.13675e+03	5.36870e+02	1.33589e+03	3.48186e+03	8.59464e+00	4.88467e+00	5.68434e+08	1.46522e+02	8.31303e+01	0.00000e+00
4.26344e+03	5.47012e+02	1.31544e+03	3.48409e+03	8.59994e+00	4.88425e+00	4.38369e+08	1.46953e+02	8.31700e+01	0.00000e+00
4.39021e+03	5.56930e+02	1.29498e+03	3.48635e+03	8.60361e+00	4.88178e+00	3.43480e+08	1.47364e+02	8.31300e+01	0.00000e+00
4.51707e+03	5.66622e+02	1.27453e+03	3.48820e+03	8.60919e+00	4.88164e+00	2.73155e+08	1.47802e+02	8.31795e+01	0.00000e+00
4.64399e+03	5.76086e+02	1.25408e+03	3.49048e+03	8.61490e+00	4.88162e+00	2.20267e+08	1.48243e+02	8.32337e+01	0.00000e+00
4.77099e+03	5.85319e+02	1.23362e+03	3.49277e+03	8.61989e+00	4.88068e+00	1.79953e+08	1.48678e+02	8.32527e+01	0.00000e+00
4.89808e+03	5.94318e+02	1.21317e+03	3.49492e+03	8.62605e+00	4.88116e+00	1.48836e+08	1.49129e+02	8.33253e+01	0.00000e+00
5.02525e+03	6.03080e+02	1.19272e+03	3.49729e+03	8.63130e+00	4.88041e+00	1.24536e+08	1.49573e+02	8.33526e+01	0.00000e+00
5.15250e+03	6.11604e+02	1.17226e+03	3.49950e+03	8.67472e+00	4.91740e+00	1.05357e+08	1.51069e+02	8.49333e+01	0.00000e+00
5.27983e+03	6.19884e+02	1.15181e+03	3.51243e+03	8.68044e+00	4.91718e+00	9.00665e+07	1.51524e+02	8.49802e+01	0.00000e+00
5.40763e+03	6.27919e+02	1.13136e+03	3.51468e+03	8.68639e+00	4.91733e+00	7.77874e+07	1.51978e+02	8.50405e+01	0.00000e+00
5.53552e+03	6.35703e+02	1.11090e+03	3.51695e+03	8.69307e+00	4.91833e+00	6.78230e+07	1.52445e+02	8.51329e+01	0.00000e+00
5.66348e+03	6.43234e+02	1.09045e+03	3.51935e+03	8.69948e+00	4.91903e+00	5.96756e+07	1.52908e+02	8.52145e+01	0.00000e+00
5.79154e+03	6.50507e+02	1.07000e+03	3.52171e+03	8.70589e+00	4.91946e+00	5.29686e+07	1.53374e+02	8.52816e+01	0.00000e+00
5.91968e+03	6.57516e+02	1.04954e+03	3.52387e+03	8.71226e+00	4.91985e+00	4.74144e+07	1.53841e+02	8.53471e+01	0.00000e+00
6.04790e+03	6.64258e+02	1.02909e+03	3.52603e+03	8.71985e+00	4.92202e+00	4.27911e+07	1.54330e+02	8.54908e+01	0.00000e+00
6.17619e+03	6.70727e+02	1.00864e+03	3.52884e+03	8.72498e+00	4.92050e+00	3.89271e+07	1.54784e+02	8.54748e+01	0.00000e+00
6.30459e+03	6.76916e+02	9.88184e+02	3.53037e+03	8.73339e+00	4.92368e+00	3.56885e+07	1.55291e+02	8.56604e+01	0.00000e+00
6.43305e+03	6.82820e+02	9.67730e+02	3.53347e+03	8.74075e+00	4.92539e+00	3.29688e+07	1.55786e+02	8.57864e+01	0.00000e+00
6.56162e+03	6.88431e+02	9.47277e+02	3.53620e+03	8.75056e+00	4.93038e+00	3.06860e+07	1.56325e+02	8.60503e+01	0.00000e+00
6.69028e+03	6.93742e+02	9.26824e+02	3.53990e+03	8.75740e+00	4.93101e+00	2.87741e+07	1.56816e+02	8.61256e+01	0.00000e+00
6.81909e+03	6.98746e+02	9.06370e+02	3.54209e+03	8.76531e+00	4.93318e+00	2.71815e+07	1.57329e+02	8.62684e+01	0.00000e+00
6.94797e+03	7.03432e+02	8.85917e+02	3.54485e+03	8.77130e+00	4.93253e+00	2.58665e+07	1.57811e+02	8.62896e+01	0.00000e+00
7.07695e+03	7.07790e+02	8.65464e+02	3.54666e+03	8.78001e+00	4.93549e+00	2.47977e+07	1.58343e+02	8.64631e+01	0.00000e+00
7.20600e+03	7.11812e+02	8.45011e+02	3.54952e+03	8.78926e+00	4.93942e+00	2.39508e+07	1.58888e+02	8.66833e+01	0.00000e+00
7.33515e+03	7.15483e+02	8.24557e+02	3.55290e+03	8.79451e+00	4.93749e+00	2.33086e+07	1.59366e+02	8.66476e+01	0.00000e+00
7.46442e+03	7.18792e+02	8.04104e+02	3.55422e+03	8.80344e+00	4.94067e+00	2.28600e+07	1.59910e+02	8.68323e+01	0.00000e+00
7.59375e+03	7.21723e+02	7.83651e+02	3.55721e+03	8.81090e+00	4.94175e+00	2.25982e+07	1.60435e+02	8.69293e+01	0.00000e+00
7.72318e+03	7.24262e+02	7.63197e+02	3.55962e+03	8.81933e+00	4.94408e+00	2.25238e+07	1.60979e+02	8.70784e+01	0.00000e+00
7.85270e+03	7.26390e+02	7.42744e+02	3.56238e+03	8.82818e+00	4.94684e+00	2.26421e+07	1.61533e+02	8.72447e+01	0.00000e+00
7.98232e+03	7.28087e+02	7.22291e+02	3.56520e+03	8.83678e+00	4.94916e+00	2.29656e+07	1.62088e+02	8.73929e+01	0.00000e+00
8.11204e+03	7.29332e+02	7.01838e+02	3.56790e+03	8.84646e+00	4.95288e+00	2.35148e+07	1.62665e+02	8.76000e+01	0.00000e+00
8.24186e+03	7.30099e+02	6.81384e+02	3.57099e+03	8.85556e+00	4.95567e+00	2.43196e+07	1.63238e+02	8.77680e+01	0.00000e+00
8.37180e+03	7.30362e+02	6.60931e+02	3.57381e+03	8.86509e+00	4.95896e+00	2.54233e+07	1.63819e+02	8.79565e+01	0.00000e+00
8.37180e+03	7.30362e+02	6.60931e+02	4.65000e+03	3.94076e+00	0.00000e+00	1.00000e+04	7.22126e+01	0.00000e+00	0.00000e+00
8.86060e+03	7.31173e+02	5.87494e+02	4.65000e+03	3.94076e+00	0.00000e+00	1.00000e+04	7.22126e+01	0.00000e+00	0.00000e+00
9.34940e+03	7.31985e+02	5.14057e+02	4.65000e+03	4.00243e+00	0.00000e+00	1.00000e+04	7.44904e+01	0.00000e+00	0.00000e+00
9.83820e+03	7.32796e+02	4.40621e+02	4.65000e+03	4.06316e+00	0.00000e+00	1.00000e+04	7.67682e+01	0.00000e+00	0.00000e+00
1.03270e+04	7.33608e+02	3.67184e+02	4.65000e+03	4.12300e+00	0.00000e+00	1.00000e+04	7.90460e+01	0.00000e+00	0.00000e+00
1.08158e+04	7.34419e+02	2.93747e+02	4.65000e+03	4.18199e+00	0.00000e+00	1.00000e+04	8.13238e+01	0.00000e+00	0.00000e+00
1.13046e+04	7.35231e+02	2.20310e+02	4.65000e+03	4.24015e+00	0.00000e+00	1.00000e+04	8.36017e+01	0.00000e+00	0.00000e+00
1.17934e+04	7.36042e+02	1.46874e+02	4.65000e+03	4.29752e+00	0.00000e+00	1.00000e+04	8.58795e+01	0.00000e+00	0.00000e+00
1.22822e+04	7.36854e+02	7.34368e+01	4.65000e+03	4.35414e+00	0.00000e+00	1.00000e+04	8.81573e+01	0.00000e+00	0.00000e+00
1.27710e+04	7.37665e+02	0.00000e+00	4.65000e+03	4.41004e+00	0.00000e+00	1.00000e+04	9.04351e+01	0.00000e+00	0.00000e+00
