P (MPa)		T (K)		r (km)		rho (kg m-3)	VP (km s-1)	VS (km s-1)	QS/gamma	
0.00000e+00	1.10000e+02	2.63410e+03	9.31871e+02	3.87940e+00	1.96225e+00	3.09516e+04
2.20769e+00	1.69529e+02	2.63244e+03	9.31871e+02	3.88787e+00	1.96688e+00	6.68940e+02
4.41539e+00	2.61273e+02	2.63078e+03	9.31871e+02	3.91021e+00	1.97853e+00	5.55711e+01
6.62308e+00	2.61312e+02	2.62912e+03	9.31841e+02	3.91158e+00	1.97957e+00	5.55330e+01
8.83077e+00	2.61353e+02	2.62746e+03	9.31776e+02	3.91296e+00	1.98061e+00	5.54931e+01
1.10385e+01	2.61396e+02	2.62580e+03	9.31672e+02	3.91432e+00	1.98165e+00	5.54514e+01
1.32462e+01	2.61441e+02	2.62414e+03	9.31522e+02	3.91568e+00	1.98268e+00	5.54077e+01
1.54539e+01	2.61488e+02	2.62248e+03	9.31320e+02	3.91703e+00	1.98371e+00	5.53619e+01
1.76615e+01	2.61537e+02	2.62082e+03	9.31059e+02	3.91838e+00	1.98473e+00	5.53140e+01
1.98692e+01	2.61589e+02	2.61916e+03	9.30731e+02	3.91973e+00	1.98576e+00	5.52639e+01
2.20769e+01	2.61643e+02	2.61750e+03	9.30326e+02	3.92106e+00	1.98678e+00	5.52114e+01
2.42846e+01	2.61700e+02	2.61584e+03	9.29836e+02	3.92240e+00	1.98779e+00	5.51565e+01
2.64923e+01	2.61759e+02	2.61418e+03	9.29251e+02	3.92372e+00	1.98880e+00	5.50990e+01
2.87000e+01	2.61822e+02	2.61252e+03	9.28560e+02	3.92505e+00	1.98982e+00	5.50388e+01
3.09077e+01	2.61887e+02	2.61086e+03	9.27757e+02	3.92636e+00	1.99082e+00	5.49759e+01
3.31154e+01	2.61955e+02	2.60920e+03	9.26832e+02	3.92768e+00	1.99183e+00	5.49100e+01
3.53231e+01	2.62027e+02	2.60754e+03	9.25783e+02	3.92899e+00	1.99283e+00	5.48411e+01
3.75308e+01	2.62102e+02	2.60588e+03	9.24610e+02	3.93029e+00	1.99383e+00	5.47690e+01
3.97385e+01	2.62181e+02	2.60421e+03	9.23319e+02	3.93159e+00	1.99483e+00	5.46935e+01
4.19462e+01	2.70000e+02	2.60254e+03	9.21924e+02	3.93505e+00	1.99692e+00	4.78978e+01
4.58530e+01	2.70012e+02	2.59988e+03	1.02225e+03	1.46179e+00	0.00000e+00	0.00000e+00
4.97597e+01	2.70027e+02	2.59722e+03	1.02407e+03	1.46892e+00	0.00000e+00	0.00000e+00
5.36665e+01	2.70045e+02	2.59457e+03	1.02587e+03	1.47611e+00	0.00000e+00	0.00000e+00
5.75733e+01	2.70066e+02	2.59193e+03	1.02766e+03	1.48335e+00	0.00000e+00	0.00000e+00
6.14801e+01	2.70091e+02	2.58929e+03	1.02942e+03	1.49063e+00	0.00000e+00	0.00000e+00
6.53869e+01	2.70117e+02	2.58665e+03	1.03117e+03	1.49795e+00	0.00000e+00	0.00000e+00
6.92937e+01	2.70147e+02	2.58402e+03	1.03291e+03	1.50530e+00	0.00000e+00	0.00000e+00
7.32005e+01	2.70180e+02	2.58140e+03	1.03462e+03	1.51268e+00	0.00000e+00	0.00000e+00
7.71073e+01	2.70215e+02	2.57878e+03	1.03632e+03	1.52009e+00	0.00000e+00	0.00000e+00
8.10140e+01	2.70252e+02	2.57617e+03	1.03800e+03	1.52752e+00	0.00000e+00	0.00000e+00
8.49208e+01	2.70292e+02	2.57357e+03	1.03967e+03	1.53496e+00	0.00000e+00	0.00000e+00
8.88276e+01	2.70335e+02	2.57096e+03	1.04132e+03	1.54242e+00	0.00000e+00	0.00000e+00
9.27344e+01	2.70379e+02	2.56837e+03	1.04295e+03	1.54988e+00	0.00000e+00	0.00000e+00
9.66412e+01	2.70426e+02	2.56578e+03	1.04457e+03	1.55735e+00	0.00000e+00	0.00000e+00
1.00548e+02	2.70476e+02	2.56319e+03	1.04618e+03	1.56483e+00	0.00000e+00	0.00000e+00
1.04455e+02	2.70527e+02	2.56061e+03	1.04776e+03	1.57231e+00	0.00000e+00	0.00000e+00
1.08362e+02	2.70581e+02	2.55803e+03	1.04934e+03	1.57980e+00	0.00000e+00	0.00000e+00
1.12268e+02	2.70636e+02	2.55546e+03	1.05089e+03	1.58730e+00	0.00000e+00	0.00000e+00
1.16175e+02	2.70694e+02	2.55290e+03	1.05244e+03	1.59480e+00	0.00000e+00	0.00000e+00
1.20082e+02	2.70753e+02	2.55034e+03	1.05397e+03	1.60232e+00	0.00000e+00	0.00000e+00
1.23989e+02	2.70814e+02	2.54778e+03	1.05548e+03	1.60984e+00	0.00000e+00	0.00000e+00
1.27895e+02	2.70877e+02	2.54523e+03	1.05698e+03	1.61737e+00	0.00000e+00	0.00000e+00
1.31802e+02	2.70942e+02	2.54268e+03	1.05847e+03	1.62490e+00	0.00000e+00	0.00000e+00
1.35709e+02	2.71009e+02	2.54014e+03	1.05994e+03	1.63243e+00	0.00000e+00	0.00000e+00
1.39616e+02	2.71077e+02	2.53760e+03	1.06140e+03	1.63996e+00	0.00000e+00	0.00000e+00
1.43523e+02	2.71146e+02	2.53507e+03	1.06284e+03	1.64749e+00	0.00000e+00	0.00000e+00
1.47429e+02	2.71217e+02	2.53254e+03	1.06428e+03	1.65502e+00	0.00000e+00	0.00000e+00
1.51336e+02	2.71290e+02	2.53002e+03	1.06570e+03	1.66254e+00	0.00000e+00	0.00000e+00
1.55243e+02	2.71364e+02	2.52750e+03	1.06710e+03	1.67005e+00	0.00000e+00	0.00000e+00
1.59150e+02	2.71439e+02	2.52498e+03	1.06850e+03	1.67756e+00	0.00000e+00	0.00000e+00
1.63057e+02	2.71516e+02	2.52247e+03	1.06988e+03	1.68506e+00	0.00000e+00	0.00000e+00
1.66963e+02	2.71594e+02	2.51997e+03	1.07125e+03	1.69255e+00	0.00000e+00	0.00000e+00
1.70870e+02	2.71673e+02	2.51747e+03	1.07261e+03	1.70003e+00	0.00000e+00	0.00000e+00
1.74777e+02	2.71754e+02	2.51497e+03	1.07395e+03	1.70749e+00	0.00000e+00	0.00000e+00
1.78684e+02	2.71836e+02	2.51247e+03	1.07529e+03	1.71494e+00	0.00000e+00	0.00000e+00
1.82590e+02	2.71918e+02	2.50998e+03	1.07661e+03	1.72238e+00	0.00000e+00	0.00000e+00
1.86497e+02	2.72002e+02	2.50750e+03	1.07792e+03	1.72980e+00	0.00000e+00	0.00000e+00
1.90404e+02	2.72087e+02	2.50502e+03	1.07922e+03	1.73718e+00	0.00000e+00	0.00000e+00
1.94311e+02	2.72173e+02	2.50254e+03	1.08051e+03	1.74454e+00	0.00000e+00	0.00000e+00
1.98218e+02	2.72260e+02	2.50007e+03	1.08179e+03	1.75184e+00	0.00000e+00	0.00000e+00
2.02124e+02	2.72348e+02	2.49760e+03	1.08306e+03	1.75908e+00	0.00000e+00	0.00000e+00
2.06031e+02	2.72437e+02	2.49513e+03	1.08431e+03	1.76625e+00	0.00000e+00	0.00000e+00
2.09938e+02	2.72527e+02	2.49267e+03	1.08556e+03	1.77335e+00	0.00000e+00	0.00000e+00
2.13845e+02	2.72618e+02	2.49021e+03	1.08680e+03	1.78040e+00	0.00000e+00	0.00000e+00
2.17752e+02	2.72709e+02	2.48776e+03	1.08803e+03	1.78739e+00	0.00000e+00	0.00000e+00
2.21658e+02	2.72801e+02	2.48531e+03	1.08924e+03	1.79435e+00	0.00000e+00	0.00000e+00
2.25565e+02	2.72894e+02	2.48287e+03	1.09045e+03	1.80128e+00	0.00000e+00	0.00000e+00
2.29472e+02	2.72988e+02	2.48042e+03	1.09165e+03	1.80818e+00	0.00000e+00	0.00000e+00
2.33379e+02	2.73083e+02	2.47798e+03	1.09284e+03	1.81504e+00	0.00000e+00	0.00000e+00
2.37285e+02	2.73178e+02	2.47555e+03	1.09402e+03	1.82187e+00	0.00000e+00	0.00000e+00
2.41192e+02	2.73274e+02	2.47312e+03	1.09520e+03	1.82867e+00	0.00000e+00	0.00000e+00
2.45099e+02	2.73370e+02	2.47069e+03	1.09636e+03	1.83544e+00	0.00000e+00	0.00000e+00
2.49006e+02	2.73467e+02	2.46827e+03	1.09751e+03	1.84219e+00	0.00000e+00	0.00000e+00
2.52913e+02	2.73565e+02	2.46585e+03	1.09866e+03	1.84890e+00	0.00000e+00	0.00000e+00
2.56819e+02	2.73663e+02	2.46343e+03	1.09980e+03	1.85558e+00	0.00000e+00	0.00000e+00
2.60726e+02	2.73762e+02	2.46102e+03	1.10093e+03	1.86223e+00	0.00000e+00	0.00000e+00
2.64633e+02	2.73862e+02	2.45861e+03	1.10205e+03	1.86885e+00	0.00000e+00	0.00000e+00
2.68540e+02	2.73962e+02	2.45620e+03	1.10317e+03	1.87543e+00	0.00000e+00	0.00000e+00
2.72447e+02	2.74062e+02	2.45380e+03	1.10427e+03	1.88199e+00	0.00000e+00	0.00000e+00
2.76353e+02	2.74163e+02	2.45140e+03	1.10537e+03	1.88852e+00	0.00000e+00	0.00000e+00
2.80260e+02	2.74264e+02	2.44901e+03	1.10646e+03	1.89502e+00	0.00000e+00	0.00000e+00
2.84167e+02	2.74366e+02	2.44661e+03	1.10755e+03	1.90148e+00	0.00000e+00	0.00000e+00
2.88074e+02	2.74468e+02	2.44423e+03	1.10862e+03	1.90792e+00	0.00000e+00	0.00000e+00
2.91980e+02	2.74571e+02	2.44184e+03	1.10969e+03	1.91432e+00	0.00000e+00	0.00000e+00
2.95887e+02	2.74674e+02	2.43946e+03	1.11076e+03	1.92068e+00	0.00000e+00	0.00000e+00
2.99794e+02	2.74778e+02	2.43708e+03	1.11181e+03	1.92700e+00	0.00000e+00	0.00000e+00
3.03701e+02	2.74882e+02	2.43470e+03	1.11286e+03	1.93328e+00	0.00000e+00	0.00000e+00
3.07608e+02	2.74986e+02	2.43233e+03	1.11390e+03	1.93952e+00	0.00000e+00	0.00000e+00
3.11514e+02	2.75091e+02	2.42996e+03	1.11494e+03	1.94571e+00	0.00000e+00	0.00000e+00
3.15421e+02	2.75196e+02	2.42760e+03	1.11596e+03	1.95187e+00	0.00000e+00	0.00000e+00
3.19328e+02	2.75301e+02	2.42524e+03	1.11699e+03	1.95798e+00	0.00000e+00	0.00000e+00
3.23235e+02	2.75407e+02	2.42288e+03	1.11800e+03	1.96406e+00	0.00000e+00	0.00000e+00
3.27142e+02	2.75513e+02	2.42052e+03	1.11901e+03	1.97010e+00	0.00000e+00	0.00000e+00
3.31048e+02	2.75619e+02	2.41817e+03	1.12001e+03	1.97610e+00	0.00000e+00	0.00000e+00
3.34955e+02	2.75726e+02	2.41582e+03	1.12101e+03	1.98207e+00	0.00000e+00	0.00000e+00
3.38862e+02	2.75833e+02	2.41347e+03	1.12200e+03	1.98801e+00	0.00000e+00	0.00000e+00
3.42769e+02	2.75940e+02	2.41113e+03	1.12299e+03	1.99391e+00	0.00000e+00	0.00000e+00
3.46676e+02	2.76048e+02	2.40879e+03	1.12397e+03	1.99977e+00	0.00000e+00	0.00000e+00
3.50582e+02	2.76155e+02	2.40645e+03	1.12494e+03	2.00560e+00	0.00000e+00	0.00000e+00
3.54489e+02	2.76263e+02	2.40412e+03	1.12591e+03	2.01140e+00	0.00000e+00	0.00000e+00
3.58396e+02	2.76372e+02	2.40179e+03	1.12687e+03	2.01716e+00	0.00000e+00	0.00000e+00
3.62303e+02	2.76480e+02	2.39946e+03	1.12783e+03	2.02289e+00	0.00000e+00	0.00000e+00
3.66209e+02	2.76589e+02	2.39713e+03	1.12878e+03	2.02859e+00	0.00000e+00	0.00000e+00
3.70116e+02	2.76698e+02	2.39481e+03	1.12973e+03	2.03426e+00	0.00000e+00	0.00000e+00
3.74023e+02	2.76807e+02	2.39249e+03	1.13067e+03	2.03990e+00	0.00000e+00	0.00000e+00
3.77930e+02	2.76916e+02	2.39018e+03	1.13160e+03	2.04551e+00	0.00000e+00	0.00000e+00
3.81837e+02	2.77026e+02	2.38786e+03	1.13253e+03	2.05109e+00	0.00000e+00	0.00000e+00
3.85743e+02	2.77135e+02	2.38555e+03	1.13346e+03	2.05664e+00	0.00000e+00	0.00000e+00
3.89650e+02	2.77245e+02	2.38325e+03	1.13438e+03	2.06217e+00	0.00000e+00	0.00000e+00
3.93557e+02	2.77356e+02	2.38094e+03	1.13530e+03	2.06768e+00	0.00000e+00	0.00000e+00
3.97464e+02	2.77466e+02	2.37864e+03	1.13621e+03	2.07317e+00	0.00000e+00	0.00000e+00
4.01371e+02	2.77576e+02	2.37634e+03	1.13711e+03	2.07863e+00	0.00000e+00	0.00000e+00
4.05277e+02	2.77687e+02	2.37405e+03	1.13801e+03	2.08408e+00	0.00000e+00	0.00000e+00
4.09184e+02	2.77798e+02	2.37176e+03	1.13891e+03	2.08951e+00	0.00000e+00	0.00000e+00
4.13091e+02	2.77909e+02	2.36947e+03	1.13980e+03	2.09493e+00	0.00000e+00	0.00000e+00
4.16998e+02	2.78020e+02	2.36718e+03	1.14069e+03	2.10033e+00	0.00000e+00	0.00000e+00
4.20904e+02	2.78131e+02	2.36490e+03	1.14157e+03	2.10572e+00	0.00000e+00	0.00000e+00
4.24811e+02	2.78243e+02	2.36261e+03	1.14245e+03	2.11109e+00	0.00000e+00	0.00000e+00
4.28718e+02	2.78355e+02	2.36034e+03	1.14332e+03	2.11646e+00	0.00000e+00	0.00000e+00
4.32625e+02	2.78467e+02	2.35806e+03	1.14419e+03	2.12180e+00	0.00000e+00	0.00000e+00
4.36532e+02	2.78579e+02	2.35579e+03	1.14506e+03	2.12714e+00	0.00000e+00	0.00000e+00
4.40438e+02	2.78691e+02	2.35352e+03	1.14592e+03	2.13246e+00	0.00000e+00	0.00000e+00
4.44345e+02	2.78803e+02	2.35125e+03	1.14678e+03	2.13776e+00	0.00000e+00	0.00000e+00
4.48252e+02	2.78915e+02	2.34899e+03	1.14763e+03	2.14306e+00	0.00000e+00	0.00000e+00
4.52159e+02	2.79028e+02	2.34673e+03	1.14848e+03	2.14834e+00	0.00000e+00	0.00000e+00
4.56066e+02	2.79141e+02	2.34447e+03	1.14932e+03	2.15361e+00	0.00000e+00	0.00000e+00
4.59972e+02	2.79253e+02	2.34221e+03	1.15016e+03	2.15886e+00	0.00000e+00	0.00000e+00
4.63879e+02	2.79366e+02	2.33996e+03	1.15100e+03	2.16410e+00	0.00000e+00	0.00000e+00
4.67786e+02	2.79480e+02	2.33771e+03	1.15183e+03	2.16932e+00	0.00000e+00	0.00000e+00
4.71693e+02	2.79593e+02	2.33546e+03	1.15266e+03	2.17453e+00	0.00000e+00	0.00000e+00
4.75599e+02	2.79706e+02	2.33321e+03	1.15348e+03	2.17973e+00	0.00000e+00	0.00000e+00
4.79506e+02	2.79820e+02	2.33097e+03	1.15430e+03	2.18490e+00	0.00000e+00	0.00000e+00
4.83413e+02	2.79933e+02	2.32873e+03	1.15511e+03	2.19006e+00	0.00000e+00	0.00000e+00
4.87320e+02	2.80047e+02	2.32649e+03	1.15593e+03	2.19520e+00	0.00000e+00	0.00000e+00
4.91227e+02	2.80161e+02	2.32426e+03	1.15674e+03	2.20031e+00	0.00000e+00	0.00000e+00
4.95133e+02	2.80275e+02	2.32203e+03	1.15754e+03	2.20540e+00	0.00000e+00	0.00000e+00
4.99040e+02	2.80389e+02	2.31980e+03	1.15834e+03	2.21046e+00	0.00000e+00	0.00000e+00
5.02947e+02	2.80503e+02	2.31757e+03	1.15914e+03	2.21548e+00	0.00000e+00	0.00000e+00
5.06854e+02	2.80617e+02	2.31535e+03	1.15993e+03	2.22047e+00	0.00000e+00	0.00000e+00
5.10761e+02	2.80732e+02	2.31313e+03	1.16072e+03	2.22544e+00	0.00000e+00	0.00000e+00
5.14667e+02	2.80846e+02	2.31091e+03	1.16151e+03	2.23037e+00	0.00000e+00	0.00000e+00
5.18574e+02	2.80961e+02	2.30869e+03	1.16229e+03	2.23527e+00	0.00000e+00	0.00000e+00
5.22481e+02	2.81075e+02	2.30648e+03	1.16307e+03	2.24015e+00	0.00000e+00	0.00000e+00
5.26388e+02	2.81190e+02	2.30427e+03	1.16385e+03	2.24501e+00	0.00000e+00	0.00000e+00
5.30294e+02	2.81305e+02	2.30206e+03	1.16462e+03	2.24986e+00	0.00000e+00	0.00000e+00
5.34201e+02	2.81420e+02	2.29985e+03	1.16539e+03	2.25468e+00	0.00000e+00	0.00000e+00
5.38108e+02	2.81535e+02	2.29765e+03	1.16616e+03	2.25950e+00	0.00000e+00	0.00000e+00
5.42015e+02	2.81650e+02	2.29545e+03	1.16692e+03	2.26430e+00	0.00000e+00	0.00000e+00
5.45922e+02	2.81765e+02	2.29325e+03	1.16768e+03	2.26909e+00	0.00000e+00	0.00000e+00
5.49828e+02	2.81880e+02	2.29105e+03	1.16844e+03	2.27386e+00	0.00000e+00	0.00000e+00
5.53735e+02	2.81996e+02	2.28886e+03	1.16919e+03	2.27863e+00	0.00000e+00	0.00000e+00
5.57642e+02	2.82111e+02	2.28667e+03	1.16994e+03	2.28338e+00	0.00000e+00	0.00000e+00
5.61549e+02	2.82226e+02	2.28448e+03	1.17069e+03	2.28812e+00	0.00000e+00	0.00000e+00
5.65456e+02	2.82342e+02	2.28229e+03	1.17143e+03	2.29285e+00	0.00000e+00	0.00000e+00
5.69362e+02	2.82457e+02	2.28011e+03	1.17217e+03	2.29757e+00	0.00000e+00	0.00000e+00
5.73269e+02	2.82573e+02	2.27793e+03	1.17291e+03	2.30227e+00	0.00000e+00	0.00000e+00
5.77176e+02	2.82689e+02	2.27575e+03	1.17365e+03	2.30696e+00	0.00000e+00	0.00000e+00
5.81083e+02	2.82804e+02	2.27358e+03	1.17438e+03	2.31163e+00	0.00000e+00	0.00000e+00
5.84989e+02	2.82920e+02	2.27140e+03	1.17511e+03	2.31629e+00	0.00000e+00	0.00000e+00
5.88896e+02	2.83036e+02	2.26923e+03	1.17584e+03	2.32093e+00	0.00000e+00	0.00000e+00
5.92803e+02	2.83152e+02	2.26706e+03	1.17656e+03	2.32555e+00	0.00000e+00	0.00000e+00
5.96710e+02	2.83267e+02	2.26490e+03	1.17728e+03	2.33016e+00	0.00000e+00	0.00000e+00
6.00617e+02	2.83383e+02	2.26273e+03	1.17800e+03	2.33474e+00	0.00000e+00	0.00000e+00
6.04523e+02	2.83499e+02	2.26057e+03	1.17871e+03	2.33930e+00	0.00000e+00	0.00000e+00
6.08430e+02	2.83615e+02	2.25841e+03	1.17943e+03	2.34384e+00	0.00000e+00	0.00000e+00
6.12337e+02	2.83731e+02	2.25626e+03	1.18014e+03	2.34837e+00	0.00000e+00	0.00000e+00
6.16244e+02	2.83847e+02	2.25410e+03	1.18084e+03	2.35287e+00	0.00000e+00	0.00000e+00
6.20151e+02	2.83963e+02	2.25195e+03	1.18155e+03	2.35735e+00	0.00000e+00	0.00000e+00
6.24057e+02	2.84079e+02	2.24980e+03	1.18225e+03	2.36182e+00	0.00000e+00	0.00000e+00
6.27964e+02	2.84195e+02	2.24766e+03	1.18295e+03	2.36627e+00	0.00000e+00	0.00000e+00
6.31871e+02	2.84311e+02	2.24551e+03	1.18364e+03	2.37071e+00	0.00000e+00	0.00000e+00
6.35778e+02	2.84427e+02	2.24337e+03	1.18434e+03	2.37514e+00	0.00000e+00	0.00000e+00
6.39684e+02	2.84543e+02	2.24123e+03	1.18503e+03	2.37955e+00	0.00000e+00	0.00000e+00
6.43591e+02	2.84659e+02	2.23909e+03	1.18572e+03	2.38395e+00	0.00000e+00	0.00000e+00
6.47498e+02	2.84775e+02	2.23696e+03	1.18640e+03	2.38833e+00	0.00000e+00	0.00000e+00
6.51405e+02	2.84891e+02	2.23483e+03	1.18709e+03	2.39270e+00	0.00000e+00	0.00000e+00
6.55312e+02	2.85007e+02	2.23270e+03	1.18777e+03	2.39705e+00	0.00000e+00	0.00000e+00
6.59218e+02	2.85123e+02	2.23057e+03	1.18845e+03	2.40139e+00	0.00000e+00	0.00000e+00
6.63125e+02	2.85239e+02	2.22844e+03	1.18912e+03	2.40571e+00	0.00000e+00	0.00000e+00
6.67032e+02	2.85356e+02	2.22632e+03	1.18980e+03	2.41002e+00	0.00000e+00	0.00000e+00
6.70939e+02	2.85472e+02	2.22420e+03	1.19047e+03	2.41431e+00	0.00000e+00	0.00000e+00
6.74846e+02	2.85588e+02	2.22208e+03	1.19114e+03	2.41860e+00	0.00000e+00	0.00000e+00
6.78752e+02	2.85704e+02	2.21996e+03	1.19180e+03	2.42288e+00	0.00000e+00	0.00000e+00
6.82659e+02	2.85820e+02	2.21785e+03	1.19247e+03	2.42714e+00	0.00000e+00	0.00000e+00
6.86566e+02	2.85936e+02	2.21574e+03	1.19313e+03	2.43141e+00	0.00000e+00	0.00000e+00
6.90473e+02	2.86053e+02	2.21363e+03	1.19379e+03	2.43568e+00	0.00000e+00	0.00000e+00
6.94379e+02	2.86169e+02	2.21152e+03	1.19445e+03	2.43995e+00	0.00000e+00	0.00000e+00
6.98286e+02	2.86285e+02	2.20942e+03	1.19510e+03	2.44422e+00	0.00000e+00	0.00000e+00
7.02193e+02	2.86401e+02	2.20732e+03	1.19576e+03	2.44850e+00	0.00000e+00	0.00000e+00
7.06100e+02	2.86517e+02	2.20522e+03	1.19641e+03	2.45278e+00	0.00000e+00	0.00000e+00
7.10007e+02	2.86633e+02	2.20312e+03	1.19706e+03	2.45706e+00	0.00000e+00	0.00000e+00
7.13913e+02	2.86749e+02	2.20102e+03	1.19770e+03	2.46133e+00	0.00000e+00	0.00000e+00
7.17820e+02	2.86866e+02	2.19893e+03	1.19835e+03	2.46559e+00	0.00000e+00	0.00000e+00
7.21727e+02	2.86982e+02	2.19684e+03	1.19899e+03	2.46985e+00	0.00000e+00	0.00000e+00
7.25634e+02	2.87098e+02	2.19475e+03	1.19963e+03	2.47410e+00	0.00000e+00	0.00000e+00
7.29541e+02	2.87214e+02	2.19266e+03	1.20027e+03	2.47835e+00	0.00000e+00	0.00000e+00
7.33447e+02	2.87330e+02	2.19058e+03	1.20090e+03	2.48259e+00	0.00000e+00	0.00000e+00
7.37354e+02	2.87446e+02	2.18850e+03	1.20153e+03	2.48682e+00	0.00000e+00	0.00000e+00
7.41261e+02	2.87562e+02	2.18642e+03	1.20216e+03	2.49104e+00	0.00000e+00	0.00000e+00
7.45168e+02	2.87678e+02	2.18434e+03	1.20279e+03	2.49526e+00	0.00000e+00	0.00000e+00
7.49074e+02	2.87794e+02	2.18227e+03	1.20342e+03	2.49947e+00	0.00000e+00	0.00000e+00
7.52981e+02	2.87910e+02	2.18019e+03	1.20404e+03	2.50367e+00	0.00000e+00	0.00000e+00
7.56888e+02	2.88026e+02	2.17812e+03	1.20467e+03	2.50787e+00	0.00000e+00	0.00000e+00
7.60795e+02	2.88142e+02	2.17606e+03	1.20529e+03	2.51206e+00	0.00000e+00	0.00000e+00
7.64702e+02	2.88257e+02	2.17399e+03	1.20591e+03	2.51625e+00	0.00000e+00	0.00000e+00
7.68608e+02	2.88373e+02	2.17193e+03	1.20652e+03	2.52043e+00	0.00000e+00	0.00000e+00
7.72515e+02	2.88489e+02	2.16986e+03	1.20714e+03	2.52461e+00	0.00000e+00	0.00000e+00
7.76422e+02	2.88605e+02	2.16781e+03	1.20775e+03	2.52879e+00	0.00000e+00	0.00000e+00
7.80329e+02	2.88720e+02	2.16575e+03	1.20836e+03	2.53296e+00	0.00000e+00	0.00000e+00
7.84236e+02	2.88836e+02	2.16369e+03	1.20897e+03	2.53713e+00	0.00000e+00	0.00000e+00
7.88142e+02	2.88952e+02	2.16164e+03	1.20957e+03	2.54129e+00	0.00000e+00	0.00000e+00
7.92049e+02	2.89067e+02	2.15959e+03	1.21018e+03	2.54546e+00	0.00000e+00	0.00000e+00
7.95956e+02	2.89183e+02	2.15754e+03	1.21078e+03	2.54962e+00	0.00000e+00	0.00000e+00
7.99863e+02	2.89298e+02	2.15550e+03	1.21138e+03	2.55377e+00	0.00000e+00	0.00000e+00
8.03769e+02	2.89413e+02	2.15345e+03	1.21198e+03	2.55793e+00	0.00000e+00	0.00000e+00
8.07676e+02	2.89529e+02	2.15141e+03	1.21258e+03	2.56208e+00	0.00000e+00	0.00000e+00
8.11583e+02	2.89644e+02	2.14937e+03	1.21317e+03	2.56623e+00	0.00000e+00	0.00000e+00
8.15490e+02	2.89759e+02	2.14733e+03	1.21376e+03	2.57037e+00	0.00000e+00	0.00000e+00
8.19397e+02	2.89874e+02	2.14530e+03	1.21435e+03	2.57451e+00	0.00000e+00	0.00000e+00
8.23303e+02	2.89989e+02	2.14326e+03	1.21494e+03	2.57865e+00	0.00000e+00	0.00000e+00
8.27210e+02	2.90104e+02	2.14123e+03	1.21553e+03	2.58279e+00	0.00000e+00	0.00000e+00
8.31117e+02	2.90219e+02	2.13921e+03	1.21612e+03	2.58692e+00	0.00000e+00	0.00000e+00
8.35024e+02	2.90334e+02	2.13718e+03	1.21670e+03	2.59106e+00	0.00000e+00	0.00000e+00
8.38931e+02	2.90449e+02	2.13515e+03	1.21728e+03	2.59518e+00	0.00000e+00	0.00000e+00
8.42837e+02	2.90564e+02	2.13313e+03	1.21786e+03	2.59931e+00	0.00000e+00	0.00000e+00
8.46744e+02	2.90678e+02	2.13111e+03	1.21844e+03	2.60343e+00	0.00000e+00	0.00000e+00
8.50651e+02	2.90793e+02	2.12909e+03	1.21901e+03	2.60755e+00	0.00000e+00	0.00000e+00
8.54558e+02	2.90907e+02	2.12708e+03	1.21959e+03	2.61167e+00	0.00000e+00	0.00000e+00
8.58465e+02	2.91022e+02	2.12507e+03	1.22016e+03	2.61578e+00	0.00000e+00	0.00000e+00
8.62371e+02	2.91136e+02	2.12305e+03	1.22073e+03	2.61989e+00	0.00000e+00	0.00000e+00
8.66278e+02	2.91250e+02	2.12104e+03	1.22130e+03	2.62400e+00	0.00000e+00	0.00000e+00
8.70185e+02	2.91364e+02	2.11904e+03	1.22187e+03	2.62810e+00	0.00000e+00	0.00000e+00
8.74092e+02	2.91479e+02	2.11703e+03	1.22243e+03	2.63220e+00	0.00000e+00	0.00000e+00
8.77998e+02	2.91593e+02	2.11503e+03	1.22300e+03	2.63630e+00	0.00000e+00	0.00000e+00
8.81905e+02	2.91706e+02	2.11303e+03	1.22356e+03	2.64040e+00	0.00000e+00	0.00000e+00
8.85812e+02	2.91820e+02	2.11103e+03	1.22412e+03	2.64449e+00	0.00000e+00	0.00000e+00
8.89719e+02	2.91934e+02	2.10903e+03	1.22468e+03	2.64858e+00	0.00000e+00	0.00000e+00
8.93626e+02	2.92048e+02	2.10704e+03	1.22524e+03	2.65266e+00	0.00000e+00	0.00000e+00
8.97532e+02	2.92161e+02	2.10505e+03	1.22579e+03	2.65674e+00	0.00000e+00	0.00000e+00
9.01439e+02	2.92275e+02	2.10306e+03	1.22635e+03	2.66082e+00	0.00000e+00	0.00000e+00
9.05346e+02	2.92388e+02	2.10107e+03	1.22690e+03	2.66489e+00	0.00000e+00	0.00000e+00
9.09253e+02	2.92501e+02	2.09908e+03	1.22745e+03	2.66896e+00	0.00000e+00	0.00000e+00
9.13160e+02	2.92615e+02	2.09710e+03	1.22800e+03	2.67303e+00	0.00000e+00	0.00000e+00
9.17066e+02	2.92671e+02	2.09528e+03	1.33671e+03	4.63323e+00	2.40805e+00	1.03937e+02
9.20973e+02	2.92891e+02	2.09346e+03	1.33675e+03	4.63572e+00	2.40984e+00	1.03531e+02
9.24880e+02	2.93111e+02	2.09164e+03	1.33678e+03	4.63821e+00	2.41162e+00	1.03126e+02
9.28787e+02	2.93331e+02	2.08982e+03	1.33682e+03	4.64070e+00	2.41341e+00	1.02724e+02
9.32693e+02	2.93551e+02	2.08800e+03	1.33686e+03	4.64318e+00	2.41519e+00	1.02324e+02
9.36600e+02	2.93770e+02	2.08619e+03	1.33689e+03	4.64567e+00	2.41697e+00	1.01926e+02
9.40507e+02	2.93985e+02	2.08437e+03	1.33693e+03	4.64815e+00	2.41875e+00	1.01539e+02
9.44414e+02	2.94199e+02	2.08256e+03	1.33696e+03	4.65064e+00	2.42053e+00	1.01155e+02
9.48321e+02	2.94414e+02	2.08074e+03	1.33700e+03	4.65312e+00	2.42231e+00	1.00773e+02
9.52227e+02	2.94628e+02	2.07893e+03	1.33704e+03	4.65560e+00	2.42408e+00	1.00393e+02
9.56134e+02	2.94843e+02	2.07712e+03	1.33707e+03	4.65807e+00	2.42586e+00	1.00014e+02
9.60041e+02	2.95058e+02	2.07530e+03	1.33711e+03	4.66055e+00	2.42763e+00	9.96381e+01
9.63948e+02	2.95270e+02	2.07349e+03	1.33715e+03	4.66302e+00	2.42940e+00	9.92679e+01
9.67855e+02	2.95479e+02	2.07169e+03	1.33718e+03	4.66550e+00	2.43117e+00	9.89038e+01
9.71761e+02	2.95689e+02	2.06988e+03	1.33722e+03	4.66797e+00	2.43294e+00	9.85416e+01
9.75668e+02	2.95899e+02	2.06807e+03	1.33726e+03	4.67044e+00	2.43471e+00	9.81813e+01
9.79575e+02	2.96108e+02	2.06626e+03	1.33729e+03	4.67291e+00	2.43648e+00	9.78227e+01
9.83482e+02	2.96318e+02	2.06446e+03	1.33733e+03	4.67538e+00	2.43824e+00	9.74660e+01
9.87388e+02	2.96528e+02	2.06265e+03	1.33737e+03	4.67784e+00	2.44000e+00	9.71112e+01
9.91295e+02	2.96733e+02	2.06085e+03	1.33740e+03	4.68031e+00	2.44177e+00	9.67655e+01
9.95202e+02	2.96938e+02	2.05905e+03	1.33744e+03	4.68277e+00	2.44353e+00	9.64214e+01
9.99109e+02	2.97143e+02	2.05724e+03	1.33748e+03	4.68523e+00	2.44528e+00	9.60791e+01
1.00302e+03	2.97349e+02	2.05544e+03	1.33751e+03	4.68769e+00	2.44704e+00	9.57385e+01
1.00692e+03	2.97554e+02	2.05364e+03	1.33755e+03	4.69015e+00	2.44880e+00	9.53995e+01
1.01083e+03	2.97759e+02	2.05184e+03	1.33759e+03	4.69261e+00	2.45055e+00	9.50622e+01
1.01474e+03	2.97962e+02	2.05005e+03	1.33762e+03	4.69506e+00	2.45231e+00	9.47300e+01
1.01864e+03	2.98164e+02	2.04825e+03	1.33766e+03	4.69752e+00	2.45406e+00	9.44024e+01
1.02255e+03	2.98365e+02	2.04645e+03	1.33770e+03	4.69997e+00	2.45581e+00	9.40765e+01
1.02646e+03	2.98566e+02	2.04466e+03	1.33773e+03	4.70242e+00	2.45756e+00	9.37521e+01
1.03036e+03	2.98767e+02	2.04286e+03	1.33777e+03	4.70487e+00	2.45931e+00	9.34292e+01
1.03427e+03	2.98969e+02	2.04107e+03	1.33781e+03	4.70732e+00	2.46105e+00	9.31079e+01
1.03818e+03	2.99170e+02	2.03928e+03	1.33784e+03	4.70976e+00	2.46280e+00	9.27884e+01
1.04208e+03	2.99368e+02	2.03749e+03	1.33788e+03	4.71221e+00	2.46454e+00	9.24759e+01
1.04599e+03	2.99565e+02	2.03570e+03	1.33792e+03	4.71465e+00	2.46629e+00	9.21648e+01
1.04990e+03	2.99763e+02	2.03391e+03	1.33796e+03	4.71710e+00	2.46803e+00	9.18551e+01
1.05380e+03	2.99961e+02	2.03212e+03	1.33799e+03	4.71954e+00	2.46977e+00	9.15469e+01
1.05771e+03	3.00158e+02	2.03033e+03	1.33803e+03	4.72198e+00	2.47150e+00	9.12402e+01
1.06162e+03	3.00356e+02	2.02855e+03	1.33807e+03	4.72441e+00	2.47324e+00	9.09348e+01
1.06552e+03	3.00552e+02	2.02676e+03	1.33810e+03	4.72685e+00	2.47498e+00	9.06338e+01
1.06943e+03	3.00746e+02	2.02498e+03	1.33814e+03	4.72929e+00	2.47671e+00	9.03362e+01
1.07334e+03	3.00941e+02	2.02320e+03	1.33818e+03	4.73172e+00	2.47845e+00	9.00400e+01
1.07724e+03	3.01135e+02	2.02141e+03	1.33821e+03	4.73415e+00	2.48018e+00	8.97451e+01
1.08115e+03	3.01329e+02	2.01963e+03	1.33825e+03	4.73658e+00	2.48191e+00	8.94516e+01
1.08506e+03	3.01524e+02	2.01785e+03	1.33829e+03	4.73901e+00	2.48364e+00	8.91595e+01
1.08896e+03	3.01718e+02	2.01607e+03	1.33833e+03	4.74144e+00	2.48537e+00	8.88690e+01
1.09287e+03	3.01910e+02	2.01429e+03	1.33836e+03	4.74387e+00	2.48709e+00	8.85838e+01
1.09678e+03	3.02101e+02	2.01252e+03	1.33840e+03	4.74629e+00	2.48882e+00	8.82998e+01
1.10069e+03	3.02293e+02	2.01074e+03	1.33844e+03	4.74872e+00	2.49054e+00	8.80172e+01
1.10459e+03	3.02484e+02	2.00897e+03	1.33848e+03	4.75114e+00	2.49226e+00	8.77357e+01
1.10850e+03	3.02676e+02	2.00719e+03	1.33851e+03	4.75356e+00	2.49399e+00	8.74556e+01
1.11241e+03	3.02867e+02	2.00542e+03	1.33855e+03	4.75598e+00	2.49571e+00	8.71767e+01
1.11631e+03	3.03057e+02	2.00365e+03	1.33859e+03	4.75840e+00	2.49742e+00	8.69013e+01
1.12022e+03	3.03246e+02	2.00188e+03	1.33862e+03	4.76082e+00	2.49914e+00	8.66285e+01
1.12413e+03	3.03435e+02	2.00011e+03	1.33866e+03	4.76323e+00	2.50086e+00	8.63569e+01
1.12803e+03	3.03624e+02	1.99834e+03	1.33870e+03	4.76565e+00	2.50257e+00	8.60866e+01
1.13194e+03	3.03813e+02	1.99657e+03	1.33874e+03	4.76806e+00	2.50429e+00	8.58174e+01
1.13585e+03	3.04002e+02	1.99480e+03	1.33877e+03	4.77047e+00	2.50600e+00	8.55494e+01
1.13975e+03	3.04191e+02	1.99304e+03	1.33881e+03	4.77288e+00	2.50771e+00	8.52829e+01
1.14366e+03	3.04378e+02	1.99127e+03	1.33885e+03	4.77529e+00	2.50942e+00	8.50204e+01
1.14757e+03	3.04564e+02	1.98951e+03	1.33889e+03	4.77770e+00	2.51113e+00	8.47590e+01
1.15147e+03	3.04751e+02	1.98775e+03	1.33892e+03	4.78011e+00	2.51284e+00	8.44987e+01
1.15538e+03	3.04938e+02	1.98599e+03	1.33896e+03	4.78251e+00	2.51454e+00	8.42396e+01
1.15929e+03	3.05124e+02	1.98423e+03	1.33900e+03	4.78491e+00	2.51625e+00	8.39815e+01
1.16319e+03	3.05311e+02	1.98247e+03	1.33903e+03	4.78732e+00	2.51795e+00	8.37246e+01
1.16710e+03	3.05497e+02	1.98071e+03	1.33907e+03	4.78972e+00	2.51965e+00	8.34705e+01
1.17101e+03	3.05681e+02	1.97895e+03	1.33911e+03	4.79212e+00	2.52135e+00	8.32184e+01
1.17491e+03	3.05866e+02	1.97720e+03	1.33915e+03	4.79451e+00	2.52305e+00	8.29674e+01
1.17882e+03	3.06051e+02	1.97544e+03	1.33918e+03	4.79691e+00	2.52475e+00	8.27174e+01
1.18273e+03	3.06236e+02	1.97369e+03	1.33922e+03	4.79931e+00	2.52645e+00	8.24685e+01
1.18663e+03	3.06420e+02	1.97194e+03	1.33926e+03	4.80170e+00	2.52815e+00	8.22206e+01
1.19054e+03	3.06605e+02	1.97018e+03	1.33930e+03	4.80409e+00	2.52984e+00	8.19742e+01
1.19445e+03	3.06788e+02	1.96843e+03	1.33933e+03	4.80649e+00	2.53153e+00	8.17307e+01
1.19835e+03	3.06971e+02	1.96669e+03	1.33937e+03	4.80888e+00	2.53323e+00	8.14881e+01
1.20226e+03	3.07154e+02	1.96494e+03	1.33941e+03	4.81126e+00	2.53492e+00	8.12466e+01
1.20617e+03	3.07337e+02	1.96319e+03	1.33945e+03	4.81365e+00	2.53661e+00	8.10060e+01
1.21008e+03	3.07520e+02	1.96144e+03	1.33948e+03	4.81604e+00	2.53830e+00	8.07665e+01
1.21398e+03	3.07703e+02	1.95970e+03	1.33952e+03	4.81842e+00	2.53998e+00	8.05280e+01
1.21789e+03	3.07885e+02	1.95795e+03	1.33956e+03	4.82081e+00	2.54167e+00	8.02917e+01
1.22180e+03	3.08067e+02	1.95621e+03	1.33960e+03	4.82319e+00	2.54336e+00	8.00569e+01
1.22570e+03	3.08249e+02	1.95447e+03	1.33963e+03	4.82557e+00	2.54504e+00	7.98231e+01
1.22961e+03	3.08430e+02	1.95273e+03	1.33967e+03	4.82795e+00	2.54672e+00	7.95903e+01
1.23352e+03	3.08612e+02	1.95099e+03	1.33971e+03	4.83033e+00	2.54840e+00	7.93584e+01
1.23742e+03	3.08794e+02	1.94925e+03	1.33974e+03	4.83270e+00	2.55008e+00	7.91275e+01
1.24133e+03	3.08975e+02	1.94752e+03	1.33978e+03	4.83508e+00	2.55176e+00	7.88978e+01
1.24524e+03	3.09156e+02	1.94578e+03	1.33982e+03	4.83745e+00	2.55344e+00	7.86702e+01
1.24914e+03	3.09336e+02	1.94404e+03	1.33986e+03	4.83983e+00	2.55512e+00	7.84435e+01
1.25305e+03	3.09517e+02	1.94231e+03	1.33989e+03	4.84220e+00	2.55679e+00	7.82178e+01
1.25696e+03	3.09697e+02	1.94058e+03	1.33993e+03	4.84457e+00	2.55847e+00	7.79929e+01
1.26086e+03	3.09878e+02	1.93885e+03	1.33997e+03	4.84694e+00	2.56014e+00	7.77690e+01
1.26477e+03	3.10058e+02	1.93712e+03	1.34001e+03	4.84931e+00	2.56181e+00	7.75459e+01
1.26868e+03	3.10238e+02	1.93539e+03	1.34004e+03	4.85167e+00	2.56348e+00	7.73246e+01
1.27258e+03	3.10417e+02	1.93366e+03	1.34008e+03	4.85404e+00	2.56515e+00	7.71045e+01
1.27649e+03	3.10597e+02	1.93193e+03	1.34012e+03	4.85640e+00	2.56682e+00	7.68853e+01
1.28040e+03	3.10777e+02	1.93021e+03	1.34016e+03	4.85877e+00	2.56849e+00	7.66669e+01
1.28430e+03	3.10956e+02	1.92848e+03	1.34019e+03	4.86113e+00	2.57016e+00	7.64494e+01
1.28821e+03	3.11136e+02	1.92676e+03	1.34023e+03	4.86349e+00	2.57182e+00	7.62328e+01
1.29212e+03	3.11315e+02	1.92504e+03	1.34027e+03	4.86585e+00	2.57348e+00	7.60172e+01
1.29602e+03	3.11494e+02	1.92331e+03	1.34030e+03	4.86821e+00	2.57515e+00	7.58031e+01
1.29993e+03	3.11673e+02	1.92159e+03	1.34034e+03	4.87056e+00	2.57681e+00	7.55899e+01
1.30384e+03	3.11852e+02	1.91988e+03	1.34038e+03	4.87292e+00	2.57847e+00	7.53775e+01
1.30774e+03	3.12031e+02	1.91816e+03	1.34042e+03	4.87527e+00	2.58013e+00	7.51660e+01
1.31165e+03	3.12210e+02	1.91644e+03	1.34045e+03	4.87763e+00	2.58179e+00	7.49552e+01
1.31556e+03	3.12389e+02	1.91473e+03	1.34049e+03	4.87998e+00	2.58344e+00	7.47454e+01
1.31947e+03	3.12567e+02	1.91301e+03	1.34053e+03	4.88233e+00	2.58510e+00	7.45367e+01
1.32337e+03	3.12745e+02	1.91130e+03	1.34056e+03	4.88468e+00	2.58675e+00	7.43290e+01
1.32728e+03	3.12924e+02	1.90959e+03	1.34060e+03	4.88703e+00	2.58841e+00	7.41222e+01
1.33119e+03	3.13102e+02	1.90788e+03	1.34064e+03	4.88937e+00	2.59006e+00	7.39161e+01
1.33509e+03	3.13281e+02	1.90617e+03	1.34068e+03	4.89172e+00	2.59171e+00	7.37108e+01
1.33900e+03	3.13459e+02	1.90446e+03	1.34071e+03	4.89406e+00	2.59336e+00	7.35064e+01
1.34291e+03	3.13637e+02	1.90275e+03	1.34075e+03	4.89641e+00	2.59501e+00	7.33028e+01
1.34681e+03	3.13816e+02	1.90105e+03	1.34079e+03	4.89875e+00	2.59666e+00	7.31002e+01
1.35072e+03	3.13994e+02	1.89934e+03	1.34082e+03	4.90109e+00	2.59830e+00	7.28985e+01
1.35463e+03	3.14172e+02	1.89764e+03	1.34086e+03	4.90343e+00	2.59995e+00	7.26975e+01
1.35853e+03	3.14350e+02	1.89594e+03	1.34090e+03	4.90577e+00	2.60160e+00	7.24973e+01
1.36244e+03	3.14528e+02	1.89423e+03	1.34094e+03	4.90810e+00	2.60324e+00	7.22978e+01
1.36635e+03	3.14706e+02	1.89254e+03	1.34097e+03	4.91044e+00	2.60488e+00	7.20992e+01
1.37025e+03	3.14885e+02	1.89084e+03	1.34101e+03	4.91277e+00	2.60652e+00	7.19013e+01
1.37416e+03	3.15063e+02	1.88914e+03	1.34105e+03	4.91511e+00	2.60816e+00	7.17043e+01
1.37807e+03	3.15241e+02	1.88744e+03	1.34108e+03	4.91744e+00	2.60980e+00	7.15080e+01
1.38197e+03	3.15419e+02	1.88575e+03	1.34112e+03	4.91977e+00	2.61144e+00	7.13124e+01
1.38588e+03	3.15597e+02	1.88405e+03	1.34116e+03	4.92210e+00	2.61308e+00	7.11176e+01
1.38979e+03	3.15775e+02	1.88236e+03	1.34119e+03	4.92443e+00	2.61471e+00	7.09236e+01
1.39369e+03	3.15953e+02	1.88067e+03	1.34123e+03	4.92676e+00	2.61635e+00	7.07303e+01
1.39760e+03	3.16131e+02	1.87898e+03	1.34127e+03	4.92908e+00	2.61798e+00	7.05376e+01
1.40151e+03	3.16310e+02	1.87729e+03	1.34130e+03	4.93141e+00	2.61961e+00	7.03457e+01
1.40541e+03	3.16488e+02	1.87560e+03	1.34134e+03	4.93373e+00	2.62124e+00	7.01544e+01
1.40932e+03	3.16666e+02	1.87392e+03	1.34138e+03	4.93605e+00	2.62287e+00	6.99640e+01
1.41323e+03	3.16844e+02	1.87223e+03	1.34142e+03	4.93837e+00	2.62450e+00	6.97742e+01
1.41713e+03	3.17023e+02	1.87055e+03	1.34145e+03	4.94069e+00	2.62613e+00	6.95852e+01
1.42104e+03	3.17201e+02	1.86886e+03	1.34149e+03	4.94301e+00	2.62776e+00	6.93966e+01
1.42495e+03	3.17380e+02	1.86718e+03	1.34153e+03	4.94533e+00	2.62938e+00	6.92087e+01
1.42886e+03	3.17558e+02	1.86550e+03	1.34156e+03	4.94765e+00	2.63101e+00	6.90216e+01
1.43276e+03	3.17737e+02	1.86382e+03	1.34160e+03	4.94996e+00	2.63263e+00	6.88351e+01
1.43667e+03	3.17915e+02	1.86215e+03	1.34164e+03	4.95228e+00	2.63425e+00	6.86493e+01
1.44058e+03	3.18094e+02	1.86047e+03	1.34167e+03	4.95459e+00	2.63588e+00	6.84643e+01
1.44448e+03	3.18272e+02	1.85879e+03	1.34171e+03	4.95690e+00	2.63750e+00	6.82798e+01
1.44839e+03	3.18451e+02	1.85712e+03	1.34174e+03	4.95921e+00	2.63912e+00	6.80956e+01
1.45230e+03	3.18631e+02	1.85545e+03	1.34178e+03	4.96152e+00	2.64074e+00	6.79122e+01
1.45620e+03	3.18810e+02	1.85377e+03	1.34182e+03	4.96383e+00	2.64235e+00	6.77294e+01
1.46011e+03	3.18989e+02	1.85210e+03	1.34185e+03	4.96614e+00	2.64397e+00	6.75474e+01
1.46402e+03	3.19168e+02	1.85044e+03	1.34189e+03	4.96845e+00	2.64558e+00	6.73660e+01
1.46792e+03	3.19347e+02	1.84877e+03	1.34193e+03	4.97075e+00	2.64720e+00	6.71854e+01
1.47183e+03	3.19526e+02	1.84710e+03	1.34196e+03	4.97306e+00	2.64881e+00	6.70048e+01
1.47574e+03	3.19706e+02	1.84544e+03	1.34200e+03	4.97536e+00	2.65042e+00	6.68248e+01
1.47964e+03	3.19886e+02	1.84377e+03	1.34204e+03	4.97766e+00	2.65203e+00	6.66456e+01
1.48355e+03	3.20065e+02	1.84211e+03	3.54409e+03	4.60580e+00	2.60924e+00	4.06228e+12
1.54947e+03	3.28815e+02	1.83149e+03	3.54409e+03	4.60724e+00	2.60897e+00	2.12738e+12
1.61495e+03	3.37519e+02	1.82088e+03	3.54523e+03	4.60861e+00	2.60867e+00	1.15447e+12
1.68003e+03	3.46180e+02	1.81026e+03	3.54635e+03	8.06745e+00	4.56463e+00	6.47339e+11
1.74470e+03	3.54795e+02	1.79964e+03	3.54745e+03	8.06972e+00	4.56405e+00	3.74078e+11
1.80896e+03	3.63367e+02	1.78903e+03	3.54854e+03	8.07197e+00	4.56346e+00	2.22258e+11
1.87281e+03	3.71894e+02	1.77841e+03	3.54962e+03	8.12627e+00	4.60526e+00	1.35489e+11
1.93625e+03	3.80376e+02	1.76780e+03	3.56861e+03	8.13727e+00	4.61176e+00	8.45828e+10
1.99959e+03	3.88815e+02	1.75718e+03	3.57266e+03	8.15249e+00	4.62176e+00	5.40111e+10
2.06256e+03	3.97210e+02	1.74656e+03	3.57821e+03	8.23694e+00	4.68781e+00	3.52059e+10
2.12518e+03	4.05560e+02	1.73595e+03	3.60740e+03	8.24112e+00	4.68877e+00	2.33928e+10
2.18785e+03	4.13867e+02	1.72533e+03	3.60912e+03	8.24315e+00	4.68798e+00	1.58346e+10
2.25009e+03	4.22130e+02	1.71472e+03	3.61009e+03	8.24510e+00	4.68715e+00	1.08975e+10
2.31189e+03	4.30349e+02	1.70410e+03	3.61105e+03	8.24703e+00	4.68633e+00	7.61675e+09
2.37323e+03	4.38524e+02	1.69349e+03	3.61200e+03	8.24889e+00	4.68548e+00	5.40147e+09
2.43412e+03	4.46656e+02	1.68287e+03	3.61293e+03	8.25073e+00	4.68463e+00	3.88299e+09
2.49456e+03	4.54745e+02	1.67225e+03	3.61385e+03	8.25251e+00	4.68375e+00	2.82733e+09
2.55454e+03	4.62790e+02	1.66164e+03	3.61476e+03	8.25426e+00	4.68288e+00	2.08359e+09
2.61406e+03	4.70792e+02	1.65102e+03	3.61565e+03	8.36728e+00	4.74611e+00	1.55301e+09
2.67312e+03	4.78751e+02	1.64041e+03	3.62568e+03	8.36593e+00	4.74344e+00	1.16998e+09
2.73187e+03	4.86667e+02	1.62979e+03	3.62630e+03	8.40222e+00	4.76244e+00	8.90535e+08
2.79014e+03	4.94539e+02	1.61917e+03	3.63001e+03	8.42845e+00	4.77565e+00	6.84321e+08
2.84799e+03	5.02369e+02	1.60856e+03	3.63288e+03	8.42988e+00	4.77460e+00	5.30652e+08
2.90540e+03	5.10157e+02	1.59794e+03	3.63370e+03	8.43125e+00	4.77353e+00	4.15033e+08
2.96233e+03	5.17901e+02	1.58733e+03	3.63451e+03	8.43262e+00	4.77247e+00	3.27243e+08
3.01878e+03	5.25604e+02	1.57671e+03	3.63531e+03	8.43392e+00	4.77140e+00	2.60011e+08
3.07475e+03	5.33264e+02	1.56609e+03	3.63609e+03	8.43521e+00	4.77032e+00	2.08103e+08
3.13023e+03	5.40881e+02	1.55548e+03	3.63687e+03	8.43645e+00	4.76923e+00	1.67717e+08
3.18523e+03	5.48457e+02	1.54486e+03	3.63763e+03	8.43766e+00	4.76814e+00	1.36063e+08
3.23974e+03	5.55991e+02	1.53425e+03	3.63838e+03	8.43884e+00	4.76705e+00	1.11078e+08
3.29375e+03	5.63483e+02	1.52363e+03	3.63912e+03	8.43998e+00	4.76594e+00	9.12259e+07
3.34728e+03	5.70933e+02	1.51301e+03	3.63985e+03	8.44109e+00	4.76484e+00	7.53504e+07
3.40031e+03	5.78342e+02	1.50240e+03	3.64057e+03	8.44216e+00	4.76372e+00	6.25774e+07
3.45284e+03	5.85709e+02	1.49178e+03	3.64128e+03	8.44320e+00	4.76261e+00	5.22407e+07
3.50487e+03	5.93035e+02	1.48117e+03	3.64198e+03	8.44421e+00	4.76149e+00	4.38287e+07
3.55639e+03	6.00321e+02	1.47055e+03	3.64266e+03	8.44518e+00	4.76036e+00	3.69464e+07
3.60741e+03	6.07565e+02	1.45993e+03	3.64334e+03	8.44613e+00	4.75923e+00	3.12868e+07
3.65792e+03	6.14768e+02	1.44932e+03	3.64400e+03	8.44704e+00	4.75810e+00	2.66098e+07
3.70792e+03	6.21931e+02	1.43870e+03	3.64466e+03	8.44792e+00	4.75696e+00	2.27265e+07
3.75740e+03	6.29054e+02	1.42809e+03	3.64530e+03	8.44876e+00	4.75582e+00	1.94877e+07
3.80637e+03	6.36137e+02	1.41747e+03	3.64593e+03	8.44957e+00	4.75467e+00	1.67747e+07
3.85482e+03	6.43179e+02	1.40685e+03	3.64655e+03	8.45036e+00	4.75353e+00	1.44926e+07
3.90274e+03	6.50182e+02	1.39624e+03	3.64716e+03	8.45110e+00	4.75237e+00	1.25652e+07
3.95013e+03	6.57145e+02	1.38562e+03	3.64776e+03	8.45182e+00	4.75122e+00	1.09312e+07
3.99700e+03	6.64069e+02	1.37501e+03	3.64835e+03	8.45249e+00	4.75006e+00	9.54078e+06
4.04333e+03	6.70954e+02	1.36439e+03	3.64893e+03	8.45314e+00	4.74890e+00	8.35333e+06
4.08912e+03	6.77799e+02	1.35377e+03	3.64949e+03	8.45377e+00	4.74773e+00	7.33575e+06
4.13438e+03	6.84606e+02	1.34316e+03	3.65005e+03	8.45435e+00	4.74656e+00	6.46085e+06
4.17909e+03	6.91375e+02	1.33254e+03	3.65059e+03	8.45490e+00	4.74539e+00	5.70619e+06
4.22325e+03	6.98105e+02	1.32193e+03	3.65112e+03	8.45541e+00	4.74421e+00	5.05325e+06
4.26686e+03	7.04797e+02	1.31131e+03	3.65164e+03	8.45589e+00	4.74303e+00	4.48662e+06
4.30992e+03	7.11452e+02	1.30070e+03	3.65215e+03	8.45635e+00	4.74185e+00	3.99347e+06
4.35242e+03	7.18069e+02	1.29008e+03	3.65265e+03	8.45675e+00	4.74066e+00	3.56309e+06
4.39436e+03	7.24649e+02	1.27946e+03	3.65314e+03	8.45713e+00	4.73947e+00	3.18647e+06
4.43573e+03	7.31192e+02	1.26885e+03	3.65361e+03	8.45748e+00	4.73827e+00	2.85603e+06
4.47652e+03	7.37699e+02	1.25823e+03	3.65408e+03	8.45779e+00	4.73707e+00	2.56538e+06
4.51675e+03	7.44169e+02	1.24762e+03	3.65453e+03	8.45807e+00	4.73587e+00	2.30911e+06
4.55639e+03	7.50603e+02	1.23700e+03	3.65497e+03	8.45830e+00	4.73466e+00	2.08262e+06
4.59544e+03	7.57002e+02	1.22638e+03	3.65540e+03	8.45850e+00	4.73345e+00	1.88198e+06
4.63391e+03	7.63365e+02	1.21577e+03	3.65581e+03	8.45867e+00	4.73224e+00	1.70385e+06
4.67178e+03	7.69694e+02	1.20515e+03	3.65622e+03	8.45879e+00	4.73101e+00	1.54538e+06
4.70906e+03	7.75988e+02	1.19454e+03	3.65661e+03	8.45888e+00	4.72979e+00	1.40408e+06
4.74572e+03	7.82247e+02	1.18392e+03	3.65699e+03	8.45894e+00	4.72856e+00	1.27786e+06
4.78178e+03	7.88473e+02	1.17330e+03	3.65735e+03	8.45894e+00	4.72732e+00	1.16487e+06
4.81722e+03	7.94665e+02	1.16269e+03	3.65771e+03	8.45892e+00	4.72608e+00	1.06354e+06
4.85204e+03	8.00825e+02	1.15207e+03	3.65805e+03	8.45885e+00	4.72484e+00	9.72501e+05
4.88623e+03	8.06952e+02	1.14146e+03	3.65837e+03	8.45874e+00	4.72358e+00	8.90555e+05
4.91978e+03	8.13047e+02	1.13084e+03	3.65869e+03	8.45860e+00	4.72233e+00	8.16667e+05
4.95269e+03	8.19110e+02	1.12022e+03	3.65899e+03	8.45841e+00	4.72106e+00	7.49932e+05
4.98496e+03	8.25142e+02	1.10961e+03	3.65928e+03	8.45817e+00	4.71979e+00	6.89557e+05
5.01657e+03	8.31143e+02	1.09899e+03	3.65955e+03	8.45790e+00	4.71852e+00	6.34849e+05
5.04752e+03	8.37114e+02	1.08838e+03	3.65981e+03	8.45758e+00	4.71723e+00	5.85198e+05
5.07780e+03	8.43056e+02	1.07776e+03	3.66005e+03	8.45721e+00	4.71594e+00	5.40069e+05
5.10741e+03	8.48969e+02	1.06714e+03	3.66029e+03	8.45680e+00	4.71464e+00	4.98989e+05
5.13633e+03	8.54853e+02	1.05653e+03	3.66050e+03	8.45633e+00	4.71333e+00	4.61540e+05
5.16455e+03	8.60709e+02	1.04591e+03	3.66070e+03	8.45583e+00	4.71202e+00	4.27354e+05
5.19208e+03	8.66539e+02	1.03530e+03	3.66089e+03	8.45528e+00	4.71070e+00	3.96104e+05
5.21889e+03	8.72341e+02	1.02468e+03	3.66106e+03	8.45467e+00	4.70936e+00	3.67499e+05
5.24499e+03	8.78118e+02	1.01406e+03	3.66122e+03	8.45401e+00	4.70802e+00	3.41281e+05
5.27035e+03	8.83870e+02	1.00345e+03	3.66136e+03	8.45330e+00	4.70667e+00	3.17221e+05
5.29497e+03	8.89598e+02	9.92833e+02	3.66148e+03	8.45254e+00	4.70530e+00	2.95114e+05
5.31885e+03	8.95302e+02	9.82217e+02	3.66159e+03	8.45172e+00	4.70393e+00	2.74776e+05
5.34196e+03	9.00983e+02	9.71601e+02	3.66168e+03	8.45085e+00	4.70255e+00	2.56044e+05
5.36430e+03	9.06643e+02	9.60985e+02	3.66175e+03	8.44991e+00	4.70115e+00	2.38772e+05
5.38586e+03	9.12281e+02	9.50369e+02	3.66181e+03	8.44892e+00	4.69974e+00	2.22827e+05
5.40662e+03	9.17900e+02	9.39753e+02	3.66184e+03	8.44787e+00	4.69832e+00	2.08091e+05
5.42657e+03	9.23499e+02	9.29137e+02	3.66186e+03	8.44676e+00	4.69688e+00	1.94458e+05
5.44569e+03	9.29081e+02	9.18521e+02	3.66186e+03	8.44558e+00	4.69543e+00	1.81833e+05
5.46398e+03	9.34645e+02	9.07905e+02	3.66185e+03	8.44434e+00	4.69396e+00	1.70128e+05
5.48142e+03	9.40194e+02	8.97289e+02	3.66181e+03	8.44303e+00	4.69248e+00	1.59266e+05
5.49799e+03	9.45728e+02	8.86673e+02	3.66175e+03	8.44165e+00	4.69098e+00	1.49176e+05
5.51367e+03	9.51249e+02	8.76057e+02	3.66167e+03	8.44020e+00	4.68947e+00	1.39795e+05
5.52846e+03	9.56757e+02	8.65441e+02	3.66157e+03	8.43867e+00	4.68793e+00	1.31064e+05
5.54233e+03	9.62255e+02	8.54825e+02	3.66145e+03	8.43707e+00	4.68638e+00	1.22930e+05
5.55526e+03	9.67744e+02	8.44209e+02	3.66131e+03	8.43539e+00	4.68480e+00	1.15347e+05
5.56723e+03	9.73224e+02	8.33593e+02	3.66114e+03	8.43363e+00	4.68321e+00	1.08271e+05
5.57823e+03	9.78698e+02	8.22977e+02	3.66095e+03	8.43178e+00	4.68159e+00	1.01661e+05
5.58823e+03	9.84168e+02	8.12361e+02	3.66074e+03	8.42985e+00	4.67995e+00	9.54832e+04
5.59721e+03	9.89635e+02	8.01746e+02	3.66050e+03	8.42783e+00	4.67829e+00	8.97033e+04
5.60514e+03	9.95101e+02	7.91130e+02	3.66024e+03	8.42571e+00	4.67660e+00	8.42918e+04
5.61201e+03	1.00057e+03	7.80514e+02	3.65995e+03	8.42350e+00	4.67489e+00	7.92213e+04
5.61778e+03	1.00604e+03	7.69898e+02	3.65963e+03	8.42119e+00	4.67314e+00	7.44665e+04
5.62243e+03	1.01151e+03	7.59282e+02	3.65929e+03	8.41877e+00	4.67137e+00	7.00047e+04
5.62592e+03	1.01700e+03	7.48666e+02	3.65891e+03	8.41625e+00	4.66956e+00	6.58146e+04
5.62823e+03	1.02249e+03	7.38050e+02	3.65851e+03	8.41362e+00	4.66773e+00	6.18771e+04
5.62932e+03	1.02799e+03	7.27434e+02	3.65808e+03	8.41087e+00	4.66585e+00	5.81744e+04
5.62916e+03	1.03351e+03	7.16818e+02	3.65761e+03	8.40799e+00	4.66394e+00	5.46902e+04
5.62771e+03	1.03905e+03	7.06202e+02	3.65711e+03	8.40500e+00	4.66200e+00	5.14095e+04
5.62494e+03	1.04461e+03	6.95586e+02	3.65657e+03	8.40187e+00	4.66001e+00	4.83186e+04
5.62080e+03	1.05019e+03	6.84970e+02	3.65600e+03	8.39860e+00	4.65798e+00	4.54048e+04
5.61525e+03	1.05580e+03	6.74354e+02	3.65539e+03	8.39519e+00	4.65590e+00	4.26565e+04
5.60823e+03	1.06144e+03	6.63738e+02	3.65475e+03	8.39163e+00	4.65378e+00	4.00627e+04
5.59971e+03	1.06712e+03	6.53122e+02	3.65406e+03	8.38790e+00	4.65160e+00	3.76137e+04
5.58964e+03	1.07284e+03	6.42506e+02	3.65333e+03	8.38402e+00	4.64938e+00	3.53002e+04
5.57794e+03	1.07860e+03	6.31890e+02	3.65256e+03	8.37997e+00	4.64710e+00	3.31139e+04
5.57794e+03	1.07860e+03	6.31890e+02	8.00000e+03	6.13152e+00	3.31013e+00	1.00000e+04
5.38424e+03	1.07980e+03	5.61680e+02	8.00808e+03	6.12842e+00	3.30846e+00	1.00000e+04
4.83954e+03	1.08100e+03	4.91470e+02	8.01713e+03	6.10983e+00	3.29928e+00	1.00000e+04
3.82220e+03	1.08220e+03	4.21260e+02	8.02877e+03	6.06265e+00	3.27625e+00	1.00000e+04
2.12258e+03	1.08339e+03	3.51050e+02	8.05037e+03	5.97396e+00	3.23299e+00	1.00000e+04
-6.55617e+02	1.08459e+03	2.80840e+02	7.97667e+03	5.86382e+00	3.18161e+00	1.00000e+04
-5.29414e+03	1.08579e+03	2.10630e+02	7.96680e+03	5.63502e+00	3.07209e+00	1.00000e+04
-1.38902e+04	1.08699e+03	1.40420e+02	7.96238e+03	5.22541e+00	2.87713e+00	1.00000e+04
-3.36357e+04	1.08819e+03	7.02100e+01	7.95964e+03	4.36287e+00	2.47403e+00	1.00000e+04
-1.13202e+05	1.08939e+03	0.00000e+00	7.96541e+03	1.25874e-01	1.07637e+00	1.00000e+04
