P (MPa)		T (K)		r (km)		rho (kg m-3)	VP (km s-1)	VS (km s-1)	QS/gamma	k for 0.01 mol/kg MgSO4 (S m-1)	
0.00000e+00	1.10000e+02	2.63410e+03	9.32378e+02	3.87940e+00	1.96225e+00	2.74516e+04	0.00000e+00
6.69339e+00	2.51924e+02	2.62906e+03	9.32378e+02	3.90905e+00	1.97830e+00	6.25449e+01	0.00000e+00
1.33868e+01	2.51965e+02	2.62403e+03	9.32886e+02	3.91316e+00	1.98142e+00	6.24976e+01	0.00000e+00
2.00802e+01	2.52007e+02	2.61901e+03	9.33366e+02	3.91721e+00	1.98451e+00	6.24481e+01	0.00000e+00
2.67736e+01	2.52051e+02	2.61399e+03	9.33813e+02	3.92121e+00	1.98758e+00	6.23964e+01	0.00000e+00
3.34669e+01	2.52098e+02	2.60898e+03	9.34220e+02	3.92516e+00	1.99060e+00	6.23425e+01	0.00000e+00
4.01603e+01	2.52146e+02	2.60398e+03	9.34583e+02	3.92906e+00	1.99361e+00	6.22861e+01	0.00000e+00
4.68537e+01	2.52197e+02	2.59899e+03	9.34894e+02	3.93291e+00	1.99658e+00	6.22273e+01	0.00000e+00
5.35471e+01	2.52249e+02	2.59401e+03	9.35147e+02	3.93671e+00	1.99952e+00	6.21659e+01	0.00000e+00
6.02405e+01	2.52305e+02	2.58903e+03	9.35332e+02	3.94048e+00	2.00245e+00	6.21018e+01	0.00000e+00
6.69339e+01	2.52362e+02	2.58406e+03	9.35443e+02	3.94420e+00	2.00534e+00	6.20348e+01	0.00000e+00
7.36273e+01	2.52423e+02	2.57909e+03	9.35470e+02	3.94788e+00	2.00822e+00	6.19649e+01	0.00000e+00
8.03207e+01	2.52486e+02	2.57413e+03	9.35403e+02	3.95153e+00	2.01107e+00	6.18920e+01	0.00000e+00
8.70141e+01	2.52552e+02	2.56918e+03	9.35233e+02	3.95514e+00	2.01390e+00	6.18159e+01	0.00000e+00
9.37075e+01	2.52621e+02	2.56423e+03	9.34951e+02	3.95872e+00	2.01671e+00	6.17364e+01	0.00000e+00
1.00401e+02	2.52693e+02	2.55928e+03	9.34549e+02	3.96227e+00	2.01950e+00	6.16535e+01	0.00000e+00
1.07094e+02	2.52769e+02	2.55434e+03	9.34021e+02	3.96579e+00	2.02228e+00	6.15669e+01	0.00000e+00
1.13788e+02	2.52848e+02	2.54940e+03	9.33364e+02	3.96928e+00	2.02503e+00	6.14766e+01	0.00000e+00
1.20481e+02	2.52931e+02	2.54447e+03	9.32580e+02	3.97274e+00	2.02777e+00	6.13824e+01	0.00000e+00
1.27174e+02	2.60000e+02	2.53953e+03	9.31676e+02	3.97813e+00	2.03149e+00	5.40231e+01	0.00000e+00
1.31336e+02	2.60031e+02	2.53707e+03	1.15891e+03	1.74265e+00	0.00000e+00	0.00000e+00	4.75634e-02
1.35498e+02	2.60064e+02	2.53460e+03	1.16027e+03	1.75020e+00	0.00000e+00	0.00000e+00	4.77333e-02
1.39660e+02	2.60098e+02	2.53215e+03	1.16163e+03	1.75768e+00	0.00000e+00	0.00000e+00	4.79032e-02
1.43822e+02	2.60132e+02	2.52969e+03	1.16297e+03	1.76510e+00	0.00000e+00	0.00000e+00	4.80729e-02
1.47984e+02	2.60168e+02	2.52724e+03	1.16430e+03	1.77246e+00	0.00000e+00	0.00000e+00	4.82425e-02
1.52145e+02	2.60205e+02	2.52479e+03	1.16562e+03	1.77975e+00	0.00000e+00	0.00000e+00	4.84121e-02
1.56307e+02	2.60243e+02	2.52235e+03	1.16693e+03	1.78697e+00	0.00000e+00	0.00000e+00	4.85816e-02
1.60469e+02	2.60282e+02	2.51991e+03	1.16822e+03	1.79414e+00	0.00000e+00	0.00000e+00	4.87511e-02
1.64631e+02	2.60321e+02	2.51747e+03	1.16951e+03	1.80125e+00	0.00000e+00	0.00000e+00	4.89206e-02
1.68793e+02	2.60362e+02	2.51503e+03	1.17079e+03	1.80829e+00	0.00000e+00	0.00000e+00	4.90900e-02
1.72955e+02	2.60404e+02	2.51260e+03	1.17206e+03	1.81528e+00	0.00000e+00	0.00000e+00	4.92595e-02
1.77116e+02	2.60446e+02	2.51018e+03	1.17332e+03	1.82221e+00	0.00000e+00	0.00000e+00	4.94291e-02
1.81278e+02	2.60489e+02	2.50775e+03	1.17457e+03	1.82909e+00	0.00000e+00	0.00000e+00	4.95987e-02
1.85440e+02	2.60533e+02	2.50533e+03	1.17580e+03	1.83592e+00	0.00000e+00	0.00000e+00	4.97684e-02
1.89602e+02	2.60578e+02	2.50291e+03	1.17704e+03	1.84270e+00	0.00000e+00	0.00000e+00	4.99383e-02
1.93764e+02	2.60624e+02	2.50050e+03	1.17826e+03	1.84942e+00	0.00000e+00	0.00000e+00	5.01084e-02
1.97926e+02	2.60671e+02	2.49809e+03	1.17947e+03	1.85611e+00	0.00000e+00	0.00000e+00	5.02787e-02
2.02087e+02	2.60718e+02	2.49568e+03	1.18067e+03	1.86275e+00	0.00000e+00	0.00000e+00	5.04492e-02
2.06249e+02	2.60766e+02	2.49327e+03	1.18187e+03	1.86935e+00	0.00000e+00	0.00000e+00	5.06200e-02
2.10411e+02	2.60814e+02	2.49087e+03	1.18305e+03	1.87591e+00	0.00000e+00	0.00000e+00	5.07910e-02
2.14573e+02	2.60863e+02	2.48847e+03	1.18423e+03	1.88243e+00	0.00000e+00	0.00000e+00	5.09621e-02
2.18735e+02	2.60913e+02	2.48608e+03	1.18540e+03	1.88892e+00	0.00000e+00	0.00000e+00	5.11334e-02
2.22897e+02	2.60964e+02	2.48369e+03	1.18657e+03	1.89536e+00	0.00000e+00	0.00000e+00	5.13047e-02
2.27058e+02	2.61015e+02	2.48130e+03	1.18772e+03	1.90178e+00	0.00000e+00	0.00000e+00	5.14760e-02
2.31220e+02	2.61067e+02	2.47891e+03	1.18887e+03	1.90816e+00	0.00000e+00	0.00000e+00	5.16472e-02
2.35382e+02	2.61119e+02	2.47653e+03	1.19001e+03	1.91450e+00	0.00000e+00	0.00000e+00	5.18184e-02
2.39544e+02	2.61172e+02	2.47415e+03	1.19114e+03	1.92080e+00	0.00000e+00	0.00000e+00	5.19895e-02
2.43706e+02	2.61225e+02	2.47177e+03	1.19226e+03	1.92706e+00	0.00000e+00	0.00000e+00	5.21605e-02
2.47868e+02	2.61279e+02	2.46940e+03	1.19338e+03	1.93328e+00	0.00000e+00	0.00000e+00	5.23312e-02
2.52029e+02	2.61334e+02	2.46702e+03	1.19449e+03	1.93945e+00	0.00000e+00	0.00000e+00	5.25018e-02
2.56191e+02	2.61389e+02	2.46466e+03	1.19559e+03	1.94556e+00	0.00000e+00	0.00000e+00	5.26722e-02
2.60353e+02	2.61444e+02	2.46229e+03	1.19669e+03	1.95162e+00	0.00000e+00	0.00000e+00	5.28424e-02
2.64515e+02	2.61500e+02	2.45993e+03	1.19778e+03	1.95761e+00	0.00000e+00	0.00000e+00	5.30123e-02
2.68677e+02	2.61557e+02	2.45757e+03	1.19886e+03	1.96353e+00	0.00000e+00	0.00000e+00	5.31819e-02
2.72839e+02	2.61613e+02	2.45521e+03	1.19994e+03	1.96939e+00	0.00000e+00	0.00000e+00	5.33512e-02
2.77000e+02	2.61671e+02	2.45286e+03	1.20100e+03	1.97519e+00	0.00000e+00	0.00000e+00	5.35203e-02
2.81162e+02	2.61729e+02	2.45050e+03	1.20207e+03	1.98093e+00	0.00000e+00	0.00000e+00	5.36890e-02
2.85324e+02	2.61787e+02	2.44815e+03	1.20313e+03	1.98663e+00	0.00000e+00	0.00000e+00	5.38574e-02
2.89486e+02	2.61846e+02	2.44581e+03	1.20418e+03	1.99228e+00	0.00000e+00	0.00000e+00	5.40256e-02
2.93648e+02	2.61905e+02	2.44347e+03	1.20522e+03	1.99789e+00	0.00000e+00	0.00000e+00	5.41934e-02
2.97810e+02	2.61964e+02	2.44113e+03	1.20626e+03	2.00346e+00	0.00000e+00	0.00000e+00	5.43609e-02
3.01971e+02	2.62024e+02	2.43879e+03	1.20730e+03	2.00901e+00	0.00000e+00	0.00000e+00	5.45281e-02
3.06133e+02	2.62084e+02	2.43645e+03	1.20832e+03	2.01452e+00	0.00000e+00	0.00000e+00	5.46951e-02
3.10295e+02	2.62145e+02	2.43412e+03	1.20935e+03	2.02000e+00	0.00000e+00	0.00000e+00	5.48617e-02
3.14457e+02	2.62206e+02	2.43179e+03	1.21036e+03	2.02547e+00	0.00000e+00	0.00000e+00	5.50279e-02
3.18619e+02	2.62268e+02	2.42946e+03	1.21137e+03	2.03091e+00	0.00000e+00	0.00000e+00	5.51937e-02
3.22781e+02	2.62330e+02	2.42714e+03	1.21238e+03	2.03633e+00	0.00000e+00	0.00000e+00	5.53590e-02
3.26942e+02	2.62392e+02	2.42482e+03	1.21338e+03	2.04173e+00	0.00000e+00	0.00000e+00	5.55239e-02
3.31104e+02	2.62455e+02	2.42250e+03	1.21438e+03	2.04712e+00	0.00000e+00	0.00000e+00	5.56882e-02
3.35266e+02	2.62518e+02	2.42018e+03	1.21537e+03	2.05249e+00	0.00000e+00	0.00000e+00	5.58520e-02
3.39428e+02	2.62581e+02	2.41787e+03	1.21635e+03	2.05785e+00	0.00000e+00	0.00000e+00	5.60152e-02
3.43590e+02	2.62645e+02	2.41556e+03	1.21733e+03	2.06319e+00	0.00000e+00	0.00000e+00	5.61777e-02
3.47752e+02	2.62710e+02	2.41325e+03	1.21831e+03	2.06852e+00	0.00000e+00	0.00000e+00	5.63396e-02
3.51913e+02	2.62774e+02	2.41094e+03	1.21928e+03	2.07383e+00	0.00000e+00	0.00000e+00	5.65008e-02
3.56075e+02	2.62839e+02	2.40864e+03	1.22024e+03	2.07913e+00	0.00000e+00	0.00000e+00	5.66612e-02
3.60237e+02	2.62905e+02	2.40634e+03	1.22120e+03	2.08441e+00	0.00000e+00	0.00000e+00	5.68208e-02
3.64399e+02	2.62970e+02	2.40404e+03	1.22216e+03	2.08968e+00	0.00000e+00	0.00000e+00	5.69795e-02
3.68561e+02	2.63036e+02	2.40174e+03	1.22311e+03	2.09493e+00	0.00000e+00	0.00000e+00	5.71374e-02
3.72723e+02	2.63103e+02	2.39945e+03	1.22405e+03	2.10017e+00	0.00000e+00	0.00000e+00	5.72944e-02
3.76884e+02	2.63170e+02	2.39716e+03	1.22499e+03	2.10539e+00	0.00000e+00	0.00000e+00	5.74504e-02
3.81046e+02	2.63237e+02	2.39487e+03	1.22593e+03	2.11059e+00	0.00000e+00	0.00000e+00	5.76053e-02
3.85208e+02	2.63304e+02	2.39259e+03	1.22686e+03	2.11578e+00	0.00000e+00	0.00000e+00	5.77592e-02
3.89370e+02	2.63372e+02	2.39030e+03	1.22779e+03	2.12095e+00	0.00000e+00	0.00000e+00	5.79120e-02
3.93532e+02	2.63440e+02	2.38802e+03	1.22871e+03	2.12610e+00	0.00000e+00	0.00000e+00	5.80635e-02
3.97694e+02	2.63508e+02	2.38574e+03	1.22963e+03	2.13124e+00	0.00000e+00	0.00000e+00	5.82139e-02
4.01855e+02	2.63577e+02	2.38347e+03	1.23054e+03	2.13637e+00	0.00000e+00	0.00000e+00	5.83629e-02
4.06017e+02	2.63646e+02	2.38119e+03	1.23145e+03	2.14148e+00	0.00000e+00	0.00000e+00	5.85107e-02
4.10179e+02	2.63715e+02	2.37892e+03	1.23236e+03	2.14657e+00	0.00000e+00	0.00000e+00	5.86572e-02
4.14341e+02	2.63785e+02	2.37665e+03	1.23326e+03	2.15165e+00	0.00000e+00	0.00000e+00	5.88024e-02
4.18503e+02	2.63855e+02	2.37439e+03	1.23416e+03	2.15672e+00	0.00000e+00	0.00000e+00	5.89464e-02
4.22665e+02	2.63925e+02	2.37212e+03	1.23505e+03	2.16177e+00	0.00000e+00	0.00000e+00	5.90891e-02
4.26826e+02	2.63995e+02	2.36986e+03	1.23594e+03	2.16682e+00	0.00000e+00	0.00000e+00	5.92307e-02
4.30988e+02	2.64066e+02	2.36760e+03	1.23682e+03	2.17185e+00	0.00000e+00	0.00000e+00	5.93710e-02
4.35150e+02	2.64137e+02	2.36535e+03	1.23770e+03	2.17687e+00	0.00000e+00	0.00000e+00	5.95102e-02
4.39312e+02	2.64208e+02	2.36309e+03	1.23858e+03	2.18187e+00	0.00000e+00	0.00000e+00	5.96482e-02
4.43474e+02	2.64280e+02	2.36084e+03	1.23945e+03	2.18687e+00	0.00000e+00	0.00000e+00	5.97852e-02
4.47636e+02	2.64351e+02	2.35859e+03	1.24032e+03	2.19185e+00	0.00000e+00	0.00000e+00	5.99210e-02
4.51798e+02	2.64423e+02	2.35634e+03	1.24118e+03	2.19683e+00	0.00000e+00	0.00000e+00	6.00557e-02
4.55959e+02	2.64495e+02	2.35410e+03	1.24204e+03	2.20178e+00	0.00000e+00	0.00000e+00	6.01894e-02
4.60121e+02	2.64567e+02	2.35185e+03	1.24290e+03	2.20672e+00	0.00000e+00	0.00000e+00	6.03222e-02
4.64283e+02	2.64640e+02	2.34961e+03	1.24375e+03	2.21165e+00	0.00000e+00	0.00000e+00	6.04539e-02
4.68445e+02	2.64713e+02	2.34737e+03	1.24460e+03	2.21655e+00	0.00000e+00	0.00000e+00	6.05847e-02
4.72607e+02	2.64786e+02	2.34514e+03	1.24544e+03	2.22142e+00	0.00000e+00	0.00000e+00	6.07145e-02
4.76769e+02	2.64859e+02	2.34290e+03	1.24628e+03	2.22627e+00	0.00000e+00	0.00000e+00	6.08435e-02
4.80930e+02	2.64932e+02	2.34067e+03	1.24712e+03	2.23109e+00	0.00000e+00	0.00000e+00	6.09717e-02
4.85092e+02	2.65005e+02	2.33844e+03	1.24795e+03	2.23589e+00	0.00000e+00	0.00000e+00	6.10991e-02
4.89254e+02	2.65079e+02	2.33622e+03	1.24878e+03	2.24066e+00	0.00000e+00	0.00000e+00	6.12257e-02
4.93416e+02	2.65153e+02	2.33399e+03	1.24961e+03	2.24541e+00	0.00000e+00	0.00000e+00	6.13515e-02
4.97578e+02	2.65227e+02	2.33177e+03	1.25043e+03	2.25015e+00	0.00000e+00	0.00000e+00	6.14767e-02
5.01740e+02	2.65301e+02	2.32955e+03	1.25125e+03	2.25489e+00	0.00000e+00	0.00000e+00	6.16013e-02
5.05901e+02	2.65375e+02	2.32733e+03	1.25207e+03	2.25961e+00	0.00000e+00	0.00000e+00	6.17252e-02
5.10063e+02	2.65450e+02	2.32512e+03	1.25288e+03	2.26433e+00	0.00000e+00	0.00000e+00	6.18485e-02
5.14225e+02	2.65524e+02	2.32290e+03	1.25369e+03	2.26904e+00	0.00000e+00	0.00000e+00	6.19710e-02
5.18387e+02	2.65599e+02	2.32069e+03	1.25450e+03	2.27374e+00	0.00000e+00	0.00000e+00	6.20927e-02
5.22549e+02	2.65674e+02	2.31848e+03	1.25530e+03	2.27844e+00	0.00000e+00	0.00000e+00	6.22136e-02
5.26711e+02	2.65749e+02	2.31627e+03	1.25610e+03	2.28313e+00	0.00000e+00	0.00000e+00	6.23336e-02
5.30872e+02	2.65824e+02	2.31407e+03	1.25690e+03	2.28781e+00	0.00000e+00	0.00000e+00	6.24526e-02
5.35034e+02	2.65899e+02	2.31187e+03	1.25769e+03	2.29248e+00	0.00000e+00	0.00000e+00	6.25706e-02
5.39196e+02	2.65975e+02	2.30967e+03	1.25848e+03	2.29713e+00	0.00000e+00	0.00000e+00	6.26876e-02
5.43358e+02	2.66050e+02	2.30747e+03	1.25927e+03	2.30175e+00	0.00000e+00	0.00000e+00	6.28034e-02
5.47520e+02	2.66126e+02	2.30527e+03	1.26005e+03	2.30634e+00	0.00000e+00	0.00000e+00	6.29181e-02
5.51682e+02	2.66202e+02	2.30308e+03	1.26083e+03	2.31090e+00	0.00000e+00	0.00000e+00	6.30315e-02
5.55843e+02	2.66278e+02	2.30089e+03	1.26161e+03	2.31543e+00	0.00000e+00	0.00000e+00	6.31437e-02
5.60005e+02	2.66354e+02	2.29870e+03	1.26238e+03	2.31992e+00	0.00000e+00	0.00000e+00	6.32545e-02
5.64167e+02	2.66430e+02	2.29651e+03	1.26315e+03	2.32438e+00	0.00000e+00	0.00000e+00	6.33640e-02
5.68329e+02	2.66506e+02	2.29432e+03	1.26392e+03	2.32882e+00	0.00000e+00	0.00000e+00	6.34720e-02
5.72491e+02	2.66582e+02	2.29214e+03	1.26469e+03	2.33324e+00	0.00000e+00	0.00000e+00	6.35785e-02
5.76653e+02	2.66659e+02	2.28996e+03	1.26545e+03	2.33765e+00	0.00000e+00	0.00000e+00	6.36835e-02
5.80814e+02	2.66735e+02	2.28778e+03	1.26621e+03	2.34205e+00	0.00000e+00	0.00000e+00	6.37869e-02
5.84976e+02	2.66812e+02	2.28560e+03	1.26697e+03	2.34644e+00	0.00000e+00	0.00000e+00	6.38886e-02
5.89138e+02	2.66889e+02	2.28343e+03	1.26772e+03	2.35084e+00	0.00000e+00	0.00000e+00	6.39886e-02
5.93300e+02	2.66965e+02	2.28126e+03	1.26847e+03	2.35523e+00	0.00000e+00	0.00000e+00	6.40869e-02
5.97462e+02	2.67042e+02	2.27908e+03	1.26922e+03	2.35963e+00	0.00000e+00	0.00000e+00	6.41834e-02
6.01624e+02	2.67119e+02	2.27692e+03	1.26996e+03	2.36403e+00	0.00000e+00	0.00000e+00	6.42780e-02
6.05785e+02	2.67196e+02	2.27475e+03	1.27071e+03	2.36844e+00	0.00000e+00	0.00000e+00	6.43708e-02
6.09947e+02	2.67273e+02	2.27259e+03	1.27145e+03	2.37286e+00	0.00000e+00	0.00000e+00	6.44616e-02
6.14109e+02	2.67351e+02	2.27042e+03	1.27218e+03	2.37729e+00	0.00000e+00	0.00000e+00	6.45506e-02
6.18271e+02	2.67428e+02	2.26826e+03	1.27292e+03	2.38172e+00	0.00000e+00	0.00000e+00	6.46376e-02
6.22433e+02	2.67506e+02	2.26610e+03	1.27365e+03	2.38616e+00	0.00000e+00	0.00000e+00	6.47228e-02
6.26595e+02	2.67583e+02	2.26395e+03	1.27438e+03	2.39060e+00	0.00000e+00	0.00000e+00	6.48060e-02
6.30756e+02	2.67661e+02	2.26179e+03	1.27511e+03	2.39505e+00	0.00000e+00	0.00000e+00	6.48873e-02
6.34918e+02	2.67739e+02	2.25964e+03	1.27583e+03	2.39950e+00	0.00000e+00	0.00000e+00	6.49667e-02
6.39080e+02	2.67816e+02	2.25749e+03	1.27655e+03	2.40394e+00	0.00000e+00	0.00000e+00	6.50442e-02
6.43242e+02	2.67894e+02	2.25534e+03	1.27727e+03	2.40838e+00	0.00000e+00	0.00000e+00	6.51197e-02
6.47404e+02	2.67972e+02	2.25320e+03	1.27798e+03	2.41282e+00	0.00000e+00	0.00000e+00	6.51933e-02
6.51566e+02	2.68035e+02	2.25114e+03	1.33484e+03	4.45935e+00	2.28257e+00	1.57784e+02	0.00000e+00
6.55727e+02	2.68299e+02	2.24909e+03	1.33488e+03	4.46212e+00	2.28459e+00	1.56912e+02	0.00000e+00
6.59889e+02	2.68572e+02	2.24704e+03	1.33491e+03	4.46488e+00	2.28660e+00	1.56016e+02	0.00000e+00
6.64051e+02	2.68858e+02	2.24499e+03	1.33495e+03	4.46765e+00	2.28862e+00	1.55083e+02	0.00000e+00
6.68213e+02	2.69145e+02	2.24294e+03	1.33499e+03	4.47042e+00	2.29063e+00	1.54157e+02	0.00000e+00
6.72375e+02	2.69432e+02	2.24089e+03	1.33502e+03	4.47318e+00	2.29264e+00	1.53238e+02	0.00000e+00
6.76537e+02	2.69718e+02	2.23884e+03	1.33506e+03	4.47594e+00	2.29465e+00	1.52327e+02	0.00000e+00
6.80698e+02	2.70005e+02	2.23679e+03	1.33509e+03	4.47870e+00	2.29665e+00	1.51423e+02	0.00000e+00
6.84860e+02	2.70288e+02	2.23474e+03	1.33513e+03	4.48146e+00	2.29866e+00	1.50539e+02	0.00000e+00
6.89022e+02	2.70562e+02	2.23269e+03	1.33517e+03	4.48421e+00	2.30066e+00	1.49688e+02	0.00000e+00
6.93184e+02	2.70836e+02	2.23065e+03	1.33520e+03	4.48696e+00	2.30266e+00	1.48844e+02	0.00000e+00
6.97346e+02	2.71110e+02	2.22860e+03	1.33524e+03	4.48972e+00	2.30465e+00	1.48006e+02	0.00000e+00
7.01508e+02	2.71384e+02	2.22655e+03	1.33528e+03	4.49246e+00	2.30665e+00	1.47175e+02	0.00000e+00
7.05669e+02	2.71658e+02	2.22451e+03	1.33531e+03	4.49521e+00	2.30864e+00	1.46350e+02	0.00000e+00
7.09831e+02	2.71930e+02	2.22247e+03	1.33535e+03	4.49796e+00	2.31064e+00	1.45539e+02	0.00000e+00
7.13993e+02	2.72192e+02	2.22042e+03	1.33539e+03	4.50070e+00	2.31263e+00	1.44761e+02	0.00000e+00
7.18155e+02	2.72454e+02	2.21838e+03	1.33543e+03	4.50344e+00	2.31461e+00	1.43989e+02	0.00000e+00
7.22317e+02	2.72717e+02	2.21634e+03	1.33546e+03	4.50618e+00	2.31660e+00	1.43223e+02	0.00000e+00
7.26479e+02	2.72979e+02	2.21430e+03	1.33550e+03	4.50892e+00	2.31859e+00	1.42462e+02	0.00000e+00
7.30640e+02	2.73241e+02	2.21226e+03	1.33554e+03	4.51165e+00	2.32057e+00	1.41706e+02	0.00000e+00
7.34802e+02	2.73502e+02	2.21022e+03	1.33557e+03	4.51438e+00	2.32255e+00	1.40961e+02	0.00000e+00
7.38964e+02	2.73753e+02	2.20818e+03	1.33561e+03	4.51711e+00	2.32453e+00	1.40247e+02	0.00000e+00
7.43126e+02	2.74004e+02	2.20614e+03	1.33565e+03	4.51984e+00	2.32650e+00	1.39539e+02	0.00000e+00
7.47288e+02	2.74256e+02	2.20411e+03	1.33569e+03	4.52257e+00	2.32848e+00	1.38835e+02	0.00000e+00
7.51450e+02	2.74507e+02	2.20207e+03	1.33573e+03	4.52529e+00	2.33045e+00	1.38136e+02	0.00000e+00
7.55611e+02	2.74758e+02	2.20004e+03	1.33576e+03	4.52802e+00	2.33242e+00	1.37442e+02	0.00000e+00
7.59773e+02	2.75009e+02	2.19800e+03	1.33580e+03	4.53074e+00	2.33439e+00	1.36754e+02	0.00000e+00
7.63935e+02	2.75250e+02	2.19597e+03	1.33584e+03	4.53346e+00	2.33636e+00	1.36097e+02	0.00000e+00
7.68097e+02	2.75491e+02	2.19394e+03	1.33588e+03	4.53618e+00	2.33833e+00	1.35445e+02	0.00000e+00
7.72259e+02	2.75732e+02	2.19190e+03	1.33592e+03	4.53889e+00	2.34029e+00	1.34797e+02	0.00000e+00
7.76421e+02	2.75973e+02	2.18987e+03	1.33596e+03	4.54160e+00	2.34225e+00	1.34153e+02	0.00000e+00
7.80582e+02	2.76214e+02	2.18784e+03	1.33600e+03	4.54432e+00	2.34421e+00	1.33513e+02	0.00000e+00
7.84744e+02	2.76455e+02	2.18581e+03	1.33603e+03	4.54703e+00	2.34617e+00	1.32877e+02	0.00000e+00
7.88906e+02	2.76686e+02	2.18378e+03	1.33607e+03	4.54973e+00	2.34813e+00	1.32271e+02	0.00000e+00
7.93068e+02	2.76918e+02	2.18175e+03	1.33611e+03	4.55244e+00	2.35008e+00	1.31668e+02	0.00000e+00
7.97230e+02	2.77149e+02	2.17973e+03	1.33615e+03	4.55514e+00	2.35204e+00	1.31069e+02	0.00000e+00
8.01392e+02	2.77381e+02	2.17770e+03	1.33619e+03	4.55784e+00	2.35399e+00	1.30474e+02	0.00000e+00
8.05553e+02	2.77612e+02	2.17568e+03	1.33623e+03	4.56054e+00	2.35594e+00	1.29882e+02	0.00000e+00
8.09715e+02	2.77844e+02	2.17365e+03	1.33627e+03	4.56324e+00	2.35788e+00	1.29295e+02	0.00000e+00
8.13877e+02	2.78067e+02	2.17163e+03	1.33631e+03	4.56594e+00	2.35983e+00	1.28731e+02	0.00000e+00
8.18039e+02	2.78289e+02	2.16960e+03	1.33635e+03	4.56863e+00	2.36177e+00	1.28172e+02	0.00000e+00
8.22201e+02	2.78512e+02	2.16758e+03	1.33639e+03	4.57132e+00	2.36372e+00	1.27617e+02	0.00000e+00
8.26363e+02	2.78734e+02	2.16556e+03	1.33643e+03	4.57401e+00	2.36566e+00	1.27065e+02	0.00000e+00
8.30524e+02	2.78957e+02	2.16354e+03	1.33647e+03	4.57670e+00	2.36760e+00	1.26517e+02	0.00000e+00
8.34686e+02	2.79179e+02	2.16152e+03	1.33651e+03	4.57939e+00	2.36953e+00	1.25971e+02	0.00000e+00
8.38848e+02	2.79395e+02	2.15950e+03	1.33655e+03	4.58207e+00	2.37147e+00	1.25446e+02	0.00000e+00
8.43010e+02	2.79609e+02	2.15748e+03	1.33659e+03	4.58476e+00	2.37340e+00	1.24927e+02	0.00000e+00
8.47172e+02	2.79823e+02	2.15547e+03	1.33663e+03	4.58744e+00	2.37533e+00	1.24411e+02	0.00000e+00
8.51334e+02	2.80038e+02	2.15345e+03	1.33667e+03	4.59012e+00	2.37726e+00	1.23898e+02	0.00000e+00
8.55495e+02	2.80252e+02	2.15144e+03	1.33671e+03	4.59280e+00	2.37919e+00	1.23387e+02	0.00000e+00
8.59657e+02	2.80466e+02	2.14942e+03	1.33675e+03	4.59547e+00	2.38112e+00	1.22880e+02	0.00000e+00
8.63819e+02	2.80675e+02	2.14741e+03	1.33679e+03	4.59815e+00	2.38304e+00	1.22389e+02	0.00000e+00
8.67981e+02	2.80881e+02	2.14540e+03	1.33683e+03	4.60082e+00	2.38496e+00	1.21905e+02	0.00000e+00
8.72143e+02	2.81088e+02	2.14338e+03	1.33687e+03	4.60349e+00	2.38688e+00	1.21424e+02	0.00000e+00
8.76305e+02	2.81294e+02	2.14137e+03	1.33691e+03	4.60616e+00	2.38880e+00	1.20945e+02	0.00000e+00
8.80466e+02	2.81501e+02	2.13936e+03	1.33695e+03	4.60882e+00	2.39072e+00	1.20469e+02	0.00000e+00
8.84628e+02	2.81707e+02	2.13736e+03	1.33699e+03	4.61149e+00	2.39264e+00	1.19996e+02	0.00000e+00
8.88790e+02	2.81909e+02	2.13535e+03	1.33703e+03	4.61415e+00	2.39455e+00	1.19536e+02	0.00000e+00
8.92952e+02	2.82108e+02	2.13334e+03	1.33707e+03	4.61681e+00	2.39647e+00	1.19084e+02	0.00000e+00
8.97114e+02	2.82308e+02	2.13133e+03	1.33711e+03	4.61947e+00	2.39838e+00	1.18634e+02	0.00000e+00
9.01276e+02	2.82507e+02	2.12933e+03	1.33715e+03	4.62213e+00	2.40029e+00	1.18186e+02	0.00000e+00
9.05437e+02	2.82706e+02	2.12733e+03	1.33719e+03	4.62478e+00	2.40219e+00	1.17741e+02	0.00000e+00
9.09599e+02	2.82906e+02	2.12532e+03	1.33723e+03	4.62744e+00	2.40410e+00	1.17298e+02	0.00000e+00
9.13761e+02	2.83101e+02	2.12332e+03	1.33727e+03	4.63009e+00	2.40600e+00	1.16865e+02	0.00000e+00
9.17923e+02	2.83294e+02	2.12132e+03	1.33732e+03	4.63274e+00	2.40791e+00	1.16441e+02	0.00000e+00
9.22085e+02	2.83487e+02	2.11932e+03	1.33736e+03	4.63539e+00	2.40981e+00	1.16019e+02	0.00000e+00
9.26247e+02	2.83680e+02	2.11732e+03	1.33740e+03	4.63804e+00	2.41171e+00	1.15600e+02	0.00000e+00
9.30408e+02	2.83873e+02	2.11532e+03	1.33744e+03	4.64068e+00	2.41360e+00	1.15182e+02	0.00000e+00
9.34570e+02	2.84065e+02	2.11332e+03	1.33748e+03	4.64332e+00	2.41550e+00	1.14766e+02	0.00000e+00
9.38732e+02	2.84255e+02	2.11133e+03	1.33752e+03	4.64597e+00	2.41739e+00	1.14359e+02	0.00000e+00
9.42894e+02	2.84442e+02	2.10933e+03	1.33756e+03	4.64861e+00	2.41929e+00	1.13961e+02	0.00000e+00
9.47056e+02	2.84629e+02	2.10734e+03	1.33760e+03	4.65124e+00	2.42118e+00	1.13564e+02	0.00000e+00
9.51218e+02	2.84815e+02	2.10534e+03	1.33765e+03	4.65388e+00	2.42307e+00	1.13169e+02	0.00000e+00
9.55379e+02	2.85002e+02	2.10335e+03	1.33769e+03	4.65652e+00	2.42495e+00	1.12776e+02	0.00000e+00
9.59541e+02	2.85189e+02	2.10136e+03	1.33773e+03	4.65915e+00	2.42684e+00	1.12385e+02	0.00000e+00
9.63703e+02	2.85373e+02	2.09937e+03	1.33777e+03	4.66178e+00	2.42873e+00	1.12001e+02	0.00000e+00
9.67865e+02	2.85554e+02	2.09738e+03	1.33781e+03	4.66441e+00	2.43061e+00	1.11625e+02	0.00000e+00
9.72027e+02	2.85736e+02	2.09539e+03	1.33785e+03	4.66704e+00	2.43249e+00	1.11251e+02	0.00000e+00
9.76189e+02	2.85917e+02	2.09340e+03	1.33789e+03	4.66966e+00	2.43437e+00	1.10878e+02	0.00000e+00
9.80351e+02	2.86098e+02	2.09141e+03	1.33794e+03	4.67229e+00	2.43625e+00	1.10508e+02	0.00000e+00
9.84512e+02	2.86279e+02	2.08943e+03	1.33798e+03	4.67491e+00	2.43812e+00	1.10139e+02	0.00000e+00
9.88674e+02	2.86458e+02	2.08744e+03	1.33802e+03	4.67753e+00	2.44000e+00	1.09775e+02	0.00000e+00
9.92836e+02	2.86634e+02	2.08546e+03	1.33806e+03	4.68015e+00	2.44187e+00	1.09420e+02	0.00000e+00
9.96998e+02	2.86810e+02	2.08348e+03	1.33810e+03	4.68277e+00	2.44374e+00	1.09066e+02	0.00000e+00
1.00116e+03	2.86986e+02	2.08149e+03	1.33815e+03	4.68538e+00	2.44561e+00	1.08714e+02	0.00000e+00
1.00532e+03	2.87162e+02	2.07951e+03	1.33819e+03	4.68800e+00	2.44748e+00	1.08364e+02	0.00000e+00
1.00948e+03	2.87338e+02	2.07753e+03	1.33823e+03	4.69061e+00	2.44935e+00	1.08015e+02	0.00000e+00
1.01365e+03	2.87513e+02	2.07556e+03	1.33827e+03	4.69322e+00	2.45121e+00	1.07670e+02	0.00000e+00
1.01781e+03	2.87684e+02	2.07358e+03	1.33831e+03	4.69583e+00	2.45308e+00	1.07333e+02	0.00000e+00
1.02197e+03	2.87856e+02	2.07160e+03	1.33836e+03	4.69844e+00	2.45494e+00	1.06998e+02	0.00000e+00
1.02613e+03	2.88027e+02	2.06963e+03	1.33840e+03	4.70104e+00	2.45680e+00	1.06665e+02	0.00000e+00
1.03029e+03	2.88198e+02	2.06765e+03	1.33844e+03	4.70365e+00	2.45866e+00	1.06332e+02	0.00000e+00
1.03445e+03	2.88369e+02	2.06568e+03	1.33848e+03	4.70625e+00	2.46052e+00	1.06002e+02	0.00000e+00
1.03862e+03	2.88540e+02	2.06371e+03	1.33852e+03	4.70885e+00	2.46237e+00	1.05674e+02	0.00000e+00
1.04278e+03	2.88707e+02	2.06173e+03	1.33857e+03	4.71145e+00	2.46423e+00	1.05354e+02	0.00000e+00
1.04694e+03	2.88874e+02	2.05976e+03	1.33861e+03	4.71405e+00	2.46608e+00	1.05035e+02	0.00000e+00
1.05110e+03	2.89041e+02	2.05780e+03	1.33865e+03	4.71664e+00	2.46793e+00	1.04718e+02	0.00000e+00
1.05526e+03	2.89208e+02	2.05583e+03	1.33869e+03	4.71924e+00	2.46978e+00	1.04403e+02	0.00000e+00
1.05943e+03	2.89375e+02	2.05386e+03	1.33874e+03	4.72183e+00	2.47163e+00	1.04088e+02	0.00000e+00
1.06359e+03	2.89542e+02	2.05189e+03	1.33878e+03	4.72442e+00	2.47348e+00	1.03776e+02	0.00000e+00
1.06775e+03	2.89705e+02	2.04993e+03	1.33882e+03	4.72701e+00	2.47532e+00	1.03471e+02	0.00000e+00
1.07191e+03	2.89868e+02	2.04797e+03	1.33886e+03	4.72960e+00	2.47717e+00	1.03168e+02	0.00000e+00
1.07607e+03	2.90031e+02	2.04600e+03	1.33891e+03	4.73218e+00	2.47901e+00	1.02866e+02	0.00000e+00
1.08023e+03	2.90194e+02	2.04404e+03	1.33895e+03	4.73477e+00	2.48085e+00	1.02565e+02	0.00000e+00
1.08440e+03	2.90357e+02	2.04208e+03	1.33899e+03	4.73735e+00	2.48269e+00	1.02265e+02	0.00000e+00
1.08856e+03	2.90520e+02	2.04012e+03	1.33903e+03	4.73993e+00	2.48453e+00	1.01967e+02	0.00000e+00
1.09272e+03	2.90679e+02	2.03816e+03	1.33908e+03	4.74251e+00	2.48636e+00	1.01676e+02	0.00000e+00
1.09688e+03	2.90839e+02	2.03621e+03	1.33912e+03	4.74509e+00	2.48820e+00	1.01386e+02	0.00000e+00
1.10104e+03	2.90998e+02	2.03425e+03	1.33916e+03	4.74767e+00	2.49003e+00	1.01098e+02	0.00000e+00
1.10521e+03	2.91158e+02	2.03230e+03	1.33920e+03	4.75024e+00	2.49186e+00	1.00811e+02	0.00000e+00
1.10937e+03	2.91317e+02	2.03034e+03	1.33925e+03	4.75281e+00	2.49369e+00	1.00525e+02	0.00000e+00
1.11353e+03	2.91477e+02	2.02839e+03	1.33929e+03	4.75539e+00	2.49552e+00	1.00240e+02	0.00000e+00
1.11769e+03	2.91633e+02	2.02644e+03	1.33933e+03	4.75796e+00	2.49735e+00	9.99608e+01	0.00000e+00
1.12185e+03	2.91789e+02	2.02449e+03	1.33937e+03	4.76052e+00	2.49917e+00	9.96837e+01	0.00000e+00
1.12601e+03	2.91946e+02	2.02254e+03	1.33942e+03	4.76309e+00	2.50100e+00	9.94076e+01	0.00000e+00
1.13018e+03	2.92102e+02	2.02059e+03	1.33946e+03	4.76566e+00	2.50282e+00	9.91326e+01	0.00000e+00
1.13434e+03	2.92258e+02	2.01864e+03	1.33950e+03	4.76822e+00	2.50464e+00	9.88586e+01	0.00000e+00
1.13850e+03	2.92414e+02	2.01670e+03	1.33954e+03	4.77078e+00	2.50646e+00	9.85857e+01	0.00000e+00
1.14266e+03	2.92568e+02	2.01475e+03	1.33959e+03	4.77334e+00	2.50828e+00	9.83180e+01	0.00000e+00
1.14682e+03	2.92722e+02	2.01281e+03	1.33963e+03	4.77590e+00	2.51010e+00	9.80521e+01	0.00000e+00
1.15099e+03	2.92875e+02	2.01087e+03	1.33967e+03	4.77846e+00	2.51192e+00	9.77873e+01	0.00000e+00
1.15515e+03	2.93028e+02	2.00893e+03	1.33972e+03	4.78102e+00	2.51373e+00	9.75234e+01	0.00000e+00
1.15931e+03	2.93182e+02	2.00699e+03	1.33976e+03	4.78357e+00	2.51554e+00	9.72606e+01	0.00000e+00
1.16347e+03	2.93335e+02	2.00505e+03	1.33980e+03	4.78612e+00	2.51735e+00	9.69987e+01	0.00000e+00
1.16763e+03	2.93486e+02	2.00311e+03	1.33984e+03	4.78867e+00	2.51916e+00	9.67410e+01	0.00000e+00
1.17179e+03	2.93637e+02	2.00117e+03	1.33989e+03	4.79122e+00	2.52097e+00	9.64854e+01	0.00000e+00
1.17596e+03	2.93788e+02	1.99924e+03	1.33993e+03	4.79377e+00	2.52278e+00	9.62308e+01	0.00000e+00
1.18012e+03	2.93939e+02	1.99730e+03	1.33997e+03	4.79632e+00	2.52459e+00	9.59771e+01	0.00000e+00
1.18428e+03	2.94090e+02	1.99537e+03	1.34001e+03	4.79886e+00	2.52639e+00	9.57243e+01	0.00000e+00
1.18844e+03	2.94240e+02	1.99344e+03	1.34006e+03	4.80141e+00	2.52819e+00	9.54724e+01	0.00000e+00
1.19260e+03	2.94390e+02	1.99151e+03	1.34010e+03	4.80395e+00	2.52999e+00	9.52240e+01	0.00000e+00
1.19677e+03	2.94538e+02	1.98958e+03	1.34014e+03	4.80649e+00	2.53179e+00	9.49778e+01	0.00000e+00
1.20093e+03	2.94687e+02	1.98765e+03	1.34019e+03	4.80903e+00	2.53359e+00	9.47324e+01	0.00000e+00
1.20509e+03	2.94835e+02	1.98572e+03	1.34023e+03	4.81157e+00	2.53539e+00	9.44879e+01	0.00000e+00
1.20925e+03	2.94984e+02	1.98380e+03	1.34027e+03	4.81410e+00	2.53719e+00	9.42443e+01	0.00000e+00
1.21341e+03	2.95132e+02	1.98187e+03	1.34031e+03	4.81664e+00	2.53898e+00	9.40016e+01	0.00000e+00
1.21758e+03	2.95279e+02	1.97995e+03	1.34036e+03	4.81917e+00	2.54077e+00	9.37616e+01	0.00000e+00
1.22174e+03	2.95426e+02	1.97803e+03	1.34040e+03	4.82170e+00	2.54257e+00	9.35238e+01	0.00000e+00
1.22590e+03	2.95572e+02	1.97611e+03	1.34044e+03	4.82423e+00	2.54436e+00	9.32869e+01	0.00000e+00
1.23006e+03	2.95719e+02	1.97419e+03	1.34049e+03	4.82676e+00	2.54615e+00	9.30508e+01	0.00000e+00
1.23422e+03	2.95865e+02	1.97227e+03	1.34053e+03	4.82929e+00	2.54793e+00	9.28156e+01	0.00000e+00
1.23838e+03	2.96012e+02	1.97035e+03	1.34057e+03	4.83182e+00	2.54972e+00	9.25812e+01	0.00000e+00
1.24255e+03	2.96157e+02	1.96844e+03	1.34061e+03	4.83434e+00	2.55150e+00	9.23489e+01	0.00000e+00
1.24671e+03	2.96302e+02	1.96652e+03	1.34066e+03	4.83686e+00	2.55329e+00	9.21189e+01	0.00000e+00
1.25087e+03	2.96447e+02	1.96461e+03	1.34070e+03	4.83938e+00	2.55507e+00	9.18897e+01	0.00000e+00
1.25503e+03	2.96592e+02	1.96270e+03	1.34074e+03	4.84190e+00	2.55685e+00	9.16613e+01	0.00000e+00
1.25919e+03	2.96736e+02	1.96078e+03	1.34079e+03	4.84442e+00	2.55863e+00	9.14336e+01	0.00000e+00
1.26336e+03	2.96881e+02	1.95887e+03	1.34083e+03	4.84694e+00	2.56041e+00	9.12068e+01	0.00000e+00
1.26752e+03	2.97025e+02	1.95697e+03	1.34087e+03	4.84945e+00	2.56219e+00	9.09817e+01	0.00000e+00
1.27168e+03	2.97168e+02	1.95506e+03	1.34091e+03	4.85197e+00	2.56396e+00	9.07587e+01	0.00000e+00
1.27584e+03	2.97312e+02	1.95315e+03	1.34096e+03	4.85448e+00	2.56574e+00	9.05365e+01	0.00000e+00
1.28000e+03	2.97455e+02	1.95125e+03	1.34100e+03	4.85699e+00	2.56751e+00	9.03150e+01	0.00000e+00
1.28416e+03	2.97598e+02	1.94935e+03	1.34104e+03	4.85950e+00	2.56928e+00	9.00943e+01	0.00000e+00
1.28833e+03	2.97741e+02	1.94744e+03	1.34109e+03	4.86201e+00	2.57105e+00	8.98744e+01	0.00000e+00
1.29249e+03	2.97884e+02	1.94554e+03	1.34113e+03	4.86452e+00	2.57282e+00	8.96558e+01	0.00000e+00
1.29665e+03	2.98026e+02	1.94364e+03	1.34117e+03	4.86702e+00	2.57459e+00	8.94393e+01	0.00000e+00
1.30081e+03	2.98168e+02	1.94175e+03	1.34121e+03	4.86952e+00	2.57635e+00	8.92234e+01	0.00000e+00
1.30497e+03	2.98310e+02	1.93985e+03	1.34126e+03	4.87203e+00	2.57812e+00	8.90084e+01	0.00000e+00
1.30914e+03	2.98452e+02	1.93795e+03	1.34130e+03	4.87453e+00	2.57988e+00	8.87940e+01	0.00000e+00
1.31330e+03	2.98594e+02	1.93606e+03	1.34134e+03	4.87703e+00	2.58164e+00	8.85803e+01	0.00000e+00
1.31746e+03	2.98736e+02	1.93417e+03	1.34139e+03	4.87953e+00	2.58340e+00	8.83678e+01	0.00000e+00
1.32162e+03	2.98877e+02	1.93227e+03	1.34143e+03	4.88202e+00	2.58516e+00	8.81571e+01	0.00000e+00
1.32578e+03	2.99018e+02	1.93038e+03	1.34147e+03	4.88452e+00	2.58692e+00	8.79471e+01	0.00000e+00
1.32994e+03	2.99159e+02	1.92849e+03	1.34151e+03	4.88701e+00	2.58868e+00	8.77378e+01	0.00000e+00
1.33411e+03	2.99300e+02	1.92661e+03	1.34156e+03	4.88950e+00	2.59043e+00	8.75292e+01	0.00000e+00
1.33827e+03	2.99441e+02	1.92472e+03	1.34160e+03	4.89199e+00	2.59219e+00	8.73213e+01	0.00000e+00
1.34243e+03	2.99582e+02	1.92283e+03	1.34164e+03	4.89448e+00	2.59394e+00	8.71143e+01	0.00000e+00
1.34659e+03	2.99722e+02	1.92095e+03	1.34169e+03	4.89697e+00	2.59569e+00	8.69089e+01	0.00000e+00
1.35075e+03	2.99862e+02	1.91907e+03	1.34173e+03	4.89946e+00	2.59744e+00	8.67042e+01	0.00000e+00
1.35492e+03	3.00002e+02	1.91719e+03	1.34177e+03	4.90194e+00	2.59919e+00	8.65002e+01	0.00000e+00
1.35908e+03	3.00142e+02	1.91531e+03	1.34181e+03	4.90443e+00	2.60094e+00	8.62969e+01	0.00000e+00
1.36324e+03	3.00282e+02	1.91343e+03	1.34186e+03	4.90691e+00	2.60269e+00	8.60942e+01	0.00000e+00
1.36740e+03	3.00422e+02	1.91155e+03	1.34190e+03	4.90939e+00	2.60443e+00	8.58923e+01	0.00000e+00
1.37156e+03	3.00562e+02	1.90968e+03	1.34194e+03	4.91187e+00	2.60618e+00	8.56918e+01	0.00000e+00
1.37572e+03	3.00702e+02	1.90780e+03	1.34198e+03	4.91435e+00	2.60792e+00	8.54920e+01	0.00000e+00
1.37989e+03	3.00841e+02	1.90593e+03	1.34203e+03	4.91683e+00	2.60966e+00	8.52928e+01	0.00000e+00
1.38405e+03	3.00981e+02	1.90406e+03	1.34207e+03	4.91930e+00	2.61140e+00	8.50943e+01	0.00000e+00
1.38821e+03	3.01120e+02	1.90219e+03	1.34211e+03	4.92178e+00	2.61314e+00	8.48964e+01	0.00000e+00
1.39237e+03	3.01260e+02	1.90032e+03	1.34215e+03	4.92425e+00	2.61488e+00	8.46992e+01	0.00000e+00
1.39653e+03	3.01399e+02	1.89845e+03	1.34220e+03	4.92672e+00	2.61662e+00	8.45032e+01	0.00000e+00
1.40070e+03	3.01538e+02	1.89658e+03	1.34224e+03	4.92919e+00	2.61835e+00	8.43078e+01	0.00000e+00
1.40486e+03	3.01677e+02	1.89472e+03	1.34228e+03	4.93166e+00	2.62009e+00	8.41130e+01	0.00000e+00
1.40902e+03	3.01816e+02	1.89286e+03	1.34232e+03	4.93413e+00	2.62182e+00	8.39189e+01	0.00000e+00
1.41318e+03	3.01955e+02	1.89099e+03	1.34237e+03	4.93659e+00	2.62355e+00	8.37254e+01	0.00000e+00
1.41734e+03	3.02095e+02	1.88913e+03	1.34241e+03	4.93906e+00	2.62528e+00	8.35325e+01	0.00000e+00
1.42150e+03	3.02234e+02	1.88727e+03	1.34245e+03	4.94152e+00	2.62701e+00	8.33405e+01	0.00000e+00
1.42567e+03	3.02373e+02	1.88541e+03	1.34249e+03	4.94398e+00	2.62874e+00	8.31491e+01	0.00000e+00
1.42983e+03	3.02511e+02	1.88356e+03	1.34254e+03	4.94644e+00	2.63047e+00	8.29584e+01	0.00000e+00
1.43399e+03	3.02650e+02	1.88170e+03	1.34258e+03	4.94890e+00	2.63219e+00	8.27683e+01	0.00000e+00
1.43815e+03	3.02789e+02	1.87985e+03	1.34262e+03	4.95136e+00	2.63392e+00	8.25788e+01	0.00000e+00
1.44231e+03	3.02928e+02	1.87800e+03	1.34266e+03	4.95382e+00	2.63564e+00	8.23899e+01	0.00000e+00
1.44648e+03	3.03067e+02	1.87615e+03	1.34271e+03	4.95627e+00	2.63736e+00	8.22016e+01	0.00000e+00
1.45064e+03	3.03206e+02	1.87430e+03	1.34275e+03	4.95873e+00	2.63908e+00	8.20140e+01	0.00000e+00
1.45480e+03	3.03345e+02	1.87245e+03	1.34279e+03	4.96118e+00	2.64080e+00	8.18269e+01	0.00000e+00
1.45896e+03	3.03484e+02	1.87060e+03	1.34283e+03	4.96363e+00	2.64252e+00	8.16404e+01	0.00000e+00
1.46312e+03	3.03623e+02	1.86876e+03	1.34288e+03	4.96608e+00	2.64424e+00	8.14546e+01	0.00000e+00
1.46729e+03	3.03762e+02	1.86691e+03	1.34292e+03	4.96853e+00	2.64595e+00	8.12693e+01	0.00000e+00
1.47145e+03	3.03901e+02	1.86507e+03	1.34296e+03	4.97098e+00	2.64767e+00	8.10845e+01	0.00000e+00
1.47561e+03	3.04040e+02	1.86323e+03	1.34300e+03	4.97342e+00	2.64938e+00	8.09002e+01	0.00000e+00
1.47977e+03	3.04179e+02	1.86139e+03	1.34304e+03	4.97587e+00	2.65109e+00	8.07165e+01	0.00000e+00
1.48393e+03	3.04318e+02	1.85955e+03	1.34309e+03	4.97831e+00	2.65280e+00	8.05334e+01	0.00000e+00
1.48809e+03	3.04457e+02	1.85771e+03	1.34313e+03	4.98076e+00	2.65451e+00	8.03509e+01	0.00000e+00
1.49226e+03	3.04596e+02	1.85588e+03	1.34317e+03	4.98320e+00	2.65622e+00	8.01690e+01	0.00000e+00
1.49642e+03	3.04735e+02	1.85404e+03	1.34321e+03	4.98564e+00	2.65793e+00	7.99873e+01	0.00000e+00
1.50058e+03	3.04874e+02	1.85221e+03	1.34325e+03	4.98807e+00	2.65964e+00	7.98061e+01	0.00000e+00
1.50474e+03	3.05014e+02	1.85038e+03	1.34330e+03	4.99051e+00	2.66134e+00	7.96255e+01	0.00000e+00
1.50890e+03	3.05153e+02	1.84855e+03	1.34334e+03	4.99295e+00	2.66305e+00	7.94455e+01	0.00000e+00
1.51307e+03	3.05292e+02	1.84672e+03	1.34338e+03	4.99538e+00	2.66475e+00	7.92660e+01	0.00000e+00
1.51723e+03	3.05432e+02	1.84490e+03	1.34342e+03	4.99781e+00	2.66645e+00	7.90871e+01	0.00000e+00
1.52139e+03	3.05571e+02	1.84307e+03	1.34346e+03	5.00025e+00	2.66815e+00	7.89084e+01	0.00000e+00
1.52555e+03	3.05711e+02	1.84125e+03	1.34351e+03	5.00268e+00	2.66985e+00	7.87301e+01	0.00000e+00
1.52971e+03	3.05851e+02	1.83942e+03	1.34355e+03	5.00511e+00	2.67155e+00	7.85523e+01	0.00000e+00
1.53387e+03	3.05991e+02	1.83760e+03	1.34359e+03	5.00753e+00	2.67325e+00	7.83750e+01	0.00000e+00
1.53804e+03	3.06131e+02	1.83578e+03	1.34363e+03	5.00996e+00	2.67494e+00	7.81983e+01	0.00000e+00
1.54220e+03	3.06271e+02	1.83397e+03	1.34367e+03	5.01239e+00	2.67664e+00	7.80222e+01	0.00000e+00
1.54636e+03	3.06411e+02	1.83215e+03	1.34372e+03	5.01481e+00	2.67833e+00	7.78463e+01	0.00000e+00
1.55052e+03	3.06551e+02	1.83033e+03	1.34376e+03	5.01723e+00	2.68002e+00	7.76705e+01	0.00000e+00
1.55468e+03	3.06692e+02	1.82852e+03	1.34380e+03	5.01965e+00	2.68171e+00	7.74953e+01	0.00000e+00
1.55885e+03	3.06832e+02	1.82671e+03	1.34384e+03	5.02207e+00	2.68340e+00	7.73206e+01	0.00000e+00
1.56301e+03	3.06972e+02	1.82490e+03	1.34388e+03	5.02449e+00	2.68509e+00	7.71465e+01	0.00000e+00
1.56717e+03	3.07113e+02	1.82309e+03	1.34392e+03	5.02691e+00	2.68678e+00	7.69729e+01	0.00000e+00
1.57133e+03	3.07254e+02	1.82128e+03	1.34397e+03	5.02933e+00	2.68847e+00	7.67995e+01	0.00000e+00
1.57549e+03	3.07395e+02	1.81948e+03	1.34401e+03	5.03174e+00	2.69015e+00	7.66261e+01	0.00000e+00
1.57965e+03	3.07536e+02	1.81767e+03	1.34405e+03	5.03416e+00	2.69184e+00	7.64532e+01	0.00000e+00
1.58382e+03	3.07677e+02	1.81587e+03	1.34409e+03	5.03657e+00	2.69352e+00	7.62809e+01	0.00000e+00
1.58798e+03	3.07818e+02	1.81407e+03	1.34413e+03	5.03898e+00	2.69520e+00	7.61091e+01	0.00000e+00
1.59214e+03	3.07960e+02	1.81227e+03	1.34417e+03	5.04139e+00	2.69689e+00	7.59379e+01	0.00000e+00
1.59630e+03	3.08101e+02	1.81047e+03	1.34421e+03	5.04380e+00	2.69857e+00	7.57668e+01	0.00000e+00
1.60046e+03	3.08243e+02	1.80867e+03	1.34426e+03	5.04621e+00	2.70024e+00	7.55956e+01	0.00000e+00
1.60463e+03	3.08385e+02	1.80688e+03	1.34430e+03	5.04862e+00	2.70192e+00	7.54249e+01	0.00000e+00
1.60879e+03	3.08528e+02	1.80508e+03	1.34434e+03	5.05102e+00	2.70360e+00	7.52547e+01	0.00000e+00
1.61295e+03	3.08670e+02	1.80329e+03	1.34438e+03	5.05343e+00	2.70527e+00	7.50851e+01	0.00000e+00
1.61711e+03	3.08812e+02	1.80150e+03	1.34442e+03	5.05583e+00	2.70695e+00	7.49160e+01	0.00000e+00
1.62127e+03	3.08954e+02	1.79971e+03	1.34446e+03	5.05823e+00	2.70862e+00	7.47471e+01	0.00000e+00
1.62543e+03	3.09097e+02	1.79792e+03	1.34450e+03	5.06063e+00	2.71029e+00	7.45778e+01	0.00000e+00
1.62960e+03	3.09241e+02	1.79613e+03	1.34454e+03	5.06303e+00	2.71197e+00	7.44091e+01	0.00000e+00
1.63376e+03	3.09384e+02	1.79435e+03	1.34458e+03	5.06543e+00	2.71364e+00	7.42409e+01	0.00000e+00
1.63792e+03	3.09527e+02	1.79257e+03	1.34463e+03	5.06783e+00	2.71530e+00	7.40733e+01	0.00000e+00
1.64208e+03	3.09670e+02	1.79078e+03	1.34467e+03	5.07022e+00	2.71697e+00	7.39061e+01	0.00000e+00
1.64624e+03	3.09814e+02	1.78900e+03	1.34471e+03	5.07262e+00	2.71864e+00	7.37393e+01	0.00000e+00
1.65041e+03	3.09958e+02	1.78723e+03	1.34475e+03	5.07501e+00	2.72030e+00	7.35719e+01	0.00000e+00
1.65457e+03	3.10102e+02	1.78545e+03	1.34479e+03	5.07740e+00	2.72197e+00	7.34050e+01	0.00000e+00
1.65873e+03	3.10247e+02	1.78367e+03	1.34483e+03	5.07979e+00	2.72363e+00	7.32386e+01	0.00000e+00
1.66289e+03	3.10391e+02	1.78190e+03	1.34487e+03	5.08218e+00	2.72530e+00	7.30727e+01	0.00000e+00
1.66705e+03	3.10535e+02	1.78013e+03	1.34491e+03	5.08457e+00	2.72696e+00	7.29074e+01	0.00000e+00
1.67122e+03	3.10680e+02	1.77835e+03	1.34495e+03	5.08696e+00	2.72862e+00	7.27425e+01	0.00000e+00
1.67538e+03	3.10826e+02	1.77659e+03	1.34499e+03	5.08934e+00	2.73028e+00	7.25767e+01	0.00000e+00
1.67954e+03	3.10971e+02	1.77482e+03	1.34503e+03	5.09173e+00	2.73193e+00	7.24115e+01	0.00000e+00
1.68370e+03	3.11117e+02	1.77305e+03	1.34507e+03	5.09411e+00	2.73359e+00	7.22468e+01	0.00000e+00
1.68786e+03	3.11263e+02	1.77129e+03	1.34512e+03	5.09649e+00	2.73525e+00	7.20826e+01	0.00000e+00
1.69202e+03	3.11409e+02	1.76952e+03	1.34516e+03	5.09888e+00	2.73690e+00	7.19190e+01	0.00000e+00
1.69619e+03	3.11554e+02	1.76776e+03	1.34520e+03	5.10126e+00	2.73856e+00	7.17558e+01	0.00000e+00
1.70035e+03	3.11701e+02	1.76600e+03	1.34524e+03	5.10363e+00	2.74021e+00	7.15916e+01	0.00000e+00
1.70451e+03	3.11849e+02	1.76424e+03	1.34528e+03	5.10601e+00	2.74186e+00	7.14279e+01	0.00000e+00
1.70867e+03	3.11996e+02	1.76249e+03	1.34532e+03	5.10839e+00	2.74351e+00	7.12647e+01	0.00000e+00
1.71283e+03	3.12143e+02	1.76073e+03	1.34536e+03	5.11076e+00	2.74516e+00	7.11021e+01	0.00000e+00
1.71700e+03	3.12290e+02	1.75898e+03	1.34540e+03	5.11314e+00	2.74681e+00	7.09400e+01	0.00000e+00
1.72116e+03	3.12437e+02	1.75722e+03	1.34544e+03	5.11551e+00	2.74846e+00	7.07784e+01	0.00000e+00
1.72532e+03	3.12586e+02	1.75547e+03	1.34548e+03	5.11788e+00	2.75010e+00	7.06157e+01	0.00000e+00
1.72948e+03	3.12735e+02	1.75372e+03	1.34552e+03	5.12025e+00	2.75175e+00	7.04534e+01	0.00000e+00
1.73364e+03	3.12883e+02	1.75198e+03	1.34556e+03	5.12262e+00	2.75340e+00	7.02917e+01	0.00000e+00
1.73780e+03	3.13032e+02	1.75023e+03	1.34560e+03	5.12499e+00	2.75504e+00	7.01304e+01	0.00000e+00
1.74197e+03	3.13181e+02	1.74849e+03	1.34564e+03	5.12736e+00	2.75668e+00	6.99697e+01	0.00000e+00
1.74613e+03	3.13330e+02	1.74674e+03	1.34568e+03	5.12973e+00	2.75832e+00	6.98095e+01	0.00000e+00
1.75029e+03	3.13480e+02	1.74500e+03	1.34572e+03	5.13209e+00	2.75996e+00	6.96483e+01	0.00000e+00
1.75445e+03	3.13630e+02	1.74326e+03	1.34576e+03	5.13445e+00	2.76160e+00	6.94874e+01	0.00000e+00
1.75861e+03	3.13781e+02	1.74153e+03	1.34580e+03	5.13682e+00	2.76324e+00	6.93269e+01	0.00000e+00
1.76278e+03	3.13931e+02	1.73979e+03	1.34584e+03	5.13918e+00	2.76488e+00	6.91670e+01	0.00000e+00
1.76694e+03	3.14082e+02	1.73806e+03	1.34588e+03	5.14154e+00	2.76651e+00	6.90076e+01	0.00000e+00
1.77110e+03	3.14232e+02	1.73632e+03	1.34592e+03	5.14390e+00	2.76815e+00	6.88487e+01	0.00000e+00
1.77526e+03	3.14384e+02	1.73459e+03	1.34596e+03	5.14626e+00	2.76978e+00	6.86889e+01	0.00000e+00
1.77942e+03	3.14536e+02	1.73286e+03	1.34600e+03	5.14861e+00	2.77142e+00	6.85291e+01	0.00000e+00
1.78358e+03	3.14689e+02	1.73113e+03	1.34604e+03	5.15097e+00	2.77305e+00	6.83699e+01	0.00000e+00
1.78775e+03	3.14841e+02	1.72941e+03	1.34608e+03	5.15332e+00	2.77468e+00	6.82112e+01	0.00000e+00
1.79191e+03	3.14993e+02	1.72768e+03	1.34612e+03	5.15568e+00	2.77631e+00	6.80530e+01	0.00000e+00
1.79607e+03	3.15145e+02	1.72596e+03	1.34616e+03	5.15803e+00	2.77794e+00	6.78953e+01	0.00000e+00
1.80023e+03	3.15299e+02	1.72424e+03	1.34619e+03	5.16038e+00	2.77957e+00	6.77368e+01	0.00000e+00
1.80439e+03	3.15453e+02	1.72252e+03	1.34623e+03	5.16273e+00	2.78119e+00	6.75782e+01	0.00000e+00
1.80856e+03	3.15607e+02	1.72080e+03	3.58974e+03	4.68456e+00	2.66422e+00	1.26367e+13	0.00000e+00
1.90417e+03	3.29040e+02	1.70601e+03	3.58974e+03	4.71629e+00	2.68798e+00	4.39231e+12	0.00000e+00
1.99906e+03	3.42363e+02	1.69121e+03	3.60931e+03	4.71810e+00	2.68734e+00	1.66868e+12	0.00000e+00
2.09374e+03	3.55579e+02	1.67642e+03	3.61080e+03	8.25976e+00	4.70167e+00	6.86087e+11	0.00000e+00
2.18773e+03	3.68686e+02	1.66163e+03	3.61227e+03	8.26273e+00	4.70045e+00	3.02204e+11	0.00000e+00
2.28103e+03	3.81685e+02	1.64684e+03	3.61372e+03	8.26562e+00	4.69921e+00	1.41501e+11	0.00000e+00
2.37363e+03	3.94576e+02	1.63204e+03	3.61514e+03	8.29162e+00	4.71135e+00	6.99632e+10	0.00000e+00
2.46554e+03	4.07359e+02	1.61725e+03	3.61844e+03	8.33924e+00	4.73597e+00	3.63206e+10	0.00000e+00
2.55679e+03	4.20035e+02	1.60246e+03	3.62347e+03	8.39331e+00	4.76429e+00	1.97014e+10	0.00000e+00
2.64744e+03	4.32603e+02	1.58767e+03	3.62902e+03	8.44457e+00	4.79096e+00	1.11189e+10	0.00000e+00
2.73750e+03	4.45064e+02	1.57287e+03	3.63433e+03	8.44683e+00	4.78936e+00	6.50459e+09	0.00000e+00
2.82695e+03	4.57418e+02	1.55808e+03	3.63561e+03	8.44904e+00	4.78776e+00	3.93126e+09	0.00000e+00
2.91569e+03	4.69665e+02	1.54329e+03	3.63688e+03	8.45120e+00	4.78615e+00	2.44726e+09	0.00000e+00
3.00372e+03	4.81805e+02	1.52850e+03	3.63813e+03	8.45330e+00	4.78452e+00	1.56514e+09	0.00000e+00
3.09104e+03	4.93838e+02	1.51371e+03	3.63936e+03	8.45534e+00	4.78288e+00	1.02605e+09	0.00000e+00
3.17765e+03	5.05766e+02	1.49891e+03	3.64057e+03	8.45735e+00	4.78123e+00	6.88101e+08	0.00000e+00
3.26356e+03	5.17587e+02	1.48412e+03	3.64177e+03	8.45930e+00	4.77958e+00	4.71213e+08	0.00000e+00
3.34876e+03	5.29302e+02	1.46933e+03	3.64295e+03	8.46120e+00	4.77793e+00	3.28976e+08	0.00000e+00
3.43325e+03	5.40911e+02	1.45454e+03	3.64412e+03	8.46307e+00	4.77627e+00	2.33809e+08	0.00000e+00
3.51704e+03	5.52416e+02	1.43974e+03	3.64527e+03	8.46490e+00	4.77461e+00	1.68943e+08	0.00000e+00
3.60012e+03	5.63815e+02	1.42495e+03	3.64642e+03	8.46668e+00	4.77295e+00	1.23962e+08	0.00000e+00
3.68250e+03	5.75109e+02	1.41016e+03	3.64754e+03	8.46844e+00	4.77130e+00	9.22653e+07	0.00000e+00
3.76417e+03	5.86298e+02	1.39537e+03	3.64865e+03	8.47017e+00	4.76964e+00	6.95936e+07	0.00000e+00
3.84515e+03	5.97383e+02	1.38057e+03	3.64975e+03	8.47185e+00	4.76799e+00	5.31491e+07	0.00000e+00
3.92542e+03	6.08364e+02	1.36578e+03	3.65084e+03	8.47352e+00	4.76635e+00	4.10645e+07	0.00000e+00
4.00499e+03	6.19241e+02	1.35099e+03	3.65191e+03	8.47515e+00	4.76470e+00	3.20746e+07	0.00000e+00
4.08387e+03	6.30015e+02	1.33620e+03	3.65297e+03	8.47676e+00	4.76307e+00	2.53097e+07	0.00000e+00
4.16205e+03	6.40686e+02	1.32141e+03	3.65402e+03	8.47834e+00	4.76144e+00	2.01637e+07	0.00000e+00
4.23954e+03	6.51254e+02	1.30661e+03	3.65506e+03	8.47989e+00	4.75981e+00	1.62094e+07	0.00000e+00
4.31634e+03	6.61719e+02	1.29182e+03	3.65608e+03	8.48142e+00	4.75820e+00	1.31416e+07	0.00000e+00
4.39244e+03	6.72083e+02	1.27703e+03	3.65710e+03	8.48292e+00	4.75659e+00	1.07399e+07	0.00000e+00
4.46786e+03	6.82345e+02	1.26224e+03	3.65810e+03	8.48441e+00	4.75499e+00	8.84367e+06	0.00000e+00
4.54260e+03	6.92506e+02	1.24744e+03	3.65909e+03	8.48588e+00	4.75341e+00	7.33435e+06	0.00000e+00
4.61665e+03	7.02566e+02	1.23265e+03	3.66008e+03	8.48731e+00	4.75183e+00	6.12379e+06	0.00000e+00
4.69003e+03	7.12526e+02	1.21786e+03	3.66105e+03	8.48874e+00	4.75026e+00	5.14582e+06	0.00000e+00
4.76273e+03	7.22386e+02	1.20307e+03	3.66201e+03	8.49013e+00	4.74870e+00	4.35030e+06	0.00000e+00
4.83476e+03	7.32147e+02	1.18827e+03	3.66296e+03	8.49152e+00	4.74715e+00	3.69897e+06	0.00000e+00
4.90612e+03	7.41810e+02	1.17348e+03	3.66390e+03	8.49289e+00	4.74561e+00	3.16237e+06	0.00000e+00
4.97682e+03	7.51374e+02	1.15869e+03	3.66483e+03	8.49423e+00	4.74409e+00	2.71768e+06	0.00000e+00
5.04685e+03	7.60841e+02	1.14390e+03	3.66575e+03	8.49557e+00	4.74257e+00	2.34708e+06	0.00000e+00
5.11623e+03	7.70210e+02	1.12910e+03	3.66666e+03	8.49688e+00	4.74107e+00	2.03657e+06	0.00000e+00
5.18496e+03	7.79484e+02	1.11431e+03	3.66756e+03	8.49818e+00	4.73958e+00	1.77507e+06	0.00000e+00
5.25304e+03	7.88662e+02	1.09952e+03	3.66845e+03	8.49946e+00	4.73809e+00	1.55377e+06	0.00000e+00
5.32048e+03	7.97745e+02	1.08473e+03	3.66933e+03	8.50073e+00	4.73663e+00	1.36561e+06	0.00000e+00
5.38729e+03	8.06734e+02	1.06994e+03	3.67021e+03	8.50198e+00	4.73517e+00	1.20493e+06	0.00000e+00
5.45346e+03	8.15630e+02	1.05514e+03	3.67107e+03	8.50323e+00	4.73373e+00	1.06710e+06	0.00000e+00
5.51902e+03	8.24433e+02	1.04035e+03	3.67193e+03	8.50445e+00	4.73229e+00	9.48414e+05	0.00000e+00
5.58396e+03	8.33146e+02	1.02556e+03	3.67278e+03	8.50567e+00	4.73088e+00	8.45796e+05	0.00000e+00
5.64829e+03	8.41767e+02	1.01077e+03	3.67361e+03	8.50686e+00	4.72947e+00	7.56740e+05	0.00000e+00
5.71202e+03	8.50299e+02	9.95974e+02	3.67444e+03	8.50806e+00	4.72807e+00	6.79173e+05	0.00000e+00
5.77516e+03	8.58743e+02	9.81182e+02	3.67527e+03	8.50923e+00	4.72669e+00	6.11378e+05	0.00000e+00
5.83771e+03	8.67100e+02	9.66389e+02	3.67608e+03	8.51040e+00	4.72532e+00	5.51925e+05	0.00000e+00
5.89970e+03	8.75370e+02	9.51597e+02	3.67689e+03	8.51155e+00	4.72396e+00	4.99621e+05	0.00000e+00
5.96112e+03	8.83556e+02	9.36805e+02	3.67769e+03	8.51270e+00	4.72262e+00	4.53462e+05	0.00000e+00
6.02198e+03	8.91659e+02	9.22012e+02	3.67848e+03	8.51587e+00	4.72245e+00	4.12605e+05	0.00000e+00
6.08231e+03	8.99680e+02	9.07220e+02	3.67964e+03	8.52277e+00	4.72434e+00	3.76337e+05	0.00000e+00
6.14212e+03	9.07620e+02	8.92428e+02	3.68154e+03	8.52958e+00	4.72609e+00	3.44052e+05	0.00000e+00
6.20143e+03	9.15482e+02	8.77636e+02	3.68323e+03	8.53613e+00	4.72768e+00	3.15238e+05	0.00000e+00
6.26026e+03	9.23268e+02	8.62843e+02	3.68453e+03	8.54248e+00	4.72925e+00	2.89454e+05	0.00000e+00
6.31860e+03	9.30978e+02	8.48051e+02	3.68624e+03	8.54861e+00	4.73091e+00	2.66321e+05	0.00000e+00
6.37650e+03	9.38616e+02	8.33259e+02	3.68900e+03	8.55467e+00	4.73248e+00	2.45517e+05	0.00000e+00
6.43397e+03	9.46183e+02	8.18466e+02	3.69162e+03	8.56106e+00	4.73366e+00	2.26763e+05	0.00000e+00
6.49103e+03	9.53682e+02	8.03674e+02	3.69207e+03	8.56744e+00	4.73473e+00	2.09819e+05	0.00000e+00
6.54768e+03	9.61115e+02	7.88882e+02	3.69213e+03	8.57316e+00	4.73670e+00	1.94471e+05	0.00000e+00
6.60392e+03	9.68485e+02	7.74089e+02	3.69399e+03	8.57865e+00	4.73891e+00	1.80539e+05	0.00000e+00
6.65982e+03	9.75796e+02	7.59297e+02	3.69622e+03	8.58518e+00	4.74049e+00	1.67867e+05	0.00000e+00
6.71539e+03	9.83050e+02	7.44505e+02	3.69818e+03	8.59293e+00	4.74133e+00	1.56316e+05	0.00000e+00
6.77066e+03	9.90250e+02	7.29712e+02	3.69982e+03	8.60039e+00	4.74206e+00	1.45765e+05	0.00000e+00
6.82566e+03	9.97401e+02	7.14920e+02	3.70155e+03	8.60398e+00	4.74264e+00	1.36107e+05	0.00000e+00
6.88043e+03	1.00451e+03	7.00128e+02	3.70409e+03	8.60723e+00	4.74311e+00	1.27250e+05	0.00000e+00
6.93500e+03	1.01157e+03	6.85335e+02	3.70673e+03	8.61178e+00	4.74456e+00	1.19111e+05	0.00000e+00
6.98942e+03	1.01860e+03	6.70543e+02	3.70738e+03	8.61703e+00	4.74660e+00	1.11617e+05	0.00000e+00
7.04370e+03	1.02559e+03	6.55751e+02	3.70683e+03	8.62277e+00	4.74871e+00	1.04702e+05	0.00000e+00
7.09786e+03	1.03257e+03	6.40958e+02	3.70676e+03	8.63093e+00	4.75096e+00	9.83094e+04	0.00000e+00
7.15198e+03	1.03952e+03	6.26166e+02	3.70960e+03	8.63934e+00	4.75328e+00	9.23875e+04	0.00000e+00
7.20614e+03	1.04646e+03	6.11374e+02	3.71257e+03	8.64576e+00	4.75302e+00	8.68927e+04	0.00000e+00
7.26042e+03	1.05339e+03	5.96581e+02	3.71457e+03	8.65120e+00	4.75137e+00	8.17841e+04	0.00000e+00
7.31485e+03	1.06033e+03	5.81789e+02	3.71608e+03	8.65674e+00	4.75054e+00	7.70247e+04	0.00000e+00
7.36951e+03	1.06728e+03	5.66997e+02	3.71762e+03	8.66287e+00	4.75470e+00	7.25816e+04	0.00000e+00
7.42449e+03	1.07426e+03	5.52205e+02	3.71926e+03	8.66906e+00	4.75913e+00	6.84254e+04	0.00000e+00
7.47987e+03	1.08127e+03	5.37412e+02	3.72092e+03	8.67261e+00	4.76023e+00	6.45296e+04	0.00000e+00
7.53576e+03	1.08832e+03	5.22620e+02	3.72250e+03	8.67466e+00	4.75954e+00	6.08701e+04	0.00000e+00
7.59226e+03	1.09544e+03	5.07828e+02	3.72404e+03	8.67849e+00	4.75906e+00	5.74254e+04	0.00000e+00
7.64952e+03	1.10263e+03	4.93035e+02	3.72568e+03	8.69015e+00	4.75994e+00	5.41755e+04	0.00000e+00
7.70766e+03	1.10991e+03	4.78243e+02	3.72773e+03	8.70239e+00	4.76080e+00	5.11027e+04	0.00000e+00
7.70766e+03	1.10991e+03	4.78243e+02	8.00000e+03	6.29575e+00	3.38960e+00	1.00000e+04	0.00000e+00
8.16407e+03	1.11115e+03	4.25105e+02	8.00504e+03	6.29377e+00	3.38854e+00	1.00000e+04	0.00000e+00
8.57069e+03	1.11238e+03	3.71967e+02	8.00978e+03	6.32653e+00	3.40431e+00	1.00000e+04	0.00000e+00
8.92757e+03	1.11361e+03	3.18829e+02	8.01429e+03	6.35542e+00	3.41823e+00	1.00000e+04	0.00000e+00
9.23486e+03	1.11485e+03	2.65691e+02	8.01862e+03	6.38050e+00	3.43031e+00	1.00000e+04	0.00000e+00
9.49297e+03	1.11608e+03	2.12552e+02	8.02280e+03	6.40182e+00	3.44056e+00	1.00000e+04	0.00000e+00
9.70290e+03	1.11731e+03	1.59414e+02	8.02686e+03	6.41943e+00	3.44903e+00	1.00000e+04	0.00000e+00
9.86735e+03	1.11854e+03	1.06276e+02	8.03084e+03	6.43343e+00	3.45575e+00	1.00000e+04	0.00000e+00
9.99586e+03	1.11978e+03	5.31381e+01	8.03475e+03	6.44405e+00	3.46082e+00	1.00000e+04	0.00000e+00
1.01537e+04	1.12101e+03	0.00000e+00	8.03859e+03	6.45202e+00	3.46461e+00	1.00000e+04	0.00000e+00
