P (MPa)		T (K)		r (km)		rho (kg m-3)	VP (km s-1)	VS (km s-1)	QS/gamma	k for 0.01 mol/kg MgSO4 (S m-1)	
0.00000e+00	1.10000e+02	2.63410e+03	9.31828e+02	3.87940e+00	1.96225e+00	2.74516e+04	0.00000e+00
1.81849e+00	1.46766e+02	2.63273e+03	9.31828e+02	3.88434e+00	1.96504e+00	1.83477e+03	0.00000e+00
3.63698e+00	1.95822e+02	2.63136e+03	9.31785e+02	3.89355e+00	1.96998e+00	2.41512e+02	0.00000e+00
5.45547e+00	2.61273e+02	2.63000e+03	9.31712e+02	3.91085e+00	1.97902e+00	5.28333e+01	0.00000e+00
7.27396e+00	2.61314e+02	2.62863e+03	9.31604e+02	3.91199e+00	1.97988e+00	5.27963e+01	0.00000e+00
9.09246e+00	2.61356e+02	2.62726e+03	9.31457e+02	3.91312e+00	1.98073e+00	5.27576e+01	0.00000e+00
1.09109e+01	2.61400e+02	2.62589e+03	9.31264e+02	3.91424e+00	1.98159e+00	5.27171e+01	0.00000e+00
1.27294e+01	2.61446e+02	2.62452e+03	9.31019e+02	3.91537e+00	1.98244e+00	5.26747e+01	0.00000e+00
1.45479e+01	2.61495e+02	2.62316e+03	9.30716e+02	3.91649e+00	1.98329e+00	5.26303e+01	0.00000e+00
1.63664e+01	2.61546e+02	2.62179e+03	9.30345e+02	3.91760e+00	1.98414e+00	5.25838e+01	0.00000e+00
1.81849e+01	2.61599e+02	2.62042e+03	9.29898e+02	3.91872e+00	1.98498e+00	5.25351e+01	0.00000e+00
2.00034e+01	2.61655e+02	2.61905e+03	9.29366e+02	3.91983e+00	1.98583e+00	5.24841e+01	0.00000e+00
2.18219e+01	2.61714e+02	2.61768e+03	9.28738e+02	3.92093e+00	1.98667e+00	5.24308e+01	0.00000e+00
2.36404e+01	2.61775e+02	2.61631e+03	9.28007e+02	3.92203e+00	1.98751e+00	5.23750e+01	0.00000e+00
2.54589e+01	2.61839e+02	2.61495e+03	9.27162e+02	3.92313e+00	1.98835e+00	5.23166e+01	0.00000e+00
2.72774e+01	2.61907e+02	2.61357e+03	9.26196e+02	3.92423e+00	1.98918e+00	5.22555e+01	0.00000e+00
2.90959e+01	2.61978e+02	2.61220e+03	9.25107e+02	3.92532e+00	1.99002e+00	5.21915e+01	0.00000e+00
3.09143e+01	2.62052e+02	2.61083e+03	9.23894e+02	3.92641e+00	1.99085e+00	5.21246e+01	0.00000e+00
3.27328e+01	2.62129e+02	2.60946e+03	9.22563e+02	3.92750e+00	1.99168e+00	5.20546e+01	0.00000e+00
3.45513e+01	2.70000e+02	2.60808e+03	9.21129e+02	3.93076e+00	1.99361e+00	4.56125e+01	0.00000e+00
3.84745e+01	2.70038e+02	2.60565e+03	1.12402e+03	1.60008e+00	0.00000e+00	0.00000e+00	7.58176e-02
4.23978e+01	2.70077e+02	2.60321e+03	1.12554e+03	1.60778e+00	0.00000e+00	0.00000e+00	7.62376e-02
4.63210e+01	2.70118e+02	2.60079e+03	1.12705e+03	1.61546e+00	0.00000e+00	0.00000e+00	7.66531e-02
5.02442e+01	2.70160e+02	2.59836e+03	1.12855e+03	1.62310e+00	0.00000e+00	0.00000e+00	7.70640e-02
5.41674e+01	2.70204e+02	2.59594e+03	1.13003e+03	1.63072e+00	0.00000e+00	0.00000e+00	7.74704e-02
5.80906e+01	2.70250e+02	2.59353e+03	1.13150e+03	1.63829e+00	0.00000e+00	0.00000e+00	7.78723e-02
6.20139e+01	2.70296e+02	2.59112e+03	1.13296e+03	1.64584e+00	0.00000e+00	0.00000e+00	7.82696e-02
6.59371e+01	2.70344e+02	2.58871e+03	1.13440e+03	1.65335e+00	0.00000e+00	0.00000e+00	7.86625e-02
6.98603e+01	2.70393e+02	2.58630e+03	1.13583e+03	1.66083e+00	0.00000e+00	0.00000e+00	7.90509e-02
7.37835e+01	2.70444e+02	2.58390e+03	1.13724e+03	1.66828e+00	0.00000e+00	0.00000e+00	7.94348e-02
7.77067e+01	2.70495e+02	2.58150e+03	1.13864e+03	1.67570e+00	0.00000e+00	0.00000e+00	7.98143e-02
8.16300e+01	2.70548e+02	2.57911e+03	1.14004e+03	1.68308e+00	0.00000e+00	0.00000e+00	8.01894e-02
8.55532e+01	2.70602e+02	2.57672e+03	1.14141e+03	1.69043e+00	0.00000e+00	0.00000e+00	8.05602e-02
8.94764e+01	2.70657e+02	2.57433e+03	1.14278e+03	1.69774e+00	0.00000e+00	0.00000e+00	8.09266e-02
9.33996e+01	2.70712e+02	2.57195e+03	1.14414e+03	1.70502e+00	0.00000e+00	0.00000e+00	8.12886e-02
9.73228e+01	2.70769e+02	2.56957e+03	1.14548e+03	1.71225e+00	0.00000e+00	0.00000e+00	8.16465e-02
1.01246e+02	2.70827e+02	2.56719e+03	1.14681e+03	1.71944e+00	0.00000e+00	0.00000e+00	8.20000e-02
1.05169e+02	2.70886e+02	2.56482e+03	1.14813e+03	1.72659e+00	0.00000e+00	0.00000e+00	8.23494e-02
1.09092e+02	2.70945e+02	2.56245e+03	1.14944e+03	1.73369e+00	0.00000e+00	0.00000e+00	8.26947e-02
1.13016e+02	2.71006e+02	2.56008e+03	1.15074e+03	1.74074e+00	0.00000e+00	0.00000e+00	8.30359e-02
1.16939e+02	2.71067e+02	2.55772e+03	1.15203e+03	1.74775e+00	0.00000e+00	0.00000e+00	8.33731e-02
1.20862e+02	2.71129e+02	2.55536e+03	1.15331e+03	1.75472e+00	0.00000e+00	0.00000e+00	8.37062e-02
1.24785e+02	2.71192e+02	2.55300e+03	1.15458e+03	1.76164e+00	0.00000e+00	0.00000e+00	8.40355e-02
1.28709e+02	2.71256e+02	2.55065e+03	1.15584e+03	1.76851e+00	0.00000e+00	0.00000e+00	8.43609e-02
1.32632e+02	2.71320e+02	2.54830e+03	1.15709e+03	1.77535e+00	0.00000e+00	0.00000e+00	8.46825e-02
1.36555e+02	2.71385e+02	2.54595e+03	1.15833e+03	1.78213e+00	0.00000e+00	0.00000e+00	8.50004e-02
1.40478e+02	2.71451e+02	2.54361e+03	1.15956e+03	1.78887e+00	0.00000e+00	0.00000e+00	8.53147e-02
1.44401e+02	2.71517e+02	2.54126e+03	1.16078e+03	1.79556e+00	0.00000e+00	0.00000e+00	8.56255e-02
1.48325e+02	2.71584e+02	2.53893e+03	1.16200e+03	1.80220e+00	0.00000e+00	0.00000e+00	8.59327e-02
1.52248e+02	2.71652e+02	2.53659e+03	1.16320e+03	1.80878e+00	0.00000e+00	0.00000e+00	8.62365e-02
1.56171e+02	2.71720e+02	2.53426e+03	1.16439e+03	1.81531e+00	0.00000e+00	0.00000e+00	8.65371e-02
1.60094e+02	2.71789e+02	2.53193e+03	1.16558e+03	1.82178e+00	0.00000e+00	0.00000e+00	8.68344e-02
1.64018e+02	2.71858e+02	2.52960e+03	1.16676e+03	1.82820e+00	0.00000e+00	0.00000e+00	8.71287e-02
1.67941e+02	2.71928e+02	2.52728e+03	1.16793e+03	1.83457e+00	0.00000e+00	0.00000e+00	8.74199e-02
1.71864e+02	2.71999e+02	2.52496e+03	1.16909e+03	1.84089e+00	0.00000e+00	0.00000e+00	8.77082e-02
1.75787e+02	2.72070e+02	2.52264e+03	1.17024e+03	1.84716e+00	0.00000e+00	0.00000e+00	8.79937e-02
1.79710e+02	2.72141e+02	2.52033e+03	1.17139e+03	1.85339e+00	0.00000e+00	0.00000e+00	8.82765e-02
1.83634e+02	2.72213e+02	2.51802e+03	1.17253e+03	1.85957e+00	0.00000e+00	0.00000e+00	8.85567e-02
1.87557e+02	2.72286e+02	2.51571e+03	1.17366e+03	1.86571e+00	0.00000e+00	0.00000e+00	8.88345e-02
1.91480e+02	2.72359e+02	2.51340e+03	1.17478e+03	1.87180e+00	0.00000e+00	0.00000e+00	8.91100e-02
1.95403e+02	2.72432e+02	2.51110e+03	1.17590e+03	1.87784e+00	0.00000e+00	0.00000e+00	8.93832e-02
1.99327e+02	2.72506e+02	2.50880e+03	1.17701e+03	1.88384e+00	0.00000e+00	0.00000e+00	8.96544e-02
2.03250e+02	2.72580e+02	2.50650e+03	1.17811e+03	1.88980e+00	0.00000e+00	0.00000e+00	8.99235e-02
2.07173e+02	2.72655e+02	2.50420e+03	1.17920e+03	1.89573e+00	0.00000e+00	0.00000e+00	9.01908e-02
2.11096e+02	2.72730e+02	2.50191e+03	1.18029e+03	1.90161e+00	0.00000e+00	0.00000e+00	9.04561e-02
2.15019e+02	2.72806e+02	2.49962e+03	1.18137e+03	1.90746e+00	0.00000e+00	0.00000e+00	9.07194e-02
2.18943e+02	2.72882e+02	2.49734e+03	1.18245e+03	1.91328e+00	0.00000e+00	0.00000e+00	9.09808e-02
2.22866e+02	2.72958e+02	2.49505e+03	1.18352e+03	1.91906e+00	0.00000e+00	0.00000e+00	9.12402e-02
2.26789e+02	2.73035e+02	2.49277e+03	1.18458e+03	1.92482e+00	0.00000e+00	0.00000e+00	9.14976e-02
2.30712e+02	2.73112e+02	2.49049e+03	1.18564e+03	1.93055e+00	0.00000e+00	0.00000e+00	9.17531e-02
2.34636e+02	2.73189e+02	2.48822e+03	1.18669e+03	1.93625e+00	0.00000e+00	0.00000e+00	9.20066e-02
2.38559e+02	2.73267e+02	2.48594e+03	1.18773e+03	1.94193e+00	0.00000e+00	0.00000e+00	9.22581e-02
2.42482e+02	2.73345e+02	2.48367e+03	1.18877e+03	1.94760e+00	0.00000e+00	0.00000e+00	9.25077e-02
2.46405e+02	2.73424e+02	2.48140e+03	1.18980e+03	1.95324e+00	0.00000e+00	0.00000e+00	9.27553e-02
2.50328e+02	2.73503e+02	2.47914e+03	1.19082e+03	1.95886e+00	0.00000e+00	0.00000e+00	9.30010e-02
2.54252e+02	2.73582e+02	2.47687e+03	1.19184e+03	1.96445e+00	0.00000e+00	0.00000e+00	9.32447e-02
2.58175e+02	2.73661e+02	2.47461e+03	1.19286e+03	1.97003e+00	0.00000e+00	0.00000e+00	9.34865e-02
2.62098e+02	2.73741e+02	2.47235e+03	1.19386e+03	1.97558e+00	0.00000e+00	0.00000e+00	9.37263e-02
2.66021e+02	2.73821e+02	2.47010e+03	1.19487e+03	1.98110e+00	0.00000e+00	0.00000e+00	9.39643e-02
2.69944e+02	2.73901e+02	2.46785e+03	1.19586e+03	1.98660e+00	0.00000e+00	0.00000e+00	9.42003e-02
2.73868e+02	2.73982e+02	2.46559e+03	1.19685e+03	1.99208e+00	0.00000e+00	0.00000e+00	9.44345e-02
2.77791e+02	2.74063e+02	2.46335e+03	1.19784e+03	1.99753e+00	0.00000e+00	0.00000e+00	9.46668e-02
2.81714e+02	2.74144e+02	2.46110e+03	1.19882e+03	2.00296e+00	0.00000e+00	0.00000e+00	9.48973e-02
2.85637e+02	2.74225e+02	2.45886e+03	1.19980e+03	2.00837e+00	0.00000e+00	0.00000e+00	9.51259e-02
2.89561e+02	2.74307e+02	2.45662e+03	1.20077e+03	2.01375e+00	0.00000e+00	0.00000e+00	9.53528e-02
2.93484e+02	2.74389e+02	2.45438e+03	1.20173e+03	2.01912e+00	0.00000e+00	0.00000e+00	9.55779e-02
2.97407e+02	2.74471e+02	2.45214e+03	1.20269e+03	2.02447e+00	0.00000e+00	0.00000e+00	9.58012e-02
3.01330e+02	2.74554e+02	2.44991e+03	1.20365e+03	2.02979e+00	0.00000e+00	0.00000e+00	9.60229e-02
3.05253e+02	2.74637e+02	2.44768e+03	1.20460e+03	2.03510e+00	0.00000e+00	0.00000e+00	9.62428e-02
3.09177e+02	2.74720e+02	2.44545e+03	1.20554e+03	2.04039e+00	0.00000e+00	0.00000e+00	9.64610e-02
3.13100e+02	2.74803e+02	2.44322e+03	1.20648e+03	2.04566e+00	0.00000e+00	0.00000e+00	9.66774e-02
3.17023e+02	2.74887e+02	2.44100e+03	1.20742e+03	2.05091e+00	0.00000e+00	0.00000e+00	9.68920e-02
3.20946e+02	2.74970e+02	2.43877e+03	1.20835e+03	2.05613e+00	0.00000e+00	0.00000e+00	9.71048e-02
3.24870e+02	2.75054e+02	2.43655e+03	1.20927e+03	2.06133e+00	0.00000e+00	0.00000e+00	9.73157e-02
3.28793e+02	2.75139e+02	2.43434e+03	1.21019e+03	2.06651e+00	0.00000e+00	0.00000e+00	9.75246e-02
3.32716e+02	2.75223e+02	2.43212e+03	1.21111e+03	2.07165e+00	0.00000e+00	0.00000e+00	9.77315e-02
3.36639e+02	2.75308e+02	2.42991e+03	1.21202e+03	2.07676e+00	0.00000e+00	0.00000e+00	9.79364e-02
3.40562e+02	2.75393e+02	2.42770e+03	1.21293e+03	2.08183e+00	0.00000e+00	0.00000e+00	9.81393e-02
3.44486e+02	2.75478e+02	2.42549e+03	1.21383e+03	2.08687e+00	0.00000e+00	0.00000e+00	9.83400e-02
3.48409e+02	2.75564e+02	2.42328e+03	1.21473e+03	2.09187e+00	0.00000e+00	0.00000e+00	9.85386e-02
3.52332e+02	2.75650e+02	2.42108e+03	1.21563e+03	2.09684e+00	0.00000e+00	0.00000e+00	9.87350e-02
3.56255e+02	2.75736e+02	2.41888e+03	1.21652e+03	2.10178e+00	0.00000e+00	0.00000e+00	9.89292e-02
3.60179e+02	2.75822e+02	2.41668e+03	1.21740e+03	2.10670e+00	0.00000e+00	0.00000e+00	9.91211e-02
3.64102e+02	2.75908e+02	2.41448e+03	1.21828e+03	2.11160e+00	0.00000e+00	0.00000e+00	9.93107e-02
3.68025e+02	2.75995e+02	2.41229e+03	1.21916e+03	2.11648e+00	0.00000e+00	0.00000e+00	9.94979e-02
3.71948e+02	2.76082e+02	2.41010e+03	1.22004e+03	2.12134e+00	0.00000e+00	0.00000e+00	9.96827e-02
3.75871e+02	2.76169e+02	2.40791e+03	1.22091e+03	2.12618e+00	0.00000e+00	0.00000e+00	9.98650e-02
3.79795e+02	2.76256e+02	2.40572e+03	1.22177e+03	2.13100e+00	0.00000e+00	0.00000e+00	1.00045e-01
3.83718e+02	2.76344e+02	2.40353e+03	1.22264e+03	2.13580e+00	0.00000e+00	0.00000e+00	1.00222e-01
3.87641e+02	2.76431e+02	2.40135e+03	1.22349e+03	2.14058e+00	0.00000e+00	0.00000e+00	1.00397e-01
3.91564e+02	2.76519e+02	2.39917e+03	1.22435e+03	2.14535e+00	0.00000e+00	0.00000e+00	1.00569e-01
3.95488e+02	2.76607e+02	2.39699e+03	1.22520e+03	2.15010e+00	0.00000e+00	0.00000e+00	1.00738e-01
3.99411e+02	2.76695e+02	2.39481e+03	1.22605e+03	2.15483e+00	0.00000e+00	0.00000e+00	1.00905e-01
4.03334e+02	2.76784e+02	2.39263e+03	1.22689e+03	2.15954e+00	0.00000e+00	0.00000e+00	1.01069e-01
4.07257e+02	2.76872e+02	2.39046e+03	1.22773e+03	2.16423e+00	0.00000e+00	0.00000e+00	1.01230e-01
4.11180e+02	2.76961e+02	2.38829e+03	1.22857e+03	2.16891e+00	0.00000e+00	0.00000e+00	1.01388e-01
4.15104e+02	2.77050e+02	2.38612e+03	1.22940e+03	2.17357e+00	0.00000e+00	0.00000e+00	1.01544e-01
4.19027e+02	2.77139e+02	2.38395e+03	1.23023e+03	2.17821e+00	0.00000e+00	0.00000e+00	1.01697e-01
4.22950e+02	2.77229e+02	2.38179e+03	1.23105e+03	2.18283e+00	0.00000e+00	0.00000e+00	1.01848e-01
4.26873e+02	2.77318e+02	2.37963e+03	1.23187e+03	2.18743e+00	0.00000e+00	0.00000e+00	1.01996e-01
4.30796e+02	2.77408e+02	2.37747e+03	1.23269e+03	2.19202e+00	0.00000e+00	0.00000e+00	1.02142e-01
4.34720e+02	2.77498e+02	2.37531e+03	1.23351e+03	2.19659e+00	0.00000e+00	0.00000e+00	1.02285e-01
4.38643e+02	2.77588e+02	2.37315e+03	1.23432e+03	2.20114e+00	0.00000e+00	0.00000e+00	1.02426e-01
4.42566e+02	2.77678e+02	2.37100e+03	1.23513e+03	2.20568e+00	0.00000e+00	0.00000e+00	1.02565e-01
4.46489e+02	2.77768e+02	2.36885e+03	1.23593e+03	2.21020e+00	0.00000e+00	0.00000e+00	1.02702e-01
4.50413e+02	2.77858e+02	2.36670e+03	1.23674e+03	2.21471e+00	0.00000e+00	0.00000e+00	1.02837e-01
4.54336e+02	2.77949e+02	2.36455e+03	1.23753e+03	2.21920e+00	0.00000e+00	0.00000e+00	1.02969e-01
4.58259e+02	2.78040e+02	2.36240e+03	1.23833e+03	2.22367e+00	0.00000e+00	0.00000e+00	1.03100e-01
4.62182e+02	2.78131e+02	2.36026e+03	1.23912e+03	2.22813e+00	0.00000e+00	0.00000e+00	1.03229e-01
4.66105e+02	2.78222e+02	2.35812e+03	1.23991e+03	2.23258e+00	0.00000e+00	0.00000e+00	1.03356e-01
4.70029e+02	2.78313e+02	2.35598e+03	1.24070e+03	2.23701e+00	0.00000e+00	0.00000e+00	1.03481e-01
4.73952e+02	2.78404e+02	2.35384e+03	1.24148e+03	2.24143e+00	0.00000e+00	0.00000e+00	1.03604e-01
4.77875e+02	2.78495e+02	2.35170e+03	1.24226e+03	2.24583e+00	0.00000e+00	0.00000e+00	1.03726e-01
4.81798e+02	2.78587e+02	2.34957e+03	1.24304e+03	2.25023e+00	0.00000e+00	0.00000e+00	1.03847e-01
4.85722e+02	2.78679e+02	2.34744e+03	1.24381e+03	2.25461e+00	0.00000e+00	0.00000e+00	1.03965e-01
4.89645e+02	2.78770e+02	2.34531e+03	1.24458e+03	2.25897e+00	0.00000e+00	0.00000e+00	1.04083e-01
4.93568e+02	2.78862e+02	2.34318e+03	1.24535e+03	2.26333e+00	0.00000e+00	0.00000e+00	1.04199e-01
4.97491e+02	2.78954e+02	2.34105e+03	1.24612e+03	2.26767e+00	0.00000e+00	0.00000e+00	1.04314e-01
5.01414e+02	2.79047e+02	2.33893e+03	1.24688e+03	2.27201e+00	0.00000e+00	0.00000e+00	1.04428e-01
5.05338e+02	2.79139e+02	2.33681e+03	1.24764e+03	2.27633e+00	0.00000e+00	0.00000e+00	1.04541e-01
5.09261e+02	2.79231e+02	2.33469e+03	1.24839e+03	2.28064e+00	0.00000e+00	0.00000e+00	1.04652e-01
5.13184e+02	2.79324e+02	2.33257e+03	1.24915e+03	2.28494e+00	0.00000e+00	0.00000e+00	1.04763e-01
5.17107e+02	2.79416e+02	2.33045e+03	1.24990e+03	2.28923e+00	0.00000e+00	0.00000e+00	1.04872e-01
5.21031e+02	2.79509e+02	2.32834e+03	1.25065e+03	2.29351e+00	0.00000e+00	0.00000e+00	1.04979e-01
5.24954e+02	2.79602e+02	2.32622e+03	1.25139e+03	2.29778e+00	0.00000e+00	0.00000e+00	1.05086e-01
5.28877e+02	2.79694e+02	2.32411e+03	1.25213e+03	2.30204e+00	0.00000e+00	0.00000e+00	1.05191e-01
5.32800e+02	2.79787e+02	2.32200e+03	1.25287e+03	2.30629e+00	0.00000e+00	0.00000e+00	1.05294e-01
5.36723e+02	2.79880e+02	2.31990e+03	1.25361e+03	2.31053e+00	0.00000e+00	0.00000e+00	1.05395e-01
5.40647e+02	2.79974e+02	2.31779e+03	1.25434e+03	2.31477e+00	0.00000e+00	0.00000e+00	1.05495e-01
5.44570e+02	2.80067e+02	2.31569e+03	1.25508e+03	2.31900e+00	0.00000e+00	0.00000e+00	1.05594e-01
5.48493e+02	2.80160e+02	2.31359e+03	1.25580e+03	2.32322e+00	0.00000e+00	0.00000e+00	1.05690e-01
5.52416e+02	2.80254e+02	2.31149e+03	1.25653e+03	2.32744e+00	0.00000e+00	0.00000e+00	1.05785e-01
5.56339e+02	2.80347e+02	2.30939e+03	1.25725e+03	2.33164e+00	0.00000e+00	0.00000e+00	1.05877e-01
5.60263e+02	2.80441e+02	2.30730e+03	1.25798e+03	2.33585e+00	0.00000e+00	0.00000e+00	1.05968e-01
5.64186e+02	2.80534e+02	2.30521e+03	1.25869e+03	2.34004e+00	0.00000e+00	0.00000e+00	1.06056e-01
5.68109e+02	2.80628e+02	2.30311e+03	1.25941e+03	2.34423e+00	0.00000e+00	0.00000e+00	1.06142e-01
5.72032e+02	2.80722e+02	2.30102e+03	1.26012e+03	2.34841e+00	0.00000e+00	0.00000e+00	1.06226e-01
5.75956e+02	2.80816e+02	2.29894e+03	1.26084e+03	2.35259e+00	0.00000e+00	0.00000e+00	1.06308e-01
5.79879e+02	2.80910e+02	2.29685e+03	1.26154e+03	2.35676e+00	0.00000e+00	0.00000e+00	1.06388e-01
5.83802e+02	2.81004e+02	2.29477e+03	1.26225e+03	2.36093e+00	0.00000e+00	0.00000e+00	1.06465e-01
5.87725e+02	2.81098e+02	2.29269e+03	1.26295e+03	2.36509e+00	0.00000e+00	0.00000e+00	1.06539e-01
5.91648e+02	2.81192e+02	2.29061e+03	1.26365e+03	2.36925e+00	0.00000e+00	0.00000e+00	1.06611e-01
5.95572e+02	2.81287e+02	2.28853e+03	1.26435e+03	2.37340e+00	0.00000e+00	0.00000e+00	1.06680e-01
5.99495e+02	2.81381e+02	2.28645e+03	1.26505e+03	2.37754e+00	0.00000e+00	0.00000e+00	1.06746e-01
6.03418e+02	2.81476e+02	2.28438e+03	1.26574e+03	2.38169e+00	0.00000e+00	0.00000e+00	1.06810e-01
6.07341e+02	2.81570e+02	2.28230e+03	1.26643e+03	2.38582e+00	0.00000e+00	0.00000e+00	1.06871e-01
6.11265e+02	2.81665e+02	2.28023e+03	1.26712e+03	2.38996e+00	0.00000e+00	0.00000e+00	1.06929e-01
6.15188e+02	2.81760e+02	2.27816e+03	1.26781e+03	2.39409e+00	0.00000e+00	0.00000e+00	1.06984e-01
6.19111e+02	2.81854e+02	2.27610e+03	1.26849e+03	2.39821e+00	0.00000e+00	0.00000e+00	1.07036e-01
6.23034e+02	2.81949e+02	2.27403e+03	1.26918e+03	2.40233e+00	0.00000e+00	0.00000e+00	1.07086e-01
6.26957e+02	2.82044e+02	2.27197e+03	1.26986e+03	2.40645e+00	0.00000e+00	0.00000e+00	1.07132e-01
6.30881e+02	2.82139e+02	2.26990e+03	1.27053e+03	2.41057e+00	0.00000e+00	0.00000e+00	1.07176e-01
6.34804e+02	2.82234e+02	2.26784e+03	1.27121e+03	2.41468e+00	0.00000e+00	0.00000e+00	1.07217e-01
6.38727e+02	2.82329e+02	2.26579e+03	1.27188e+03	2.41879e+00	0.00000e+00	0.00000e+00	1.07255e-01
6.42650e+02	2.82424e+02	2.26373e+03	1.27255e+03	2.42290e+00	0.00000e+00	0.00000e+00	1.07291e-01
6.46574e+02	2.82520e+02	2.26168e+03	1.27322e+03	2.42701e+00	0.00000e+00	0.00000e+00	1.07323e-01
6.50497e+02	2.82615e+02	2.25962e+03	1.27389e+03	2.43112e+00	0.00000e+00	0.00000e+00	1.07353e-01
6.54420e+02	2.82710e+02	2.25757e+03	1.27455e+03	2.43522e+00	0.00000e+00	0.00000e+00	1.07380e-01
6.58343e+02	2.82806e+02	2.25552e+03	1.27521e+03	2.43933e+00	0.00000e+00	0.00000e+00	1.07404e-01
6.62266e+02	2.82901e+02	2.25348e+03	1.27587e+03	2.44343e+00	0.00000e+00	0.00000e+00	1.07425e-01
6.66190e+02	2.82997e+02	2.25143e+03	1.27653e+03	2.44753e+00	0.00000e+00	0.00000e+00	1.07444e-01
6.70113e+02	2.83092e+02	2.24939e+03	1.27718e+03	2.45163e+00	0.00000e+00	0.00000e+00	1.07460e-01
6.74036e+02	2.83188e+02	2.24734e+03	1.27783e+03	2.45573e+00	0.00000e+00	0.00000e+00	1.07473e-01
6.77959e+02	2.83283e+02	2.24530e+03	1.27848e+03	2.45983e+00	0.00000e+00	0.00000e+00	1.07483e-01
6.81883e+02	2.83379e+02	2.24326e+03	1.27913e+03	2.46392e+00	0.00000e+00	0.00000e+00	1.07490e-01
6.85806e+02	2.83475e+02	2.24123e+03	1.27978e+03	2.46802e+00	0.00000e+00	0.00000e+00	1.07495e-01
6.89729e+02	2.83571e+02	2.23919e+03	1.28042e+03	2.47211e+00	0.00000e+00	0.00000e+00	1.07497e-01
6.93652e+02	2.83666e+02	2.23716e+03	1.28107e+03	2.47620e+00	0.00000e+00	0.00000e+00	1.07496e-01
6.97575e+02	2.83762e+02	2.23513e+03	1.28170e+03	2.48030e+00	0.00000e+00	0.00000e+00	1.07492e-01
7.01499e+02	2.83858e+02	2.23310e+03	1.28234e+03	2.48438e+00	0.00000e+00	0.00000e+00	1.07486e-01
7.05422e+02	2.83954e+02	2.23107e+03	1.28298e+03	2.48847e+00	0.00000e+00	0.00000e+00	1.07477e-01
7.09345e+02	2.84050e+02	2.22904e+03	1.28361e+03	2.49256e+00	0.00000e+00	0.00000e+00	1.07465e-01
7.13268e+02	2.84146e+02	2.22702e+03	1.28424e+03	2.49665e+00	0.00000e+00	0.00000e+00	1.07451e-01
7.17191e+02	2.84242e+02	2.22500e+03	1.28487e+03	2.50073e+00	0.00000e+00	0.00000e+00	1.07434e-01
7.21115e+02	2.84338e+02	2.22298e+03	1.28550e+03	2.50481e+00	0.00000e+00	0.00000e+00	1.07415e-01
7.25038e+02	2.84434e+02	2.22096e+03	1.28612e+03	2.50890e+00	0.00000e+00	0.00000e+00	1.07393e-01
7.28961e+02	2.84530e+02	2.21894e+03	1.28675e+03	2.51297e+00	0.00000e+00	0.00000e+00	1.07369e-01
7.32884e+02	2.84627e+02	2.21692e+03	1.28737e+03	2.51705e+00	0.00000e+00	0.00000e+00	1.07343e-01
7.36808e+02	2.84723e+02	2.21491e+03	1.28799e+03	2.52113e+00	0.00000e+00	0.00000e+00	1.07314e-01
7.40731e+02	2.84819e+02	2.21290e+03	1.28861e+03	2.52520e+00	0.00000e+00	0.00000e+00	1.07284e-01
7.44654e+02	2.84915e+02	2.21089e+03	1.28922e+03	2.52928e+00	0.00000e+00	0.00000e+00	1.07251e-01
7.48577e+02	2.85011e+02	2.20888e+03	1.28983e+03	2.53335e+00	0.00000e+00	0.00000e+00	1.07216e-01
7.52500e+02	2.85107e+02	2.20687e+03	1.29044e+03	2.53742e+00	0.00000e+00	0.00000e+00	1.07179e-01
7.56424e+02	2.85204e+02	2.20487e+03	1.29105e+03	2.54149e+00	0.00000e+00	0.00000e+00	1.07140e-01
7.60347e+02	2.85300e+02	2.20286e+03	1.29166e+03	2.54555e+00	0.00000e+00	0.00000e+00	1.07100e-01
7.64270e+02	2.85396e+02	2.20086e+03	1.29227e+03	2.54961e+00	0.00000e+00	0.00000e+00	1.07057e-01
7.68193e+02	2.85492e+02	2.19886e+03	1.29287e+03	2.55368e+00	0.00000e+00	0.00000e+00	1.07013e-01
7.72117e+02	2.85589e+02	2.19686e+03	1.29347e+03	2.55773e+00	0.00000e+00	0.00000e+00	1.06968e-01
7.76040e+02	2.85685e+02	2.19486e+03	1.29407e+03	2.56179e+00	0.00000e+00	0.00000e+00	1.06920e-01
7.79963e+02	2.85781e+02	2.19287e+03	1.29467e+03	2.56585e+00	0.00000e+00	0.00000e+00	1.06872e-01
7.83886e+02	2.85877e+02	2.19088e+03	1.29526e+03	2.56990e+00	0.00000e+00	0.00000e+00	1.06821e-01
7.87809e+02	2.85974e+02	2.18888e+03	1.29586e+03	2.57395e+00	0.00000e+00	0.00000e+00	1.06770e-01
7.91733e+02	2.86070e+02	2.18689e+03	1.29645e+03	2.57800e+00	0.00000e+00	0.00000e+00	1.06717e-01
7.95656e+02	2.86166e+02	2.18491e+03	1.29704e+03	2.58204e+00	0.00000e+00	0.00000e+00	1.06663e-01
7.99579e+02	2.86262e+02	2.18292e+03	1.29763e+03	2.58609e+00	0.00000e+00	0.00000e+00	1.06608e-01
8.03502e+02	2.86358e+02	2.18093e+03	1.29821e+03	2.59013e+00	0.00000e+00	0.00000e+00	1.06552e-01
8.07426e+02	2.86455e+02	2.17895e+03	1.29880e+03	2.59417e+00	0.00000e+00	0.00000e+00	1.06494e-01
8.11349e+02	2.86551e+02	2.17697e+03	1.29938e+03	2.59820e+00	0.00000e+00	0.00000e+00	1.06436e-01
8.15272e+02	2.86647e+02	2.17499e+03	1.29996e+03	2.60224e+00	0.00000e+00	0.00000e+00	1.06377e-01
8.19195e+02	2.86743e+02	2.17301e+03	1.30054e+03	2.60627e+00	0.00000e+00	0.00000e+00	1.06316e-01
8.23118e+02	2.86839e+02	2.17104e+03	1.30112e+03	2.61029e+00	0.00000e+00	0.00000e+00	1.06255e-01
8.27042e+02	2.86935e+02	2.16906e+03	1.30169e+03	2.61432e+00	0.00000e+00	0.00000e+00	1.06192e-01
8.30965e+02	2.87031e+02	2.16709e+03	1.30227e+03	2.61834e+00	0.00000e+00	0.00000e+00	1.06128e-01
8.34888e+02	2.87127e+02	2.16512e+03	1.30284e+03	2.62236e+00	0.00000e+00	0.00000e+00	1.06063e-01
8.38811e+02	2.87223e+02	2.16315e+03	1.30341e+03	2.62638e+00	0.00000e+00	0.00000e+00	1.05996e-01
8.42734e+02	2.87319e+02	2.16118e+03	1.30398e+03	2.63039e+00	0.00000e+00	0.00000e+00	1.05929e-01
8.46658e+02	2.87415e+02	2.15921e+03	1.30454e+03	2.63440e+00	0.00000e+00	0.00000e+00	1.05860e-01
8.50581e+02	2.87511e+02	2.15725e+03	1.30511e+03	2.63841e+00	0.00000e+00	0.00000e+00	1.05790e-01
8.54504e+02	2.87607e+02	2.15528e+03	1.30567e+03	2.64242e+00	0.00000e+00	0.00000e+00	1.05719e-01
8.58427e+02	2.87703e+02	2.15332e+03	1.30623e+03	2.64642e+00	0.00000e+00	0.00000e+00	1.05646e-01
8.62351e+02	2.87798e+02	2.15136e+03	1.30679e+03	2.65042e+00	0.00000e+00	0.00000e+00	1.05572e-01
8.66274e+02	2.87894e+02	2.14940e+03	1.30735e+03	2.65441e+00	0.00000e+00	0.00000e+00	1.05497e-01
8.70197e+02	2.87990e+02	2.14745e+03	1.30790e+03	2.65841e+00	0.00000e+00	0.00000e+00	1.05420e-01
8.74120e+02	2.88085e+02	2.14549e+03	1.30846e+03	2.66240e+00	0.00000e+00	0.00000e+00	1.05342e-01
8.78043e+02	2.88181e+02	2.14354e+03	1.30901e+03	2.66638e+00	0.00000e+00	0.00000e+00	1.05263e-01
8.81967e+02	2.88276e+02	2.14159e+03	1.30956e+03	2.67037e+00	0.00000e+00	0.00000e+00	1.05182e-01
8.85890e+02	2.88372e+02	2.13964e+03	1.31011e+03	2.67435e+00	0.00000e+00	0.00000e+00	1.05100e-01
8.89813e+02	2.88467e+02	2.13769e+03	1.31066e+03	2.67832e+00	0.00000e+00	0.00000e+00	1.05016e-01
8.93736e+02	2.88563e+02	2.13574e+03	1.31120e+03	2.68230e+00	0.00000e+00	0.00000e+00	1.04931e-01
8.97660e+02	2.88658e+02	2.13380e+03	1.31175e+03	2.68627e+00	0.00000e+00	0.00000e+00	1.04844e-01
9.01583e+02	2.88753e+02	2.13185e+03	1.31229e+03	2.69023e+00	0.00000e+00	0.00000e+00	1.04756e-01
9.05506e+02	2.88848e+02	2.12991e+03	1.31283e+03	2.69420e+00	0.00000e+00	0.00000e+00	1.04666e-01
9.09429e+02	2.88943e+02	2.12797e+03	1.31337e+03	2.69816e+00	0.00000e+00	0.00000e+00	1.04575e-01
9.13352e+02	2.89038e+02	2.12603e+03	1.31391e+03	2.70211e+00	0.00000e+00	0.00000e+00	1.04482e-01
9.17276e+02	2.89133e+02	2.12410e+03	1.31444e+03	2.70607e+00	0.00000e+00	0.00000e+00	1.04387e-01
9.21199e+02	2.89228e+02	2.12216e+03	1.31498e+03	2.71002e+00	0.00000e+00	0.00000e+00	1.04292e-01
9.25122e+02	2.89323e+02	2.12023e+03	1.31551e+03	2.71396e+00	0.00000e+00	0.00000e+00	1.04194e-01
9.29045e+02	2.89418e+02	2.11830e+03	1.31604e+03	2.71790e+00	0.00000e+00	0.00000e+00	1.04095e-01
9.32969e+02	2.89512e+02	2.11637e+03	1.31657e+03	2.72184e+00	0.00000e+00	0.00000e+00	1.03995e-01
9.36892e+02	2.89607e+02	2.11444e+03	1.31710e+03	2.72578e+00	0.00000e+00	0.00000e+00	1.03893e-01
9.40815e+02	2.89701e+02	2.11251e+03	1.31763e+03	2.72971e+00	0.00000e+00	0.00000e+00	1.03790e-01
9.44738e+02	2.89795e+02	2.11058e+03	1.31815e+03	2.73364e+00	0.00000e+00	0.00000e+00	1.03685e-01
9.48661e+02	2.89890e+02	2.10866e+03	1.31868e+03	2.73756e+00	0.00000e+00	0.00000e+00	1.03579e-01
9.52585e+02	2.89984e+02	2.10674e+03	1.31920e+03	2.74148e+00	0.00000e+00	0.00000e+00	1.03472e-01
9.56508e+02	2.90078e+02	2.10482e+03	1.31972e+03	2.74540e+00	0.00000e+00	0.00000e+00	1.03363e-01
9.60431e+02	2.90172e+02	2.10290e+03	1.32024e+03	2.74931e+00	0.00000e+00	0.00000e+00	1.03252e-01
9.64354e+02	2.90266e+02	2.10098e+03	1.32076e+03	2.75322e+00	0.00000e+00	0.00000e+00	1.03140e-01
9.68278e+02	2.90360e+02	2.09907e+03	1.32128e+03	2.75713e+00	0.00000e+00	0.00000e+00	1.03027e-01
9.72201e+02	2.90453e+02	2.09715e+03	1.32179e+03	2.76103e+00	0.00000e+00	0.00000e+00	1.02913e-01
9.76124e+02	2.90547e+02	2.09524e+03	1.32230e+03	2.76493e+00	0.00000e+00	0.00000e+00	1.02797e-01
9.80047e+02	2.90641e+02	2.09333e+03	1.32282e+03	2.76882e+00	0.00000e+00	0.00000e+00	1.02679e-01
9.83970e+02	2.90734e+02	2.09142e+03	1.32333e+03	2.77271e+00	0.00000e+00	0.00000e+00	1.02560e-01
9.87894e+02	2.90827e+02	2.08951e+03	1.32384e+03	2.77660e+00	0.00000e+00	0.00000e+00	1.02440e-01
9.91817e+02	2.90921e+02	2.08761e+03	1.32434e+03	2.78048e+00	0.00000e+00	0.00000e+00	1.02319e-01
9.95740e+02	2.91014e+02	2.08570e+03	1.32485e+03	2.78436e+00	0.00000e+00	0.00000e+00	1.02196e-01
9.99663e+02	2.91107e+02	2.08380e+03	1.32536e+03	2.78824e+00	0.00000e+00	0.00000e+00	1.02072e-01
1.00359e+03	2.91200e+02	2.08190e+03	1.32586e+03	2.79211e+00	0.00000e+00	0.00000e+00	1.01946e-01
1.00751e+03	2.91292e+02	2.08000e+03	1.32636e+03	2.79598e+00	0.00000e+00	0.00000e+00	1.01819e-01
1.01143e+03	2.91385e+02	2.07810e+03	1.32686e+03	2.79984e+00	0.00000e+00	0.00000e+00	1.01691e-01
1.01536e+03	2.91477e+02	2.07620e+03	1.32736e+03	2.80370e+00	0.00000e+00	0.00000e+00	1.01562e-01
1.01928e+03	2.91570e+02	2.07431e+03	1.32786e+03	2.80756e+00	0.00000e+00	0.00000e+00	1.01431e-01
1.02320e+03	2.91662e+02	2.07242e+03	1.32836e+03	2.81141e+00	0.00000e+00	0.00000e+00	1.01299e-01
1.02713e+03	2.91754e+02	2.07053e+03	1.32886e+03	2.81526e+00	0.00000e+00	0.00000e+00	1.01166e-01
1.03105e+03	2.91846e+02	2.06864e+03	1.32935e+03	2.81910e+00	0.00000e+00	0.00000e+00	1.01031e-01
1.03497e+03	2.91938e+02	2.06675e+03	1.32984e+03	2.82294e+00	0.00000e+00	0.00000e+00	1.00895e-01
1.03890e+03	2.92030e+02	2.06486e+03	1.33034e+03	2.82678e+00	0.00000e+00	0.00000e+00	1.00758e-01
1.04282e+03	2.92122e+02	2.06298e+03	1.33083e+03	2.83061e+00	0.00000e+00	0.00000e+00	1.00620e-01
1.04674e+03	2.92213e+02	2.06109e+03	1.33132e+03	2.83444e+00	0.00000e+00	0.00000e+00	1.00480e-01
1.05067e+03	2.92305e+02	2.05921e+03	1.33180e+03	2.83826e+00	0.00000e+00	0.00000e+00	1.00339e-01
1.05459e+03	2.92396e+02	2.05733e+03	1.33229e+03	2.84208e+00	0.00000e+00	0.00000e+00	1.00197e-01
1.05851e+03	2.92487e+02	2.05545e+03	1.33278e+03	2.84590e+00	0.00000e+00	0.00000e+00	1.00053e-01
1.06243e+03	2.92578e+02	2.05357e+03	1.33326e+03	2.84971e+00	0.00000e+00	0.00000e+00	9.99082e-02
1.06636e+03	2.92669e+02	2.05170e+03	1.33375e+03	2.85352e+00	0.00000e+00	0.00000e+00	9.97621e-02
1.07028e+03	2.92760e+02	2.04982e+03	1.33423e+03	2.85732e+00	0.00000e+00	0.00000e+00	9.96147e-02
1.07420e+03	2.92850e+02	2.04795e+03	1.33471e+03	2.86112e+00	0.00000e+00	0.00000e+00	9.94661e-02
1.07813e+03	2.92941e+02	2.04608e+03	1.33519e+03	2.86492e+00	0.00000e+00	0.00000e+00	9.93162e-02
1.08205e+03	2.93031e+02	2.04421e+03	1.33567e+03	2.86871e+00	0.00000e+00	0.00000e+00	9.91650e-02
1.08597e+03	2.93121e+02	2.04234e+03	1.33615e+03	2.87250e+00	0.00000e+00	0.00000e+00	9.90126e-02
1.08990e+03	2.93211e+02	2.04048e+03	1.33662e+03	2.87628e+00	0.00000e+00	0.00000e+00	9.88590e-02
1.09382e+03	2.93301e+02	2.03861e+03	1.33710e+03	2.88006e+00	0.00000e+00	0.00000e+00	9.87041e-02
1.09774e+03	2.93391e+02	2.03675e+03	1.33757e+03	2.88384e+00	0.00000e+00	0.00000e+00	9.85480e-02
1.10167e+03	2.93481e+02	2.03489e+03	1.33804e+03	2.88761e+00	0.00000e+00	0.00000e+00	9.83906e-02
1.10559e+03	2.93570e+02	2.03303e+03	1.33852e+03	2.89138e+00	0.00000e+00	0.00000e+00	9.82320e-02
1.10951e+03	2.93659e+02	2.03117e+03	1.33899e+03	2.89514e+00	0.00000e+00	0.00000e+00	9.80722e-02
1.11344e+03	2.93749e+02	2.02932e+03	1.33946e+03	2.89890e+00	0.00000e+00	0.00000e+00	9.79112e-02
1.11736e+03	2.93838e+02	2.02746e+03	1.33993e+03	2.90266e+00	0.00000e+00	0.00000e+00	9.77490e-02
1.12128e+03	2.93926e+02	2.02561e+03	1.34039e+03	2.90641e+00	0.00000e+00	0.00000e+00	9.75856e-02
1.12521e+03	2.94015e+02	2.02376e+03	1.34086e+03	2.91016e+00	0.00000e+00	0.00000e+00	9.74210e-02
1.12913e+03	2.94104e+02	2.02191e+03	1.34133e+03	2.91390e+00	0.00000e+00	0.00000e+00	9.72552e-02
1.13305e+03	2.94192e+02	2.02006e+03	1.34179e+03	2.91764e+00	0.00000e+00	0.00000e+00	9.70882e-02
1.13698e+03	2.94280e+02	2.01821e+03	1.34226e+03	2.92138e+00	0.00000e+00	0.00000e+00	9.69200e-02
1.14090e+03	2.94368e+02	2.01637e+03	1.34272e+03	2.92511e+00	0.00000e+00	0.00000e+00	9.67507e-02
1.14482e+03	2.94456e+02	2.01452e+03	1.34318e+03	2.92884e+00	0.00000e+00	0.00000e+00	9.65802e-02
1.14875e+03	2.94544e+02	2.01268e+03	1.34364e+03	2.93256e+00	0.00000e+00	0.00000e+00	9.64085e-02
1.15267e+03	2.94632e+02	2.01084e+03	1.34410e+03	2.93628e+00	0.00000e+00	0.00000e+00	9.62357e-02
1.15659e+03	2.94719e+02	2.00900e+03	1.34456e+03	2.94000e+00	0.00000e+00	0.00000e+00	9.60618e-02
1.16052e+03	2.94806e+02	2.00716e+03	1.34502e+03	2.94371e+00	0.00000e+00	0.00000e+00	9.58867e-02
1.16444e+03	2.94893e+02	2.00533e+03	1.34547e+03	2.94742e+00	0.00000e+00	0.00000e+00	9.57105e-02
1.16836e+03	2.94980e+02	2.00349e+03	1.34593e+03	2.95112e+00	0.00000e+00	0.00000e+00	9.55331e-02
1.17228e+03	2.95067e+02	2.00166e+03	1.34638e+03	2.95482e+00	0.00000e+00	0.00000e+00	9.53547e-02
1.17621e+03	2.95154e+02	1.99983e+03	1.34684e+03	2.95852e+00	0.00000e+00	0.00000e+00	9.51751e-02
1.18013e+03	2.95240e+02	1.99800e+03	1.34729e+03	2.96221e+00	0.00000e+00	0.00000e+00	9.49945e-02
1.18405e+03	2.95326e+02	1.99617e+03	1.34774e+03	2.96590e+00	0.00000e+00	0.00000e+00	9.48127e-02
1.18798e+03	2.95412e+02	1.99435e+03	1.34820e+03	2.96958e+00	0.00000e+00	0.00000e+00	9.46298e-02
1.19190e+03	2.95498e+02	1.99252e+03	1.34865e+03	2.97326e+00	0.00000e+00	0.00000e+00	9.44459e-02
1.19582e+03	2.95584e+02	1.99070e+03	1.34910e+03	2.97694e+00	0.00000e+00	0.00000e+00	9.42609e-02
1.19975e+03	2.95669e+02	1.98888e+03	1.34955e+03	2.98061e+00	0.00000e+00	0.00000e+00	9.40748e-02
1.20367e+03	2.95755e+02	1.98706e+03	1.34999e+03	2.98428e+00	0.00000e+00	0.00000e+00	9.38877e-02
1.20759e+03	2.95840e+02	1.98524e+03	1.35044e+03	2.98794e+00	0.00000e+00	0.00000e+00	9.36995e-02
1.21152e+03	2.95925e+02	1.98342e+03	1.35089e+03	2.99160e+00	0.00000e+00	0.00000e+00	9.35103e-02
1.21544e+03	2.96010e+02	1.98161e+03	1.35133e+03	2.99526e+00	0.00000e+00	0.00000e+00	9.33200e-02
1.21936e+03	2.96094e+02	1.97980e+03	1.35178e+03	2.99892e+00	0.00000e+00	0.00000e+00	9.31287e-02
1.22329e+03	2.96179e+02	1.97798e+03	1.35222e+03	3.00256e+00	0.00000e+00	0.00000e+00	9.29363e-02
1.22721e+03	2.96263e+02	1.97617e+03	1.35267e+03	3.00621e+00	0.00000e+00	0.00000e+00	9.27429e-02
1.23113e+03	2.96347e+02	1.97437e+03	1.35311e+03	3.00985e+00	0.00000e+00	0.00000e+00	9.25486e-02
1.23506e+03	2.96431e+02	1.97256e+03	1.35355e+03	3.01349e+00	0.00000e+00	0.00000e+00	9.23532e-02
1.23898e+03	2.96515e+02	1.97075e+03	1.35399e+03	3.01712e+00	0.00000e+00	0.00000e+00	9.21567e-02
1.24290e+03	2.96599e+02	1.96895e+03	1.35443e+03	3.02076e+00	0.00000e+00	0.00000e+00	9.19593e-02
1.24683e+03	2.96682e+02	1.96715e+03	1.35487e+03	3.02438e+00	0.00000e+00	0.00000e+00	9.17609e-02
1.25075e+03	2.96765e+02	1.96535e+03	1.35531e+03	3.02801e+00	0.00000e+00	0.00000e+00	9.15616e-02
1.25467e+03	2.96848e+02	1.96355e+03	1.35575e+03	3.03163e+00	0.00000e+00	0.00000e+00	9.13612e-02
1.25860e+03	2.96931e+02	1.96175e+03	1.35619e+03	3.03524e+00	0.00000e+00	0.00000e+00	9.11599e-02
1.26252e+03	2.97014e+02	1.95995e+03	1.35662e+03	3.03886e+00	0.00000e+00	0.00000e+00	9.09576e-02
1.26644e+03	2.96988e+02	1.95814e+03	1.34086e+03	4.84880e+00	2.56173e+00	9.10394e+01	0.00000e+00
1.27037e+03	2.97123e+02	1.95632e+03	1.34090e+03	4.85117e+00	2.56340e+00	9.08290e+01	0.00000e+00
1.27429e+03	2.97258e+02	1.95451e+03	1.34094e+03	4.85354e+00	2.56507e+00	9.06193e+01	0.00000e+00
1.27821e+03	2.97393e+02	1.95269e+03	1.34098e+03	4.85591e+00	2.56675e+00	9.04102e+01	0.00000e+00
1.28214e+03	2.97528e+02	1.95088e+03	1.34102e+03	4.85828e+00	2.56842e+00	9.02019e+01	0.00000e+00
1.28606e+03	2.97663e+02	1.94907e+03	1.34106e+03	4.86064e+00	2.57009e+00	8.99942e+01	0.00000e+00
1.28998e+03	2.97798e+02	1.94726e+03	1.34110e+03	4.86301e+00	2.57175e+00	8.97871e+01	0.00000e+00
1.29390e+03	2.97933e+02	1.94546e+03	1.34114e+03	4.86537e+00	2.57342e+00	8.95820e+01	0.00000e+00
1.29783e+03	2.98066e+02	1.94365e+03	1.34118e+03	4.86773e+00	2.57509e+00	8.93781e+01	0.00000e+00
1.30175e+03	2.98200e+02	1.94184e+03	1.34122e+03	4.87009e+00	2.57675e+00	8.91748e+01	0.00000e+00
1.30567e+03	2.98334e+02	1.94004e+03	1.34126e+03	4.87245e+00	2.57841e+00	8.89722e+01	0.00000e+00
1.30960e+03	2.98468e+02	1.93823e+03	1.34131e+03	4.87481e+00	2.58008e+00	8.87702e+01	0.00000e+00
1.31352e+03	2.98602e+02	1.93643e+03	1.34135e+03	4.87716e+00	2.58174e+00	8.85689e+01	0.00000e+00
1.31744e+03	2.98735e+02	1.93463e+03	1.34139e+03	4.87952e+00	2.58340e+00	8.83685e+01	0.00000e+00
1.32137e+03	2.98868e+02	1.93283e+03	1.34143e+03	4.88187e+00	2.58506e+00	8.81699e+01	0.00000e+00
1.32529e+03	2.99001e+02	1.93103e+03	1.34147e+03	4.88422e+00	2.58671e+00	8.79719e+01	0.00000e+00
1.32921e+03	2.99134e+02	1.92923e+03	1.34151e+03	4.88657e+00	2.58837e+00	8.77745e+01	0.00000e+00
1.33314e+03	2.99267e+02	1.92744e+03	1.34155e+03	4.88892e+00	2.59003e+00	8.75777e+01	0.00000e+00
1.33706e+03	2.99400e+02	1.92564e+03	1.34159e+03	4.89127e+00	2.59168e+00	8.73816e+01	0.00000e+00
1.34098e+03	2.99533e+02	1.92385e+03	1.34163e+03	4.89362e+00	2.59333e+00	8.71860e+01	0.00000e+00
1.34491e+03	2.99665e+02	1.92205e+03	1.34167e+03	4.89596e+00	2.59498e+00	8.69920e+01	0.00000e+00
1.34883e+03	2.99797e+02	1.92026e+03	1.34171e+03	4.89831e+00	2.59664e+00	8.67988e+01	0.00000e+00
1.35275e+03	2.99929e+02	1.91847e+03	1.34175e+03	4.90065e+00	2.59829e+00	8.66062e+01	0.00000e+00
1.35668e+03	3.00061e+02	1.91668e+03	1.34179e+03	4.90299e+00	2.59993e+00	8.64141e+01	0.00000e+00
1.36060e+03	3.00193e+02	1.91489e+03	1.34183e+03	4.90534e+00	2.60158e+00	8.62227e+01	0.00000e+00
1.36452e+03	3.00326e+02	1.91311e+03	1.34187e+03	4.90768e+00	2.60323e+00	8.60319e+01	0.00000e+00
1.36845e+03	3.00457e+02	1.91132e+03	1.34191e+03	4.91001e+00	2.60487e+00	8.58419e+01	0.00000e+00
1.37237e+03	3.00589e+02	1.90954e+03	1.34195e+03	4.91235e+00	2.60652e+00	8.56531e+01	0.00000e+00
1.37629e+03	3.00721e+02	1.90775e+03	1.34199e+03	4.91469e+00	2.60816e+00	8.54648e+01	0.00000e+00
1.38022e+03	3.00852e+02	1.90597e+03	1.34203e+03	4.91702e+00	2.60980e+00	8.52771e+01	0.00000e+00
1.38414e+03	3.00984e+02	1.90419e+03	1.34207e+03	4.91936e+00	2.61144e+00	8.50900e+01	0.00000e+00
1.38806e+03	3.01115e+02	1.90241e+03	1.34211e+03	4.92169e+00	2.61308e+00	8.49035e+01	0.00000e+00
1.39199e+03	3.01247e+02	1.90063e+03	1.34215e+03	4.92402e+00	2.61472e+00	8.47175e+01	0.00000e+00
1.39591e+03	3.01378e+02	1.89885e+03	1.34219e+03	4.92635e+00	2.61636e+00	8.45326e+01	0.00000e+00
1.39983e+03	3.01509e+02	1.89708e+03	1.34223e+03	4.92868e+00	2.61799e+00	8.43483e+01	0.00000e+00
1.40375e+03	3.01640e+02	1.89530e+03	1.34227e+03	4.93101e+00	2.61963e+00	8.41646e+01	0.00000e+00
1.40768e+03	3.01771e+02	1.89353e+03	1.34231e+03	4.93333e+00	2.62126e+00	8.39814e+01	0.00000e+00
1.41160e+03	3.01903e+02	1.89175e+03	1.34235e+03	4.93566e+00	2.62289e+00	8.37988e+01	0.00000e+00
1.41552e+03	3.02034e+02	1.88998e+03	1.34239e+03	4.93798e+00	2.62453e+00	8.36167e+01	0.00000e+00
1.41945e+03	3.02165e+02	1.88821e+03	1.34243e+03	4.94030e+00	2.62616e+00	8.34353e+01	0.00000e+00
1.42337e+03	3.02296e+02	1.88644e+03	1.34247e+03	4.94263e+00	2.62779e+00	8.32546e+01	0.00000e+00
1.42729e+03	3.02427e+02	1.88468e+03	1.34251e+03	4.94495e+00	2.62941e+00	8.30745e+01	0.00000e+00
1.43122e+03	3.02558e+02	1.88291e+03	1.34255e+03	4.94727e+00	2.63104e+00	8.28949e+01	0.00000e+00
1.43514e+03	3.02689e+02	1.88114e+03	1.34259e+03	4.94958e+00	2.63267e+00	8.27159e+01	0.00000e+00
1.43906e+03	3.02820e+02	1.87938e+03	1.34263e+03	4.95190e+00	2.63429e+00	8.25374e+01	0.00000e+00
1.44299e+03	3.02951e+02	1.87762e+03	1.34267e+03	4.95422e+00	2.63592e+00	8.23594e+01	0.00000e+00
1.44691e+03	3.03082e+02	1.87586e+03	1.34271e+03	4.95653e+00	2.63754e+00	8.21820e+01	0.00000e+00
1.45083e+03	3.03213e+02	1.87409e+03	1.34275e+03	4.95884e+00	2.63916e+00	8.20052e+01	0.00000e+00
1.45476e+03	3.03344e+02	1.87234e+03	1.34279e+03	4.96116e+00	2.64078e+00	8.18288e+01	0.00000e+00
1.45868e+03	3.03474e+02	1.87058e+03	1.34283e+03	4.96347e+00	2.64240e+00	8.16530e+01	0.00000e+00
1.46260e+03	3.03605e+02	1.86882e+03	1.34287e+03	4.96578e+00	2.64402e+00	8.14778e+01	0.00000e+00
1.46653e+03	3.03736e+02	1.86707e+03	1.34291e+03	4.96808e+00	2.64564e+00	8.13031e+01	0.00000e+00
1.47045e+03	3.03867e+02	1.86531e+03	1.34295e+03	4.97039e+00	2.64726e+00	8.11288e+01	0.00000e+00
1.47437e+03	3.03998e+02	1.86356e+03	1.34299e+03	4.97270e+00	2.64887e+00	8.09549e+01	0.00000e+00
1.47830e+03	3.04129e+02	1.86181e+03	1.34303e+03	4.97500e+00	2.65049e+00	8.07816e+01	0.00000e+00
1.48222e+03	3.04261e+02	1.86006e+03	1.34307e+03	4.97731e+00	2.65210e+00	8.06087e+01	0.00000e+00
1.48614e+03	3.04392e+02	1.85831e+03	1.34311e+03	4.97961e+00	2.65371e+00	8.04364e+01	0.00000e+00
1.49007e+03	3.04523e+02	1.85656e+03	1.34315e+03	4.98191e+00	2.65532e+00	8.02646e+01	0.00000e+00
1.49399e+03	3.04654e+02	1.85482e+03	1.34319e+03	4.98421e+00	2.65693e+00	8.00933e+01	0.00000e+00
1.49791e+03	3.04785e+02	1.85307e+03	1.34323e+03	4.98651e+00	2.65854e+00	7.99222e+01	0.00000e+00
1.50184e+03	3.04916e+02	1.85133e+03	1.34327e+03	4.98881e+00	2.66015e+00	7.97516e+01	0.00000e+00
1.50576e+03	3.05048e+02	1.84958e+03	1.34331e+03	4.99111e+00	2.66176e+00	7.95815e+01	0.00000e+00
1.50968e+03	3.05179e+02	1.84784e+03	1.34335e+03	4.99340e+00	2.66336e+00	7.94119e+01	0.00000e+00
1.51360e+03	3.05311e+02	1.84610e+03	1.34339e+03	4.99570e+00	2.66497e+00	7.92428e+01	0.00000e+00
1.51753e+03	3.05442e+02	1.84436e+03	1.34343e+03	4.99799e+00	2.66657e+00	7.90742e+01	0.00000e+00
1.52145e+03	3.05574e+02	1.84263e+03	1.34347e+03	5.00028e+00	2.66818e+00	7.89057e+01	0.00000e+00
1.52537e+03	3.05705e+02	1.84089e+03	1.34350e+03	5.00257e+00	2.66978e+00	7.87376e+01	0.00000e+00
1.52930e+03	3.05837e+02	1.83916e+03	1.34354e+03	5.00486e+00	2.67138e+00	7.85700e+01	0.00000e+00
1.53322e+03	3.05969e+02	1.83742e+03	1.34358e+03	5.00715e+00	2.67298e+00	7.84028e+01	0.00000e+00
1.53714e+03	3.06101e+02	1.83569e+03	1.34362e+03	5.00944e+00	2.67458e+00	7.82362e+01	0.00000e+00
1.54107e+03	3.06233e+02	1.83396e+03	1.34366e+03	5.01173e+00	2.67618e+00	7.80700e+01	0.00000e+00
1.54499e+03	3.06364e+02	1.83223e+03	1.34370e+03	5.01401e+00	2.67777e+00	7.79042e+01	0.00000e+00
1.54891e+03	3.06497e+02	1.83050e+03	1.34374e+03	5.01630e+00	2.67937e+00	7.77383e+01	0.00000e+00
1.55284e+03	3.06629e+02	1.82878e+03	1.34378e+03	5.01858e+00	2.68096e+00	7.75729e+01	0.00000e+00
1.55676e+03	3.06762e+02	1.82705e+03	1.34382e+03	5.02086e+00	2.68256e+00	7.74080e+01	0.00000e+00
1.56068e+03	3.06894e+02	1.82533e+03	1.34386e+03	5.02314e+00	2.68415e+00	7.72436e+01	0.00000e+00
1.56461e+03	3.07026e+02	1.82360e+03	1.34390e+03	5.02542e+00	2.68574e+00	7.70797e+01	0.00000e+00
1.56853e+03	3.07159e+02	1.82188e+03	1.34394e+03	5.02770e+00	2.68733e+00	7.69163e+01	0.00000e+00
1.57245e+03	3.07292e+02	1.82016e+03	1.34398e+03	5.02998e+00	2.68892e+00	7.67527e+01	0.00000e+00
1.57638e+03	3.07425e+02	1.81844e+03	1.34402e+03	5.03226e+00	2.69051e+00	7.65893e+01	0.00000e+00
1.58030e+03	3.07558e+02	1.81673e+03	1.34405e+03	5.03453e+00	2.69210e+00	7.64265e+01	0.00000e+00
1.58422e+03	3.07691e+02	1.81501e+03	1.34409e+03	5.03681e+00	2.69369e+00	7.62641e+01	0.00000e+00
1.58815e+03	3.07824e+02	1.81330e+03	1.34413e+03	5.03908e+00	2.69527e+00	7.61022e+01	0.00000e+00
1.59207e+03	3.07957e+02	1.81158e+03	1.34417e+03	5.04135e+00	2.69686e+00	7.59408e+01	0.00000e+00
1.59599e+03	3.08091e+02	1.80987e+03	1.34421e+03	5.04362e+00	2.69844e+00	7.57796e+01	0.00000e+00
1.59992e+03	3.08225e+02	1.80816e+03	1.34425e+03	5.04589e+00	2.70002e+00	7.56181e+01	0.00000e+00
1.60384e+03	3.08359e+02	1.80645e+03	1.34429e+03	5.04816e+00	2.70160e+00	7.54571e+01	0.00000e+00
1.60776e+03	3.08493e+02	1.80474e+03	1.34433e+03	5.05043e+00	2.70319e+00	7.52966e+01	0.00000e+00
1.61169e+03	3.08627e+02	1.80304e+03	1.34437e+03	5.05270e+00	2.70477e+00	7.51365e+01	0.00000e+00
1.61561e+03	3.08761e+02	1.80133e+03	1.34441e+03	5.05496e+00	2.70634e+00	7.49770e+01	0.00000e+00
1.61953e+03	3.08894e+02	1.79963e+03	1.34444e+03	5.05723e+00	2.70792e+00	7.48179e+01	0.00000e+00
1.62346e+03	3.09029e+02	1.79792e+03	1.34448e+03	5.05949e+00	2.70950e+00	7.46583e+01	0.00000e+00
1.62738e+03	3.09164e+02	1.79622e+03	1.34452e+03	5.06175e+00	2.71107e+00	7.44990e+01	0.00000e+00
1.63130e+03	3.09299e+02	1.79452e+03	1.34456e+03	5.06401e+00	2.71265e+00	7.43401e+01	0.00000e+00
1.63522e+03	3.09434e+02	1.79282e+03	1.34460e+03	5.06627e+00	2.71422e+00	7.41818e+01	0.00000e+00
1.63915e+03	3.09569e+02	1.79113e+03	1.34464e+03	5.06853e+00	2.71580e+00	7.40239e+01	0.00000e+00
1.64307e+03	3.09704e+02	1.78943e+03	1.34468e+03	5.07079e+00	2.71737e+00	7.38665e+01	0.00000e+00
1.64699e+03	3.09840e+02	1.78774e+03	1.34471e+03	5.07305e+00	2.71894e+00	7.37091e+01	0.00000e+00
1.65092e+03	3.09976e+02	1.78604e+03	1.34475e+03	5.07530e+00	2.72051e+00	7.35513e+01	0.00000e+00
1.65484e+03	3.10112e+02	1.78435e+03	1.34479e+03	5.07756e+00	2.72208e+00	7.33940e+01	0.00000e+00
1.65876e+03	3.10248e+02	1.78266e+03	1.34483e+03	5.07981e+00	2.72365e+00	7.32372e+01	0.00000e+00
1.66269e+03	3.10384e+02	1.78097e+03	1.34487e+03	5.08206e+00	2.72521e+00	7.30809e+01	0.00000e+00
1.66661e+03	3.10520e+02	1.77929e+03	1.34491e+03	5.08432e+00	2.72678e+00	7.29250e+01	0.00000e+00
1.67053e+03	3.10656e+02	1.77760e+03	1.34495e+03	5.08657e+00	2.72835e+00	7.27696e+01	0.00000e+00
1.67446e+03	3.10793e+02	1.77591e+03	1.34498e+03	5.08882e+00	2.72991e+00	7.26133e+01	0.00000e+00
1.67838e+03	3.10931e+02	1.77423e+03	1.34502e+03	5.09106e+00	2.73147e+00	7.24575e+01	0.00000e+00
1.68230e+03	3.11068e+02	1.77255e+03	1.34506e+03	5.09331e+00	2.73304e+00	7.23020e+01	0.00000e+00
1.68623e+03	3.11206e+02	1.77087e+03	1.34510e+03	5.09556e+00	2.73460e+00	7.21471e+01	0.00000e+00
1.69015e+03	3.11343e+02	1.76919e+03	1.34514e+03	5.09780e+00	2.73616e+00	7.19926e+01	0.00000e+00
1.69407e+03	3.11480e+02	1.76751e+03	1.34518e+03	5.10005e+00	2.73772e+00	7.18386e+01	0.00000e+00
1.69800e+03	3.11618e+02	1.76584e+03	1.34521e+03	5.10229e+00	2.73928e+00	7.16843e+01	0.00000e+00
1.70192e+03	3.11757e+02	1.76416e+03	1.34525e+03	5.10453e+00	2.74083e+00	7.15297e+01	0.00000e+00
1.70584e+03	3.11896e+02	1.76249e+03	1.34529e+03	5.10677e+00	2.74239e+00	7.13756e+01	0.00000e+00
1.70977e+03	3.12034e+02	1.76082e+03	1.34533e+03	5.10901e+00	2.74395e+00	7.12219e+01	0.00000e+00
1.71369e+03	3.12173e+02	1.75915e+03	1.34537e+03	5.11125e+00	2.74550e+00	7.10687e+01	0.00000e+00
1.71761e+03	3.12312e+02	1.75748e+03	1.34540e+03	5.11349e+00	2.74706e+00	7.09160e+01	0.00000e+00
1.72154e+03	3.12451e+02	1.75581e+03	3.55109e+03	4.62039e+00	2.61407e+00	1.42321e+13	0.00000e+00
1.81459e+03	3.27255e+02	1.74083e+03	3.55109e+03	4.65434e+00	2.63986e+00	4.28425e+12	0.00000e+00
1.90687e+03	3.41962e+02	1.72586e+03	3.57218e+03	4.71343e+00	2.68611e+00	1.43804e+12	0.00000e+00
1.99890e+03	3.56572e+02	1.71088e+03	3.60840e+03	8.25077e+00	4.69909e+00	5.31085e+11	0.00000e+00
2.09106e+03	3.71087e+02	1.69590e+03	3.60970e+03	8.25299e+00	4.69745e+00	2.13348e+11	0.00000e+00
2.18241e+03	3.85507e+02	1.68093e+03	3.61099e+03	8.25507e+00	4.69575e+00	9.21324e+10	0.00000e+00
2.27296e+03	3.99832e+02	1.66595e+03	3.61225e+03	8.25704e+00	4.69400e+00	4.24107e+10	0.00000e+00
2.36269e+03	4.14063e+02	1.65098e+03	3.61348e+03	8.25889e+00	4.69221e+00	2.06616e+10	0.00000e+00
2.45162e+03	4.28200e+02	1.63600e+03	3.61468e+03	8.26062e+00	4.69036e+00	1.05880e+10	0.00000e+00
2.53974e+03	4.42245e+02	1.62102e+03	3.61585e+03	8.32989e+00	4.72750e+00	5.67719e+09	0.00000e+00
2.62704e+03	4.56197e+02	1.60605e+03	3.62252e+03	8.41150e+00	4.77169e+00	3.17054e+09	0.00000e+00
2.71365e+03	4.70058e+02	1.59107e+03	3.63021e+03	8.43318e+00	4.78132e+00	1.83725e+09	0.00000e+00
2.79959e+03	4.83829e+02	1.57610e+03	3.63297e+03	8.43435e+00	4.77915e+00	1.10085e+09	0.00000e+00
2.88474e+03	4.97509e+02	1.56112e+03	3.63402e+03	8.43543e+00	4.77695e+00	6.79845e+08	0.00000e+00
2.96904e+03	5.11101e+02	1.54614e+03	3.63504e+03	8.43644e+00	4.77473e+00	4.31548e+08	0.00000e+00
3.05250e+03	5.24604e+02	1.53117e+03	3.63605e+03	8.43739e+00	4.77250e+00	2.80899e+08	0.00000e+00
3.13512e+03	5.38019e+02	1.51619e+03	3.63703e+03	8.43826e+00	4.77025e+00	1.87092e+08	0.00000e+00
3.21689e+03	5.51348e+02	1.50122e+03	3.63800e+03	8.43906e+00	4.76797e+00	1.27271e+08	0.00000e+00
3.29780e+03	5.64591e+02	1.48624e+03	3.63894e+03	8.43980e+00	4.76569e+00	8.82759e+07	0.00000e+00
3.37786e+03	5.77750e+02	1.47126e+03	3.63986e+03	8.44047e+00	4.76339e+00	6.23354e+07	0.00000e+00
3.45706e+03	5.90825e+02	1.45629e+03	3.64076e+03	8.44108e+00	4.76108e+00	4.47526e+07	0.00000e+00
3.53540e+03	6.03817e+02	1.44131e+03	3.64165e+03	8.44164e+00	4.75876e+00	3.26257e+07	0.00000e+00
3.61288e+03	6.16727e+02	1.42634e+03	3.64251e+03	8.44212e+00	4.75642e+00	2.41256e+07	0.00000e+00
3.68949e+03	6.29557e+02	1.41136e+03	3.64335e+03	8.44255e+00	4.75407e+00	1.80774e+07	0.00000e+00
3.76524e+03	6.42308e+02	1.39638e+03	3.64418e+03	8.44293e+00	4.75172e+00	1.37131e+07	0.00000e+00
3.84010e+03	6.54981e+02	1.38141e+03	3.64498e+03	8.44324e+00	4.74936e+00	1.05224e+07	0.00000e+00
3.91410e+03	6.67576e+02	1.36643e+03	3.64577e+03	8.44349e+00	4.74699e+00	8.16103e+06	0.00000e+00
3.98721e+03	6.80096e+02	1.35146e+03	3.64654e+03	8.44370e+00	4.74461e+00	6.39322e+06	0.00000e+00
4.05944e+03	6.92543e+02	1.33648e+03	3.64729e+03	8.44385e+00	4.74222e+00	5.05548e+06	0.00000e+00
4.13078e+03	7.04916e+02	1.32150e+03	3.64802e+03	8.44393e+00	4.73983e+00	4.03289e+06	0.00000e+00
4.20123e+03	7.17218e+02	1.30653e+03	3.64873e+03	8.44396e+00	4.73742e+00	3.24375e+06	0.00000e+00
4.27079e+03	7.29451e+02	1.29155e+03	3.64943e+03	8.44394e+00	4.73501e+00	2.62929e+06	0.00000e+00
4.33946e+03	7.41616e+02	1.27658e+03	3.65010e+03	8.44386e+00	4.73259e+00	2.14677e+06	0.00000e+00
4.40722e+03	7.53715e+02	1.26160e+03	3.65076e+03	8.44371e+00	4.73016e+00	1.76484e+06	0.00000e+00
4.47407e+03	7.65749e+02	1.24662e+03	3.65140e+03	8.44352e+00	4.72773e+00	1.46024e+06	0.00000e+00
4.54002e+03	7.77722e+02	1.23165e+03	3.65201e+03	8.44327e+00	4.72528e+00	1.21557e+06	0.00000e+00
4.60505e+03	7.89633e+02	1.21667e+03	3.65261e+03	8.44295e+00	4.72283e+00	1.01771e+06	0.00000e+00
4.66916e+03	8.01487e+02	1.20170e+03	3.65319e+03	8.44258e+00	4.72037e+00	8.56677e+05	0.00000e+00
4.73236e+03	8.13285e+02	1.18672e+03	3.65375e+03	8.44215e+00	4.71789e+00	7.24813e+05	0.00000e+00
4.79462e+03	8.25028e+02	1.17174e+03	3.65430e+03	8.44165e+00	4.71541e+00	6.16211e+05	0.00000e+00
4.85595e+03	8.36721e+02	1.15677e+03	3.65482e+03	8.44109e+00	4.71291e+00	5.26275e+05	0.00000e+00
4.91635e+03	8.48365e+02	1.14179e+03	3.65532e+03	8.44046e+00	4.71040e+00	4.51406e+05	0.00000e+00
4.97580e+03	8.59963e+02	1.12681e+03	3.65580e+03	8.43977e+00	4.70788e+00	3.88768e+05	0.00000e+00
5.03430e+03	8.71518e+02	1.11184e+03	3.65626e+03	8.43901e+00	4.70535e+00	3.36115e+05	0.00000e+00
5.09186e+03	8.83033e+02	1.09686e+03	3.65669e+03	8.43818e+00	4.70280e+00	2.91654e+05	0.00000e+00
5.14845e+03	8.94511e+02	1.08189e+03	3.65711e+03	8.43727e+00	4.70023e+00	2.53948e+05	0.00000e+00
5.20407e+03	9.05956e+02	1.06691e+03	3.65751e+03	8.43630e+00	4.69765e+00	2.21838e+05	0.00000e+00
5.25873e+03	9.17371e+02	1.05193e+03	3.65788e+03	8.43525e+00	4.69505e+00	1.94386e+05	0.00000e+00
5.31240e+03	9.28760e+02	1.03696e+03	3.65823e+03	8.43412e+00	4.69243e+00	1.70827e+05	0.00000e+00
5.36509e+03	9.40126e+02	1.02198e+03	3.65856e+03	8.43292e+00	4.68979e+00	1.50536e+05	0.00000e+00
5.41678e+03	9.51475e+02	1.00701e+03	3.65886e+03	8.43162e+00	4.68713e+00	1.33000e+05	0.00000e+00
5.46747e+03	9.62810e+02	9.92031e+02	3.65914e+03	8.43025e+00	4.68444e+00	1.17793e+05	0.00000e+00
5.51716e+03	9.74137e+02	9.77055e+02	3.65939e+03	8.42879e+00	4.68173e+00	1.04565e+05	0.00000e+00
5.56582e+03	9.85460e+02	9.62079e+02	3.65963e+03	8.42723e+00	4.67899e+00	9.30230e+04	0.00000e+00
5.61345e+03	9.96785e+02	9.47103e+02	3.65983e+03	8.42557e+00	4.67622e+00	8.29227e+04	0.00000e+00
5.66005e+03	1.00812e+03	9.32127e+02	3.66001e+03	8.42383e+00	4.67342e+00	7.40592e+04	0.00000e+00
5.70560e+03	1.01946e+03	9.17151e+02	3.66016e+03	8.42197e+00	4.67058e+00	6.62602e+04	0.00000e+00
5.75009e+03	1.03083e+03	9.02175e+02	3.66028e+03	8.42000e+00	4.66771e+00	5.93801e+04	0.00000e+00
5.79351e+03	1.04222e+03	8.87198e+02	3.66037e+03	8.41793e+00	4.66481e+00	5.32956e+04	0.00000e+00
5.83584e+03	1.05365e+03	8.72222e+02	3.66044e+03	8.41574e+00	4.66185e+00	4.79019e+04	0.00000e+00
5.87708e+03	1.06512e+03	8.57246e+02	3.66047e+03	8.41343e+00	4.65886e+00	4.31096e+04	0.00000e+00
5.91721e+03	1.07664e+03	8.42270e+02	3.66047e+03	8.41099e+00	4.65581e+00	3.88424e+04	0.00000e+00
5.95622e+03	1.08822e+03	8.27294e+02	3.66044e+03	8.40840e+00	4.65271e+00	3.50348e+04	0.00000e+00
5.99408e+03	1.09987e+03	8.12318e+02	3.66037e+03	8.40569e+00	4.64956e+00	3.16305e+04	0.00000e+00
6.03078e+03	1.11160e+03	7.97342e+02	3.66027e+03	8.40557e+00	4.64769e+00	2.85808e+04	0.00000e+00
6.06631e+03	1.12342e+03	7.82366e+02	3.66063e+03	8.40553e+00	4.64603e+00	2.58440e+04	0.00000e+00
6.10064e+03	1.13535e+03	7.67390e+02	3.66090e+03	8.40519e+00	4.64417e+00	2.33835e+04	0.00000e+00
6.10064e+03	1.13535e+03	7.67390e+02	8.00000e+03	6.17223e+00	3.32981e+00	1.00000e+04	0.00000e+00
6.51273e+03	1.13661e+03	6.82125e+02	8.00659e+03	6.16969e+00	3.32844e+00	1.00000e+04	0.00000e+00
6.59336e+03	1.13787e+03	5.96859e+02	8.01303e+03	6.19910e+00	3.34253e+00	1.00000e+04	0.00000e+00
6.24909e+03	1.13914e+03	5.11593e+02	8.01981e+03	6.20269e+00	3.34412e+00	1.00000e+04	0.00000e+00
5.31941e+03	1.14040e+03	4.26328e+02	8.02786e+03	6.17300e+00	3.32959e+00	1.00000e+04	0.00000e+00
3.50308e+03	1.14166e+03	3.41062e+02	8.04041e+03	6.09590e+00	3.29205e+00	1.00000e+04	0.00000e+00
1.60542e+02	1.14292e+03	2.55797e+02	8.32905e+03	5.84811e+00	3.16637e+00	1.00000e+04	0.00000e+00
-6.55455e+03	1.14418e+03	1.70531e+02	8.32095e+03	5.58158e+00	3.03846e+00	1.00000e+04	0.00000e+00
-2.23178e+04	1.14544e+03	8.52656e+01	8.31792e+03	4.99760e+00	2.76062e+00	1.00000e+04	0.00000e+00
-8.63324e+04	1.14670e+03	0.00000e+00	8.31575e+03	3.23260e+00	1.95750e+00	1.00000e+04	0.00000e+00
