   0.0000000e+00   1.1000000e+02   2.6341000e+03   9.3237756e+02   3.9798936e+00   1.9655294e+00   2.7451649e+04
   6.6933895e+00   2.0810798e+02   2.6290728e+03   9.3237756e+02   3.9931935e+00   1.9720977e+00   1.6880708e+02
   1.3386779e+01   2.0817049e+02   2.6240411e+03   9.3288633e+02   3.9916212e+00   1.9713212e+00   1.6851794e+02
   2.0080168e+01   2.0823297e+02   2.6190175e+03   9.3336638e+02   3.9900527e+00   1.9705466e+00   1.6822962e+02
   2.6773558e+01   2.0829543e+02   2.6140019e+03   9.3381286e+02   3.9884903e+00   1.9697749e+00   1.6794210e+02
   3.3466947e+01   2.0835785e+02   2.6089942e+03   9.3422038e+02   3.9869359e+00   1.9690073e+00   1.6765538e+02
   4.0160337e+01   2.0842024e+02   2.6039942e+03   9.3458299e+02   3.9853918e+00   1.9682447e+00   1.6736945e+02
   4.6853726e+01   2.0848261e+02   2.5990016e+03   9.3489411e+02   3.9838599e+00   1.9674882e+00   1.6708432e+02
   5.3547116e+01   2.0854494e+02   2.5940162e+03   9.3514651e+02   3.9823424e+00   1.9667387e+00   1.6679998e+02
   6.0240505e+01   2.0860725e+02   2.5890377e+03   9.3533231e+02   3.9808410e+00   1.9659972e+00   1.6651641e+02
   6.6933895e+01   2.0866953e+02   2.5840658e+03   9.3544300e+02   3.9793577e+00   1.9652647e+00   1.6623363e+02
   7.3627284e+01   2.0873178e+02   2.5791002e+03   9.3546954e+02   3.9778941e+00   1.9645419e+00   1.6595162e+02
   8.0320674e+01   2.0879400e+02   2.5741404e+03   9.3540253e+02   3.9764519e+00   1.9638296e+00   1.6567037e+02
   8.7014063e+01   2.0885620e+02   2.5691859e+03   9.3523256e+02   3.9750326e+00   1.9631287e+00   1.6538988e+02
   9.3707453e+01   2.0891838e+02   2.5642363e+03   9.3495062e+02   3.9736377e+00   1.9624398e+00   1.6511015e+02
   1.0040084e+02   2.0898053e+02   2.5592911e+03   9.3454877e+02   3.9722684e+00   1.9617635e+00   1.6483117e+02
   1.0709423e+02   2.0904265e+02   2.5543495e+03   9.3402103e+02   3.9709259e+00   1.9611005e+00   1.6455293e+02
   1.1378762e+02   2.0910476e+02   2.5494111e+03   9.3336448e+02   3.9696113e+00   1.9604513e+00   1.6427542e+02
   1.2048101e+02   2.0916684e+02   2.5444752e+03   9.3258044e+02   3.9683256e+00   1.9598163e+00   1.6399864e+02
   1.2717440e+02   2.6000000e+02   2.5395412e+03   9.3167582e+02   3.9802538e+00   1.9657072e+00   5.4023129e+01
   1.3089179e+02   2.6000000e+02   2.5373385e+03   1.1587656e+03   1.7417593e+00   0.0000000e+00   0.0000000e+00
   1.3460918e+02   2.6000000e+02   2.5351388e+03   1.1599897e+03   1.7484349e+00   0.0000000e+00   0.0000000e+00
   1.3832657e+02   2.6000000e+02   2.5329419e+03   1.1612047e+03   1.7550576e+00   0.0000000e+00   0.0000000e+00
   1.4204396e+02   2.6000000e+02   2.5307479e+03   1.1624108e+03   1.7616276e+00   0.0000000e+00   0.0000000e+00
   1.4576135e+02   2.6000000e+02   2.5285567e+03   1.1636082e+03   1.7681457e+00   0.0000000e+00   0.0000000e+00
   1.4947874e+02   2.6000000e+02   2.5263684e+03   1.1647970e+03   1.7746123e+00   0.0000000e+00   0.0000000e+00
   1.5319613e+02   2.6000000e+02   2.5241828e+03   1.1659773e+03   1.7810282e+00   0.0000000e+00   0.0000000e+00
   1.5691352e+02   2.6000000e+02   2.5220000e+03   1.1671493e+03   1.7873942e+00   0.0000000e+00   0.0000000e+00
   1.6063091e+02   2.6000000e+02   2.5198200e+03   1.1683133e+03   1.7937112e+00   0.0000000e+00   0.0000000e+00
   1.6434830e+02   2.6000000e+02   2.5176427e+03   1.1694693e+03   1.7999800e+00   0.0000000e+00   0.0000000e+00
   1.6806569e+02   2.6000000e+02   2.5154682e+03   1.1706175e+03   1.8062018e+00   0.0000000e+00   0.0000000e+00
   1.7178308e+02   2.6000000e+02   2.5132963e+03   1.1717581e+03   1.8123776e+00   0.0000000e+00   0.0000000e+00
   1.7550047e+02   2.6000000e+02   2.5111271e+03   1.1728912e+03   1.8185087e+00   0.0000000e+00   0.0000000e+00
   1.7921786e+02   2.6000000e+02   2.5089606e+03   1.1740169e+03   1.8245963e+00   0.0000000e+00   0.0000000e+00
   1.8293525e+02   2.6000000e+02   2.5067967e+03   1.1751353e+03   1.8306421e+00   0.0000000e+00   0.0000000e+00
   1.8665264e+02   2.6000000e+02   2.5046354e+03   1.1762465e+03   1.8366476e+00   0.0000000e+00   0.0000000e+00
   1.9037003e+02   2.6000000e+02   2.5024767e+03   1.1773506e+03   1.8426146e+00   0.0000000e+00   0.0000000e+00
   1.9408742e+02   2.6000000e+02   2.5003206e+03   1.1784478e+03   1.8485449e+00   0.0000000e+00   0.0000000e+00
   1.9780481e+02   2.6000000e+02   2.4981671e+03   1.1795381e+03   1.8544404e+00   0.0000000e+00   0.0000000e+00
   2.0152220e+02   2.6000000e+02   2.4960161e+03   1.1806216e+03   1.8603028e+00   0.0000000e+00   0.0000000e+00
   2.0523959e+02   2.6000000e+02   2.4938677e+03   1.1816985e+03   1.8661335e+00   0.0000000e+00   0.0000000e+00
   2.0895699e+02   2.6000000e+02   2.4917218e+03   1.1827688e+03   1.8719338e+00   0.0000000e+00   0.0000000e+00
   2.1267438e+02   2.6000000e+02   2.4895784e+03   1.1838327e+03   1.8777047e+00   0.0000000e+00   0.0000000e+00
   2.1639177e+02   2.6000000e+02   2.4874375e+03   1.1848903e+03   1.8834471e+00   0.0000000e+00   0.0000000e+00
   2.2010916e+02   2.6000000e+02   2.4852991e+03   1.1859416e+03   1.8891613e+00   0.0000000e+00   0.0000000e+00
   2.2382655e+02   2.6000000e+02   2.4831631e+03   1.1869867e+03   1.8948479e+00   0.0000000e+00   0.0000000e+00
   2.2754394e+02   2.6000000e+02   2.4810295e+03   1.1880257e+03   1.9005066e+00   0.0000000e+00   0.0000000e+00
   2.3126133e+02   2.6000000e+02   2.4788984e+03   1.1890587e+03   1.9061372e+00   0.0000000e+00   0.0000000e+00
   2.3497872e+02   2.6000000e+02   2.4767697e+03   1.1900858e+03   1.9117387e+00   0.0000000e+00   0.0000000e+00
   2.3869611e+02   2.6000000e+02   2.4746435e+03   1.1911070e+03   1.9173089e+00   0.0000000e+00   0.0000000e+00
   2.4241350e+02   2.6000000e+02   2.4725196e+03   1.1921225e+03   1.9228454e+00   0.0000000e+00   0.0000000e+00
   2.4613089e+02   2.6000000e+02   2.4703980e+03   1.1931322e+03   1.9283448e+00   0.0000000e+00   0.0000000e+00
   2.4984828e+02   2.6000000e+02   2.4682789e+03   1.1941364e+03   1.9338030e+00   0.0000000e+00   0.0000000e+00
   2.5356567e+02   2.6000000e+02   2.4661620e+03   1.1951350e+03   1.9392163e+00   0.0000000e+00   0.0000000e+00
   2.5728306e+02   2.6000000e+02   2.4640475e+03   1.1961282e+03   1.9445816e+00   0.0000000e+00   0.0000000e+00
   2.6100045e+02   2.6000000e+02   2.4619354e+03   1.1971160e+03   1.9498964e+00   0.0000000e+00   0.0000000e+00
   2.6471784e+02   2.6000000e+02   2.4598255e+03   1.1980986e+03   1.9551595e+00   0.0000000e+00   0.0000000e+00
   2.6843523e+02   2.6000000e+02   2.4577179e+03   1.1990759e+03   1.9603723e+00   0.0000000e+00   0.0000000e+00
   2.7215262e+02   2.6000000e+02   2.4556127e+03   1.2000482e+03   1.9655364e+00   0.0000000e+00   0.0000000e+00
   2.7587001e+02   2.6000000e+02   2.4535096e+03   1.2010155e+03   1.9706548e+00   0.0000000e+00   0.0000000e+00
   2.7958740e+02   2.6000000e+02   2.4514089e+03   1.2019779e+03   1.9757313e+00   0.0000000e+00   0.0000000e+00
   2.8330479e+02   2.6000000e+02   2.4493104e+03   1.2029354e+03   1.9807697e+00   0.0000000e+00   0.0000000e+00
   2.8702218e+02   2.6000000e+02   2.4472141e+03   1.2038883e+03   1.9857722e+00   0.0000000e+00   0.0000000e+00
   2.9073957e+02   2.6000000e+02   2.4451201e+03   1.2048364e+03   1.9907404e+00   0.0000000e+00   0.0000000e+00
   2.9445696e+02   2.6000000e+02   2.4430283e+03   1.2057800e+03   1.9956754e+00   0.0000000e+00   0.0000000e+00
   2.9817435e+02   2.6000000e+02   2.4409387e+03   1.2067191e+03   2.0005775e+00   0.0000000e+00   0.0000000e+00
   3.0189174e+02   2.6000000e+02   2.4388513e+03   1.2076538e+03   2.0054467e+00   0.0000000e+00   0.0000000e+00
   3.0560913e+02   2.6000000e+02   2.4367660e+03   1.2085842e+03   2.0102846e+00   0.0000000e+00   0.0000000e+00
   3.0932652e+02   2.6000000e+02   2.4346830e+03   1.2095101e+03   2.0150938e+00   0.0000000e+00   0.0000000e+00
   3.1304391e+02   2.6000000e+02   2.4326021e+03   1.2104318e+03   2.0198774e+00   0.0000000e+00   0.0000000e+00
   3.1676130e+02   2.6000000e+02   2.4305234e+03   1.2113492e+03   2.0246384e+00   0.0000000e+00   0.0000000e+00
   3.2047869e+02   2.6000000e+02   2.4284468e+03   1.2122624e+03   2.0293805e+00   0.0000000e+00   0.0000000e+00
   3.2419608e+02   2.6000000e+02   2.4263724e+03   1.2131715e+03   2.0341066e+00   0.0000000e+00   0.0000000e+00
   3.2791347e+02   2.6000000e+02   2.4243000e+03   1.2140764e+03   2.0388188e+00   0.0000000e+00   0.0000000e+00
   3.3163086e+02   2.6000000e+02   2.4222299e+03   1.2149772e+03   2.0435185e+00   0.0000000e+00   0.0000000e+00
   3.3534825e+02   2.6000000e+02   2.4201618e+03   1.2158740e+03   2.0482070e+00   0.0000000e+00   0.0000000e+00
   3.3906564e+02   2.6000000e+02   2.4180958e+03   1.2167668e+03   2.0528850e+00   0.0000000e+00   0.0000000e+00
   3.4278303e+02   2.6000000e+02   2.4160319e+03   1.2176557e+03   2.0575530e+00   0.0000000e+00   0.0000000e+00
   3.4650042e+02   2.6000000e+02   2.4139701e+03   1.2185406e+03   2.0622114e+00   0.0000000e+00   0.0000000e+00
   3.5021781e+02   2.6000000e+02   2.4119103e+03   1.2194216e+03   2.0668604e+00   0.0000000e+00   0.0000000e+00
   3.5393520e+02   2.6000000e+02   2.4098527e+03   1.2202988e+03   2.0714999e+00   0.0000000e+00   0.0000000e+00
   3.5765259e+02   2.6000000e+02   2.4077971e+03   1.2211721e+03   2.0761299e+00   0.0000000e+00   0.0000000e+00
   3.6136998e+02   2.6000000e+02   2.4057435e+03   1.2220416e+03   2.0807503e+00   0.0000000e+00   0.0000000e+00
   3.6508737e+02   2.6000000e+02   2.4036920e+03   1.2229074e+03   2.0853609e+00   0.0000000e+00   0.0000000e+00
   3.6880476e+02   2.6000000e+02   2.4016425e+03   1.2237694e+03   2.0899617e+00   0.0000000e+00   0.0000000e+00
   3.7252215e+02   2.6000000e+02   2.3995950e+03   1.2246278e+03   2.0945522e+00   0.0000000e+00   0.0000000e+00
   3.7623955e+02   2.6000000e+02   2.3975496e+03   1.2254824e+03   2.0991326e+00   0.0000000e+00   0.0000000e+00
   3.7995694e+02   2.6000000e+02   2.3955061e+03   1.2263335e+03   2.1037025e+00   0.0000000e+00   0.0000000e+00
   3.8367433e+02   2.6000000e+02   2.3934647e+03   1.2271809e+03   2.1082620e+00   0.0000000e+00   0.0000000e+00
   3.8739172e+02   2.6000000e+02   2.3914252e+03   1.2280247e+03   2.1128111e+00   0.0000000e+00   0.0000000e+00
   3.9110911e+02   2.6000000e+02   2.3893878e+03   1.2288650e+03   2.1173499e+00   0.0000000e+00   0.0000000e+00
   3.9482650e+02   2.6000000e+02   2.3873523e+03   1.2297018e+03   2.1218784e+00   0.0000000e+00   0.0000000e+00
   3.9854389e+02   2.6000000e+02   2.3853188e+03   1.2305351e+03   2.1263969e+00   0.0000000e+00   0.0000000e+00
   4.0226128e+02   2.6000000e+02   2.3832872e+03   1.2313650e+03   2.1309056e+00   0.0000000e+00   0.0000000e+00
   4.0597867e+02   2.6000000e+02   2.3812576e+03   1.2321914e+03   2.1354046e+00   0.0000000e+00   0.0000000e+00
   4.0969606e+02   2.6000000e+02   2.3792300e+03   1.2330144e+03   2.1398943e+00   0.0000000e+00   0.0000000e+00
   4.1341345e+02   2.6000000e+02   2.3772043e+03   1.2338340e+03   2.1443749e+00   0.0000000e+00   0.0000000e+00
   4.1713084e+02   2.6000000e+02   2.3751805e+03   1.2346503e+03   2.1488466e+00   0.0000000e+00   0.0000000e+00
   4.2084823e+02   2.6000000e+02   2.3731587e+03   1.2354633e+03   2.1533097e+00   0.0000000e+00   0.0000000e+00
   4.2456562e+02   2.6000000e+02   2.3711388e+03   1.2362730e+03   2.1577645e+00   0.0000000e+00   0.0000000e+00
   4.2828301e+02   2.6000000e+02   2.3691208e+03   1.2370794e+03   2.1622110e+00   0.0000000e+00   0.0000000e+00
   4.3200040e+02   2.6000000e+02   2.3671047e+03   1.2378826e+03   2.1666496e+00   0.0000000e+00   0.0000000e+00
   4.3571779e+02   2.6000000e+02   2.3650905e+03   1.2386825e+03   2.1710802e+00   0.0000000e+00   0.0000000e+00
   4.3943518e+02   2.6000000e+02   2.3630782e+03   1.2394793e+03   2.1755028e+00   0.0000000e+00   0.0000000e+00
   4.4315257e+02   2.6000000e+02   2.3610678e+03   1.2402729e+03   2.1799173e+00   0.0000000e+00   0.0000000e+00
   4.4686996e+02   2.6000000e+02   2.3590593e+03   1.2410634e+03   2.1843235e+00   0.0000000e+00   0.0000000e+00
   4.5058735e+02   2.6000000e+02   2.3570527e+03   1.2418507e+03   2.1887209e+00   0.0000000e+00   0.0000000e+00
   4.5430474e+02   2.6000000e+02   2.3550479e+03   1.2426350e+03   2.1931088e+00   0.0000000e+00   0.0000000e+00
   4.5802213e+02   2.6000000e+02   2.3530450e+03   1.2434162e+03   2.1974860e+00   0.0000000e+00   0.0000000e+00
   4.6173952e+02   2.6000000e+02   2.3510439e+03   1.2441943e+03   2.2018512e+00   0.0000000e+00   0.0000000e+00
   4.6545691e+02   2.6000000e+02   2.3490447e+03   1.2449695e+03   2.2062026e+00   0.0000000e+00   0.0000000e+00
   4.6917430e+02   2.6000000e+02   2.3470474e+03   1.2457416e+03   2.2105385e+00   0.0000000e+00   0.0000000e+00
   4.7289169e+02   2.6000000e+02   2.3450519e+03   1.2465108e+03   2.2148569e+00   0.0000000e+00   0.0000000e+00
   4.7660908e+02   2.6000000e+02   2.3430582e+03   1.2472770e+03   2.2191569e+00   0.0000000e+00   0.0000000e+00
   4.8032647e+02   2.6005584e+02   2.3410752e+03   1.2535721e+03   4.2199263e+00   2.2059226e+00   1.2398759e+02
   4.8404386e+02   2.6024289e+02   2.3390935e+03   1.2540701e+03   4.2190883e+00   2.2054845e+00   1.2398759e+02
   4.8776125e+02   2.6042850e+02   2.3371132e+03   1.2545647e+03   4.2182566e+00   2.2050498e+00   1.2398759e+02
   4.9147864e+02   2.6061411e+02   2.3351343e+03   1.2550557e+03   4.2174313e+00   2.2046183e+00   1.2398759e+02
   4.9519603e+02   2.6079972e+02   2.3331567e+03   1.2555432e+03   4.2166125e+00   2.2041903e+00   1.2398759e+02
   4.9891342e+02   2.6098532e+02   2.3311805e+03   1.2560272e+03   4.2157999e+00   2.2037655e+00   1.2398759e+02
   5.0263081e+02   2.6117093e+02   2.3292057e+03   1.2565077e+03   4.2149938e+00   2.2033442e+00   1.2398759e+02
   5.0634820e+02   2.6135650e+02   2.3272322e+03   1.2569847e+03   4.2141940e+00   2.2029261e+00   1.2398759e+02
   5.1006559e+02   2.6153401e+02   2.3252601e+03   1.2574586e+03   4.2133998e+00   2.2025109e+00   1.2398759e+02
   5.1378298e+02   2.6171152e+02   2.3232893e+03   1.2579291e+03   4.2126118e+00   2.2020990e+00   1.2398759e+02
   5.1750037e+02   2.6188902e+02   2.3213199e+03   1.2583960e+03   4.2118302e+00   2.2016904e+00   1.2398759e+02
   5.2121776e+02   2.6206653e+02   2.3193518e+03   1.2588595e+03   4.2110549e+00   2.2012851e+00   1.2398759e+02
   5.2493515e+02   2.6224404e+02   2.3173850e+03   1.2593194e+03   4.2102858e+00   2.2008831e+00   1.2398759e+02
   5.2865254e+02   2.6242155e+02   2.3154196e+03   1.2597758e+03   4.2095230e+00   2.2004843e+00   1.2398759e+02
   5.3236993e+02   2.6259747e+02   2.3134554e+03   1.2602289e+03   4.2087662e+00   2.2000887e+00   1.2398759e+02
   5.3608732e+02   2.6276683e+02   2.3114926e+03   1.2606789e+03   4.2080150e+00   2.1996960e+00   1.2398759e+02
   5.3980471e+02   2.6293620e+02   2.3095311e+03   1.2611254e+03   4.2072700e+00   2.1993066e+00   1.2398759e+02
   5.4352211e+02   2.6310556e+02   2.3075710e+03   1.2615685e+03   4.2065311e+00   2.1989204e+00   1.2398759e+02
   5.4723950e+02   2.6327492e+02   2.3056121e+03   1.2620081e+03   4.2057984e+00   2.1985373e+00   1.2398759e+02
   5.5095689e+02   2.6344429e+02   2.3036546e+03   1.2624443e+03   4.2050718e+00   2.1981575e+00   1.2398759e+02
   5.5467428e+02   2.6361365e+02   2.3016983e+03   1.2628770e+03   4.2043513e+00   2.1977809e+00   1.2398759e+02
   5.5839167e+02   2.6377991e+02   2.2997433e+03   1.2633064e+03   4.2036366e+00   2.1974073e+00   1.2398759e+02
   5.6210906e+02   2.6394122e+02   2.2977897e+03   1.2637328e+03   4.2029274e+00   2.1970366e+00   1.2398759e+02
   5.6582645e+02   2.6410252e+02   2.2958373e+03   1.2641558e+03   4.2022243e+00   2.1966690e+00   1.2398759e+02
   5.6954384e+02   2.6426383e+02   2.2938862e+03   1.2645753e+03   4.2015271e+00   2.1963046e+00   1.2398759e+02
   5.7326123e+02   2.6442514e+02   2.2919363e+03   1.2649915e+03   4.2008360e+00   2.1959433e+00   1.2398759e+02
   5.7697862e+02   2.6458644e+02   2.2899878e+03   1.2654042e+03   4.2001508e+00   2.1955851e+00   1.2398759e+02
   5.8069601e+02   2.6474775e+02   2.2880405e+03   1.2658136e+03   4.1994715e+00   2.1952300e+00   1.2398759e+02
   5.8441340e+02   2.6490452e+02   2.2860945e+03   1.2662199e+03   4.1987977e+00   2.1948778e+00   1.2398759e+02
   5.8813079e+02   2.6505793e+02   2.2841498e+03   1.2666231e+03   4.1981294e+00   2.1945284e+00   1.2398759e+02
   5.9184818e+02   2.6521134e+02   2.2822063e+03   1.2670229e+03   4.1974669e+00   2.1941821e+00   1.2398759e+02
   5.9556557e+02   2.6536475e+02   2.2802641e+03   1.2674195e+03   4.1968103e+00   2.1938389e+00   1.2398759e+02
   5.9928296e+02   2.6551817e+02   2.2783231e+03   1.2678126e+03   4.1961594e+00   2.1934987e+00   1.2398759e+02
   6.0300035e+02   2.6567158e+02   2.2763834e+03   1.2682025e+03   4.1955144e+00   2.1931615e+00   1.2398759e+02
   6.0671774e+02   2.6582499e+02   2.2744450e+03   1.2685891e+03   4.1948750e+00   2.1928273e+00   1.2398759e+02
   6.1043513e+02   2.6597253e+02   2.2725078e+03   1.2689728e+03   4.1942408e+00   2.1924957e+00   1.2398759e+02
   6.1415252e+02   2.6611826e+02   2.2705718e+03   1.2693534e+03   4.1936121e+00   2.1921671e+00   1.2398759e+02
   6.1786991e+02   2.6626399e+02   2.2686370e+03   1.2697306e+03   4.1929890e+00   2.1918414e+00   1.2398759e+02
   6.2158730e+02   2.6640972e+02   2.2667035e+03   1.2701047e+03   4.1923715e+00   2.1915186e+00   1.2398759e+02
   6.2530469e+02   2.6655545e+02   2.2647713e+03   1.2704755e+03   4.1917597e+00   2.1911987e+00   1.2398759e+02
   6.2902208e+02   2.6670118e+02   2.2628402e+03   1.2708431e+03   4.1911533e+00   2.1908818e+00   1.2398759e+02
   6.3273947e+02   2.6684691e+02   2.2609104e+03   1.2712075e+03   4.1905526e+00   2.1905677e+00   1.2398759e+02
   6.3645686e+02   2.6707825e+02   2.2591523e+03   1.3948535e+03   4.5916596e+00   2.3704908e+00   1.6100632e+02
   6.4017425e+02   2.6731375e+02   2.2573945e+03   1.3948382e+03   4.5916019e+00   2.3704610e+00   1.6020532e+02
   6.4389164e+02   2.6754924e+02   2.2556370e+03   1.3948229e+03   4.5915443e+00   2.3704312e+00   1.5940970e+02
   6.4760903e+02   2.6778474e+02   2.2538799e+03   1.3948076e+03   4.5914867e+00   2.3704015e+00   1.5861943e+02
   6.5132642e+02   2.6802023e+02   2.2521231e+03   1.3947922e+03   4.5914290e+00   2.3703717e+00   1.5783445e+02
   6.5504381e+02   2.6825573e+02   2.2503666e+03   1.3947769e+03   4.5913714e+00   2.3703420e+00   1.5705472e+02
   6.5876120e+02   2.6849417e+02   2.2486105e+03   1.3947614e+03   4.5913142e+00   2.3703125e+00   1.5627055e+02
   6.6247859e+02   2.6875019e+02   2.2468547e+03   1.3947447e+03   4.5912588e+00   2.3702839e+00   1.5543445e+02
   6.6619598e+02   2.6900621e+02   2.2450993e+03   1.3947280e+03   4.5912035e+00   2.3702553e+00   1.5460439e+02
   6.6991337e+02   2.6926223e+02   2.2433442e+03   1.3947113e+03   4.5911482e+00   2.3702267e+00   1.5378034e+02
   6.7363076e+02   2.6951826e+02   2.2415895e+03   1.3946946e+03   4.5910929e+00   2.3701982e+00   1.5296223e+02
   6.7734815e+02   2.6977428e+02   2.2398352e+03   1.3946779e+03   4.5910376e+00   2.3701697e+00   1.5215002e+02
   6.8106554e+02   2.7003030e+02   2.2380811e+03   1.3946612e+03   4.5909823e+00   2.3701411e+00   1.5134364e+02
   6.8478293e+02   2.7028260e+02   2.2363275e+03   1.3946448e+03   4.5909267e+00   2.3701124e+00   1.5055468e+02
   6.8850032e+02   2.7052743e+02   2.2345742e+03   1.3946288e+03   4.5908702e+00   2.3700833e+00   1.4979439e+02
   6.9221771e+02   2.7077225e+02   2.2328213e+03   1.3946128e+03   4.5908138e+00   2.3700541e+00   1.4903930e+02
   6.9593510e+02   2.7101708e+02   2.2310687e+03   1.3945969e+03   4.5907574e+00   2.3700250e+00   1.4828938e+02
   6.9965249e+02   2.7126191e+02   2.2293166e+03   1.3945809e+03   4.5907011e+00   2.3699959e+00   1.4754457e+02
   7.0336988e+02   2.7150674e+02   2.2275648e+03   1.3945649e+03   4.5906447e+00   2.3699668e+00   1.4680483e+02
   7.0708727e+02   2.7175157e+02   2.2258133e+03   1.3945489e+03   4.5905884e+00   2.3699377e+00   1.4607013e+02
   7.1080467e+02   2.7199090e+02   2.2240623e+03   1.3945333e+03   4.5905315e+00   2.3699084e+00   1.4535675e+02
   7.1452206e+02   2.7222520e+02   2.2223116e+03   1.3945180e+03   4.5904740e+00   2.3698787e+00   1.4466292e+02
   7.1823945e+02   2.7245951e+02   2.2205613e+03   1.3945027e+03   4.5904166e+00   2.3698491e+00   1.4397359e+02
   7.2195684e+02   2.7269382e+02   2.2188114e+03   1.3944874e+03   4.5903592e+00   2.3698195e+00   1.4328871e+02
   7.2567423e+02   2.7292813e+02   2.2170619e+03   1.3944720e+03   4.5903019e+00   2.3697898e+00   1.4260826e+02
   7.2939162e+02   2.7316244e+02   2.2153128e+03   1.3944567e+03   4.5902445e+00   2.3697602e+00   1.4193220e+02
   7.3310901e+02   2.7339675e+02   2.2135641e+03   1.3944414e+03   4.5901872e+00   2.3697306e+00   1.4126050e+02
   7.3682640e+02   2.7362404e+02   2.2118158e+03   1.3944266e+03   4.5901291e+00   2.3697006e+00   1.4061305e+02
   7.4054379e+02   2.7384850e+02   2.2100678e+03   1.3944119e+03   4.5900708e+00   2.3696705e+00   1.3997761e+02
   7.4426118e+02   2.7407296e+02   2.2083203e+03   1.3943972e+03   4.5900124e+00   2.3696404e+00   1.3934608e+02
   7.4797857e+02   2.7429742e+02   2.2065732e+03   1.3943825e+03   4.5899541e+00   2.3696103e+00   1.3871843e+02
   7.5169596e+02   2.7452189e+02   2.2048265e+03   1.3943678e+03   4.5898958e+00   2.3695802e+00   1.3809462e+02
   7.5541335e+02   2.7474635e+02   2.2030802e+03   1.3943531e+03   4.5898375e+00   2.3695501e+00   1.3747463e+02
   7.5913074e+02   2.7497081e+02   2.2013343e+03   1.3943385e+03   4.5897793e+00   2.3695200e+00   1.3685843e+02
   7.6284813e+02   2.7518697e+02   2.1995889e+03   1.3943243e+03   4.5897201e+00   2.3694895e+00   1.3626856e+02
   7.6656552e+02   2.7540224e+02   2.1978438e+03   1.3943102e+03   4.5896609e+00   2.3694589e+00   1.3568458e+02
   7.7028291e+02   2.7561751e+02   2.1960992e+03   1.3942961e+03   4.5896017e+00   2.3694284e+00   1.3510401e+02
   7.7400030e+02   2.7583277e+02   2.1943550e+03   1.3942820e+03   4.5895426e+00   2.3693978e+00   1.3452683e+02
   7.7771769e+02   2.7604804e+02   2.1926112e+03   1.3942679e+03   4.5894834e+00   2.3693673e+00   1.3395301e+02
   7.8143508e+02   2.7626330e+02   2.1908679e+03   1.3942539e+03   4.5894243e+00   2.3693368e+00   1.3338252e+02
   7.8515247e+02   2.7647778e+02   2.1891250e+03   1.3942398e+03   4.5893651e+00   2.3693062e+00   1.3281742e+02
   7.8886986e+02   2.7668448e+02   2.1873825e+03   1.3942263e+03   4.5893051e+00   2.3692752e+00   1.3227590e+02
   7.9258725e+02   2.7689118e+02   2.1856405e+03   1.3942127e+03   4.5892451e+00   2.3692442e+00   1.3173740e+02
   7.9630464e+02   2.7709788e+02   2.1838989e+03   1.3941992e+03   4.5891851e+00   2.3692133e+00   1.3120188e+02
   8.0002203e+02   2.7730457e+02   2.1821577e+03   1.3941856e+03   4.5891251e+00   2.3691823e+00   1.3066934e+02
   8.0373942e+02   2.7751127e+02   2.1804170e+03   1.3941721e+03   4.5890652e+00   2.3691514e+00   1.3013975e+02
   8.0745681e+02   2.7771797e+02   2.1786768e+03   1.3941585e+03   4.5890053e+00   2.3691204e+00   1.2961308e+02
   8.1117420e+02   2.7792242e+02   2.1769370e+03   1.3941451e+03   4.5889451e+00   2.3690894e+00   1.2909501e+02
   8.1489159e+02   2.7812115e+02   2.1751976e+03   1.3941321e+03   4.5888844e+00   2.3690580e+00   1.2859415e+02
   8.1860898e+02   2.7831987e+02   2.1734588e+03   1.3941191e+03   4.5888237e+00   2.3690267e+00   1.2809595e+02
   8.2232637e+02   2.7851860e+02   2.1717203e+03   1.3941061e+03   4.5887630e+00   2.3689954e+00   1.2760038e+02
   8.2604376e+02   2.7871732e+02   2.1699824e+03   1.3940930e+03   4.5887023e+00   2.3689640e+00   1.2710743e+02
   8.2976115e+02   2.7891605e+02   2.1682449e+03   1.3940800e+03   4.5886416e+00   2.3689327e+00   1.2661709e+02
   8.3347854e+02   2.7911478e+02   2.1665078e+03   1.3940670e+03   4.5885810e+00   2.3689014e+00   1.2612933e+02
   8.3719593e+02   2.7931001e+02   2.1647713e+03   1.3940542e+03   4.5885200e+00   2.3688699e+00   1.2565265e+02
   8.4091332e+02   2.7950133e+02   2.1630352e+03   1.3940416e+03   4.5884586e+00   2.3688382e+00   1.2518791e+02
   8.4463071e+02   2.7969265e+02   2.1612996e+03   1.3940291e+03   4.5883972e+00   2.3688065e+00   1.2472552e+02
   8.4834810e+02   2.7988397e+02   2.1595644e+03   1.3940165e+03   4.5883359e+00   2.3687749e+00   1.2426547e+02
   8.5206549e+02   2.8007529e+02   2.1578298e+03   1.3940040e+03   4.5882745e+00   2.3687432e+00   1.2380774e+02
   8.5578288e+02   2.8026661e+02   2.1560956e+03   1.3939914e+03   4.5882132e+00   2.3687115e+00   1.2335231e+02
   8.5950027e+02   2.8045793e+02   2.1543619e+03   1.3939788e+03   4.5881519e+00   2.3686799e+00   1.2289918e+02
   8.6321766e+02   2.8064471e+02   2.1526288e+03   1.3939666e+03   4.5880902e+00   2.3686480e+00   1.2245901e+02
   8.6693505e+02   2.8082916e+02   2.1508961e+03   1.3939545e+03   4.5880282e+00   2.3686160e+00   1.2202644e+02
   8.7065244e+02   2.8101361e+02   2.1491639e+03   1.3939424e+03   4.5879662e+00   2.3685840e+00   1.2159596e+02
   8.7436983e+02   2.8119806e+02   2.1474322e+03   1.3939303e+03   4.5879043e+00   2.3685520e+00   1.2116757e+02
   8.7808722e+02   2.8138251e+02   2.1457010e+03   1.3939181e+03   4.5878423e+00   2.3685201e+00   1.2074124e+02
   8.8180462e+02   2.8156697e+02   2.1439703e+03   1.3939060e+03   4.5877804e+00   2.3684881e+00   1.2031696e+02
   8.8552201e+02   2.8175142e+02   2.1422401e+03   1.3938939e+03   4.5877185e+00   2.3684562e+00   1.1989473e+02
   8.8923940e+02   2.8193045e+02   2.1405104e+03   1.3938822e+03   4.5876561e+00   2.3684239e+00   1.1948684e+02
   8.9295679e+02   2.8210854e+02   2.1387812e+03   1.3938705e+03   4.5875935e+00   2.3683916e+00   1.1908299e+02
   8.9667418e+02   2.8228663e+02   2.1370526e+03   1.3938588e+03   4.5875310e+00   2.3683594e+00   1.1868102e+02
   9.0039157e+02   2.8246472e+02   2.1353244e+03   1.3938471e+03   4.5874685e+00   2.3683271e+00   1.1828090e+02
   9.0410896e+02   2.8264281e+02   2.1335968e+03   1.3938354e+03   4.5874061e+00   2.3682948e+00   1.1788264e+02
   9.0782635e+02   2.8282090e+02   2.1318697e+03   1.3938237e+03   4.5873436e+00   2.3682626e+00   1.1748622e+02
   9.1154374e+02   2.8299875e+02   2.1301431e+03   1.3938120e+03   4.5872812e+00   2.3682304e+00   1.1709215e+02
   9.1526113e+02   2.8317096e+02   2.1284171e+03   1.3938006e+03   4.5872181e+00   2.3681978e+00   1.1671232e+02
   9.1897852e+02   2.8334317e+02   2.1266916e+03   1.3937893e+03   4.5871551e+00   2.3681653e+00   1.1633418e+02
   9.2269591e+02   2.8351537e+02   2.1249666e+03   1.3937780e+03   4.5870921e+00   2.3681328e+00   1.1595772e+02
   9.2641330e+02   2.8368758e+02   2.1232422e+03   1.3937667e+03   4.5870291e+00   2.3681002e+00   1.1558293e+02
   9.3013069e+02   2.8385979e+02   2.1215183e+03   1.3937554e+03   4.5869662e+00   2.3680677e+00   1.1520981e+02
   9.3384808e+02   2.8403200e+02   2.1197949e+03   1.3937440e+03   4.5869032e+00   2.3680353e+00   1.1483834e+02
   9.3756547e+02   2.8420295e+02   2.1180721e+03   1.3937328e+03   4.5868402e+00   2.3680027e+00   1.1447120e+02
   9.4128286e+02   2.8436973e+02   2.1163498e+03   1.3937218e+03   4.5867767e+00   2.3679699e+00   1.1411459e+02
   9.4500025e+02   2.8453651e+02   2.1146281e+03   1.3937109e+03   4.5867133e+00   2.3679372e+00   1.1375950e+02
   9.4871764e+02   2.8470329e+02   2.1129070e+03   1.3936999e+03   4.5866498e+00   2.3679044e+00   1.1340593e+02
   9.5243503e+02   2.8487007e+02   2.1111864e+03   1.3936889e+03   4.5865864e+00   2.3678717e+00   1.1305387e+02
   9.5615242e+02   2.8503685e+02   2.1094663e+03   1.3936780e+03   4.5865230e+00   2.3678390e+00   1.1270332e+02
   9.5986981e+02   2.8520363e+02   2.1077468e+03   1.3936670e+03   4.5864597e+00   2.3678063e+00   1.1235426e+02
   9.6358720e+02   2.8536830e+02   2.1060279e+03   1.3936561e+03   4.5863961e+00   2.3677734e+00   1.1201105e+02
   9.6730459e+02   2.8553008e+02   2.1043095e+03   1.3936455e+03   4.5863322e+00   2.3677405e+00   1.1167529e+02
   9.7102198e+02   2.8569186e+02   2.1025917e+03   1.3936349e+03   4.5862684e+00   2.3677075e+00   1.1134092e+02
   9.7473937e+02   2.8585364e+02   2.1008745e+03   1.3936242e+03   4.5862046e+00   2.3676746e+00   1.1100793e+02
   9.7845676e+02   2.8601542e+02   2.0991579e+03   1.3936136e+03   4.5861408e+00   2.3676416e+00   1.1067630e+02
   9.8217415e+02   2.8617720e+02   2.0974418e+03   1.3936029e+03   4.5860770e+00   2.3676087e+00   1.1034604e+02
   9.8589154e+02   2.8633898e+02   2.0957263e+03   1.3935923e+03   4.5860133e+00   2.3675758e+00   1.1001714e+02
   9.8960893e+02   2.8649796e+02   2.0940114e+03   1.3935818e+03   4.5859493e+00   2.3675428e+00   1.0969525e+02
   9.9332632e+02   2.8665514e+02   2.0922971e+03   1.3935715e+03   4.5858851e+00   2.3675096e+00   1.0937826e+02
   9.9704371e+02   2.8681232e+02   2.0905834e+03   1.3935611e+03   4.5858209e+00   2.3674765e+00   1.0906254e+02
   1.0007611e+03   2.8696951e+02   2.0888703e+03   1.3935508e+03   4.5857567e+00   2.3674434e+00   1.0874807e+02
   1.0044785e+03   2.8712669e+02   2.0871577e+03   1.3935404e+03   4.5856926e+00   2.3674103e+00   1.0843485e+02
   1.0081959e+03   2.8728388e+02   2.0854458e+03   1.3935301e+03   4.5856285e+00   2.3673772e+00   1.0812288e+02
   1.0119133e+03   2.8744106e+02   2.0837344e+03   1.3935197e+03   4.5855644e+00   2.3673441e+00   1.0781214e+02
   1.0156307e+03   2.8759488e+02   2.0820237e+03   1.3935096e+03   4.5855000e+00   2.3673108e+00   1.0750925e+02
   1.0193481e+03   2.8774785e+02   2.0803135e+03   1.3934995e+03   4.5854355e+00   2.3672775e+00   1.0720919e+02
   1.0230654e+03   2.8790083e+02   2.0786040e+03   1.3934894e+03   4.5853710e+00   2.3672442e+00   1.0691028e+02
   1.0267828e+03   2.8805380e+02   2.0768951e+03   1.3934793e+03   4.5853066e+00   2.3672110e+00   1.0661252e+02
   1.0305002e+03   2.8820677e+02   2.0751868e+03   1.3934693e+03   4.5852422e+00   2.3671777e+00   1.0631591e+02
   1.0342176e+03   2.8835975e+02   2.0734791e+03   1.3934592e+03   4.5851778e+00   2.3671445e+00   1.0602043e+02
   1.0379350e+03   2.8851272e+02   2.0717720e+03   1.3934491e+03   4.5851134e+00   2.3671112e+00   1.0572609e+02
   1.0416524e+03   2.8866188e+02   2.0700656e+03   1.3934393e+03   4.5850486e+00   2.3670778e+00   1.0544016e+02
   1.0453698e+03   2.8881101e+02   2.0683597e+03   1.3934295e+03   4.5849839e+00   2.3670444e+00   1.0515537e+02
   1.0490872e+03   2.8896013e+02   2.0666545e+03   1.3934196e+03   4.5849192e+00   2.3670110e+00   1.0487165e+02
   1.0528046e+03   2.8910926e+02   2.0649500e+03   1.3934098e+03   4.5848545e+00   2.3669776e+00   1.0458899e+02
   1.0565220e+03   2.8925838e+02   2.0632460e+03   1.3934000e+03   4.5847898e+00   2.3669442e+00   1.0430737e+02
   1.0602393e+03   2.8940751e+02   2.0615427e+03   1.3933901e+03   4.5847252e+00   2.3669108e+00   1.0402681e+02
   1.0639567e+03   2.8955600e+02   2.0598401e+03   1.3933804e+03   4.5846605e+00   2.3668774e+00   1.0374846e+02
   1.0676741e+03   2.8970162e+02   2.0581380e+03   1.3933708e+03   4.5845955e+00   2.3668439e+00   1.0347650e+02
   1.0713915e+03   2.8984724e+02   2.0564366e+03   1.3933612e+03   4.5845305e+00   2.3668103e+00   1.0320553e+02
   1.0751089e+03   2.8999286e+02   2.0547359e+03   1.3933516e+03   4.5844656e+00   2.3667768e+00   1.0293554e+02
   1.0788263e+03   2.9013848e+02   2.0530358e+03   1.3933420e+03   4.5844007e+00   2.3667433e+00   1.0266653e+02
   1.0825437e+03   2.9028410e+02   2.0513364e+03   1.3933324e+03   4.5843358e+00   2.3667098e+00   1.0239849e+02
   1.0862611e+03   2.9042971e+02   2.0496376e+03   1.3933228e+03   4.5842710e+00   2.3666763e+00   1.0213142e+02
   1.0899785e+03   2.9057416e+02   2.0479395e+03   1.3933132e+03   4.5842060e+00   2.3666428e+00   1.0186745e+02
   1.0936959e+03   2.9071660e+02   2.0462420e+03   1.3933038e+03   4.5841409e+00   2.3666092e+00   1.0160807e+02
   1.0974132e+03   2.9085903e+02   2.0445452e+03   1.3932944e+03   4.5840757e+00   2.3665755e+00   1.0134961e+02
   1.1011306e+03   2.9100147e+02   2.0428491e+03   1.3932850e+03   4.5840106e+00   2.3665419e+00   1.0109205e+02
   1.1048480e+03   2.9114391e+02   2.0411536e+03   1.3932756e+03   4.5839456e+00   2.3665083e+00   1.0083541e+02
   1.1085654e+03   2.9128635e+02   2.0394588e+03   1.3932662e+03   4.5838805e+00   2.3664747e+00   1.0057966e+02
   1.1122828e+03   2.9142878e+02   2.0377646e+03   1.3932569e+03   4.5838155e+00   2.3664412e+00   1.0032481e+02
   1.1160002e+03   2.9156962e+02   2.0360712e+03   1.3932476e+03   4.5837503e+00   2.3664075e+00   1.0007371e+02
   1.1197176e+03   2.9170918e+02   2.0343784e+03   1.3932384e+03   4.5836850e+00   2.3663738e+00   9.9825733e+01
   1.1234350e+03   2.9184874e+02   2.0326863e+03   1.3932291e+03   4.5836198e+00   2.3663401e+00   9.9578606e+01
   1.1271524e+03   2.9198831e+02   2.0309949e+03   1.3932199e+03   4.5835545e+00   2.3663065e+00   9.9332325e+01
   1.1308698e+03   2.9212787e+02   2.0293042e+03   1.3932107e+03   4.5834893e+00   2.3662728e+00   9.9086888e+01
   1.1345872e+03   2.9226744e+02   2.0276141e+03   1.3932015e+03   4.5834241e+00   2.3662391e+00   9.8842291e+01
   1.1383045e+03   2.9240700e+02   2.0259248e+03   1.3931923e+03   4.5833590e+00   2.3662055e+00   9.8598531e+01
   1.1420219e+03   2.9254463e+02   2.0242361e+03   1.3931832e+03   4.5832936e+00   2.3661718e+00   9.8358960e+01
   1.1457393e+03   2.9268161e+02   2.0225482e+03   1.3931742e+03   4.5832283e+00   2.3661380e+00   9.8121322e+01
   1.1494567e+03   2.9281859e+02   2.0208609e+03   1.3931651e+03   4.5831629e+00   2.3661043e+00   9.7884480e+01
   1.1531741e+03   2.9295558e+02   2.0191744e+03   1.3931561e+03   4.5830976e+00   2.3660705e+00   9.7648430e+01
   1.1568915e+03   2.9309256e+02   2.0174885e+03   1.3931471e+03   4.5830323e+00   2.3660368e+00   9.7413170e+01
   1.1606089e+03   2.9322954e+02   2.0158034e+03   1.3931380e+03   4.5829670e+00   2.3660031e+00   9.7178695e+01
   1.1643263e+03   2.9336652e+02   2.0141190e+03   1.3931290e+03   4.5829017e+00   2.3659694e+00   9.6945002e+01
   1.1680437e+03   2.9350134e+02   2.0124353e+03   1.3931201e+03   4.5828363e+00   2.3659356e+00   9.6715761e+01
   1.1717611e+03   2.9363602e+02   2.0107523e+03   1.3931112e+03   4.5827708e+00   2.3659018e+00   9.6487513e+01
   1.1754784e+03   2.9377069e+02   2.0090700e+03   1.3931023e+03   4.5827054e+00   2.3658681e+00   9.6260012e+01
   1.1791958e+03   2.9390537e+02   2.0073884e+03   1.3930934e+03   4.5826400e+00   2.3658343e+00   9.6033256e+01
   1.1829132e+03   2.9404004e+02   2.0057076e+03   1.3930845e+03   4.5825746e+00   2.3658005e+00   9.5807240e+01
   1.1866306e+03   2.9417472e+02   2.0040275e+03   1.3930756e+03   4.5825092e+00   2.3657668e+00   9.5581963e+01
   1.1903480e+03   2.9430914e+02   2.0023481e+03   1.3930667e+03   4.5824439e+00   2.3657331e+00   9.5357856e+01
   1.1940654e+03   2.9444177e+02   2.0006695e+03   1.3930580e+03   4.5823784e+00   2.3656993e+00   9.5137435e+01
   1.1977828e+03   2.9457440e+02   1.9989916e+03   1.3930492e+03   4.5823129e+00   2.3656654e+00   9.4917722e+01
   1.2015002e+03   2.9470703e+02   1.9973144e+03   1.3930404e+03   4.5822474e+00   2.3656316e+00   9.4698714e+01
   1.2052176e+03   2.9483966e+02   1.9956380e+03   1.3930317e+03   4.5821820e+00   2.3655979e+00   9.4480407e+01
   1.2089350e+03   2.9497230e+02   1.9939623e+03   1.3930229e+03   4.5821166e+00   2.3655641e+00   9.4262799e+01
   1.2126523e+03   2.9510493e+02   1.9922873e+03   1.3930141e+03   4.5820512e+00   2.3655303e+00   9.4045887e+01
   1.2163697e+03   2.9523699e+02   1.9906131e+03   1.3930054e+03   4.5819858e+00   2.3654966e+00   9.3830596e+01
   1.2200871e+03   2.9536783e+02   1.9889397e+03   1.3929968e+03   4.5819203e+00   2.3654627e+00   9.3617978e+01
   1.2238045e+03   2.9549867e+02   1.9872670e+03   1.3929881e+03   4.5818548e+00   2.3654289e+00   9.3406029e+01
   1.2275219e+03   2.9562950e+02   1.9855950e+03   1.3929795e+03   4.5817893e+00   2.3653951e+00   9.3194746e+01
   1.2312393e+03   2.9576034e+02   1.9839239e+03   1.3929708e+03   4.5817239e+00   2.3653614e+00   9.2984128e+01
   1.2349567e+03   2.9589118e+02   1.9822535e+03   1.3929622e+03   4.5816585e+00   2.3653276e+00   9.2774172e+01
   1.2386741e+03   2.9602201e+02   1.9805838e+03   1.3929535e+03   4.5815931e+00   2.3652938e+00   9.2564875e+01
   1.2423915e+03   2.9615206e+02   1.9789149e+03   1.3929449e+03   4.5815276e+00   2.3652600e+00   9.2357492e+01
   1.2461089e+03   2.9628134e+02   1.9772468e+03   1.3929364e+03   4.5814621e+00   2.3652262e+00   9.2151975e+01
   1.2498262e+03   2.9641062e+02   1.9755795e+03   1.3929279e+03   4.5813967e+00   2.3651924e+00   9.1947094e+01
   1.2535436e+03   2.9653990e+02   1.9739129e+03   1.3929193e+03   4.5813312e+00   2.3651586e+00   9.1742847e+01
   1.2572610e+03   2.9666917e+02   1.9722471e+03   1.3929108e+03   4.5812658e+00   2.3651249e+00   9.1539231e+01
   1.2609784e+03   2.9679845e+02   1.9705821e+03   1.3929022e+03   4.5812004e+00   2.3650911e+00   9.1336243e+01
   1.2646958e+03   2.9692773e+02   1.9689178e+03   1.3928937e+03   4.5811351e+00   2.3650574e+00   9.1133882e+01
   1.2684132e+03   2.9705608e+02   1.9672544e+03   1.3928852e+03   4.5810696e+00   2.3650236e+00   9.0933593e+01
   1.2721306e+03   2.9718403e+02   1.9655917e+03   1.3928767e+03   4.5810042e+00   2.3649898e+00   9.0734544e+01
   1.2758480e+03   2.9731197e+02   1.9639299e+03   1.3928683e+03   4.5809388e+00   2.3649560e+00   9.0536103e+01
   1.2795654e+03   2.9743991e+02   1.9622688e+03   1.3928598e+03   4.5808734e+00   2.3649223e+00   9.0338265e+01
   1.2832828e+03   2.9756786e+02   1.9606085e+03   1.3928513e+03   4.5808080e+00   2.3648885e+00   9.0141029e+01
   1.2870001e+03   2.9769580e+02   1.9589490e+03   1.3928429e+03   4.5807427e+00   2.3648548e+00   8.9944393e+01
   1.2907175e+03   2.9782375e+02   1.9572904e+03   1.3928344e+03   4.5806774e+00   2.3648211e+00   8.9748355e+01
   1.2944349e+03   2.9795070e+02   1.9556325e+03   1.3928260e+03   4.5806120e+00   2.3647873e+00   8.9554426e+01
   1.2981523e+03   2.9807752e+02   1.9539754e+03   1.3928176e+03   4.5805466e+00   2.3647536e+00   8.9361274e+01
   1.3018697e+03   2.9820435e+02   1.9523192e+03   1.3928092e+03   4.5804813e+00   2.3647198e+00   8.9168702e+01
   1.3055871e+03   2.9833117e+02   1.9506637e+03   1.3928009e+03   4.5804160e+00   2.3646861e+00   8.8976709e+01
   1.3093045e+03   2.9845800e+02   1.9490091e+03   1.3927925e+03   4.5803507e+00   2.3646524e+00   8.8785292e+01
   1.3130219e+03   2.9858482e+02   1.9473552e+03   1.3927841e+03   4.5802854e+00   2.3646187e+00   8.8594448e+01
   1.3167393e+03   2.9871158e+02   1.9457022e+03   1.3927757e+03   4.5802202e+00   2.3645851e+00   8.8404282e+01
   1.3204567e+03   2.9883748e+02   1.9440501e+03   1.3927674e+03   4.5801549e+00   2.3645514e+00   8.8215948e+01
   1.3241741e+03   2.9896339e+02   1.9423987e+03   1.3927590e+03   4.5800896e+00   2.3645177e+00   8.8028175e+01
   1.3278914e+03   2.9908930e+02   1.9407482e+03   1.3927507e+03   4.5800244e+00   2.3644840e+00   8.7840958e+01
   1.3316088e+03   2.9921521e+02   1.9390985e+03   1.3927424e+03   4.5799592e+00   2.3644503e+00   8.7654297e+01
   1.3353262e+03   2.9934111e+02   1.9374496e+03   1.3927340e+03   4.5798940e+00   2.3644167e+00   8.7468189e+01
   1.3390436e+03   2.9946702e+02   1.9358016e+03   1.3927257e+03   4.5798289e+00   2.3643830e+00   8.7282632e+01
   1.3427610e+03   2.9959274e+02   1.9341544e+03   1.3927174e+03   4.5797637e+00   2.3643494e+00   8.7097906e+01
   1.3464784e+03   2.9971792e+02   1.9325080e+03   1.3927091e+03   4.5796986e+00   2.3643158e+00   8.6914502e+01
   1.3501958e+03   2.9984311e+02   1.9308625e+03   1.3927008e+03   4.5796334e+00   2.3642821e+00   8.6731636e+01
   1.3539132e+03   2.9996829e+02   1.9292178e+03   1.3926925e+03   4.5795683e+00   2.3642485e+00   8.6549308e+01
   1.3576306e+03   3.0009348e+02   1.9275740e+03   1.3926842e+03   4.5795032e+00   2.3642149e+00   8.6367514e+01
   1.3613480e+03   3.0021866e+02   1.9259310e+03   1.3926760e+03   4.5794382e+00   2.3641813e+00   8.6186253e+01
   1.3650653e+03   3.0034384e+02   1.9242889e+03   1.3926677e+03   4.5793732e+00   2.3641478e+00   8.6005524e+01
   1.3687827e+03   3.0046878e+02   1.9226476e+03   1.3926594e+03   4.5793081e+00   2.3641142e+00   8.5825675e+01
   1.3725001e+03   3.0059343e+02   1.9210072e+03   1.3926511e+03   4.5792431e+00   2.3640806e+00   8.5646772e+01
   1.3762175e+03   3.0071808e+02   1.9193677e+03   1.3926429e+03   4.5791781e+00   2.3640471e+00   8.5468389e+01
   1.3799349e+03   3.0084273e+02   1.9177290e+03   1.3926346e+03   4.5791132e+00   2.3640136e+00   8.5290524e+01
   1.3836523e+03   3.0096737e+02   1.9160911e+03   1.3926264e+03   4.5790483e+00   2.3639800e+00   8.5113177e+01
   1.3873697e+03   3.0109202e+02   1.9144542e+03   1.3926181e+03   4.5789834e+00   2.3639465e+00   8.4936345e+01
   1.3910871e+03   3.0121667e+02   1.9128181e+03   1.3926099e+03   4.5789185e+00   2.3639131e+00   8.4760026e+01
   1.3948045e+03   3.0134108e+02   1.9111829e+03   1.3926016e+03   4.5788536e+00   2.3638796e+00   8.4584547e+01
   1.3985219e+03   3.0146537e+02   1.9095485e+03   1.3925934e+03   4.5787888e+00   2.3638461e+00   8.4409755e+01
   1.4022392e+03   3.0158966e+02   1.9079151e+03   1.3925852e+03   4.5787240e+00   2.3638126e+00   8.4235468e+01
   1.4059566e+03   3.0171394e+02   1.9062825e+03   1.3925769e+03   4.5786592e+00   2.3637792e+00   8.4061683e+01
   1.4096740e+03   3.0183823e+02   1.9046508e+03   1.3925687e+03   4.5785945e+00   2.3637458e+00   8.3888400e+01
   1.4133914e+03   3.0196251e+02   1.9030200e+03   1.3925605e+03   4.5785297e+00   2.3637123e+00   8.3715617e+01
   1.4171088e+03   3.0208680e+02   1.9013900e+03   1.3925523e+03   4.5784650e+00   2.3636790e+00   8.3543331e+01
   1.4208262e+03   3.0221093e+02   1.8997610e+03   1.3925440e+03   4.5784004e+00   2.3636456e+00   8.3371761e+01
   1.4245436e+03   3.0233502e+02   1.8981329e+03   1.3925358e+03   4.5783357e+00   2.3636122e+00   8.3200728e+01
   1.4282610e+03   3.0245912e+02   1.8965056e+03   1.3925276e+03   4.5782711e+00   2.3635788e+00   8.3030186e+01
   1.4319784e+03   3.0258321e+02   1.8948793e+03   1.3925194e+03   4.5782065e+00   2.3635455e+00   8.2860133e+01
   1.4356958e+03   3.0270731e+02   1.8932538e+03   1.3925111e+03   4.5781420e+00   2.3635122e+00   8.2690567e+01
   1.4394131e+03   3.0283140e+02   1.8916292e+03   1.3925029e+03   4.5780774e+00   2.3634788e+00   8.2521487e+01
   1.4431305e+03   3.0295550e+02   1.8900056e+03   1.3924947e+03   4.5780129e+00   2.3634456e+00   8.2352891e+01
   1.4468479e+03   3.0307956e+02   1.8883828e+03   1.3924865e+03   4.5779485e+00   2.3634123e+00   8.2184816e+01
   1.4505653e+03   3.0320363e+02   1.8867610e+03   1.3924783e+03   4.5778840e+00   2.3633790e+00   8.2017222e+01
   1.4542827e+03   3.0332769e+02   1.8851401e+03   1.3924700e+03   4.5778196e+00   2.3633458e+00   8.1850106e+01
   1.4580001e+03   3.0345176e+02   1.8835201e+03   1.3924618e+03   4.5777553e+00   2.3633125e+00   8.1683467e+01
   1.4617175e+03   3.0357582e+02   1.8819010e+03   1.3924536e+03   4.5776909e+00   2.3632793e+00   8.1517303e+01
   1.4654349e+03   3.0369989e+02   1.8802828e+03   1.3924454e+03   4.5776266e+00   2.3632461e+00   8.1351612e+01
   1.4691523e+03   3.0382398e+02   1.8786656e+03   1.3924372e+03   4.5775624e+00   2.3632129e+00   8.1186357e+01
   1.4728697e+03   3.0394817e+02   1.8770492e+03   1.3924289e+03   4.5774981e+00   2.3631798e+00   8.1021442e+01
   1.4765871e+03   3.0407236e+02   1.8754338e+03   1.3924207e+03   4.5774339e+00   2.3631466e+00   8.0856995e+01
   1.4803044e+03   3.0419655e+02   1.8738194e+03   1.3924125e+03   4.5773698e+00   2.3631135e+00   8.0693016e+01
   1.4840218e+03   3.0432074e+02   1.8722058e+03   1.3924042e+03   4.5773056e+00   2.3630804e+00   8.0529504e+01
   1.4877392e+03   3.0444493e+02   1.8705932e+03   1.3923960e+03   4.5772415e+00   2.3630473e+00   8.0366455e+01
   1.4914566e+03   3.0456913e+02   1.8689816e+03   1.3923878e+03   4.5771775e+00   2.3630142e+00   8.0203869e+01
   1.4951740e+03   3.0469343e+02   1.8673708e+03   1.3923795e+03   4.5771135e+00   2.3629812e+00   8.0041600e+01
   1.4988914e+03   3.0481789e+02   1.8657610e+03   1.3923713e+03   4.5770495e+00   2.3629482e+00   7.9879577e+01
   1.5026088e+03   3.0494236e+02   1.8641522e+03   1.3923630e+03   4.5769855e+00   2.3629151e+00   7.9718014e+01
   1.5063262e+03   3.0506683e+02   1.8625443e+03   1.3923548e+03   4.5769216e+00   2.3628822e+00   7.9556910e+01
   1.5100436e+03   3.0519129e+02   1.8609373e+03   1.3923465e+03   4.5768578e+00   2.3628492e+00   7.9396262e+01
   1.5137610e+03   3.0531576e+02   1.8593313e+03   1.3923383e+03   4.5767939e+00   2.3628162e+00   7.9236069e+01
   1.5174783e+03   3.0544022e+02   1.8577263e+03   1.3923300e+03   4.5767301e+00   2.3627833e+00   7.9076330e+01
   1.5211957e+03   3.0556494e+02   1.8561222e+03   1.3923217e+03   4.5766664e+00   2.3627504e+00   7.8916724e+01
   1.5249131e+03   3.0568982e+02   1.8545190e+03   1.3923135e+03   4.5766027e+00   2.3627175e+00   7.8757354e+01
   1.5286305e+03   3.0581471e+02   1.8529168e+03   1.3923052e+03   4.5765390e+00   2.3626846e+00   7.8598435e+01
   1.5323479e+03   3.0593959e+02   1.8513156e+03   1.3922969e+03   4.5764754e+00   2.3626518e+00   7.8439967e+01
   1.5360653e+03   3.0606448e+02   1.8497154e+03   1.3922886e+03   4.5764118e+00   2.3626189e+00   7.8281947e+01
   1.5397827e+03   3.0618936e+02   1.8481161e+03   1.3922803e+03   4.5763482e+00   2.3625861e+00   7.8124373e+01
   1.5435001e+03   3.0631425e+02   1.8465178e+03   1.3922720e+03   4.5762847e+00   2.3625533e+00   7.7967245e+01
   1.5472175e+03   3.0643957e+02   1.8449204e+03   1.3922637e+03   4.5762212e+00   2.3625205e+00   7.7810014e+01
   1.5509349e+03   3.0656501e+02   1.8433240e+03   1.3922554e+03   4.5761578e+00   2.3624878e+00   7.7653077e+01
   1.5546522e+03   3.0669045e+02   1.8417286e+03   1.3922471e+03   4.5760944e+00   2.3624551e+00   7.7496585e+01
   1.5583696e+03   3.0681590e+02   1.8401342e+03   1.3922388e+03   4.5760311e+00   2.3624224e+00   7.7340536e+01
   1.5620870e+03   3.0694134e+02   1.8385408e+03   1.3922304e+03   4.5759678e+00   2.3623897e+00   7.7184928e+01
   1.5658044e+03   3.0706678e+02   1.8369483e+03   1.3922221e+03   4.5759045e+00   2.3623570e+00   7.7029760e+01
   1.5695218e+03   3.0719222e+02   1.8353568e+03   1.3922138e+03   4.5758413e+00   2.3623244e+00   7.6875031e+01
   1.5732392e+03   3.0731834e+02   1.8337664e+03   1.3922054e+03   4.5757781e+00   2.3622918e+00   7.6719912e+01
   1.5769566e+03   3.0744447e+02   1.8321769e+03   1.3921971e+03   4.5757150e+00   2.3622592e+00   7.6565211e+01
   1.5806740e+03   3.0757060e+02   1.8305884e+03   1.3921887e+03   4.5756520e+00   2.3622267e+00   7.6410948e+01
   1.5843914e+03   3.0769673e+02   1.8290008e+03   1.3921803e+03   4.5755889e+00   2.3621941e+00   7.6257121e+01
   1.5881088e+03   3.0782287e+02   1.8274143e+03   1.3921720e+03   4.5755259e+00   2.3621616e+00   7.6103731e+01
   1.5918261e+03   3.0794900e+02   1.8258288e+03   1.3921636e+03   4.5754630e+00   2.3621291e+00   7.5950774e+01
   1.5955435e+03   3.0807527e+02   1.8242443e+03   1.3921552e+03   4.5754001e+00   2.3620966e+00   7.5798088e+01
   1.5992609e+03   3.0820222e+02   1.8226608e+03   1.3921468e+03   4.5753373e+00   2.3620642e+00   7.5645007e+01
   1.6029783e+03   3.0832917e+02   1.8210783e+03   1.3921384e+03   4.5752745e+00   2.3620318e+00   7.5492361e+01
   1.6066957e+03   3.0845613e+02   1.8194968e+03   1.3921299e+03   4.5752118e+00   2.3619994e+00   7.5340148e+01
   1.6104131e+03   3.0858308e+02   1.8179163e+03   1.3921215e+03   4.5751491e+00   2.3619670e+00   7.5188367e+01
   1.6141305e+03   3.0871003e+02   1.8163368e+03   1.3921131e+03   4.5750864e+00   2.3619347e+00   7.5037016e+01
   1.6178479e+03   3.0883698e+02   1.8147583e+03   1.3921047e+03   4.5750238e+00   2.3619024e+00   7.4886094e+01
   1.6215653e+03   3.0896427e+02   1.8131809e+03   1.3920962e+03   4.5749612e+00   2.3618701e+00   7.4735204e+01
   1.6252827e+03   3.0909217e+02   1.8116044e+03   1.3920877e+03   4.5748987e+00   2.3618378e+00   7.4584020e+01
   1.6290000e+03   3.0922007e+02   1.8100290e+03   1.3920792e+03   4.5748363e+00   2.3618056e+00   7.4433267e+01
   1.6327174e+03   3.0934797e+02   1.8084546e+03   1.3920707e+03   4.5747739e+00   2.3617734e+00   7.4282942e+01
   1.6364348e+03   3.0947586e+02   1.8068813e+03   1.3920622e+03   4.5747116e+00   2.3617412e+00   7.4133045e+01
   1.6401522e+03   3.0960376e+02   1.8053089e+03   1.3920537e+03   4.5746492e+00   2.3617090e+00   7.3983574e+01
   1.6438696e+03   3.0973166e+02   1.8037376e+03   1.3920453e+03   4.5745870e+00   2.3616769e+00   7.3834527e+01
   1.6475870e+03   3.0986014e+02   1.8021674e+03   1.3920367e+03   4.5745248e+00   2.3616447e+00   7.3685231e+01
   1.6513044e+03   3.0998910e+02   1.8005981e+03   1.3920282e+03   4.5744627e+00   2.3616127e+00   7.3535796e+01
   1.6550218e+03   3.1011807e+02   1.7990299e+03   1.3920196e+03   4.5744006e+00   2.3615806e+00   7.3386788e+01
   1.6587392e+03   3.1024703e+02   1.7974627e+03   1.3920110e+03   4.5743386e+00   2.3615486e+00   7.3238205e+01
   1.6624566e+03   3.1037600e+02   1.7958966e+03   1.3920025e+03   4.5742766e+00   2.3615166e+00   7.3090046e+01
   1.6661740e+03   3.1050497e+02   1.7943315e+03   1.3919939e+03   4.5742146e+00   2.3614846e+00   7.2942310e+01
   1.6698913e+03   3.1063393e+02   1.7927675e+03   1.3919853e+03   4.5741527e+00   2.3614527e+00   7.2794994e+01
   1.6736087e+03   3.1076377e+02   1.7912045e+03   1.3919767e+03   4.5740909e+00   2.3614208e+00   7.2647110e+01
   1.6773261e+03   3.1089392e+02   1.7896425e+03   1.3919681e+03   4.5740292e+00   2.3613889e+00   7.2499290e+01
   1.6810435e+03   3.1102407e+02   1.7880816e+03   1.3919594e+03   4.5739675e+00   2.3613570e+00   7.2351893e+01
   1.6847609e+03   3.1115422e+02   1.7865218e+03   1.3919508e+03   4.5739058e+00   2.3613252e+00   7.2204920e+01
   1.6884783e+03   3.1128437e+02   1.7849630e+03   1.3919421e+03   4.5738442e+00   2.3612934e+00   7.2058367e+01
   1.6921957e+03   3.1141452e+02   1.7834052e+03   1.3919335e+03   4.5737826e+00   2.3612616e+00   7.1912234e+01
   1.6959131e+03   3.1154467e+02   1.7818486e+03   1.3919249e+03   4.5737211e+00   2.3612298e+00   7.1766520e+01
   1.6996305e+03   3.1167602e+02   1.7802929e+03   1.3919161e+03   4.5736597e+00   2.3611981e+00   7.1619883e+01
   1.7033479e+03   3.1180748e+02   1.7787384e+03   1.3919074e+03   4.5735984e+00   2.3611665e+00   7.1473557e+01
   1.7070652e+03   3.1193893e+02   1.7771849e+03   1.3918987e+03   4.5735371e+00   2.3611348e+00   7.1327653e+01
   1.7107826e+03   3.1207038e+02   1.7756325e+03   1.3918899e+03   4.5734758e+00   2.3611032e+00   7.1182170e+01
   1.7145000e+03   3.1220184e+02   1.7740811e+03   1.3918812e+03   4.5734146e+00   2.3610716e+00   7.1037105e+01
   1.7182174e+03   3.1233329e+02   1.7725308e+03   1.3918725e+03   4.5733534e+00   2.3610400e+00   7.0892457e+01
   1.7219348e+03   3.1246490e+02   1.7709816e+03   1.3918637e+03   4.5732922e+00   2.3610084e+00   7.0748052e+01
   1.7256522e+03   3.1259777e+02   1.7694335e+03   1.3918549e+03   4.5732313e+00   2.3609770e+00   7.0602690e+01
   1.7293696e+03   3.1273064e+02   1.7678864e+03   1.3918461e+03   4.5731704e+00   2.3609455e+00   7.0457750e+01
   1.7330870e+03   3.1286350e+02   1.7663404e+03   1.3918372e+03   4.5731095e+00   2.3609141e+00   7.0313230e+01
   1.7368044e+03   3.1299637e+02   1.7647955e+03   1.3918284e+03   4.5730486e+00   2.3608827e+00   7.0169128e+01
   1.7405218e+03   3.1312924e+02   1.7632517e+03   1.3918196e+03   4.5729878e+00   2.3608513e+00   7.0025444e+01
   1.7442391e+03   3.1326211e+02   1.7617090e+03   1.3918108e+03   4.5729270e+00   2.3608199e+00   6.9882176e+01
   1.7479565e+03   3.1339543e+02   1.7601673e+03   1.3918019e+03   4.5728663e+00   2.3607885e+00   6.9738828e+01
   1.7516739e+03   3.1352983e+02   1.7586268e+03   1.3917930e+03   4.5728058e+00   2.3607573e+00   6.9594755e+01
   1.7553913e+03   3.1366422e+02   1.7570873e+03   3.5724077e+03   4.6557225e+00   2.6420578e+00   1.3606839e+13
   1.8294231e+03   3.2526407e+02   1.7451515e+03   3.5724077e+03   4.6778306e+00   2.6585385e+00   5.3000717e+12
   1.9029359e+03   3.3680177e+02   1.7332158e+03   3.5861821e+03   4.7144236e+00   2.6868170e+00   2.2102415e+12
   1.9762110e+03   3.4827757e+02   1.7212800e+03   3.6086870e+03   8.2521761e+00   4.7007319e+00   9.8021232e+11
   2.0494154e+03   3.5969170e+02   1.7093443e+03   3.6097452e+03   8.2540444e+00   4.6994973e+00   4.5953025e+11
   2.1221003e+03   3.7104441e+02   1.6974085e+03   3.6107904e+03   8.2558099e+00   4.6982156e+00   2.2629531e+11
   2.1942644e+03   3.8233595e+02   1.6854727e+03   3.6118110e+03   8.2575168e+00   4.6969106e+00   1.1650701e+11
   2.2659057e+03   3.9356660e+02   1.6735370e+03   3.6128159e+03   8.2591320e+00   4.6955664e+00   6.2451912e+10
   2.3370229e+03   4.0473662e+02   1.6616012e+03   3.6137990e+03   8.2606681e+00   4.6941897e+00   3.4727642e+10
   2.4076141e+03   4.1584628e+02   1.6496654e+03   3.6147617e+03   8.2621499e+00   4.6927962e+00   1.9968436e+10
   2.4776778e+03   4.2689588e+02   1.6377297e+03   3.6157094e+03   8.3111812e+00   4.7188721e+00   1.1838971e+10
   2.5472123e+03   4.3788572e+02   1.6257939e+03   3.6205274e+03   8.3575544e+00   4.7433800e+00   7.2191088e+09
   2.6162901e+03   4.4881609e+02   1.6138582e+03   3.6251257e+03   8.3838594e+00   4.7562871e+00   4.5176803e+09
   2.6849030e+03   4.5968731e+02   1.6019224e+03   3.6280795e+03   8.4354466e+00   4.7837689e+00   2.8954843e+09
   2.7530160e+03   4.7049969e+02   1.5899866e+03   3.6330858e+03   8.4364587e+00   4.7821044e+00   1.8970880e+09
   2.8206643e+03   4.8125359e+02   1.5780509e+03   3.6339325e+03   8.4374191e+00   4.7804229e+00   1.2685910e+09
   2.8877667e+03   4.9194932e+02   1.5661151e+03   3.6347653e+03   8.4383223e+00   4.7787232e+00   8.6443836e+08
   2.9543214e+03   5.0258725e+02   1.5541794e+03   3.6355826e+03   8.4391917e+00   4.7770189e+00   5.9943676e+08
   3.0203267e+03   5.1316775e+02   1.5422436e+03   3.6363882e+03   8.4399937e+00   4.7752906e+00   4.2249539e+08
   3.0857809e+03   5.2369118e+02   1.5303078e+03   3.6371759e+03   8.4407617e+00   4.7735573e+00   3.0233597e+08
   3.1506822e+03   5.3415793e+02   1.5183721e+03   3.6379526e+03   8.4414882e+00   4.7718143e+00   2.1943666e+08
   3.2150287e+03   5.4456841e+02   1.5064363e+03   3.6387166e+03   8.4421589e+00   4.7700557e+00   1.6139133e+08
   3.2788186e+03   5.5492301e+02   1.4945005e+03   3.6394649e+03   8.4428040e+00   4.7682963e+00   1.2018123e+08
   3.3420502e+03   5.6522218e+02   1.4825648e+03   3.6402031e+03   8.4433915e+00   4.7665191e+00   9.0540457e+07
   3.4047216e+03   5.7546635e+02   1.4706290e+03   3.6409250e+03   8.4439459e+00   4.7647392e+00   6.8958776e+07
   3.4668308e+03   5.8565596e+02   1.4586933e+03   3.6416358e+03   8.4444627e+00   4.7629515e+00   5.3063142e+07
   3.5283760e+03   5.9579150e+02   1.4467575e+03   3.6423345e+03   8.4449326e+00   4.7611544e+00   4.1227856e+07
   3.5893552e+03   6.0587343e+02   1.4348217e+03   3.6430194e+03   8.4453772e+00   4.7593568e+00   3.2325159e+07
   3.6497664e+03   6.1590227e+02   1.4228860e+03   3.6436943e+03   8.4457664e+00   4.7575435e+00   2.5563395e+07
   3.7096077e+03   6.2587853e+02   1.4109502e+03   3.6443530e+03   8.4461295e+00   4.7557313e+00   2.0380581e+07
   3.7688770e+03   6.3580274e+02   1.3990145e+03   3.6450017e+03   8.4464497e+00   4.7539104e+00   1.6373514e+07
   3.8275721e+03   6.4567546e+02   1.3870787e+03   3.6456380e+03   8.4467340e+00   4.7520848e+00   1.3249980e+07
   3.8856909e+03   6.5549726e+02   1.3751429e+03   3.6462614e+03   8.4469860e+00   4.7502553e+00   1.0796167e+07
   3.9432313e+03   6.6526872e+02   1.3632072e+03   3.6468737e+03   8.4471932e+00   4.7484179e+00   8.8542027e+06
   4.0001911e+03   6.7499048e+02   1.3512714e+03   3.6474719e+03   8.4473762e+00   4.7465817e+00   7.3065024e+06
   4.0565680e+03   6.8466315e+02   1.3393356e+03   3.6480604e+03   8.4475072e+00   4.7447324e+00   6.0647656e+06
   4.1123595e+03   6.9428739e+02   1.3273999e+03   3.6486343e+03   8.4476166e+00   4.7428855e+00   5.0621600e+06
   4.1675635e+03   7.0386390e+02   1.3154641e+03   3.6491984e+03   8.4476750e+00   4.7410277e+00   4.2477209e+06
   4.2221774e+03   7.1339337e+02   1.3035284e+03   3.6497477e+03   8.4477093e+00   4.7391710e+00   3.5823054e+06
   4.2761987e+03   7.2287654e+02   1.2915926e+03   3.6502871e+03   8.4476982e+00   4.7373057e+00   3.0356438e+06
   4.3296248e+03   7.3231416e+02   1.2796568e+03   3.6508126e+03   8.4476570e+00   4.7354378e+00   2.5841747e+06
   4.3824532e+03   7.4170704e+02   1.2677211e+03   3.6513272e+03   8.4475761e+00   4.7335647e+00   2.2094431e+06
   4.4346811e+03   7.5105597e+02   1.2557853e+03   3.6518289e+03   8.4474582e+00   4.7316856e+00   1.8969071e+06
   4.4863057e+03   7.6036182e+02   1.2438496e+03   3.6523175e+03   8.4473027e+00   4.7298035e+00   1.6350418e+06
   4.5373243e+03   7.6962547e+02   1.2319138e+03   3.6527945e+03   8.4471028e+00   4.7279129e+00   1.4146632e+06
   4.5877337e+03   7.7884784e+02   1.2199780e+03   3.6532575e+03   8.4468759e+00   4.7260213e+00   1.2284141e+06
   4.6375311e+03   7.8802987e+02   1.2080423e+03   3.6537095e+03   8.4465986e+00   4.7241196e+00   1.0703703e+06
   4.6867132e+03   7.9717256e+02   1.1961065e+03   3.6541467e+03   8.4462937e+00   4.7222176e+00   9.3573843e+05
   4.7352768e+03   8.0627695e+02   1.1841707e+03   3.6545737e+03   8.4459391e+00   4.7203036e+00   8.2062178e+05
   4.7832187e+03   8.1534411e+02   1.1722350e+03   3.6549852e+03   8.4455509e+00   4.7183885e+00   7.2183834e+05
   4.8305354e+03   8.2437515e+02   1.1602992e+03   3.6553851e+03   8.4451097e+00   4.7164605e+00   6.3677828e+05
   4.8772233e+03   8.3337123e+02   1.1483635e+03   3.6557696e+03   8.4446425e+00   4.7145330e+00   5.6329217e+05
   4.9232787e+03   8.4233359e+02   1.1364277e+03   3.6561434e+03   8.4441205e+00   4.7125924e+00   4.9960257e+05
   4.9686978e+03   8.5126347e+02   1.1244919e+03   3.6565016e+03   8.4435620e+00   4.7106474e+00   4.4423396e+05
   5.0134767e+03   8.6016219e+02   1.1125562e+03   3.6568477e+03   8.4429520e+00   4.7086906e+00   3.9595682e+05
   5.0576114e+03   8.6903114e+02   1.1006204e+03   3.6571775e+03   8.4423069e+00   4.7067303e+00   3.5374291e+05
   5.1010975e+03   8.7787176e+02   1.0886847e+03   3.6574958e+03   8.4416086e+00   4.7047565e+00   3.1672933e+05
   5.1439307e+03   8.8668553e+02   1.0767489e+03   3.6577981e+03   8.4408667e+00   4.7027756e+00   2.8418946e+05
   5.1861064e+03   8.9547403e+02   1.0648131e+03   3.6580863e+03   8.4400696e+00   4.7007817e+00   2.5550945e+05
   5.2276198e+03   9.0423891e+02   1.0528774e+03   3.6583587e+03   8.4392351e+00   4.6987815e+00   2.3016908e+05
   5.2684661e+03   9.1298186e+02   1.0409416e+03   3.6586188e+03   8.4383409e+00   4.6967665e+00   2.0772612e+05
   5.3086401e+03   9.2170469e+02   1.0290058e+03   3.6588613e+03   8.4373997e+00   4.6947417e+00   1.8780355e+05
   5.3481363e+03   9.3040928e+02   1.0170701e+03   3.6590893e+03   8.4364013e+00   4.6927018e+00   1.7007899e+05
   5.3869494e+03   9.3909758e+02   1.0051343e+03   3.6593008e+03   8.4353526e+00   4.6906503e+00   1.5427605e+05
   5.4250733e+03   9.4777167e+02   9.9319856e+02   3.6594966e+03   8.4342414e+00   4.6885822e+00   1.4015710e+05
   5.4625022e+03   9.5643370e+02   9.8126279e+02   3.6596750e+03   8.4330851e+00   4.6865031e+00   1.2751734e+05
   5.4992295e+03   9.6508595e+02   9.6932703e+02   3.6598388e+03   8.4318559e+00   4.6844035e+00   1.1617978e+05
   5.5352487e+03   9.7373079e+02   9.5739127e+02   3.6599837e+03   8.4305765e+00   4.6822909e+00   1.0599114e+05
   5.5705528e+03   9.8237073e+02   9.4545551e+02   3.6601127e+03   8.4292272e+00   4.6801572e+00   9.6818292e+04
   5.6051347e+03   9.9100840e+02   9.3351975e+02   3.6602223e+03   8.4278172e+00   4.6780075e+00   8.8545403e+04
   5.6389866e+03   9.9964656e+02   9.2158399e+02   3.6603147e+03   8.4263380e+00   4.6758357e+00   8.1071431e+04
   5.6721005e+03   1.0082881e+03   9.0964822e+02   3.6603878e+03   8.4247913e+00   4.6736441e+00   7.4308055e+04
   5.7044682e+03   1.0169362e+03   8.9771246e+02   3.6604421e+03   8.4231700e+00   4.6714275e+00   6.8177910e+04
   5.7360808e+03   1.0255939e+03   8.8577670e+02   3.6604766e+03   8.4214799e+00   4.6691900e+00   6.2613089e+04
   5.7669291e+03   1.0342647e+03   8.7384094e+02   3.6604918e+03   8.4197083e+00   4.6669245e+00   5.7553867e+04
   5.7970033e+03   1.0429523e+03   8.6190518e+02   3.6604852e+03   8.4178625e+00   4.6646355e+00   5.2947615e+04
   5.8262931e+03   1.0516603e+03   8.4996942e+02   3.6604582e+03   8.4159298e+00   4.6623155e+00   4.8747868e+04
   5.8547879e+03   1.0603929e+03   8.3803365e+02   3.6604085e+03   8.4139158e+00   4.6599679e+00   4.4913532e+04
   5.8824762e+03   1.0691542e+03   8.2609789e+02   3.6603372e+03   8.4118099e+00   4.6575861e+00   4.1408194e+04
   5.9093460e+03   1.0779489e+03   8.1416213e+02   3.6602425e+03   8.4096148e+00   4.6551729e+00   3.8199536e+04
   5.9353846e+03   1.0867815e+03   8.0222637e+02   3.6601242e+03   8.4073214e+00   4.6527221e+00   3.5258826e+04
   5.9605785e+03   1.0956572e+03   7.9029061e+02   3.6599807e+03   8.4049307e+00   4.6502359e+00   3.2560477e+04
   5.9849135e+03   1.1045813e+03   7.7835485e+02   3.6598121e+03   8.4024313e+00   4.6477070e+00   3.0081670e+04
   6.0083746e+03   1.1135596e+03   7.6641908e+02   3.6596167e+03   8.4005742e+00   4.6455041e+00   2.7802018e+04
   6.0309458e+03   1.1225981e+03   7.5448332e+02   3.6595278e+03   8.3997902e+00   4.6439014e+00   2.5703284e+04
   6.0526109e+03   1.1317032e+03   7.4254756e+02   3.6595876e+03   8.3987565e+00   4.6422143e+00   2.3769138e+04
   6.0526109e+03   1.1317032e+03   7.4254756e+02   8.0000000e+03   6.1685021e+00   3.3280103e+00   1.0000000e+04
   6.3660372e+03   1.1329606e+03   6.6004228e+02   8.0067467e+03   6.1659027e+00   3.3266079e+00   1.0000000e+04
   6.3498151e+03   1.1342181e+03   5.7753699e+02   8.0134599e+03   6.1875980e+00   3.3369558e+00   1.0000000e+04
   5.9075530e+03   1.1354755e+03   4.9503171e+02   8.0206849e+03   6.1835568e+00   3.3348461e+00   1.0000000e+04
   4.8736168e+03   1.1367330e+03   4.1252642e+02   8.0295550e+03   6.1458817e+00   3.3164371e+00   1.0000000e+04
   2.9370582e+03   1.1379904e+03   3.3002114e+02   8.0447122e+03   6.0593190e+00   3.2742914e+00   1.0000000e+04
  -5.6310796e+02   1.1392479e+03   2.4751585e+02   7.9610127e+03   5.9360258e+00   3.2167049e+00   1.0000000e+04
  -7.2218542e+03   1.1405053e+03   1.6501057e+02   7.9538165e+03   5.6475198e+00   3.0783810e+00   1.0000000e+04
  -2.2762773e+04   1.1417628e+03   8.2505285e+01   7.9509020e+03   5.0483133e+00   2.7937318e+00   1.0000000e+04
  -8.5745964e+04   1.1430202e+03   0.0000000e+00   7.9487039e+03   3.2408365e+00   1.9740296e+00   1.0000000e+04
