P (MPa)		T (K)		r (km)		rho (kg m-3)	VP (km s-1)	VS (km s-1)	QS/gamma	
0.00000e+00	NaN	2.63410e+03	9.32740e+02	NaN	NaN	NaN
9.89402e+00	NaN	2.62667e+03	9.32740e+02	NaN	NaN	NaN
1.97880e+01	NaN	2.61924e+03	9.33611e+02	NaN	NaN	NaN
2.96821e+01	NaN	2.61183e+03	9.34452e+02	NaN	NaN	NaN
3.95761e+01	NaN	2.60443e+03	9.35257e+02	NaN	NaN	NaN
4.94701e+01	NaN	2.59706e+03	9.36018e+02	NaN	NaN	NaN
5.93641e+01	NaN	2.58970e+03	9.36727e+02	NaN	NaN	NaN
6.92581e+01	NaN	2.58236e+03	9.37377e+02	NaN	NaN	NaN
7.91522e+01	NaN	2.57504e+03	9.37960e+02	NaN	NaN	NaN
8.90462e+01	NaN	2.56773e+03	9.38466e+02	NaN	NaN	NaN
9.89402e+01	NaN	2.56045e+03	9.38887e+02	NaN	NaN	NaN
1.08834e+02	NaN	2.55317e+03	9.39214e+02	NaN	NaN	NaN
1.18728e+02	NaN	2.54591e+03	9.39437e+02	NaN	NaN	NaN
1.28622e+02	NaN	2.53867e+03	9.39547e+02	NaN	NaN	NaN
1.38516e+02	NaN	2.53144e+03	9.39534e+02	NaN	NaN	NaN
1.48410e+02	NaN	2.52422e+03	9.39391e+02	NaN	NaN	NaN
1.58304e+02	NaN	2.51702e+03	9.39111e+02	NaN	NaN	NaN
1.68198e+02	NaN	2.50982e+03	9.38690e+02	NaN	NaN	NaN
1.78092e+02	NaN	2.50264e+03	9.38127e+02	NaN	NaN	NaN
1.87986e+02	NaN	2.49547e+03	9.37425e+02	NaN	NaN	NaN
1.91569e+02	2.52503e+02	2.49340e+03	1.17829e+03	1.82771e+00	0.00000e+00	0.00000e+00
1.95151e+02	2.52506e+02	2.49134e+03	1.17936e+03	1.83363e+00	0.00000e+00	0.00000e+00
1.98733e+02	2.52510e+02	2.48928e+03	1.18042e+03	1.83952e+00	0.00000e+00	0.00000e+00
2.02315e+02	2.52514e+02	2.48722e+03	1.18148e+03	1.84537e+00	0.00000e+00	0.00000e+00
2.05898e+02	2.52520e+02	2.48517e+03	1.18253e+03	1.85118e+00	0.00000e+00	0.00000e+00
2.09480e+02	2.52526e+02	2.48312e+03	1.18357e+03	1.85697e+00	0.00000e+00	0.00000e+00
2.13062e+02	2.52532e+02	2.48107e+03	1.18460e+03	1.86271e+00	0.00000e+00	0.00000e+00
2.16644e+02	2.52540e+02	2.47902e+03	1.18563e+03	1.86843e+00	0.00000e+00	0.00000e+00
2.20227e+02	2.52547e+02	2.47697e+03	1.18666e+03	1.87410e+00	0.00000e+00	0.00000e+00
2.23809e+02	2.52556e+02	2.47493e+03	1.18767e+03	1.87974e+00	0.00000e+00	0.00000e+00
2.27391e+02	2.52565e+02	2.47289e+03	1.18868e+03	1.88535e+00	0.00000e+00	0.00000e+00
2.30973e+02	2.52575e+02	2.47085e+03	1.18969e+03	1.89092e+00	0.00000e+00	0.00000e+00
2.34556e+02	2.52585e+02	2.46882e+03	1.19069e+03	1.89645e+00	0.00000e+00	0.00000e+00
2.38138e+02	2.52596e+02	2.46678e+03	1.19168e+03	1.90194e+00	0.00000e+00	0.00000e+00
2.41720e+02	2.52608e+02	2.46475e+03	1.19267e+03	1.90739e+00	0.00000e+00	0.00000e+00
2.45302e+02	2.52620e+02	2.46272e+03	1.19365e+03	1.91281e+00	0.00000e+00	0.00000e+00
2.48885e+02	2.52633e+02	2.46069e+03	1.19463e+03	1.91818e+00	0.00000e+00	0.00000e+00
2.52467e+02	2.52646e+02	2.45867e+03	1.19560e+03	1.92351e+00	0.00000e+00	0.00000e+00
2.56049e+02	2.52660e+02	2.45665e+03	1.19656e+03	1.92879e+00	0.00000e+00	0.00000e+00
2.59631e+02	2.52675e+02	2.45463e+03	1.19752e+03	1.93403e+00	0.00000e+00	0.00000e+00
2.63214e+02	2.52690e+02	2.45261e+03	1.19848e+03	1.93923e+00	0.00000e+00	0.00000e+00
2.66796e+02	2.52706e+02	2.45059e+03	1.19943e+03	1.94438e+00	0.00000e+00	0.00000e+00
2.70378e+02	2.52722e+02	2.44858e+03	1.20038e+03	1.94950e+00	0.00000e+00	0.00000e+00
2.73960e+02	2.52739e+02	2.44657e+03	1.20132e+03	1.95457e+00	0.00000e+00	0.00000e+00
2.77543e+02	2.52757e+02	2.44456e+03	1.20225e+03	1.95960e+00	0.00000e+00	0.00000e+00
2.81125e+02	2.52775e+02	2.44255e+03	1.20318e+03	1.96459e+00	0.00000e+00	0.00000e+00
2.84707e+02	2.52794e+02	2.44054e+03	1.20411e+03	1.96955e+00	0.00000e+00	0.00000e+00
2.88289e+02	2.52813e+02	2.43854e+03	1.20503e+03	1.97447e+00	0.00000e+00	0.00000e+00
2.91872e+02	2.52833e+02	2.43654e+03	1.20595e+03	1.97935e+00	0.00000e+00	0.00000e+00
2.95454e+02	2.52854e+02	2.43454e+03	1.20686e+03	1.98420e+00	0.00000e+00	0.00000e+00
2.99036e+02	2.52875e+02	2.43254e+03	1.20777e+03	1.98902e+00	0.00000e+00	0.00000e+00
3.02618e+02	2.52897e+02	2.43055e+03	1.20867e+03	1.99380e+00	0.00000e+00	0.00000e+00
3.06201e+02	2.52919e+02	2.42855e+03	1.20957e+03	1.99855e+00	0.00000e+00	0.00000e+00
3.09783e+02	2.52942e+02	2.42656e+03	1.21046e+03	2.00327e+00	0.00000e+00	0.00000e+00
3.13365e+02	2.52965e+02	2.42457e+03	1.21136e+03	2.00796e+00	0.00000e+00	0.00000e+00
3.16947e+02	2.52989e+02	2.42258e+03	1.21224e+03	2.01262e+00	0.00000e+00	0.00000e+00
3.20530e+02	2.53014e+02	2.42060e+03	1.21312e+03	2.01726e+00	0.00000e+00	0.00000e+00
3.24112e+02	2.53039e+02	2.41862e+03	1.21400e+03	2.02188e+00	0.00000e+00	0.00000e+00
3.27694e+02	2.53064e+02	2.41663e+03	1.21488e+03	2.02648e+00	0.00000e+00	0.00000e+00
3.31276e+02	2.53090e+02	2.41466e+03	1.21575e+03	2.03106e+00	0.00000e+00	0.00000e+00
3.34859e+02	2.53117e+02	2.41268e+03	1.21661e+03	2.03564e+00	0.00000e+00	0.00000e+00
3.38441e+02	2.53144e+02	2.41070e+03	1.21748e+03	2.04020e+00	0.00000e+00	0.00000e+00
3.42023e+02	2.53172e+02	2.40873e+03	1.21834e+03	2.04475e+00	0.00000e+00	0.00000e+00
3.45605e+02	2.53200e+02	2.40676e+03	1.21919e+03	2.04929e+00	0.00000e+00	0.00000e+00
3.49188e+02	2.53229e+02	2.40479e+03	1.22004e+03	2.05383e+00	0.00000e+00	0.00000e+00
3.52770e+02	2.53258e+02	2.40282e+03	1.22089e+03	2.05836e+00	0.00000e+00	0.00000e+00
3.56352e+02	2.53280e+02	2.40088e+03	1.23500e+03	4.25153e+00	2.22245e+00	1.23988e+02
3.59934e+02	2.53479e+02	2.39893e+03	1.23559e+03	4.25052e+00	2.22192e+00	1.23988e+02
3.63517e+02	2.53679e+02	2.39699e+03	1.23618e+03	4.24951e+00	2.22139e+00	1.23988e+02
3.67099e+02	2.53878e+02	2.39505e+03	1.23676e+03	4.24851e+00	2.22086e+00	1.23988e+02
3.70681e+02	2.54077e+02	2.39311e+03	1.23734e+03	4.24752e+00	2.22034e+00	1.23988e+02
3.74263e+02	2.54276e+02	2.39118e+03	1.23792e+03	4.24652e+00	2.21983e+00	1.23988e+02
3.77846e+02	2.54475e+02	2.38924e+03	1.23849e+03	4.24554e+00	2.21931e+00	1.23988e+02
3.81428e+02	2.54675e+02	2.38731e+03	1.23906e+03	4.24456e+00	2.21880e+00	1.23988e+02
3.85010e+02	2.54876e+02	2.38537e+03	1.23963e+03	4.24359e+00	2.21829e+00	1.23988e+02
3.88593e+02	2.55078e+02	2.38344e+03	1.24019e+03	4.24262e+00	2.21779e+00	1.23988e+02
3.92175e+02	2.55279e+02	2.38151e+03	1.24076e+03	4.24166e+00	2.21729e+00	1.23988e+02
3.95757e+02	2.55481e+02	2.37958e+03	1.24131e+03	4.24071e+00	2.21679e+00	1.23988e+02
3.99339e+02	2.55682e+02	2.37765e+03	1.24187e+03	4.23976e+00	2.21629e+00	1.23988e+02
4.02922e+02	2.55884e+02	2.37573e+03	1.24242e+03	4.23882e+00	2.21580e+00	1.23988e+02
4.06504e+02	2.56084e+02	2.37380e+03	1.24297e+03	4.23788e+00	2.21531e+00	1.23988e+02
4.10086e+02	2.56283e+02	2.37188e+03	1.24352e+03	4.23695e+00	2.21482e+00	1.23988e+02
4.13668e+02	2.56481e+02	2.36996e+03	1.24406e+03	4.23603e+00	2.21434e+00	1.23988e+02
4.17251e+02	2.56680e+02	2.36804e+03	1.24460e+03	4.23511e+00	2.21386e+00	1.23988e+02
4.20833e+02	2.56879e+02	2.36612e+03	1.24513e+03	4.23420e+00	2.21338e+00	1.23988e+02
4.24415e+02	2.57078e+02	2.36420e+03	1.24567e+03	4.23329e+00	2.21291e+00	1.23988e+02
4.27997e+02	2.57276e+02	2.36229e+03	1.24620e+03	4.23239e+00	2.21244e+00	1.23988e+02
4.31580e+02	2.57473e+02	2.36037e+03	1.24672e+03	4.23150e+00	2.21197e+00	1.23988e+02
4.35162e+02	2.57666e+02	2.35846e+03	1.24725e+03	4.23061e+00	2.21151e+00	1.23988e+02
4.38744e+02	2.57860e+02	2.35654e+03	1.24777e+03	4.22973e+00	2.21105e+00	1.23988e+02
4.42326e+02	2.58053e+02	2.35463e+03	1.24828e+03	4.22885e+00	2.21059e+00	1.23988e+02
4.45909e+02	2.58246e+02	2.35272e+03	1.24880e+03	4.22798e+00	2.21013e+00	1.23988e+02
4.49491e+02	2.58439e+02	2.35082e+03	1.24931e+03	4.22712e+00	2.20968e+00	1.23988e+02
4.53073e+02	2.58633e+02	2.34891e+03	1.24982e+03	4.22626e+00	2.20923e+00	1.23988e+02
4.56655e+02	2.58824e+02	2.34700e+03	1.25032e+03	4.22541e+00	2.20879e+00	1.23988e+02
4.60238e+02	2.59011e+02	2.34510e+03	1.25082e+03	4.22456e+00	2.20835e+00	1.23988e+02
4.63820e+02	2.59197e+02	2.34320e+03	1.25132e+03	4.22372e+00	2.20791e+00	1.23988e+02
4.67402e+02	2.59383e+02	2.34129e+03	1.25181e+03	4.22289e+00	2.20747e+00	1.23988e+02
4.70984e+02	2.59570e+02	2.33939e+03	1.25231e+03	4.22206e+00	2.20704e+00	1.23988e+02
4.74567e+02	2.59756e+02	2.33749e+03	1.25279e+03	4.22124e+00	2.20661e+00	1.23988e+02
4.78149e+02	2.59943e+02	2.33560e+03	1.25328e+03	4.22042e+00	2.20618e+00	1.23988e+02
4.81731e+02	2.60127e+02	2.33370e+03	1.25376e+03	4.21961e+00	2.20576e+00	1.23988e+02
4.85313e+02	2.60306e+02	2.33181e+03	1.25424e+03	4.21880e+00	2.20534e+00	1.23988e+02
4.88896e+02	2.60485e+02	2.32991e+03	1.25471e+03	4.21800e+00	2.20492e+00	1.23988e+02
4.92478e+02	2.60664e+02	2.32802e+03	1.25519e+03	4.21721e+00	2.20450e+00	1.23988e+02
4.96060e+02	2.60843e+02	2.32613e+03	1.25566e+03	4.21642e+00	2.20409e+00	1.23988e+02
4.99642e+02	2.61022e+02	2.32424e+03	1.25612e+03	4.21564e+00	2.20368e+00	1.23988e+02
5.03225e+02	2.61201e+02	2.32235e+03	1.25658e+03	4.21487e+00	2.20328e+00	1.23988e+02
5.06807e+02	2.61378e+02	2.32046e+03	1.25704e+03	4.21410e+00	2.20287e+00	1.23988e+02
5.10389e+02	2.61549e+02	2.31858e+03	1.25750e+03	4.21333e+00	2.20247e+00	1.23988e+02
5.13971e+02	2.61721e+02	2.31669e+03	1.25795e+03	4.21257e+00	2.20208e+00	1.23988e+02
5.17554e+02	2.61892e+02	2.31481e+03	1.25840e+03	4.21182e+00	2.20168e+00	1.23988e+02
5.21136e+02	2.62063e+02	2.31292e+03	1.25885e+03	4.21107e+00	2.20129e+00	1.23988e+02
5.24718e+02	2.62234e+02	2.31104e+03	1.25929e+03	4.21033e+00	2.20091e+00	1.23988e+02
5.28300e+02	2.62405e+02	2.30916e+03	1.25973e+03	4.20959e+00	2.20052e+00	1.23988e+02
5.31883e+02	2.62575e+02	2.30729e+03	1.26017e+03	4.20887e+00	2.20014e+00	1.23988e+02
5.35465e+02	2.62738e+02	2.30541e+03	1.26060e+03	4.20814e+00	2.19976e+00	1.23988e+02
5.39047e+02	2.62902e+02	2.30353e+03	1.26103e+03	4.20742e+00	2.19939e+00	1.23988e+02
5.42629e+02	2.63065e+02	2.30166e+03	1.26146e+03	4.20671e+00	2.19901e+00	1.23988e+02
5.46212e+02	2.63228e+02	2.29978e+03	1.26189e+03	4.20600e+00	2.19864e+00	1.23988e+02
5.49794e+02	2.63391e+02	2.29791e+03	1.26231e+03	4.20530e+00	2.19828e+00	1.23988e+02
5.53376e+02	2.63555e+02	2.29604e+03	1.26273e+03	4.20460e+00	2.19791e+00	1.23988e+02
5.56958e+02	2.63718e+02	2.29417e+03	1.26314e+03	4.20391e+00	2.19755e+00	1.23988e+02
5.60541e+02	2.63873e+02	2.29230e+03	1.26355e+03	4.20323e+00	2.19719e+00	1.23988e+02
5.64123e+02	2.64029e+02	2.29043e+03	1.26396e+03	4.20255e+00	2.19684e+00	1.23988e+02
5.67705e+02	2.64184e+02	2.28857e+03	1.26437e+03	4.20187e+00	2.19648e+00	1.23988e+02
5.71287e+02	2.64339e+02	2.28670e+03	1.26477e+03	4.20120e+00	2.19613e+00	1.23988e+02
5.74870e+02	2.64495e+02	2.28484e+03	1.26517e+03	4.20054e+00	2.19579e+00	1.23988e+02
5.78452e+02	2.64650e+02	2.28297e+03	1.26557e+03	4.19988e+00	2.19544e+00	1.23988e+02
5.82034e+02	2.64806e+02	2.28111e+03	1.26596e+03	4.19923e+00	2.19510e+00	1.23988e+02
5.85616e+02	2.64954e+02	2.27925e+03	1.26635e+03	4.19858e+00	2.19476e+00	1.23988e+02
5.89199e+02	2.65102e+02	2.27739e+03	1.26674e+03	4.19794e+00	2.19443e+00	1.23988e+02
5.92781e+02	2.65250e+02	2.27553e+03	1.26712e+03	4.19730e+00	2.19410e+00	1.23988e+02
5.96363e+02	2.65398e+02	2.27368e+03	1.26750e+03	4.19667e+00	2.19377e+00	1.23988e+02
5.99945e+02	2.65546e+02	2.27182e+03	1.26788e+03	4.19604e+00	2.19344e+00	1.23988e+02
6.03528e+02	2.65693e+02	2.26997e+03	1.26826e+03	4.19542e+00	2.19311e+00	1.23988e+02
6.07110e+02	2.65841e+02	2.26811e+03	1.26863e+03	4.19481e+00	2.19279e+00	1.23988e+02
6.10692e+02	2.65983e+02	2.26626e+03	1.26900e+03	4.19420e+00	2.19247e+00	1.23988e+02
6.14274e+02	2.66123e+02	2.26441e+03	1.26937e+03	4.19359e+00	2.19216e+00	1.23988e+02
6.17857e+02	2.66263e+02	2.26256e+03	1.26973e+03	4.19299e+00	2.19184e+00	1.23988e+02
6.21439e+02	2.66404e+02	2.26071e+03	1.27009e+03	4.19240e+00	2.19153e+00	1.23988e+02
6.25021e+02	2.66544e+02	2.25887e+03	1.27045e+03	4.19181e+00	2.19122e+00	1.23988e+02
6.28603e+02	2.66685e+02	2.25702e+03	1.27080e+03	4.19122e+00	2.19092e+00	1.23988e+02
6.32186e+02	2.66825e+02	2.25517e+03	1.27115e+03	4.19064e+00	2.19061e+00	1.23988e+02
6.35768e+02	2.67035e+02	2.25333e+03	1.27150e+03	4.19007e+00	2.19032e+00	1.23988e+02
6.39350e+02	2.67262e+02	2.25157e+03	1.33473e+03	4.59161e+00	2.37047e+00	1.60382e+02
6.42932e+02	2.67488e+02	2.24982e+03	1.33476e+03	4.59156e+00	2.37044e+00	1.59614e+02
6.46515e+02	2.67715e+02	2.24806e+03	1.33479e+03	4.59150e+00	2.37041e+00	1.58852e+02
6.50097e+02	2.67942e+02	2.24631e+03	1.33483e+03	4.59145e+00	2.37038e+00	1.58093e+02
6.53679e+02	2.68169e+02	2.24455e+03	1.33486e+03	4.59139e+00	2.37035e+00	1.57340e+02
6.57261e+02	2.68396e+02	2.24280e+03	1.33489e+03	4.59134e+00	2.37032e+00	1.56592e+02
6.60844e+02	2.68638e+02	2.24105e+03	1.33492e+03	4.59128e+00	2.37030e+00	1.55801e+02
6.64426e+02	2.68884e+02	2.23930e+03	1.33495e+03	4.59123e+00	2.37027e+00	1.54999e+02
6.68008e+02	2.69131e+02	2.23754e+03	1.33498e+03	4.59118e+00	2.37024e+00	1.54202e+02
6.71590e+02	2.69378e+02	2.23579e+03	1.33502e+03	4.59112e+00	2.37021e+00	1.53411e+02
6.75173e+02	2.69624e+02	2.23404e+03	1.33505e+03	4.59107e+00	2.37019e+00	1.52625e+02
6.78755e+02	2.69871e+02	2.23229e+03	1.33508e+03	4.59102e+00	2.37016e+00	1.51844e+02
6.82337e+02	2.70118e+02	2.23054e+03	1.33511e+03	4.59096e+00	2.37013e+00	1.51069e+02
6.85919e+02	2.70357e+02	2.22879e+03	1.33514e+03	4.59091e+00	2.37010e+00	1.50322e+02
6.89502e+02	2.70593e+02	2.22704e+03	1.33517e+03	4.59086e+00	2.37008e+00	1.49590e+02
6.93084e+02	2.70829e+02	2.22530e+03	1.33520e+03	4.59080e+00	2.37005e+00	1.48864e+02
6.96666e+02	2.71065e+02	2.22355e+03	1.33523e+03	4.59075e+00	2.37002e+00	1.48142e+02
7.00248e+02	2.71301e+02	2.22180e+03	1.33527e+03	4.59069e+00	2.36999e+00	1.47426e+02
7.03831e+02	2.71537e+02	2.22005e+03	1.33530e+03	4.59064e+00	2.36996e+00	1.46713e+02
7.07413e+02	2.71773e+02	2.21831e+03	1.33533e+03	4.59058e+00	2.36994e+00	1.46006e+02
7.10995e+02	2.72003e+02	2.21656e+03	1.33536e+03	4.59053e+00	2.36991e+00	1.45321e+02
7.14577e+02	2.72229e+02	2.21482e+03	1.33539e+03	4.59047e+00	2.36988e+00	1.44653e+02
7.18160e+02	2.72454e+02	2.21308e+03	1.33543e+03	4.59042e+00	2.36985e+00	1.43988e+02
7.21742e+02	2.72680e+02	2.21133e+03	1.33546e+03	4.59036e+00	2.36982e+00	1.43328e+02
7.25324e+02	2.72906e+02	2.20959e+03	1.33549e+03	4.59031e+00	2.36979e+00	1.42672e+02
7.28906e+02	2.73132e+02	2.20785e+03	1.33552e+03	4.59025e+00	2.36976e+00	1.42020e+02
7.32489e+02	2.73358e+02	2.20610e+03	1.33555e+03	4.59020e+00	2.36974e+00	1.41372e+02
7.36071e+02	2.73578e+02	2.20436e+03	1.33559e+03	4.59014e+00	2.36971e+00	1.40743e+02
7.39653e+02	2.73795e+02	2.20262e+03	1.33562e+03	4.59008e+00	2.36968e+00	1.40129e+02
7.43236e+02	2.74011e+02	2.20088e+03	1.33565e+03	4.59003e+00	2.36965e+00	1.39520e+02
7.46818e+02	2.74227e+02	2.19914e+03	1.33568e+03	4.58997e+00	2.36962e+00	1.38914e+02
7.50400e+02	2.74444e+02	2.19740e+03	1.33572e+03	4.58992e+00	2.36959e+00	1.38312e+02
7.53982e+02	2.74660e+02	2.19567e+03	1.33575e+03	4.58986e+00	2.36956e+00	1.37713e+02
7.57565e+02	2.74876e+02	2.19393e+03	1.33578e+03	4.58980e+00	2.36953e+00	1.37118e+02
7.61147e+02	2.75088e+02	2.19219e+03	1.33582e+03	4.58975e+00	2.36950e+00	1.36537e+02
7.64729e+02	2.75296e+02	2.19046e+03	1.33585e+03	4.58969e+00	2.36947e+00	1.35973e+02
7.68311e+02	2.75503e+02	2.18872e+03	1.33588e+03	4.58963e+00	2.36944e+00	1.35412e+02
7.71894e+02	2.75711e+02	2.18698e+03	1.33592e+03	4.58958e+00	2.36942e+00	1.34854e+02
7.75476e+02	2.75918e+02	2.18525e+03	1.33595e+03	4.58952e+00	2.36939e+00	1.34299e+02
7.79058e+02	2.76126e+02	2.18352e+03	1.33598e+03	4.58946e+00	2.36936e+00	1.33747e+02
7.82640e+02	2.76333e+02	2.18178e+03	1.33601e+03	4.58941e+00	2.36933e+00	1.33198e+02
7.86223e+02	2.76537e+02	2.18005e+03	1.33605e+03	4.58935e+00	2.36930e+00	1.32661e+02
7.89805e+02	2.76736e+02	2.17832e+03	1.33608e+03	4.58929e+00	2.36927e+00	1.32140e+02
7.93387e+02	2.76936e+02	2.17659e+03	1.33612e+03	4.58923e+00	2.36924e+00	1.31622e+02
7.96969e+02	2.77135e+02	2.17486e+03	1.33615e+03	4.58917e+00	2.36921e+00	1.31106e+02
8.00552e+02	2.77334e+02	2.17313e+03	1.33618e+03	4.58912e+00	2.36918e+00	1.30594e+02
8.04134e+02	2.77533e+02	2.17140e+03	1.33622e+03	4.58906e+00	2.36915e+00	1.30084e+02
8.07716e+02	2.77732e+02	2.16967e+03	1.33625e+03	4.58900e+00	2.36912e+00	1.29576e+02
8.11298e+02	2.77929e+02	2.16794e+03	1.33628e+03	4.58894e+00	2.36909e+00	1.29078e+02
8.14881e+02	2.78121e+02	2.16621e+03	1.33632e+03	4.58888e+00	2.36906e+00	1.28596e+02
8.18463e+02	2.78312e+02	2.16448e+03	1.33635e+03	4.58883e+00	2.36903e+00	1.28115e+02
8.22045e+02	2.78504e+02	2.16276e+03	1.33639e+03	4.58877e+00	2.36900e+00	1.27638e+02
8.25627e+02	2.78695e+02	2.16103e+03	1.33642e+03	4.58871e+00	2.36897e+00	1.27163e+02
8.29210e+02	2.78887e+02	2.15931e+03	1.33645e+03	4.58865e+00	2.36894e+00	1.26690e+02
8.32792e+02	2.79078e+02	2.15758e+03	1.33649e+03	4.58859e+00	2.36891e+00	1.26219e+02
8.36374e+02	2.79268e+02	2.15586e+03	1.33652e+03	4.58853e+00	2.36888e+00	1.25756e+02
8.39956e+02	2.79452e+02	2.15414e+03	1.33656e+03	4.58847e+00	2.36885e+00	1.25307e+02
8.43539e+02	2.79636e+02	2.15241e+03	1.33659e+03	4.58842e+00	2.36882e+00	1.24861e+02
8.47121e+02	2.79821e+02	2.15069e+03	1.33663e+03	4.58836e+00	2.36879e+00	1.24417e+02
8.50703e+02	2.80005e+02	2.14897e+03	1.33666e+03	4.58830e+00	2.36875e+00	1.23975e+02
8.54285e+02	2.80190e+02	2.14725e+03	1.33669e+03	4.58824e+00	2.36872e+00	1.23536e+02
8.57868e+02	2.80374e+02	2.14553e+03	1.33673e+03	4.58818e+00	2.36869e+00	1.23098e+02
8.61450e+02	2.80557e+02	2.14381e+03	1.33676e+03	4.58812e+00	2.36866e+00	1.22665e+02
8.65032e+02	2.80735e+02	2.14209e+03	1.33680e+03	4.58806e+00	2.36863e+00	1.22248e+02
8.68614e+02	2.80912e+02	2.14037e+03	1.33683e+03	4.58800e+00	2.36860e+00	1.21832e+02
8.72197e+02	2.81090e+02	2.13866e+03	1.33687e+03	4.58794e+00	2.36857e+00	1.21418e+02
8.75779e+02	2.81268e+02	2.13694e+03	1.33690e+03	4.58788e+00	2.36854e+00	1.21006e+02
8.79361e+02	2.81446e+02	2.13523e+03	1.33694e+03	4.58782e+00	2.36851e+00	1.20596e+02
8.82943e+02	2.81623e+02	2.13351e+03	1.33697e+03	4.58776e+00	2.36848e+00	1.20187e+02
8.86526e+02	2.81800e+02	2.13180e+03	1.33701e+03	4.58770e+00	2.36845e+00	1.19783e+02
8.90108e+02	2.81972e+02	2.13008e+03	1.33704e+03	4.58764e+00	2.36842e+00	1.19392e+02
8.93690e+02	2.82144e+02	2.12837e+03	1.33708e+03	4.58758e+00	2.36839e+00	1.19004e+02
8.97272e+02	2.82315e+02	2.12666e+03	1.33711e+03	4.58752e+00	2.36835e+00	1.18617e+02
9.00855e+02	2.82487e+02	2.12495e+03	1.33715e+03	4.58746e+00	2.36832e+00	1.18231e+02
9.04437e+02	2.82659e+02	2.12323e+03	1.33718e+03	4.58740e+00	2.36829e+00	1.17848e+02
9.08019e+02	2.82830e+02	2.12152e+03	1.33722e+03	4.58734e+00	2.36826e+00	1.17466e+02
9.11601e+02	2.83001e+02	2.11982e+03	1.33725e+03	4.58728e+00	2.36823e+00	1.17086e+02
9.15184e+02	2.83167e+02	2.11811e+03	1.33729e+03	4.58722e+00	2.36820e+00	1.16720e+02
9.18766e+02	2.83333e+02	2.11640e+03	1.33732e+03	4.58716e+00	2.36817e+00	1.16356e+02
9.22348e+02	2.83499e+02	2.11469e+03	1.33736e+03	4.58710e+00	2.36814e+00	1.15993e+02
9.25930e+02	2.83665e+02	2.11298e+03	1.33739e+03	4.58704e+00	2.36810e+00	1.15632e+02
9.29513e+02	2.83831e+02	2.11128e+03	1.33743e+03	4.58698e+00	2.36807e+00	1.15272e+02
9.33095e+02	2.83997e+02	2.10957e+03	1.33747e+03	4.58692e+00	2.36804e+00	1.14913e+02
9.36677e+02	2.84163e+02	2.10787e+03	1.33750e+03	4.58686e+00	2.36801e+00	1.14557e+02
9.40259e+02	2.84324e+02	2.10617e+03	1.33754e+03	4.58679e+00	2.36798e+00	1.14213e+02
9.43842e+02	2.84485e+02	2.10446e+03	1.33757e+03	4.58673e+00	2.36795e+00	1.13870e+02
9.47424e+02	2.84645e+02	2.10276e+03	1.33761e+03	4.58667e+00	2.36792e+00	1.13529e+02
9.51006e+02	2.84806e+02	2.10106e+03	1.33764e+03	4.58661e+00	2.36788e+00	1.13189e+02
9.54588e+02	2.84967e+02	2.09936e+03	1.33768e+03	4.58655e+00	2.36785e+00	1.12851e+02
9.58171e+02	2.85127e+02	2.09766e+03	1.33771e+03	4.58649e+00	2.36782e+00	1.12514e+02
9.61753e+02	2.85288e+02	2.09596e+03	1.33775e+03	4.58643e+00	2.36779e+00	1.12178e+02
9.65335e+02	2.85444e+02	2.09426e+03	1.33779e+03	4.58637e+00	2.36776e+00	1.11853e+02
9.68917e+02	2.85600e+02	2.09256e+03	1.33782e+03	4.58630e+00	2.36773e+00	1.11530e+02
9.72500e+02	2.85756e+02	2.09087e+03	1.33786e+03	4.58624e+00	2.36769e+00	1.11208e+02
9.76082e+02	2.85912e+02	2.08917e+03	1.33789e+03	4.58618e+00	2.36766e+00	1.10888e+02
9.79664e+02	2.86068e+02	2.08747e+03	1.33793e+03	4.58612e+00	2.36763e+00	1.10569e+02
9.83246e+02	2.86224e+02	2.08578e+03	1.33797e+03	4.58606e+00	2.36760e+00	1.10251e+02
9.86829e+02	2.86380e+02	2.08409e+03	1.33800e+03	4.58600e+00	2.36757e+00	1.09934e+02
9.90411e+02	2.86532e+02	2.08239e+03	1.33804e+03	4.58594e+00	2.36754e+00	1.09627e+02
9.93993e+02	2.86683e+02	2.08070e+03	1.33807e+03	4.58587e+00	2.36750e+00	1.09322e+02
9.97575e+02	2.86835e+02	2.07901e+03	1.33811e+03	4.58581e+00	2.36747e+00	1.09017e+02
1.00116e+03	2.86986e+02	2.07732e+03	1.33815e+03	4.58575e+00	2.36744e+00	1.08715e+02
1.00474e+03	2.87138e+02	2.07563e+03	1.33818e+03	4.58569e+00	2.36741e+00	1.08413e+02
1.00832e+03	2.87289e+02	2.07394e+03	1.33822e+03	4.58563e+00	2.36738e+00	1.08112e+02
1.01190e+03	2.87441e+02	2.07225e+03	1.33825e+03	4.58556e+00	2.36734e+00	1.07813e+02
1.01549e+03	2.87589e+02	2.07056e+03	1.33829e+03	4.58550e+00	2.36731e+00	1.07521e+02
1.01907e+03	2.87736e+02	2.06887e+03	1.33833e+03	4.58544e+00	2.36728e+00	1.07232e+02
1.02265e+03	2.87884e+02	2.06719e+03	1.33836e+03	4.58538e+00	2.36725e+00	1.06944e+02
1.02623e+03	2.88031e+02	2.06550e+03	1.33840e+03	4.58532e+00	2.36722e+00	1.06656e+02
1.02982e+03	2.88179e+02	2.06382e+03	1.33844e+03	4.58525e+00	2.36718e+00	1.06370e+02
1.03340e+03	2.88326e+02	2.06213e+03	1.33847e+03	4.58519e+00	2.36715e+00	1.06085e+02
1.03698e+03	2.88473e+02	2.06045e+03	1.33851e+03	4.58513e+00	2.36712e+00	1.05802e+02
1.04056e+03	2.88618e+02	2.05877e+03	1.33854e+03	4.58507e+00	2.36709e+00	1.05524e+02
1.04414e+03	2.88762e+02	2.05709e+03	1.33858e+03	4.58501e+00	2.36706e+00	1.05249e+02
1.04773e+03	2.88906e+02	2.05541e+03	1.33862e+03	4.58494e+00	2.36702e+00	1.04975e+02
1.05131e+03	2.89049e+02	2.05373e+03	1.33865e+03	4.58488e+00	2.36699e+00	1.04703e+02
1.05489e+03	2.89193e+02	2.05205e+03	1.33869e+03	4.58482e+00	2.36696e+00	1.04431e+02
1.05847e+03	2.89337e+02	2.05037e+03	1.33873e+03	4.58476e+00	2.36693e+00	1.04160e+02
1.06206e+03	2.89480e+02	2.04869e+03	1.33876e+03	4.58469e+00	2.36689e+00	1.03890e+02
1.06564e+03	2.89622e+02	2.04701e+03	1.33880e+03	4.58463e+00	2.36686e+00	1.03625e+02
1.06922e+03	2.89762e+02	2.04534e+03	1.33884e+03	4.58457e+00	2.36683e+00	1.03364e+02
1.07280e+03	2.89903e+02	2.04366e+03	1.33887e+03	4.58451e+00	2.36680e+00	1.03103e+02
1.07638e+03	2.90043e+02	2.04199e+03	1.33891e+03	4.58444e+00	2.36677e+00	1.02843e+02
1.07997e+03	2.90183e+02	2.04032e+03	1.33894e+03	4.58438e+00	2.36673e+00	1.02584e+02
1.08355e+03	2.90323e+02	2.03864e+03	1.33898e+03	4.58432e+00	2.36670e+00	1.02326e+02
1.08713e+03	2.90464e+02	2.03697e+03	1.33902e+03	4.58426e+00	2.36667e+00	1.02069e+02
1.09071e+03	2.90602e+02	2.03530e+03	1.33905e+03	4.58419e+00	2.36664e+00	1.01816e+02
1.09430e+03	2.90740e+02	2.03363e+03	1.33909e+03	4.58413e+00	2.36660e+00	1.01566e+02
1.09788e+03	2.90877e+02	2.03196e+03	1.33913e+03	4.58407e+00	2.36657e+00	1.01317e+02
1.10146e+03	2.91014e+02	2.03029e+03	1.33916e+03	4.58400e+00	2.36654e+00	1.01069e+02
1.10504e+03	2.91151e+02	2.02863e+03	1.33920e+03	4.58394e+00	2.36651e+00	1.00822e+02
1.10863e+03	2.91289e+02	2.02696e+03	1.33924e+03	4.58388e+00	2.36647e+00	1.00576e+02
1.11221e+03	2.91426e+02	2.02529e+03	1.33927e+03	4.58382e+00	2.36644e+00	1.00330e+02
1.11579e+03	2.91562e+02	2.02363e+03	1.33931e+03	4.58375e+00	2.36641e+00	1.00088e+02
1.11937e+03	2.91696e+02	2.02196e+03	1.33935e+03	4.58369e+00	2.36638e+00	9.98487e+01
1.12295e+03	2.91831e+02	2.02030e+03	1.33938e+03	4.58363e+00	2.36634e+00	9.96105e+01
1.12654e+03	2.91965e+02	2.01864e+03	1.33942e+03	4.58357e+00	2.36631e+00	9.93731e+01
1.13012e+03	2.92100e+02	2.01698e+03	1.33946e+03	4.58350e+00	2.36628e+00	9.91364e+01
1.13370e+03	2.92234e+02	2.01531e+03	1.33949e+03	4.58344e+00	2.36625e+00	9.89005e+01
1.13728e+03	2.92369e+02	2.01365e+03	1.33953e+03	4.58338e+00	2.36621e+00	9.86654e+01
1.14087e+03	2.92502e+02	2.01200e+03	1.33957e+03	4.58331e+00	2.36618e+00	9.84330e+01
1.14445e+03	2.92634e+02	2.01034e+03	1.33961e+03	4.58325e+00	2.36615e+00	9.82038e+01
1.14803e+03	2.92766e+02	2.00868e+03	1.33964e+03	4.58319e+00	2.36612e+00	9.79753e+01
1.15161e+03	2.92898e+02	2.00702e+03	1.33968e+03	4.58313e+00	2.36608e+00	9.77475e+01
1.15519e+03	2.93030e+02	2.00537e+03	1.33972e+03	4.58306e+00	2.36605e+00	9.75205e+01
1.15878e+03	2.93162e+02	2.00371e+03	1.33975e+03	4.58300e+00	2.36602e+00	9.72942e+01
1.16236e+03	2.93294e+02	2.00206e+03	1.33979e+03	4.58294e+00	2.36599e+00	9.70686e+01
1.16594e+03	2.93425e+02	2.00041e+03	1.33983e+03	4.58287e+00	2.36595e+00	9.68452e+01
1.16952e+03	2.93555e+02	1.99875e+03	1.33986e+03	4.58281e+00	2.36592e+00	9.66248e+01
1.17311e+03	2.93685e+02	1.99710e+03	1.33990e+03	4.58275e+00	2.36589e+00	9.64051e+01
1.17669e+03	2.93815e+02	1.99545e+03	1.33994e+03	4.58268e+00	2.36586e+00	9.61861e+01
1.18027e+03	2.93944e+02	1.99380e+03	1.33997e+03	4.58262e+00	2.36582e+00	9.59679e+01
1.18385e+03	2.94074e+02	1.99215e+03	1.34001e+03	4.58256e+00	2.36579e+00	9.57502e+01
1.18743e+03	2.94204e+02	1.99051e+03	1.34005e+03	4.58250e+00	2.36576e+00	9.55333e+01
1.19102e+03	2.94333e+02	1.98886e+03	1.34008e+03	4.58243e+00	2.36573e+00	9.53181e+01
1.19460e+03	2.94461e+02	1.98721e+03	1.34012e+03	4.58237e+00	2.36569e+00	9.51058e+01
1.19818e+03	2.94589e+02	1.98557e+03	1.34016e+03	4.58231e+00	2.36566e+00	9.48942e+01
1.20176e+03	2.94716e+02	1.98392e+03	1.34019e+03	4.58224e+00	2.36563e+00	9.46832e+01
1.20535e+03	2.94844e+02	1.98228e+03	1.34023e+03	4.58218e+00	2.36560e+00	9.44729e+01
1.20893e+03	2.94972e+02	1.98064e+03	1.34027e+03	4.58212e+00	2.36556e+00	9.42632e+01
1.21251e+03	2.95100e+02	1.97900e+03	1.34031e+03	4.58205e+00	2.36553e+00	9.40541e+01
1.21609e+03	2.95227e+02	1.97736e+03	1.34034e+03	4.58199e+00	2.36550e+00	9.38465e+01
1.21968e+03	2.95353e+02	1.97572e+03	1.34038e+03	4.58193e+00	2.36547e+00	9.36415e+01
1.22326e+03	2.95479e+02	1.97408e+03	1.34042e+03	4.58186e+00	2.36543e+00	9.34372e+01
1.22684e+03	2.95605e+02	1.97244e+03	1.34045e+03	4.58180e+00	2.36540e+00	9.32335e+01
1.23042e+03	2.95732e+02	1.97080e+03	1.34049e+03	4.58174e+00	2.36537e+00	9.30304e+01
1.23400e+03	2.95858e+02	1.96917e+03	1.34053e+03	4.58168e+00	2.36534e+00	9.28279e+01
1.23759e+03	2.95984e+02	1.96753e+03	1.34056e+03	4.58161e+00	2.36530e+00	9.26260e+01
1.24117e+03	2.96110e+02	1.96590e+03	1.34060e+03	4.58155e+00	2.36527e+00	9.24252e+01
1.24475e+03	2.96234e+02	1.96427e+03	1.34064e+03	4.58149e+00	2.36524e+00	9.22270e+01
1.24833e+03	2.96359e+02	1.96263e+03	1.34067e+03	4.58142e+00	2.36521e+00	9.20293e+01
1.25192e+03	2.96483e+02	1.96100e+03	1.34071e+03	4.58136e+00	2.36517e+00	9.18322e+01
1.25550e+03	2.96608e+02	1.95937e+03	1.34075e+03	4.58130e+00	2.36514e+00	9.16357e+01
1.25908e+03	2.96732e+02	1.95774e+03	1.34079e+03	4.58123e+00	2.36511e+00	9.14398e+01
1.26266e+03	2.96857e+02	1.95611e+03	1.34082e+03	4.58117e+00	2.36508e+00	9.12445e+01
1.26624e+03	2.96981e+02	1.95449e+03	1.34086e+03	4.58111e+00	2.36504e+00	9.10500e+01
1.26983e+03	2.97105e+02	1.95286e+03	1.34090e+03	4.58104e+00	2.36501e+00	9.08578e+01
1.27341e+03	2.97228e+02	1.95123e+03	1.34093e+03	4.58098e+00	2.36498e+00	9.06662e+01
1.27699e+03	2.97351e+02	1.94961e+03	1.34097e+03	4.58092e+00	2.36495e+00	9.04752e+01
1.28057e+03	2.97475e+02	1.94799e+03	1.34101e+03	4.58086e+00	2.36491e+00	9.02847e+01
1.28416e+03	2.97598e+02	1.94636e+03	1.34104e+03	4.58079e+00	2.36488e+00	9.00948e+01
1.28774e+03	2.97721e+02	1.94474e+03	1.34108e+03	4.58073e+00	2.36485e+00	8.99054e+01
1.29132e+03	2.97844e+02	1.94312e+03	1.34112e+03	4.58067e+00	2.36482e+00	8.97167e+01
1.29490e+03	2.97967e+02	1.94150e+03	1.34115e+03	4.58060e+00	2.36478e+00	8.95301e+01
1.29848e+03	2.98089e+02	1.93988e+03	1.34119e+03	4.58054e+00	2.36475e+00	8.93440e+01
1.30207e+03	2.98211e+02	1.93826e+03	1.34123e+03	4.58048e+00	2.36472e+00	8.91585e+01
1.30565e+03	2.98333e+02	1.93665e+03	1.34126e+03	4.58041e+00	2.36469e+00	8.89735e+01
1.30923e+03	2.98456e+02	1.93503e+03	1.34130e+03	4.58035e+00	2.36465e+00	8.87890e+01
1.31281e+03	2.98578e+02	1.93341e+03	1.34134e+03	4.58029e+00	2.36462e+00	8.86051e+01
1.31640e+03	2.98700e+02	1.93180e+03	1.34138e+03	4.58023e+00	2.36459e+00	8.84217e+01
1.31998e+03	2.98821e+02	1.93019e+03	1.34141e+03	4.58016e+00	2.36456e+00	8.82402e+01
1.32356e+03	2.98943e+02	1.92857e+03	1.34145e+03	4.58010e+00	2.36452e+00	8.80591e+01
1.32714e+03	2.99064e+02	1.92696e+03	1.34149e+03	4.58004e+00	2.36449e+00	8.78786e+01
1.33072e+03	2.99185e+02	1.92535e+03	1.34152e+03	4.57997e+00	2.36446e+00	8.76986e+01
1.33431e+03	2.99307e+02	1.92374e+03	1.34156e+03	4.57991e+00	2.36443e+00	8.75192e+01
1.33789e+03	2.99428e+02	1.92213e+03	1.34160e+03	4.57985e+00	2.36439e+00	8.73402e+01
1.34147e+03	2.99549e+02	1.92053e+03	1.34163e+03	4.57979e+00	2.36436e+00	8.71617e+01
1.34505e+03	2.99670e+02	1.91892e+03	1.34167e+03	4.57972e+00	2.36433e+00	8.69847e+01
1.34864e+03	2.99791e+02	1.91732e+03	1.34171e+03	4.57966e+00	2.36430e+00	8.68083e+01
1.35222e+03	2.99911e+02	1.91571e+03	1.34174e+03	4.57960e+00	2.36426e+00	8.66324e+01
1.35580e+03	3.00032e+02	1.91411e+03	1.34178e+03	4.57954e+00	2.36423e+00	8.64569e+01
1.35938e+03	3.00152e+02	1.91251e+03	1.34182e+03	4.57947e+00	2.36420e+00	8.62820e+01
1.36297e+03	3.00273e+02	1.91090e+03	1.34185e+03	4.57941e+00	2.36417e+00	8.61076e+01
1.36655e+03	3.00394e+02	1.90930e+03	1.34189e+03	4.57935e+00	2.36413e+00	8.59336e+01
1.37013e+03	3.00514e+02	1.90770e+03	1.34193e+03	4.57928e+00	2.36410e+00	8.57608e+01
1.37371e+03	3.00634e+02	1.90611e+03	1.34196e+03	4.57922e+00	2.36407e+00	8.55886e+01
1.37729e+03	3.00754e+02	1.90451e+03	1.34200e+03	4.57916e+00	2.36404e+00	8.54168e+01
1.38088e+03	3.00874e+02	1.90291e+03	1.34204e+03	4.57910e+00	2.36401e+00	8.52456e+01
1.38446e+03	3.00994e+02	1.90132e+03	1.34207e+03	4.57903e+00	2.36397e+00	8.50748e+01
1.38804e+03	3.01115e+02	1.89972e+03	1.34211e+03	4.57897e+00	2.36394e+00	8.49045e+01
1.39162e+03	3.01235e+02	1.89813e+03	1.34215e+03	4.57891e+00	2.36391e+00	8.47346e+01
1.39521e+03	3.01354e+02	1.89654e+03	1.34218e+03	4.57885e+00	2.36388e+00	8.45657e+01
1.39879e+03	3.01474e+02	1.89494e+03	1.34222e+03	4.57878e+00	2.36384e+00	8.43973e+01
1.40237e+03	3.01594e+02	1.89335e+03	1.34226e+03	4.57872e+00	2.36381e+00	8.42293e+01
1.40595e+03	3.01714e+02	1.89176e+03	1.34229e+03	4.57866e+00	2.36378e+00	8.40619e+01
1.40953e+03	3.01834e+02	1.89018e+03	1.34233e+03	4.57860e+00	2.36375e+00	8.38949e+01
1.41312e+03	3.01953e+02	1.88859e+03	1.34237e+03	4.57853e+00	2.36371e+00	8.37284e+01
1.41670e+03	3.02073e+02	1.88700e+03	1.34240e+03	4.57847e+00	2.36368e+00	8.35623e+01
1.42028e+03	3.02193e+02	1.88542e+03	1.34244e+03	4.57841e+00	2.36365e+00	8.33969e+01
1.42386e+03	3.02312e+02	1.88383e+03	1.34248e+03	4.57835e+00	2.36362e+00	8.32320e+01
1.42745e+03	3.02432e+02	1.88225e+03	1.34251e+03	4.57829e+00	2.36359e+00	8.30675e+01
1.43103e+03	3.02551e+02	1.88067e+03	1.34255e+03	4.57822e+00	2.36355e+00	8.29036e+01
1.43461e+03	3.02671e+02	1.87909e+03	1.34259e+03	4.57816e+00	2.36352e+00	8.27400e+01
1.43819e+03	3.02791e+02	1.87751e+03	1.34262e+03	4.57810e+00	2.36349e+00	8.25770e+01
1.44177e+03	3.02910e+02	1.87593e+03	1.34266e+03	4.57804e+00	2.36346e+00	8.24143e+01
1.44536e+03	3.03030e+02	1.87435e+03	1.34270e+03	4.57797e+00	2.36343e+00	8.22522e+01
1.44894e+03	3.03149e+02	1.87277e+03	1.34273e+03	4.57791e+00	2.36339e+00	8.20905e+01
1.45252e+03	3.03269e+02	1.87120e+03	1.34277e+03	4.57785e+00	2.36336e+00	8.19292e+01
1.45610e+03	3.03388e+02	1.86962e+03	1.34280e+03	4.57779e+00	2.36333e+00	8.17684e+01
1.45969e+03	3.03508e+02	1.86805e+03	1.34284e+03	4.57773e+00	2.36330e+00	8.16080e+01
1.46327e+03	3.03628e+02	1.86647e+03	1.34288e+03	4.57766e+00	2.36327e+00	8.14481e+01
1.46685e+03	3.03747e+02	1.86490e+03	1.34291e+03	4.57760e+00	2.36323e+00	8.12886e+01
1.47043e+03	3.03867e+02	1.86333e+03	1.34295e+03	4.57754e+00	2.36320e+00	8.11295e+01
1.47402e+03	3.03986e+02	1.86176e+03	1.34299e+03	4.57748e+00	2.36317e+00	8.09707e+01
1.47760e+03	3.04106e+02	1.86019e+03	1.34302e+03	4.57742e+00	2.36314e+00	8.08124e+01
1.48118e+03	3.04226e+02	1.85863e+03	1.34306e+03	4.57735e+00	2.36311e+00	8.06545e+01
1.48476e+03	3.04345e+02	1.85706e+03	1.34309e+03	4.57729e+00	2.36307e+00	8.04970e+01
1.48834e+03	3.04465e+02	1.85549e+03	1.34313e+03	4.57723e+00	2.36304e+00	8.03400e+01
1.49193e+03	3.04585e+02	1.85393e+03	1.34317e+03	4.57717e+00	2.36301e+00	8.01834e+01
1.49551e+03	3.04705e+02	1.85237e+03	1.34320e+03	4.57711e+00	2.36298e+00	8.00270e+01
1.49909e+03	3.04825e+02	1.85080e+03	1.34324e+03	4.57705e+00	2.36295e+00	7.98709e+01
1.50267e+03	3.04945e+02	1.84924e+03	1.34328e+03	4.57698e+00	2.36291e+00	7.97152e+01
1.50626e+03	3.05064e+02	1.84768e+03	1.34331e+03	4.57692e+00	2.36288e+00	7.95600e+01
1.50984e+03	3.05184e+02	1.84612e+03	1.34335e+03	4.57686e+00	2.36285e+00	7.94052e+01
1.51342e+03	3.05304e+02	1.84457e+03	1.34338e+03	4.57680e+00	2.36282e+00	7.92508e+01
1.51700e+03	3.05424e+02	1.84301e+03	1.34342e+03	4.57674e+00	2.36279e+00	7.90968e+01
1.52058e+03	3.05544e+02	1.84145e+03	1.34346e+03	4.57668e+00	2.36276e+00	7.89430e+01
1.52417e+03	3.05665e+02	1.83990e+03	1.34349e+03	4.57662e+00	2.36272e+00	7.87893e+01
1.52775e+03	3.05785e+02	1.83834e+03	1.34353e+03	4.57655e+00	2.36269e+00	7.86361e+01
1.53133e+03	3.05905e+02	1.83679e+03	1.34356e+03	4.57649e+00	2.36266e+00	7.84833e+01
1.53491e+03	3.06026e+02	1.83524e+03	1.34360e+03	4.57643e+00	2.36263e+00	7.83309e+01
1.53850e+03	3.06146e+02	1.83369e+03	1.34364e+03	4.57637e+00	2.36260e+00	7.81789e+01
1.54208e+03	3.06266e+02	1.83214e+03	1.34367e+03	4.57631e+00	2.36257e+00	7.80273e+01
1.54566e+03	3.06387e+02	1.83059e+03	1.34371e+03	4.57625e+00	2.36253e+00	7.78759e+01
1.54924e+03	3.06508e+02	1.82905e+03	1.34374e+03	4.57619e+00	2.36250e+00	7.77245e+01
1.55282e+03	3.06629e+02	1.82750e+03	1.34378e+03	4.57613e+00	2.36247e+00	7.75735e+01
1.55641e+03	3.06750e+02	1.82595e+03	1.34382e+03	4.57606e+00	2.36244e+00	7.74229e+01
1.55999e+03	3.06871e+02	1.82441e+03	1.34385e+03	4.57600e+00	2.36241e+00	7.72727e+01
1.56357e+03	3.06991e+02	1.82287e+03	1.34389e+03	4.57594e+00	2.36238e+00	7.71229e+01
1.56715e+03	3.07112e+02	1.82133e+03	1.34392e+03	4.57588e+00	2.36235e+00	7.69736e+01
1.57074e+03	3.07233e+02	1.81979e+03	1.34396e+03	4.57582e+00	2.36231e+00	7.68243e+01
1.57432e+03	3.07355e+02	1.81825e+03	1.34399e+03	4.57576e+00	2.36228e+00	7.66750e+01
1.57790e+03	3.07476e+02	1.81671e+03	1.34403e+03	4.57570e+00	2.36225e+00	7.65260e+01
1.58148e+03	3.07598e+02	1.81517e+03	1.34407e+03	4.57564e+00	2.36222e+00	7.63774e+01
1.58506e+03	3.07720e+02	1.81363e+03	1.34410e+03	4.57558e+00	2.36219e+00	7.62293e+01
1.58865e+03	3.07841e+02	1.81210e+03	1.34414e+03	4.57552e+00	2.36216e+00	7.60816e+01
1.59223e+03	3.07963e+02	1.81057e+03	1.34417e+03	4.57546e+00	2.36213e+00	7.59342e+01
1.59581e+03	3.08084e+02	1.80903e+03	1.34421e+03	4.57540e+00	2.36209e+00	7.57870e+01
1.59939e+03	3.08207e+02	1.80750e+03	1.34424e+03	4.57534e+00	2.36206e+00	7.56395e+01
1.60298e+03	3.08329e+02	1.80597e+03	1.34428e+03	4.57527e+00	2.36203e+00	7.54925e+01
1.60656e+03	3.08451e+02	1.80444e+03	1.34432e+03	4.57521e+00	2.36200e+00	7.53458e+01
1.61014e+03	3.08574e+02	1.80291e+03	1.34435e+03	4.57515e+00	2.36197e+00	7.51995e+01
1.61372e+03	3.08696e+02	1.80139e+03	1.34439e+03	4.57509e+00	2.36194e+00	7.50536e+01
1.61731e+03	3.08818e+02	1.79986e+03	3.54854e+03	4.61568e+00	2.61298e+00	1.61862e+13
1.68614e+03	3.18768e+02	1.78876e+03	3.54854e+03	4.61699e+00	2.61259e+00	7.14850e+12
1.75452e+03	3.28667e+02	1.77765e+03	3.54967e+03	4.61828e+00	2.61218e+00	3.32628e+12
1.82247e+03	3.38514e+02	1.76655e+03	3.55079e+03	8.16174e+00	4.63389e+00	1.62278e+12
1.88999e+03	3.48311e+02	1.75545e+03	3.57869e+03	8.21146e+00	4.67185e+00	8.26487e+11
1.95758e+03	3.58057e+02	1.74435e+03	3.59616e+03	8.24641e+00	4.69768e+00	4.38175e+11
2.02503e+03	3.67753e+02	1.73324e+03	3.60850e+03	8.24843e+00	4.69673e+00	2.40890e+11
2.09223e+03	3.77398e+02	1.72214e+03	3.60952e+03	8.25041e+00	4.69577e+00	1.36882e+11
2.15897e+03	3.86993e+02	1.71104e+03	3.61052e+03	8.25231e+00	4.69476e+00	8.01486e+10
2.22523e+03	3.96537e+02	1.69994e+03	3.61151e+03	8.25418e+00	4.69376e+00	4.82432e+10
2.29103e+03	4.06032e+02	1.68884e+03	3.61249e+03	8.25595e+00	4.69270e+00	2.97880e+10
2.35635e+03	4.15477e+02	1.67773e+03	3.61345e+03	8.25769e+00	4.69165e+00	1.88311e+10
2.42121e+03	4.24872e+02	1.66663e+03	3.61440e+03	8.25935e+00	4.69056e+00	1.21672e+10
2.48558e+03	4.34218e+02	1.65553e+03	3.61532e+03	8.26099e+00	4.68947e+00	8.02236e+09
2.54948e+03	4.43514e+02	1.64443e+03	3.61624e+03	8.31792e+00	4.72029e+00	5.39012e+09
2.61291e+03	4.52762e+02	1.63332e+03	3.62167e+03	8.37228e+00	4.74959e+00	3.68568e+09
2.67593e+03	4.61960e+02	1.62222e+03	3.62688e+03	8.43360e+00	4.78288e+00	2.56210e+09
2.73854e+03	4.71110e+02	1.61112e+03	3.63267e+03	8.43489e+00	4.78158e+00	1.80868e+09
2.80074e+03	4.80211e+02	1.60002e+03	3.63351e+03	8.43614e+00	4.78027e+00	1.29535e+09
2.86246e+03	4.89264e+02	1.58891e+03	3.63434e+03	8.43735e+00	4.77895e+00	9.40236e+08
2.92368e+03	4.98269e+02	1.57781e+03	3.63516e+03	8.43852e+00	4.77763e+00	6.91113e+08
2.98440e+03	5.07225e+02	1.56671e+03	3.63597e+03	8.43964e+00	4.77629e+00	5.14038e+08
3.04463e+03	5.16134e+02	1.55561e+03	3.63676e+03	8.44074e+00	4.77494e+00	3.86609e+08
3.10435e+03	5.24996e+02	1.54451e+03	3.63754e+03	8.44178e+00	4.77358e+00	2.93833e+08
3.16357e+03	5.33810e+02	1.53340e+03	3.63831e+03	8.44279e+00	4.77222e+00	2.25539e+08
3.22229e+03	5.42578e+02	1.52230e+03	3.63907e+03	8.44376e+00	4.77085e+00	1.74742e+08
3.28050e+03	5.51298e+02	1.51120e+03	3.63982e+03	8.44470e+00	4.76947e+00	1.36585e+08
3.33820e+03	5.59972e+02	1.50010e+03	3.64055e+03	8.44559e+00	4.76809e+00	1.07655e+08
3.39539e+03	5.68600e+02	1.48899e+03	3.64127e+03	8.44646e+00	4.76670e+00	8.55259e+07
3.45207e+03	5.77182e+02	1.47789e+03	3.64199e+03	8.44727e+00	4.76530e+00	6.84567e+07
3.50823e+03	5.85718e+02	1.46679e+03	3.64268e+03	8.44807e+00	4.76390e+00	5.51852e+07
3.56388e+03	5.94209e+02	1.45569e+03	3.64337e+03	8.44882e+00	4.76249e+00	4.47880e+07
3.61900e+03	6.02654e+02	1.44458e+03	3.64405e+03	8.44955e+00	4.76107e+00	3.65837e+07
3.67361e+03	6.11055e+02	1.43348e+03	3.64472e+03	8.45023e+00	4.75965e+00	3.00652e+07
3.72769e+03	6.19411e+02	1.42238e+03	3.64537e+03	8.45089e+00	4.75823e+00	2.48522e+07
3.78124e+03	6.27723e+02	1.41128e+03	3.64601e+03	8.45151e+00	4.75680e+00	2.06572e+07
3.83427e+03	6.35991e+02	1.40017e+03	3.64665e+03	8.45209e+00	4.75537e+00	1.72611e+07
3.88676e+03	6.44215e+02	1.38907e+03	3.64727e+03	8.45264e+00	4.75393e+00	1.44961e+07
3.93872e+03	6.52397e+02	1.37797e+03	3.64788e+03	8.45316e+00	4.75249e+00	1.22327e+07
3.99014e+03	6.60535e+02	1.36687e+03	3.64847e+03	8.45364e+00	4.75105e+00	1.03701e+07
4.04102e+03	6.68631e+02	1.35577e+03	3.64906e+03	8.45409e+00	4.74960e+00	8.82984e+06
4.09136e+03	6.76685e+02	1.34466e+03	3.64963e+03	8.45451e+00	4.74815e+00	7.54994e+06
4.14116e+03	6.84698e+02	1.33356e+03	3.65020e+03	8.45489e+00	4.74669e+00	6.48152e+06
4.19040e+03	6.92669e+02	1.32246e+03	3.65075e+03	8.45525e+00	4.74523e+00	5.58572e+06
4.23910e+03	7.00599e+02	1.31136e+03	3.65130e+03	8.45555e+00	4.74376e+00	4.83147e+06
4.28724e+03	7.08489e+02	1.30025e+03	3.65182e+03	8.45584e+00	4.74229e+00	4.19383e+06
4.33482e+03	7.16339e+02	1.28915e+03	3.65234e+03	8.45608e+00	4.74082e+00	3.65267e+06
4.38185e+03	7.24150e+02	1.27805e+03	3.65285e+03	8.45629e+00	4.73934e+00	3.19166e+06
4.42831e+03	7.31921e+02	1.26695e+03	3.65335e+03	8.45647e+00	4.73786e+00	2.79753e+06
4.47420e+03	7.39654e+02	1.25584e+03	3.65383e+03	8.45661e+00	4.73637e+00	2.45940e+06
4.51952e+03	7.47350e+02	1.24474e+03	3.65430e+03	8.45672e+00	4.73488e+00	2.16834e+06
4.56427e+03	7.55008e+02	1.23364e+03	3.65476e+03	8.45678e+00	4.73339e+00	1.91700e+06
4.60844e+03	7.62629e+02	1.22254e+03	3.65521e+03	8.45682e+00	4.73189e+00	1.69927e+06
4.65202e+03	7.70213e+02	1.21144e+03	3.65565e+03	8.45681e+00	4.73038e+00	1.51011e+06
4.69503e+03	7.77763e+02	1.20033e+03	3.65607e+03	8.45677e+00	4.72887e+00	1.34528e+06
4.73744e+03	7.85277e+02	1.18923e+03	3.65648e+03	8.45670e+00	4.72736e+00	1.20126e+06
4.77925e+03	7.92757e+02	1.17813e+03	3.65688e+03	8.45658e+00	4.72584e+00	1.07508e+06
4.82047e+03	8.00203e+02	1.16703e+03	3.65727e+03	8.45642e+00	4.72431e+00	9.64245e+05
4.86109e+03	8.07617e+02	1.15592e+03	3.65764e+03	8.45623e+00	4.72278e+00	8.66642e+05
4.90109e+03	8.14998e+02	1.14482e+03	3.65800e+03	8.45600e+00	4.72124e+00	7.80483e+05
4.94049e+03	8.22347e+02	1.13372e+03	3.65835e+03	8.45571e+00	4.71970e+00	7.04248e+05
4.97927e+03	8.29666e+02	1.12262e+03	3.65869e+03	8.45540e+00	4.71815e+00	6.36639e+05
5.01742e+03	8.36956e+02	1.11151e+03	3.65901e+03	8.45504e+00	4.71659e+00	5.76550e+05
5.05495e+03	8.44216e+02	1.10041e+03	3.65932e+03	8.45463e+00	4.71502e+00	5.23028e+05
5.09184e+03	8.51448e+02	1.08931e+03	3.65962e+03	8.45420e+00	4.71345e+00	4.75259e+05
5.12809e+03	8.58653e+02	1.07821e+03	3.65990e+03	8.45370e+00	4.71186e+00	4.32538e+05
5.16370e+03	8.65832e+02	1.06710e+03	3.66016e+03	8.45317e+00	4.71028e+00	3.94258e+05
5.19865e+03	8.72985e+02	1.05600e+03	3.66042e+03	8.45258e+00	4.70867e+00	3.59892e+05
5.23295e+03	8.80114e+02	1.04490e+03	3.66066e+03	8.45195e+00	4.70707e+00	3.28984e+05
5.26659e+03	8.87221e+02	1.03380e+03	3.66088e+03	8.45128e+00	4.70545e+00	3.01137e+05
5.29955e+03	8.94305e+02	1.02270e+03	3.66109e+03	8.45054e+00	4.70382e+00	2.76005e+05
5.33183e+03	9.01369e+02	1.01159e+03	3.66129e+03	8.44977e+00	4.70218e+00	2.53284e+05
5.36342e+03	9.08413e+02	1.00049e+03	3.66147e+03	8.44894e+00	4.70053e+00	2.32710e+05
5.39433e+03	9.15439e+02	9.89388e+02	3.66163e+03	8.44806e+00	4.69886e+00	2.14051e+05
5.42453e+03	9.22448e+02	9.78286e+02	3.66178e+03	8.44712e+00	4.69719e+00	1.97103e+05
5.45401e+03	9.29442e+02	9.67184e+02	3.66191e+03	8.44612e+00	4.69550e+00	1.81686e+05
5.48278e+03	9.36422e+02	9.56081e+02	3.66202e+03	8.44507e+00	4.69380e+00	1.67642e+05
5.51082e+03	9.43390e+02	9.44979e+02	3.66212e+03	8.44396e+00	4.69208e+00	1.54829e+05
5.53812e+03	9.50347e+02	9.33877e+02	3.66220e+03	8.44278e+00	4.69034e+00	1.43125e+05
5.56467e+03	9.57295e+02	9.22774e+02	3.66226e+03	8.44155e+00	4.68859e+00	1.32418e+05
5.59046e+03	9.64235e+02	9.11672e+02	3.66230e+03	8.44025e+00	4.68682e+00	1.22612e+05
5.61548e+03	9.71171e+02	9.00570e+02	3.66233e+03	8.43889e+00	4.68504e+00	1.13619e+05
5.63972e+03	9.78103e+02	8.89467e+02	3.66234e+03	8.43745e+00	4.68323e+00	1.05362e+05
5.66316e+03	9.85033e+02	8.78365e+02	3.66232e+03	8.43594e+00	4.68141e+00	9.77712e+04
5.68579e+03	9.91965e+02	8.67263e+02	3.66229e+03	8.43437e+00	4.67956e+00	9.07850e+04
5.70760e+03	9.98900e+02	8.56160e+02	3.66224e+03	8.43272e+00	4.67770e+00	8.43481e+04
5.72858e+03	1.00584e+03	8.45058e+02	3.66216e+03	8.43099e+00	4.67581e+00	7.84106e+04
5.74871e+03	1.01279e+03	8.33956e+02	3.66207e+03	8.42917e+00	4.67389e+00	7.29281e+04
5.76797e+03	1.01975e+03	8.22853e+02	3.66195e+03	8.42728e+00	4.67195e+00	6.78604e+04
5.78635e+03	1.02672e+03	8.11751e+02	3.66181e+03	8.42530e+00	4.66998e+00	6.31714e+04
5.80383e+03	1.03371e+03	8.00649e+02	3.66164e+03	8.42322e+00	4.66798e+00	5.88286e+04
5.82039e+03	1.04072e+03	7.89546e+02	3.66145e+03	8.42107e+00	4.66596e+00	5.48026e+04
5.83602e+03	1.04775e+03	7.78444e+02	3.66124e+03	8.41880e+00	4.66389e+00	5.10669e+04
5.85069e+03	1.05481e+03	7.67342e+02	3.66100e+03	8.41644e+00	4.66180e+00	4.75974e+04
5.86437e+03	1.06190e+03	7.56239e+02	3.66073e+03	8.41397e+00	4.65967e+00	4.43724e+04
5.87706e+03	1.06903e+03	7.45137e+02	3.66044e+03	8.41140e+00	4.65750e+00	4.13723e+04
5.88872e+03	1.07619e+03	7.34034e+02	3.66012e+03	8.40872e+00	4.65530e+00	3.85790e+04
5.89933e+03	1.08340e+03	7.22932e+02	3.65977e+03	8.40590e+00	4.65305e+00	3.59763e+04
5.90886e+03	1.09065e+03	7.11830e+02	3.65938e+03	8.40298e+00	4.65075e+00	3.35495e+04
5.91728e+03	1.09796e+03	7.00727e+02	3.65897e+03	8.39992e+00	4.64841e+00	3.12850e+04
5.91728e+03	1.09796e+03	7.00727e+02	8.00000e+03	6.15798e+00	3.32292e+00	1.00000e+04
6.02898e+03	1.09918e+03	6.22869e+02	8.00715e+03	6.15523e+00	3.32144e+00	1.00000e+04
5.80246e+03	1.10040e+03	5.45010e+02	8.01456e+03	6.16106e+00	3.32410e+00	1.00000e+04
5.13129e+03	1.10162e+03	4.67152e+02	8.02301e+03	6.14022e+00	3.31384e+00	1.00000e+04
3.83242e+03	1.10284e+03	3.89293e+02	8.03453e+03	6.08340e+00	3.28614e+00	1.00000e+04
1.56179e+03	1.10406e+03	3.11434e+02	8.06390e+03	5.96976e+00	3.23067e+00	1.00000e+04
-2.41759e+03	1.10528e+03	2.33576e+02	8.04354e+03	5.79345e+00	3.14628e+00	1.00000e+04
-9.92600e+03	1.10650e+03	1.55717e+02	8.03791e+03	5.45820e+00	2.98594e+00	1.00000e+04
-2.73285e+04	1.10771e+03	7.78586e+01	8.03514e+03	4.75796e+00	2.65519e+00	1.00000e+04
-9.76804e+04	1.10893e+03	0.00000e+00	8.03089e+03	2.45701e+00	1.64921e+00	1.00000e+04
