P (MPa)		T (K)		r (km)		rho (kg m-3)	VP (km s-1)	VS (km s-1)	QS/gamma	k for 0.01 mol/kg MgSO4 (S m-1)	
0.00000e+00	1.10000e+02	2.63410e+03	9.32698e+02	3.87940e+00	1.96225e+00	3.09516e+04	0.00000e+00
9.54121e+00	2.47238e+02	2.62692e+03	9.32698e+02	3.90953e+00	1.97899e+00	7.21439e+01	0.00000e+00
1.90824e+01	2.47279e+02	2.61976e+03	9.33527e+02	3.91533e+00	1.98341e+00	7.20859e+01	0.00000e+00
2.86236e+01	2.47321e+02	2.61261e+03	9.34327e+02	3.92102e+00	1.98776e+00	7.20255e+01	0.00000e+00
3.81648e+01	2.47366e+02	2.60547e+03	9.35089e+02	3.92660e+00	1.99205e+00	7.19624e+01	0.00000e+00
4.77060e+01	2.47413e+02	2.59836e+03	9.35808e+02	3.93208e+00	1.99629e+00	7.18967e+01	0.00000e+00
5.72472e+01	2.47461e+02	2.59126e+03	9.36476e+02	3.93748e+00	2.00047e+00	7.18281e+01	0.00000e+00
6.67884e+01	2.47512e+02	2.58418e+03	9.37085e+02	3.94278e+00	2.00460e+00	7.17566e+01	0.00000e+00
7.63297e+01	2.47565e+02	2.57711e+03	9.37626e+02	3.94801e+00	2.00868e+00	7.16821e+01	0.00000e+00
8.58709e+01	2.47620e+02	2.57006e+03	9.38092e+02	3.95317e+00	2.01272e+00	7.16044e+01	0.00000e+00
9.54121e+01	2.47678e+02	2.56302e+03	9.38473e+02	3.95825e+00	2.01672e+00	7.15234e+01	0.00000e+00
1.04953e+02	2.47738e+02	2.55600e+03	9.38759e+02	3.96327e+00	2.02068e+00	7.14389e+01	0.00000e+00
1.14494e+02	2.47801e+02	2.54900e+03	9.38942e+02	3.96824e+00	2.02460e+00	7.13509e+01	0.00000e+00
1.24036e+02	2.47867e+02	2.54200e+03	9.39010e+02	3.97315e+00	2.02849e+00	7.12591e+01	0.00000e+00
1.33577e+02	2.47936e+02	2.53502e+03	9.38955e+02	3.97800e+00	2.03235e+00	7.11635e+01	0.00000e+00
1.43118e+02	2.48008e+02	2.52805e+03	9.38770e+02	3.98281e+00	2.03618e+00	7.10637e+01	0.00000e+00
1.52659e+02	2.48083e+02	2.52109e+03	9.38446e+02	3.98757e+00	2.03997e+00	7.09598e+01	0.00000e+00
1.62201e+02	2.48161e+02	2.51414e+03	9.37982e+02	3.99228e+00	2.04374e+00	7.08515e+01	0.00000e+00
1.71742e+02	2.48243e+02	2.50720e+03	9.37375e+02	3.99696e+00	2.04749e+00	7.07386e+01	0.00000e+00
1.81283e+02	2.55000e+02	2.50027e+03	9.36632e+02	4.00348e+00	2.05217e+00	6.22258e+01	0.00000e+00
1.85325e+02	2.55040e+02	2.49773e+03	1.08198e+03	1.66401e+00	0.00000e+00	0.00000e+00	3.15153e-02
1.89366e+02	2.55081e+02	2.49519e+03	1.08343e+03	1.67134e+00	0.00000e+00	0.00000e+00	3.16649e-02
1.93408e+02	2.55124e+02	2.49266e+03	1.08487e+03	1.67864e+00	0.00000e+00	0.00000e+00	3.18182e-02
1.97449e+02	2.55168e+02	2.49014e+03	1.08629e+03	1.68591e+00	0.00000e+00	0.00000e+00	3.19749e-02
2.01491e+02	2.55213e+02	2.48762e+03	1.08770e+03	1.69315e+00	0.00000e+00	0.00000e+00	3.21352e-02
2.05532e+02	2.55261e+02	2.48510e+03	1.08910e+03	1.70035e+00	0.00000e+00	0.00000e+00	3.22989e-02
2.09574e+02	2.55309e+02	2.48259e+03	1.09048e+03	1.70751e+00	0.00000e+00	0.00000e+00	3.24658e-02
2.13616e+02	2.55359e+02	2.48008e+03	1.09185e+03	1.71463e+00	0.00000e+00	0.00000e+00	3.26360e-02
2.17657e+02	2.55410e+02	2.47758e+03	1.09320e+03	1.72171e+00	0.00000e+00	0.00000e+00	3.28094e-02
2.21699e+02	2.55462e+02	2.47508e+03	1.09455e+03	1.72875e+00	0.00000e+00	0.00000e+00	3.29857e-02
2.25740e+02	2.55516e+02	2.47258e+03	1.09588e+03	1.73576e+00	0.00000e+00	0.00000e+00	3.31651e-02
2.29782e+02	2.55571e+02	2.47009e+03	1.09720e+03	1.74272e+00	0.00000e+00	0.00000e+00	3.33472e-02
2.33824e+02	2.55627e+02	2.46760e+03	1.09851e+03	1.74964e+00	0.00000e+00	0.00000e+00	3.35321e-02
2.37865e+02	2.55684e+02	2.46512e+03	1.09981e+03	1.75653e+00	0.00000e+00	0.00000e+00	3.37197e-02
2.41907e+02	2.55742e+02	2.46264e+03	1.10110e+03	1.76338e+00	0.00000e+00	0.00000e+00	3.39098e-02
2.45948e+02	2.55801e+02	2.46016e+03	1.10237e+03	1.77019e+00	0.00000e+00	0.00000e+00	3.41025e-02
2.49990e+02	2.55862e+02	2.45769e+03	1.10364e+03	1.77696e+00	0.00000e+00	0.00000e+00	3.42974e-02
2.54032e+02	2.55923e+02	2.45523e+03	1.10489e+03	1.78370e+00	0.00000e+00	0.00000e+00	3.44947e-02
2.58073e+02	2.55986e+02	2.45276e+03	1.10613e+03	1.79039e+00	0.00000e+00	0.00000e+00	3.46942e-02
2.62115e+02	2.56050e+02	2.45030e+03	1.10737e+03	1.79703e+00	0.00000e+00	0.00000e+00	3.48958e-02
2.66156e+02	2.56114e+02	2.44785e+03	1.10859e+03	1.80364e+00	0.00000e+00	0.00000e+00	3.50994e-02
2.70198e+02	2.56180e+02	2.44540e+03	1.10981e+03	1.81020e+00	0.00000e+00	0.00000e+00	3.53049e-02
2.74240e+02	2.56246e+02	2.44295e+03	1.11101e+03	1.81672e+00	0.00000e+00	0.00000e+00	3.55123e-02
2.78281e+02	2.56313e+02	2.44050e+03	1.11221e+03	1.82320e+00	0.00000e+00	0.00000e+00	3.57215e-02
2.82323e+02	2.56382e+02	2.43806e+03	1.11339e+03	1.82963e+00	0.00000e+00	0.00000e+00	3.59325e-02
2.86364e+02	2.56451e+02	2.43563e+03	1.11457e+03	1.83603e+00	0.00000e+00	0.00000e+00	3.61451e-02
2.90406e+02	2.56520e+02	2.43320e+03	1.11574e+03	1.84239e+00	0.00000e+00	0.00000e+00	3.63592e-02
2.94448e+02	2.56591e+02	2.43077e+03	1.11690e+03	1.84872e+00	0.00000e+00	0.00000e+00	3.65749e-02
2.98489e+02	2.56663e+02	2.42834e+03	1.11805e+03	1.85500e+00	0.00000e+00	0.00000e+00	3.67921e-02
3.02531e+02	2.56735e+02	2.42592e+03	1.11919e+03	1.86126e+00	0.00000e+00	0.00000e+00	3.70107e-02
3.06572e+02	2.56808e+02	2.42350e+03	1.12033e+03	1.86747e+00	0.00000e+00	0.00000e+00	3.72307e-02
3.10614e+02	2.56882e+02	2.42109e+03	1.12146e+03	1.87365e+00	0.00000e+00	0.00000e+00	3.74520e-02
3.14656e+02	2.56957e+02	2.41867e+03	1.12257e+03	1.87979e+00	0.00000e+00	0.00000e+00	3.76745e-02
3.18697e+02	2.57032e+02	2.41627e+03	1.12368e+03	1.88589e+00	0.00000e+00	0.00000e+00	3.78982e-02
3.22739e+02	2.57108e+02	2.41386e+03	1.12479e+03	1.89196e+00	0.00000e+00	0.00000e+00	3.81229e-02
3.26780e+02	2.57185e+02	2.41146e+03	1.12588e+03	1.89799e+00	0.00000e+00	0.00000e+00	3.83488e-02
3.30822e+02	2.57262e+02	2.40906e+03	1.12697e+03	1.90399e+00	0.00000e+00	0.00000e+00	3.85756e-02
3.34863e+02	2.57340e+02	2.40667e+03	1.12805e+03	1.90995e+00	0.00000e+00	0.00000e+00	3.88034e-02
3.38905e+02	2.57419e+02	2.40428e+03	1.12912e+03	1.91589e+00	0.00000e+00	0.00000e+00	3.90320e-02
3.42947e+02	2.57499e+02	2.40189e+03	1.13019e+03	1.92180e+00	0.00000e+00	0.00000e+00	3.92616e-02
3.46988e+02	2.57579e+02	2.39951e+03	1.13125e+03	1.92767e+00	0.00000e+00	0.00000e+00	3.94919e-02
3.51030e+02	2.57660e+02	2.39713e+03	1.13230e+03	1.93352e+00	0.00000e+00	0.00000e+00	3.97229e-02
3.55071e+02	2.57741e+02	2.39475e+03	1.13335e+03	1.93933e+00	0.00000e+00	0.00000e+00	3.99546e-02
3.59113e+02	2.57824e+02	2.39238e+03	1.13438e+03	1.94510e+00	0.00000e+00	0.00000e+00	4.01870e-02
3.63155e+02	2.57907e+02	2.39001e+03	1.13542e+03	1.95084e+00	0.00000e+00	0.00000e+00	4.04199e-02
3.67196e+02	2.57990e+02	2.38764e+03	1.13644e+03	1.95655e+00	0.00000e+00	0.00000e+00	4.06533e-02
3.71238e+02	2.58074e+02	2.38528e+03	1.13746e+03	1.96222e+00	0.00000e+00	0.00000e+00	4.08871e-02
3.75279e+02	2.58084e+02	2.38311e+03	1.23785e+03	NaN	NaN	1.23988e+02	0.00000e+00
3.79321e+02	2.58392e+02	2.38094e+03	1.23850e+03	NaN	NaN	1.23988e+02	0.00000e+00
3.83363e+02	2.58688e+02	2.37877e+03	1.23913e+03	NaN	NaN	1.23988e+02	0.00000e+00
3.87404e+02	2.58983e+02	2.37660e+03	1.23977e+03	NaN	NaN	1.23988e+02	0.00000e+00
3.91446e+02	2.59278e+02	2.37444e+03	1.24040e+03	NaN	NaN	1.23988e+02	0.00000e+00
3.95487e+02	2.59572e+02	2.37228e+03	1.24102e+03	NaN	NaN	1.23988e+02	0.00000e+00
3.99529e+02	2.59867e+02	2.37012e+03	1.24165e+03	4.18234e+00	2.20853e+00	1.23988e+02	0.00000e+00
4.03571e+02	2.60162e+02	2.36796e+03	1.24226e+03	4.18346e+00	2.20862e+00	1.23988e+02	0.00000e+00
4.07612e+02	2.60449e+02	2.36580e+03	1.24288e+03	4.18458e+00	2.20870e+00	1.23988e+02	0.00000e+00
4.11654e+02	2.60732e+02	2.36365e+03	1.24349e+03	4.18571e+00	2.20879e+00	1.23988e+02	0.00000e+00
4.15695e+02	2.61015e+02	2.36150e+03	1.24409e+03	4.18684e+00	2.20888e+00	1.23988e+02	0.00000e+00
4.19737e+02	2.61298e+02	2.35934e+03	1.24470e+03	4.18797e+00	2.20897e+00	1.23988e+02	0.00000e+00
4.23779e+02	2.61580e+02	2.35719e+03	1.24530e+03	4.18911e+00	2.20907e+00	1.23988e+02	0.00000e+00
4.27820e+02	2.61863e+02	2.35505e+03	1.24589e+03	4.19025e+00	2.20917e+00	1.23988e+02	0.00000e+00
4.31862e+02	2.62142e+02	2.35290e+03	1.24648e+03	4.19140e+00	2.20927e+00	1.23988e+02	0.00000e+00
4.35903e+02	2.62413e+02	2.35076e+03	1.24707e+03	4.19255e+00	2.20937e+00	1.23988e+02	0.00000e+00
4.39945e+02	2.62684e+02	2.34861e+03	1.24765e+03	4.19370e+00	2.20948e+00	1.23988e+02	0.00000e+00
4.43987e+02	2.62955e+02	2.34647e+03	1.24823e+03	4.19486e+00	2.20959e+00	1.23988e+02	0.00000e+00
4.48028e+02	2.63227e+02	2.34433e+03	1.24880e+03	4.19602e+00	2.20970e+00	1.23988e+02	0.00000e+00
4.52070e+02	2.63498e+02	2.34220e+03	1.24937e+03	4.19719e+00	2.20982e+00	1.23988e+02	0.00000e+00
4.56111e+02	2.63768e+02	2.34006e+03	1.24994e+03	4.19836e+00	2.20993e+00	1.23988e+02	0.00000e+00
4.60153e+02	2.64028e+02	2.33793e+03	1.25050e+03	4.19953e+00	2.21005e+00	1.23988e+02	0.00000e+00
4.64194e+02	2.64289e+02	2.33579e+03	1.25106e+03	4.20071e+00	2.21018e+00	1.23988e+02	0.00000e+00
4.68236e+02	2.64549e+02	2.33366e+03	1.25161e+03	4.20189e+00	2.21030e+00	1.23988e+02	0.00000e+00
4.72278e+02	2.64809e+02	2.33153e+03	1.25216e+03	4.20308e+00	2.21043e+00	1.23988e+02	0.00000e+00
4.76319e+02	2.65069e+02	2.32941e+03	1.25271e+03	4.20427e+00	2.21056e+00	1.23988e+02	0.00000e+00
4.80361e+02	2.65330e+02	2.32728e+03	1.25325e+03	4.20546e+00	2.21070e+00	1.23988e+02	0.00000e+00
4.84402e+02	2.65581e+02	2.32516e+03	1.25379e+03	4.20666e+00	2.21083e+00	1.23988e+02	0.00000e+00
4.88444e+02	2.65831e+02	2.32304e+03	1.25432e+03	4.20787e+00	2.21097e+00	1.23988e+02	0.00000e+00
4.92486e+02	2.66081e+02	2.32091e+03	1.25485e+03	4.20907e+00	2.21111e+00	1.23988e+02	0.00000e+00
4.96527e+02	2.66331e+02	2.31880e+03	1.25538e+03	4.21028e+00	2.21126e+00	1.23988e+02	0.00000e+00
5.00569e+02	2.66581e+02	2.31668e+03	1.25590e+03	4.21150e+00	2.21140e+00	1.23988e+02	0.00000e+00
5.04610e+02	2.66830e+02	2.31456e+03	1.25642e+03	4.21272e+00	2.21155e+00	1.23988e+02	0.00000e+00
5.08652e+02	2.67074e+02	2.31245e+03	1.25693e+03	4.21394e+00	2.21171e+00	1.23988e+02	0.00000e+00
5.12694e+02	2.67314e+02	2.31034e+03	1.25744e+03	4.21517e+00	2.21186e+00	1.23988e+02	0.00000e+00
5.16735e+02	2.67554e+02	2.30823e+03	1.25794e+03	4.21640e+00	2.21202e+00	1.23988e+02	0.00000e+00
5.20777e+02	2.67794e+02	2.30612e+03	1.25845e+03	4.21763e+00	2.21218e+00	1.23988e+02	0.00000e+00
5.24818e+02	2.68034e+02	2.30401e+03	1.25894e+03	4.21887e+00	2.21235e+00	1.23988e+02	0.00000e+00
5.28860e+02	2.68274e+02	2.30190e+03	1.25944e+03	4.22012e+00	2.21251e+00	1.23988e+02	0.00000e+00
5.32902e+02	2.68510e+02	2.29980e+03	1.25992e+03	4.22136e+00	2.21268e+00	1.23988e+02	0.00000e+00
5.36943e+02	2.68741e+02	2.29769e+03	1.26041e+03	4.22262e+00	2.21285e+00	1.23988e+02	0.00000e+00
5.40985e+02	2.68971e+02	2.29559e+03	1.26089e+03	4.22387e+00	2.21303e+00	1.23988e+02	0.00000e+00
5.45026e+02	2.69201e+02	2.29349e+03	1.26137e+03	4.22513e+00	2.21320e+00	1.23988e+02	0.00000e+00
5.49068e+02	2.69432e+02	2.29140e+03	1.26184e+03	4.22640e+00	2.21338e+00	1.23988e+02	0.00000e+00
5.53110e+02	2.69662e+02	2.28930e+03	1.26231e+03	4.22766e+00	2.21357e+00	1.23988e+02	0.00000e+00
5.57151e+02	2.69892e+02	2.28720e+03	1.26278e+03	4.22894e+00	2.21375e+00	1.23988e+02	0.00000e+00
5.61193e+02	2.70113e+02	2.28511e+03	1.26324e+03	4.23021e+00	2.21394e+00	1.23988e+02	0.00000e+00
5.65234e+02	2.70334e+02	2.28302e+03	1.26369e+03	4.23149e+00	2.21413e+00	1.23988e+02	0.00000e+00
5.69276e+02	2.70555e+02	2.28093e+03	1.26415e+03	4.23278e+00	2.21432e+00	1.23988e+02	0.00000e+00
5.73317e+02	2.70776e+02	2.27884e+03	1.26460e+03	4.23407e+00	2.21452e+00	1.23988e+02	0.00000e+00
5.77359e+02	2.70998e+02	2.27675e+03	1.26504e+03	4.23536e+00	2.21472e+00	1.23988e+02	0.00000e+00
5.81401e+02	2.71219e+02	2.27467e+03	1.26548e+03	4.23666e+00	2.21492e+00	1.23988e+02	0.00000e+00
5.85442e+02	2.71433e+02	2.27258e+03	1.26592e+03	4.23796e+00	2.21512e+00	1.23988e+02	0.00000e+00
5.89484e+02	2.71646e+02	2.27050e+03	1.26636e+03	4.23926e+00	2.21533e+00	1.23988e+02	0.00000e+00
5.93525e+02	2.71858e+02	2.26842e+03	1.26679e+03	4.24057e+00	2.21554e+00	1.23988e+02	0.00000e+00
5.97567e+02	2.72071e+02	2.26634e+03	1.26721e+03	4.24188e+00	2.21575e+00	1.23988e+02	0.00000e+00
6.01609e+02	2.72283e+02	2.26426e+03	1.26764e+03	4.24320e+00	2.21596e+00	1.23988e+02	0.00000e+00
6.05650e+02	2.72495e+02	2.26218e+03	1.26805e+03	4.24452e+00	2.21618e+00	1.23988e+02	0.00000e+00
6.09692e+02	2.72704e+02	2.26011e+03	1.26847e+03	4.24585e+00	2.21640e+00	1.23988e+02	0.00000e+00
6.13733e+02	2.72908e+02	2.25804e+03	1.26888e+03	4.24718e+00	2.21662e+00	1.23988e+02	0.00000e+00
6.17775e+02	2.73112e+02	2.25596e+03	1.26929e+03	4.24851e+00	2.21684e+00	1.23988e+02	0.00000e+00
6.21817e+02	2.73316e+02	2.25389e+03	1.26969e+03	4.24984e+00	2.21707e+00	1.23988e+02	0.00000e+00
6.25858e+02	2.73520e+02	2.25182e+03	1.27009e+03	4.25119e+00	2.21730e+00	1.23988e+02	0.00000e+00
6.29900e+02	2.73724e+02	2.24976e+03	1.27049e+03	4.25253e+00	2.21753e+00	1.23988e+02	0.00000e+00
6.33941e+02	2.73939e+02	2.24769e+03	1.27088e+03	4.25388e+00	2.21777e+00	1.23988e+02	0.00000e+00
6.37983e+02	2.74185e+02	2.24562e+03	1.27126e+03	4.25523e+00	2.21800e+00	1.23988e+02	0.00000e+00
6.42025e+02	2.74431e+02	2.24356e+03	1.27165e+03	4.25659e+00	2.21824e+00	1.23988e+02	0.00000e+00
6.46066e+02	2.74676e+02	2.24150e+03	1.27202e+03	4.25795e+00	2.21849e+00	1.23988e+02	0.00000e+00
6.50108e+02	2.74922e+02	2.23954e+03	1.33439e+03	NaN	NaN	1.45624e+02	0.00000e+00
6.54149e+02	2.75168e+02	2.23757e+03	1.33443e+03	NaN	NaN	1.44903e+02	0.00000e+00
6.58191e+02	2.75414e+02	2.23561e+03	1.33446e+03	NaN	NaN	1.44186e+02	0.00000e+00
6.62233e+02	2.75729e+02	2.23365e+03	1.33450e+03	NaN	NaN	1.43273e+02	0.00000e+00
6.66274e+02	2.76045e+02	2.23168e+03	1.33453e+03	NaN	NaN	1.42367e+02	0.00000e+00
6.70316e+02	2.76361e+02	2.22972e+03	1.33456e+03	NaN	NaN	1.41468e+02	0.00000e+00
6.74357e+02	2.76677e+02	2.22776e+03	1.33459e+03	NaN	NaN	1.40576e+02	0.00000e+00
6.78399e+02	2.76993e+02	2.22580e+03	1.33463e+03	NaN	NaN	1.39693e+02	0.00000e+00
6.82441e+02	2.77309e+02	2.22384e+03	1.33466e+03	NaN	NaN	1.38817e+02	0.00000e+00
6.86482e+02	2.77617e+02	2.22189e+03	1.33469e+03	NaN	NaN	1.37973e+02	0.00000e+00
6.90524e+02	2.77920e+02	2.21993e+03	1.33473e+03	NaN	NaN	1.37145e+02	0.00000e+00
6.94565e+02	2.78224e+02	2.21797e+03	1.33476e+03	NaN	NaN	1.36324e+02	0.00000e+00
6.98607e+02	2.78528e+02	2.21601e+03	1.33479e+03	NaN	NaN	1.35509e+02	0.00000e+00
7.02648e+02	2.78832e+02	2.21406e+03	1.33483e+03	NaN	NaN	1.34702e+02	0.00000e+00
7.06690e+02	2.79135e+02	2.21210e+03	1.33486e+03	4.45831e+00	2.28166e+00	1.33900e+02	0.00000e+00
7.10732e+02	2.79434e+02	2.21015e+03	1.33489e+03	4.46071e+00	2.28340e+00	1.33119e+02	0.00000e+00
7.14773e+02	2.79726e+02	2.20820e+03	1.33493e+03	4.46310e+00	2.28514e+00	1.32360e+02	0.00000e+00
7.18815e+02	2.80018e+02	2.20625e+03	1.33496e+03	4.46549e+00	2.28689e+00	1.31607e+02	0.00000e+00
7.22856e+02	2.80311e+02	2.20429e+03	1.33499e+03	4.46789e+00	2.28863e+00	1.30860e+02	0.00000e+00
7.26898e+02	2.80603e+02	2.20234e+03	1.33503e+03	4.47028e+00	2.29037e+00	1.30119e+02	0.00000e+00
7.30940e+02	2.80895e+02	2.20039e+03	1.33506e+03	4.47267e+00	2.29211e+00	1.29383e+02	0.00000e+00
7.34981e+02	2.81186e+02	2.19844e+03	1.33510e+03	4.47506e+00	2.29385e+00	1.28658e+02	0.00000e+00
7.39023e+02	2.81467e+02	2.19649e+03	1.33513e+03	4.47745e+00	2.29559e+00	1.27960e+02	0.00000e+00
7.43064e+02	2.81749e+02	2.19455e+03	1.33516e+03	4.47984e+00	2.29732e+00	1.27267e+02	0.00000e+00
7.47106e+02	2.82031e+02	2.19260e+03	1.33520e+03	4.48223e+00	2.29905e+00	1.26579e+02	0.00000e+00
7.51148e+02	2.82313e+02	2.19065e+03	1.33523e+03	4.48462e+00	2.30079e+00	1.25896e+02	0.00000e+00
7.55189e+02	2.82594e+02	2.18871e+03	1.33527e+03	4.48700e+00	2.30252e+00	1.25218e+02	0.00000e+00
7.59231e+02	2.82876e+02	2.18676e+03	1.33530e+03	4.48938e+00	2.30425e+00	1.24545e+02	0.00000e+00
7.63272e+02	2.83149e+02	2.18482e+03	1.33534e+03	4.49176e+00	2.30598e+00	1.23898e+02	0.00000e+00
7.67314e+02	2.83421e+02	2.18288e+03	1.33537e+03	4.49414e+00	2.30770e+00	1.23258e+02	0.00000e+00
7.71356e+02	2.83693e+02	2.18093e+03	1.33541e+03	4.49652e+00	2.30943e+00	1.22622e+02	0.00000e+00
7.75397e+02	2.83965e+02	2.17899e+03	1.33544e+03	4.49890e+00	2.31115e+00	1.21991e+02	0.00000e+00
7.79439e+02	2.84237e+02	2.17705e+03	1.33548e+03	4.50127e+00	2.31287e+00	1.21364e+02	0.00000e+00
7.83480e+02	2.84509e+02	2.17511e+03	1.33551e+03	4.50364e+00	2.31459e+00	1.20741e+02	0.00000e+00
7.87522e+02	2.84775e+02	2.17317e+03	1.33555e+03	4.50602e+00	2.31631e+00	1.20137e+02	0.00000e+00
7.91564e+02	2.85038e+02	2.17123e+03	1.33558e+03	4.50839e+00	2.31803e+00	1.19543e+02	0.00000e+00
7.95605e+02	2.85301e+02	2.16930e+03	1.33562e+03	4.51075e+00	2.31975e+00	1.18954e+02	0.00000e+00
7.99647e+02	2.85564e+02	2.16736e+03	1.33565e+03	4.51312e+00	2.32146e+00	1.18368e+02	0.00000e+00
8.03688e+02	2.85827e+02	2.16542e+03	1.33569e+03	4.51549e+00	2.32318e+00	1.17787e+02	0.00000e+00
8.07730e+02	2.86090e+02	2.16349e+03	1.33572e+03	4.51785e+00	2.32489e+00	1.17209e+02	0.00000e+00
8.11772e+02	2.86349e+02	2.16156e+03	1.33576e+03	4.52021e+00	2.32660e+00	1.16643e+02	0.00000e+00
8.15813e+02	2.86604e+02	2.15962e+03	1.33580e+03	4.52258e+00	2.32831e+00	1.16091e+02	0.00000e+00
8.19855e+02	2.86859e+02	2.15769e+03	1.33583e+03	4.52494e+00	2.33002e+00	1.15542e+02	0.00000e+00
8.23896e+02	2.87113e+02	2.15576e+03	1.33587e+03	4.52729e+00	2.33173e+00	1.14997e+02	0.00000e+00
8.27938e+02	2.87368e+02	2.15383e+03	1.33590e+03	4.52965e+00	2.33343e+00	1.14456e+02	0.00000e+00
8.31979e+02	2.87623e+02	2.15190e+03	1.33594e+03	4.53201e+00	2.33514e+00	1.13918e+02	0.00000e+00
8.36021e+02	2.87876e+02	2.14997e+03	1.33598e+03	4.53436e+00	2.33684e+00	1.13386e+02	0.00000e+00
8.40063e+02	2.88123e+02	2.14804e+03	1.33601e+03	4.53671e+00	2.33854e+00	1.12871e+02	0.00000e+00
8.44104e+02	2.88370e+02	2.14611e+03	1.33605e+03	4.53907e+00	2.34024e+00	1.12359e+02	0.00000e+00
8.48146e+02	2.88617e+02	2.14419e+03	1.33608e+03	4.54142e+00	2.34194e+00	1.11851e+02	0.00000e+00
8.52187e+02	2.88864e+02	2.14226e+03	1.33612e+03	4.54376e+00	2.34364e+00	1.11345e+02	0.00000e+00
8.56229e+02	2.89111e+02	2.14034e+03	1.33616e+03	4.54611e+00	2.34533e+00	1.10843e+02	0.00000e+00
8.60271e+02	2.89358e+02	2.13841e+03	1.33619e+03	4.54846e+00	2.34703e+00	1.10344e+02	0.00000e+00
8.64312e+02	2.89599e+02	2.13649e+03	1.33623e+03	4.55080e+00	2.34872e+00	1.09861e+02	0.00000e+00
8.68354e+02	2.89839e+02	2.13457e+03	1.33627e+03	4.55314e+00	2.35041e+00	1.09382e+02	0.00000e+00
8.72395e+02	2.90078e+02	2.13264e+03	1.33630e+03	4.55548e+00	2.35210e+00	1.08906e+02	0.00000e+00
8.76437e+02	2.90318e+02	2.13072e+03	1.33634e+03	4.55782e+00	2.35379e+00	1.08432e+02	0.00000e+00
8.80479e+02	2.90558e+02	2.12880e+03	1.33638e+03	4.56016e+00	2.35548e+00	1.07962e+02	0.00000e+00
8.84520e+02	2.90798e+02	2.12689e+03	1.33641e+03	4.56250e+00	2.35717e+00	1.07494e+02	0.00000e+00
8.88562e+02	2.91034e+02	2.12497e+03	1.33645e+03	4.56484e+00	2.35885e+00	1.07037e+02	0.00000e+00
8.92603e+02	2.91267e+02	2.12305e+03	1.33649e+03	4.56717e+00	2.36053e+00	1.06588e+02	0.00000e+00
8.96645e+02	2.91501e+02	2.12114e+03	1.33652e+03	4.56950e+00	2.36222e+00	1.06141e+02	0.00000e+00
9.00687e+02	2.91734e+02	2.11922e+03	1.33656e+03	4.57183e+00	2.36390e+00	1.05697e+02	0.00000e+00
9.04728e+02	2.91967e+02	2.11731e+03	1.33660e+03	4.57416e+00	2.36558e+00	1.05255e+02	0.00000e+00
9.08770e+02	2.92201e+02	2.11539e+03	1.33664e+03	4.57649e+00	2.36726e+00	1.04816e+02	0.00000e+00
9.12811e+02	2.92432e+02	2.11348e+03	1.33667e+03	4.57882e+00	2.36893e+00	1.04383e+02	0.00000e+00
9.16853e+02	2.92659e+02	2.11157e+03	1.33671e+03	4.58115e+00	2.37061e+00	1.03960e+02	0.00000e+00
9.20895e+02	2.92887e+02	2.10966e+03	1.33675e+03	4.58347e+00	2.37228e+00	1.03539e+02	0.00000e+00
9.24936e+02	2.93114e+02	2.10775e+03	1.33678e+03	4.58579e+00	2.37396e+00	1.03120e+02	0.00000e+00
9.28978e+02	2.93341e+02	2.10584e+03	1.33682e+03	4.58812e+00	2.37563e+00	1.02704e+02	0.00000e+00
9.33019e+02	2.93569e+02	2.10393e+03	1.33686e+03	4.59044e+00	2.37730e+00	1.02291e+02	0.00000e+00
9.37061e+02	2.93796e+02	2.10203e+03	1.33690e+03	4.59275e+00	2.37897e+00	1.01880e+02	0.00000e+00
9.41103e+02	2.94018e+02	2.10012e+03	1.33693e+03	4.59507e+00	2.38064e+00	1.01481e+02	0.00000e+00
9.45144e+02	2.94240e+02	2.09822e+03	1.33697e+03	4.59739e+00	2.38230e+00	1.01084e+02	0.00000e+00
9.49186e+02	2.94461e+02	2.09631e+03	1.33701e+03	4.59970e+00	2.38397e+00	1.00689e+02	0.00000e+00
9.53227e+02	2.94683e+02	2.09441e+03	1.33705e+03	4.60202e+00	2.38563e+00	1.00296e+02	0.00000e+00
9.57269e+02	2.94905e+02	2.09251e+03	1.33708e+03	4.60433e+00	2.38730e+00	9.99049e+01	0.00000e+00
9.61310e+02	2.95127e+02	2.09061e+03	1.33712e+03	4.60664e+00	2.38896e+00	9.95162e+01	0.00000e+00
9.65352e+02	2.95345e+02	2.08871e+03	1.33716e+03	4.60895e+00	2.39062e+00	9.91368e+01	0.00000e+00
9.69394e+02	2.95562e+02	2.08681e+03	1.33720e+03	4.61126e+00	2.39228e+00	9.87609e+01	0.00000e+00
9.73435e+02	2.95779e+02	2.08491e+03	1.33724e+03	4.61357e+00	2.39393e+00	9.83870e+01	0.00000e+00
9.77477e+02	2.95996e+02	2.08301e+03	1.33727e+03	4.61587e+00	2.39559e+00	9.80151e+01	0.00000e+00
9.81518e+02	2.96213e+02	2.08112e+03	1.33731e+03	4.61817e+00	2.39725e+00	9.76451e+01	0.00000e+00
9.85560e+02	2.96430e+02	2.07922e+03	1.33735e+03	4.62048e+00	2.39890e+00	9.72770e+01	0.00000e+00
9.89602e+02	2.96644e+02	2.07733e+03	1.33739e+03	4.62278e+00	2.40055e+00	9.69151e+01	0.00000e+00
9.93643e+02	2.96856e+02	2.07543e+03	1.33742e+03	4.62508e+00	2.40220e+00	9.65585e+01	0.00000e+00
9.97685e+02	2.97069e+02	2.07354e+03	1.33746e+03	4.62738e+00	2.40385e+00	9.62037e+01	0.00000e+00
1.00173e+03	2.97281e+02	2.07165e+03	1.33750e+03	4.62968e+00	2.40550e+00	9.58507e+01	0.00000e+00
1.00577e+03	2.97493e+02	2.06976e+03	1.33754e+03	4.63197e+00	2.40715e+00	9.54995e+01	0.00000e+00
1.00981e+03	2.97706e+02	2.06787e+03	1.33758e+03	4.63427e+00	2.40880e+00	9.51500e+01	0.00000e+00
1.01385e+03	2.97917e+02	2.06598e+03	1.33761e+03	4.63656e+00	2.41044e+00	9.48044e+01	0.00000e+00
1.01789e+03	2.98125e+02	2.06409e+03	1.33765e+03	4.63885e+00	2.41209e+00	9.44652e+01	0.00000e+00
1.02193e+03	2.98333e+02	2.06221e+03	1.33769e+03	4.64114e+00	2.41373e+00	9.41277e+01	0.00000e+00
1.02598e+03	2.98541e+02	2.06032e+03	1.33773e+03	4.64343e+00	2.41537e+00	9.37919e+01	0.00000e+00
1.03002e+03	2.98750e+02	2.05844e+03	1.33777e+03	4.64572e+00	2.41701e+00	9.34577e+01	0.00000e+00
1.03406e+03	2.98958e+02	2.05656e+03	1.33781e+03	4.64801e+00	2.41865e+00	9.31252e+01	0.00000e+00
1.03810e+03	2.99166e+02	2.05467e+03	1.33784e+03	4.65030e+00	2.42029e+00	9.27945e+01	0.00000e+00
1.04214e+03	2.99371e+02	2.05279e+03	1.33788e+03	4.65258e+00	2.42192e+00	9.24712e+01	0.00000e+00
1.04618e+03	2.99575e+02	2.05091e+03	1.33792e+03	4.65486e+00	2.42356e+00	9.21494e+01	0.00000e+00
1.05023e+03	2.99780e+02	2.04903e+03	1.33796e+03	4.65714e+00	2.42519e+00	9.18291e+01	0.00000e+00
1.05427e+03	2.99984e+02	2.04715e+03	1.33800e+03	4.65943e+00	2.42683e+00	9.15105e+01	0.00000e+00
1.05831e+03	3.00188e+02	2.04528e+03	1.33804e+03	4.66171e+00	2.42846e+00	9.11933e+01	0.00000e+00
1.06235e+03	3.00393e+02	2.04340e+03	1.33807e+03	4.66398e+00	2.43009e+00	9.08777e+01	0.00000e+00
1.06639e+03	3.00595e+02	2.04153e+03	1.33811e+03	4.66626e+00	2.43172e+00	9.05675e+01	0.00000e+00
1.07043e+03	3.00796e+02	2.03965e+03	1.33815e+03	4.66854e+00	2.43335e+00	9.02601e+01	0.00000e+00
1.07448e+03	3.00997e+02	2.03778e+03	1.33819e+03	4.67081e+00	2.43497e+00	8.99540e+01	0.00000e+00
1.07852e+03	3.01198e+02	2.03591e+03	1.33823e+03	4.67308e+00	2.43660e+00	8.96494e+01	0.00000e+00
1.08256e+03	3.01399e+02	2.03404e+03	1.33827e+03	4.67535e+00	2.43823e+00	8.93463e+01	0.00000e+00
1.08660e+03	3.01601e+02	2.03217e+03	1.33830e+03	4.67763e+00	2.43985e+00	8.90445e+01	0.00000e+00
1.09064e+03	3.01800e+02	2.03030e+03	1.33834e+03	4.67989e+00	2.44147e+00	8.87465e+01	0.00000e+00
1.09468e+03	3.01998e+02	2.02843e+03	1.33838e+03	4.68216e+00	2.44309e+00	8.84520e+01	0.00000e+00
1.09872e+03	3.02197e+02	2.02656e+03	1.33842e+03	4.68443e+00	2.44471e+00	8.81589e+01	0.00000e+00
1.10277e+03	3.02395e+02	2.02470e+03	1.33846e+03	4.68669e+00	2.44633e+00	8.78671e+01	0.00000e+00
1.10681e+03	3.02593e+02	2.02284e+03	1.33850e+03	4.68896e+00	2.44795e+00	8.75767e+01	0.00000e+00
1.11085e+03	3.02791e+02	2.02097e+03	1.33853e+03	4.69122e+00	2.44956e+00	8.72876e+01	0.00000e+00
1.11489e+03	3.02989e+02	2.01911e+03	1.33857e+03	4.69348e+00	2.45118e+00	8.70008e+01	0.00000e+00
1.11893e+03	3.03184e+02	2.01725e+03	1.33861e+03	4.69574e+00	2.45279e+00	8.67182e+01	0.00000e+00
1.12297e+03	3.03380e+02	2.01539e+03	1.33865e+03	4.69800e+00	2.45441e+00	8.64369e+01	0.00000e+00
1.12702e+03	3.03575e+02	2.01353e+03	1.33869e+03	4.70026e+00	2.45602e+00	8.61568e+01	0.00000e+00
1.13106e+03	3.03770e+02	2.01167e+03	1.33873e+03	4.70252e+00	2.45763e+00	8.58781e+01	0.00000e+00
1.13510e+03	3.03966e+02	2.00982e+03	1.33877e+03	4.70477e+00	2.45924e+00	8.56005e+01	0.00000e+00
1.13914e+03	3.04161e+02	2.00796e+03	1.33880e+03	4.70703e+00	2.46085e+00	8.53243e+01	0.00000e+00
1.14318e+03	3.04355e+02	2.00611e+03	1.33884e+03	4.70928e+00	2.46245e+00	8.50524e+01	0.00000e+00
1.14722e+03	3.04548e+02	2.00425e+03	1.33888e+03	4.71153e+00	2.46406e+00	8.47819e+01	0.00000e+00
1.15127e+03	3.04741e+02	2.00240e+03	1.33892e+03	4.71378e+00	2.46566e+00	8.45126e+01	0.00000e+00
1.15531e+03	3.04934e+02	2.00055e+03	1.33896e+03	4.71603e+00	2.46727e+00	8.42444e+01	0.00000e+00
1.15935e+03	3.05127e+02	1.99870e+03	1.33900e+03	4.71828e+00	2.46887e+00	8.39775e+01	0.00000e+00
1.16339e+03	3.05321e+02	1.99685e+03	1.33904e+03	4.72053e+00	2.47047e+00	8.37117e+01	0.00000e+00
1.16743e+03	3.05512e+02	1.99500e+03	1.33908e+03	4.72277e+00	2.47207e+00	8.34491e+01	0.00000e+00
1.17147e+03	3.05703e+02	1.99315e+03	1.33911e+03	4.72502e+00	2.47367e+00	8.31884e+01	0.00000e+00
1.17551e+03	3.05894e+02	1.99131e+03	1.33915e+03	4.72726e+00	2.47527e+00	8.29289e+01	0.00000e+00
1.17956e+03	3.06086e+02	1.98946e+03	1.33919e+03	4.72950e+00	2.47687e+00	8.26705e+01	0.00000e+00
1.18360e+03	3.06277e+02	1.98762e+03	1.33923e+03	4.73174e+00	2.47846e+00	8.24132e+01	0.00000e+00
1.18764e+03	3.06468e+02	1.98578e+03	1.33927e+03	4.73398e+00	2.48006e+00	8.21570e+01	0.00000e+00
1.19168e+03	3.06658e+02	1.98394e+03	1.33931e+03	4.73622e+00	2.48165e+00	8.19030e+01	0.00000e+00
1.19572e+03	3.06848e+02	1.98210e+03	1.33935e+03	4.73846e+00	2.48324e+00	8.16514e+01	0.00000e+00
1.19976e+03	3.07037e+02	1.98026e+03	1.33938e+03	4.74070e+00	2.48483e+00	8.14008e+01	0.00000e+00
1.20381e+03	3.07226e+02	1.97842e+03	1.33942e+03	4.74293e+00	2.48642e+00	8.11514e+01	0.00000e+00
1.20785e+03	3.07416e+02	1.97659e+03	1.33946e+03	4.74516e+00	2.48801e+00	8.09030e+01	0.00000e+00
1.21189e+03	3.07605e+02	1.97475e+03	1.33950e+03	4.74740e+00	2.48960e+00	8.06556e+01	0.00000e+00
1.21593e+03	3.07794e+02	1.97292e+03	1.33954e+03	4.74963e+00	2.49119e+00	8.04097e+01	0.00000e+00
1.21997e+03	3.07982e+02	1.97108e+03	1.33958e+03	4.75186e+00	2.49277e+00	8.01664e+01	0.00000e+00
1.22401e+03	3.08170e+02	1.96925e+03	1.33962e+03	4.75409e+00	2.49436e+00	7.99241e+01	0.00000e+00
1.22806e+03	3.08358e+02	1.96742e+03	1.33966e+03	4.75632e+00	2.49594e+00	7.96828e+01	0.00000e+00
1.23210e+03	3.08546e+02	1.96559e+03	1.33969e+03	4.75854e+00	2.49752e+00	7.94425e+01	0.00000e+00
1.23614e+03	3.08734e+02	1.96376e+03	1.33973e+03	4.76077e+00	2.49911e+00	7.92033e+01	0.00000e+00
1.24018e+03	3.08922e+02	1.96194e+03	1.33977e+03	4.76299e+00	2.50069e+00	7.89650e+01	0.00000e+00
1.24422e+03	3.09109e+02	1.96011e+03	1.33981e+03	4.76522e+00	2.50227e+00	7.87292e+01	0.00000e+00
1.24826e+03	3.09295e+02	1.95829e+03	1.33985e+03	4.76744e+00	2.50384e+00	7.84945e+01	0.00000e+00
1.25231e+03	3.09482e+02	1.95646e+03	1.33989e+03	4.76966e+00	2.50542e+00	7.82607e+01	0.00000e+00
1.25635e+03	3.09669e+02	1.95464e+03	1.33993e+03	4.77188e+00	2.50700e+00	7.80280e+01	0.00000e+00
1.26039e+03	3.09856e+02	1.95282e+03	1.33996e+03	4.77410e+00	2.50857e+00	7.77962e+01	0.00000e+00
1.26443e+03	3.10042e+02	1.95100e+03	1.34000e+03	4.77631e+00	2.51015e+00	7.75653e+01	0.00000e+00
1.26847e+03	3.10228e+02	1.94918e+03	1.34004e+03	4.77853e+00	2.51172e+00	7.73362e+01	0.00000e+00
1.27251e+03	3.10414e+02	1.94736e+03	1.34008e+03	4.78075e+00	2.51329e+00	7.71085e+01	0.00000e+00
1.27655e+03	3.10600e+02	1.94555e+03	1.34012e+03	4.78296e+00	2.51486e+00	7.68817e+01	0.00000e+00
1.28060e+03	3.10786e+02	1.94373e+03	1.34016e+03	4.78517e+00	2.51643e+00	7.66558e+01	0.00000e+00
1.28464e+03	3.10972e+02	1.94192e+03	1.34020e+03	4.78738e+00	2.51800e+00	7.64309e+01	0.00000e+00
1.28868e+03	3.11157e+02	1.94011e+03	1.34023e+03	4.78960e+00	2.51957e+00	7.62069e+01	0.00000e+00
1.29272e+03	3.11343e+02	1.93829e+03	1.34027e+03	4.79180e+00	2.52113e+00	7.59841e+01	0.00000e+00
1.29676e+03	3.11528e+02	1.93648e+03	1.34031e+03	4.79401e+00	2.52270e+00	7.57628e+01	0.00000e+00
1.30080e+03	3.11713e+02	1.93468e+03	1.34035e+03	4.79622e+00	2.52426e+00	7.55424e+01	0.00000e+00
1.30485e+03	3.11898e+02	1.93287e+03	1.34039e+03	4.79843e+00	2.52583e+00	7.53229e+01	0.00000e+00
1.30889e+03	3.12083e+02	1.93106e+03	1.34043e+03	4.80063e+00	2.52739e+00	7.51043e+01	0.00000e+00
1.31293e+03	3.12268e+02	1.92926e+03	1.34047e+03	4.80283e+00	2.52895e+00	7.48865e+01	0.00000e+00
1.31697e+03	3.12453e+02	1.92745e+03	1.34050e+03	4.80504e+00	2.53051e+00	7.46698e+01	0.00000e+00
1.32101e+03	3.12638e+02	1.92565e+03	1.34054e+03	4.80724e+00	2.53207e+00	7.44544e+01	0.00000e+00
1.32505e+03	3.12822e+02	1.92385e+03	1.34058e+03	4.80944e+00	2.53363e+00	7.42399e+01	0.00000e+00
1.32910e+03	3.13007e+02	1.92205e+03	1.34062e+03	4.81164e+00	2.53518e+00	7.40262e+01	0.00000e+00
1.33314e+03	3.13191e+02	1.92025e+03	1.34066e+03	4.81384e+00	2.53674e+00	7.38135e+01	0.00000e+00
1.33718e+03	3.13376e+02	1.91845e+03	1.34070e+03	4.81603e+00	2.53829e+00	7.36016e+01	0.00000e+00
1.34122e+03	3.13561e+02	1.91665e+03	1.34073e+03	4.81823e+00	2.53985e+00	7.33905e+01	0.00000e+00
1.34526e+03	3.13745e+02	1.91486e+03	1.34077e+03	4.82042e+00	2.54140e+00	7.31806e+01	0.00000e+00
1.34930e+03	3.13929e+02	1.91306e+03	1.34081e+03	4.82262e+00	2.54295e+00	7.29715e+01	0.00000e+00
1.35335e+03	3.14114e+02	1.91127e+03	1.34085e+03	4.82481e+00	2.54450e+00	7.27633e+01	0.00000e+00
1.35739e+03	3.14298e+02	1.90948e+03	1.34089e+03	4.82700e+00	2.54605e+00	7.25559e+01	0.00000e+00
1.36143e+03	3.14482e+02	1.90769e+03	1.34093e+03	4.82919e+00	2.54760e+00	7.23494e+01	0.00000e+00
1.36547e+03	3.14666e+02	1.90590e+03	1.34096e+03	4.83138e+00	2.54915e+00	7.21437e+01	0.00000e+00
1.36951e+03	3.14851e+02	1.90411e+03	1.34100e+03	4.83357e+00	2.55070e+00	7.19388e+01	0.00000e+00
1.37355e+03	3.15035e+02	1.90233e+03	1.34104e+03	4.83576e+00	2.55224e+00	7.17348e+01	0.00000e+00
1.37759e+03	3.15219e+02	1.90054e+03	1.34108e+03	4.83794e+00	2.55379e+00	7.15317e+01	0.00000e+00
1.38164e+03	3.15403e+02	1.89876e+03	1.34112e+03	4.84013e+00	2.55533e+00	7.13293e+01	0.00000e+00
1.38568e+03	3.15588e+02	1.89698e+03	1.34116e+03	4.84231e+00	2.55687e+00	7.11277e+01	0.00000e+00
1.38972e+03	3.15772e+02	1.89519e+03	1.34119e+03	4.84449e+00	2.55841e+00	7.09270e+01	0.00000e+00
1.39376e+03	3.15956e+02	1.89341e+03	1.34123e+03	4.84668e+00	2.55995e+00	7.07270e+01	0.00000e+00
1.39780e+03	3.16141e+02	1.89163e+03	1.34127e+03	4.84886e+00	2.56149e+00	7.05277e+01	0.00000e+00
1.40184e+03	3.16325e+02	1.88986e+03	1.34131e+03	4.85104e+00	2.56303e+00	7.03292e+01	0.00000e+00
1.40589e+03	3.16509e+02	1.88808e+03	1.34135e+03	4.85321e+00	2.56457e+00	7.01314e+01	0.00000e+00
1.40993e+03	3.16694e+02	1.88631e+03	1.34138e+03	4.85539e+00	2.56611e+00	6.99345e+01	0.00000e+00
1.41397e+03	3.16878e+02	1.88453e+03	1.34142e+03	4.85757e+00	2.56764e+00	6.97383e+01	0.00000e+00
1.41801e+03	3.17062e+02	1.88276e+03	1.34146e+03	4.85974e+00	2.56918e+00	6.95429e+01	0.00000e+00
1.42205e+03	3.17247e+02	1.88099e+03	1.34150e+03	4.86192e+00	2.57071e+00	6.93480e+01	0.00000e+00
1.42609e+03	3.17432e+02	1.87922e+03	1.34154e+03	4.86409e+00	2.57224e+00	6.91538e+01	0.00000e+00
1.43014e+03	3.17617e+02	1.87745e+03	1.34157e+03	4.86626e+00	2.57378e+00	6.89604e+01	0.00000e+00
1.43418e+03	3.17801e+02	1.87568e+03	1.34161e+03	4.86843e+00	2.57531e+00	6.87677e+01	0.00000e+00
1.43822e+03	3.17986e+02	1.87392e+03	1.34165e+03	4.87060e+00	2.57684e+00	6.85759e+01	0.00000e+00
1.44226e+03	3.18171e+02	1.87215e+03	1.34169e+03	4.87277e+00	2.57837e+00	6.83847e+01	0.00000e+00
1.44630e+03	3.18356e+02	1.87039e+03	1.34173e+03	4.87494e+00	2.57989e+00	6.81939e+01	0.00000e+00
1.45034e+03	3.18541e+02	1.86863e+03	1.34176e+03	4.87711e+00	2.58142e+00	6.80038e+01	0.00000e+00
1.45438e+03	3.18726e+02	1.86687e+03	1.34180e+03	4.87927e+00	2.58295e+00	6.78144e+01	0.00000e+00
1.45843e+03	3.18911e+02	1.86511e+03	1.34184e+03	4.88144e+00	2.58447e+00	6.76257e+01	0.00000e+00
1.46247e+03	3.19097e+02	1.86335e+03	1.34188e+03	4.88360e+00	2.58599e+00	6.74378e+01	0.00000e+00
1.46651e+03	3.19282e+02	1.86160e+03	1.34191e+03	4.88576e+00	2.58752e+00	6.72507e+01	0.00000e+00
1.47055e+03	3.19467e+02	1.85984e+03	1.34195e+03	4.88792e+00	2.58904e+00	6.70638e+01	0.00000e+00
1.47459e+03	3.19653e+02	1.85809e+03	1.34199e+03	4.89008e+00	2.59056e+00	6.68775e+01	0.00000e+00
1.47863e+03	3.19839e+02	1.85634e+03	1.34203e+03	4.89224e+00	2.59208e+00	6.66918e+01	0.00000e+00
1.48268e+03	3.20025e+02	1.85458e+03	1.34206e+03	4.89440e+00	2.59360e+00	6.65069e+01	0.00000e+00
1.48672e+03	3.20211e+02	1.85283e+03	1.34210e+03	4.89656e+00	2.59512e+00	6.63227e+01	0.00000e+00
1.49076e+03	3.20397e+02	1.85109e+03	1.34214e+03	4.89872e+00	2.59664e+00	6.61392e+01	0.00000e+00
1.49480e+03	3.20583e+02	1.84934e+03	1.34218e+03	4.90087e+00	2.59815e+00	6.59562e+01	0.00000e+00
1.49884e+03	3.20770e+02	1.84759e+03	1.34221e+03	4.90302e+00	2.59967e+00	6.57733e+01	0.00000e+00
1.50288e+03	3.20957e+02	1.84585e+03	1.34225e+03	4.90518e+00	2.60118e+00	6.55912e+01	0.00000e+00
1.50693e+03	3.21143e+02	1.84411e+03	1.34229e+03	4.90733e+00	2.60270e+00	6.54097e+01	0.00000e+00
1.51097e+03	3.21330e+02	1.84237e+03	1.34233e+03	4.90948e+00	2.60421e+00	6.52290e+01	0.00000e+00
1.51501e+03	3.21517e+02	1.84062e+03	1.34236e+03	4.91163e+00	2.60572e+00	6.50490e+01	0.00000e+00
1.51905e+03	3.21704e+02	1.83889e+03	1.34240e+03	4.91378e+00	2.60723e+00	6.48696e+01	0.00000e+00
1.52309e+03	3.21892e+02	1.83715e+03	1.34244e+03	4.91593e+00	2.60874e+00	6.46901e+01	0.00000e+00
1.52713e+03	3.22079e+02	1.83541e+03	1.34248e+03	4.91807e+00	2.61025e+00	6.45112e+01	0.00000e+00
1.53118e+03	3.22267e+02	1.83368e+03	1.34251e+03	4.92022e+00	2.61176e+00	6.43330e+01	0.00000e+00
1.53522e+03	3.22455e+02	1.83194e+03	1.34255e+03	4.92237e+00	2.61326e+00	6.41555e+01	0.00000e+00
1.53926e+03	3.22643e+02	1.83021e+03	1.34259e+03	4.92451e+00	2.61477e+00	6.39787e+01	0.00000e+00
1.54330e+03	3.22830e+02	1.82848e+03	1.34262e+03	4.92665e+00	2.61627e+00	6.38026e+01	0.00000e+00
1.54734e+03	3.23019e+02	1.82675e+03	1.34266e+03	4.92879e+00	2.61778e+00	6.36264e+01	0.00000e+00
1.55138e+03	3.23208e+02	1.82503e+03	1.34270e+03	4.93094e+00	2.61928e+00	6.34505e+01	0.00000e+00
1.55542e+03	3.23397e+02	1.82330e+03	1.34274e+03	4.93308e+00	2.62078e+00	6.32754e+01	0.00000e+00
1.55947e+03	3.23586e+02	1.82157e+03	1.34277e+03	4.93521e+00	2.62228e+00	6.31010e+01	0.00000e+00
1.56351e+03	3.23775e+02	1.81985e+03	1.34281e+03	4.93735e+00	2.62379e+00	6.29272e+01	0.00000e+00
1.56755e+03	3.23964e+02	1.81813e+03	1.34285e+03	4.93949e+00	2.62528e+00	6.27541e+01	0.00000e+00
1.57159e+03	3.24154e+02	1.81641e+03	1.34288e+03	4.94163e+00	2.62678e+00	6.25811e+01	0.00000e+00
1.57563e+03	3.24344e+02	1.81469e+03	1.34292e+03	4.94376e+00	2.62828e+00	6.24082e+01	0.00000e+00
1.57967e+03	3.24534e+02	1.81297e+03	1.34296e+03	4.94589e+00	2.62978e+00	6.22359e+01	0.00000e+00
1.58372e+03	3.24725e+02	1.81125e+03	1.34299e+03	4.94803e+00	2.63127e+00	6.20643e+01	0.00000e+00
1.58776e+03	3.24915e+02	1.80954e+03	1.34303e+03	4.95016e+00	2.63277e+00	6.18934e+01	0.00000e+00
1.59180e+03	3.25105e+02	1.80782e+03	1.34307e+03	4.95229e+00	2.63426e+00	6.17232e+01	0.00000e+00
1.59584e+03	3.25296e+02	1.80611e+03	1.34310e+03	4.95442e+00	2.63576e+00	6.15533e+01	0.00000e+00
1.59988e+03	3.25488e+02	1.80440e+03	1.34314e+03	4.95655e+00	2.63725e+00	6.13831e+01	0.00000e+00
1.60392e+03	3.25679e+02	1.80269e+03	1.34318e+03	4.95868e+00	2.63874e+00	6.12135e+01	0.00000e+00
1.60797e+03	3.25871e+02	1.80098e+03	1.34321e+03	4.96080e+00	2.64023e+00	6.10446e+01	0.00000e+00
1.61201e+03	3.26063e+02	1.79928e+03	1.34325e+03	4.96293e+00	2.64172e+00	6.08764e+01	0.00000e+00
1.61605e+03	3.26255e+02	1.79757e+03	1.34329e+03	4.96505e+00	2.64321e+00	6.07088e+01	0.00000e+00
1.62009e+03	3.26447e+02	1.79587e+03	1.34332e+03	4.96718e+00	2.64470e+00	6.05419e+01	0.00000e+00
1.62413e+03	3.26640e+02	1.79416e+03	1.34336e+03	4.96930e+00	2.64618e+00	6.03743e+01	0.00000e+00
1.62817e+03	3.26833e+02	1.79246e+03	1.34340e+03	4.97142e+00	2.64767e+00	6.02073e+01	0.00000e+00
1.63221e+03	3.27027e+02	1.79076e+03	1.34343e+03	4.97355e+00	2.64915e+00	6.00409e+01	0.00000e+00
1.63626e+03	3.27220e+02	1.78907e+03	1.34347e+03	4.97567e+00	2.65064e+00	5.98753e+01	0.00000e+00
1.64030e+03	3.27414e+02	1.78737e+03	1.34350e+03	4.97778e+00	2.65212e+00	5.97102e+01	0.00000e+00
1.64434e+03	3.27607e+02	1.78567e+03	1.34354e+03	4.97990e+00	2.65360e+00	5.95458e+01	0.00000e+00
1.64838e+03	3.27802e+02	1.78398e+03	1.34358e+03	4.98202e+00	2.65509e+00	5.93810e+01	0.00000e+00
1.65242e+03	3.27997e+02	1.78229e+03	1.34361e+03	4.98414e+00	2.65657e+00	5.92164e+01	0.00000e+00
1.65646e+03	3.28192e+02	1.78060e+03	1.34365e+03	4.98625e+00	2.65805e+00	5.90525e+01	0.00000e+00
1.66051e+03	3.28387e+02	1.77891e+03	1.34369e+03	4.98837e+00	2.65953e+00	5.88892e+01	0.00000e+00
1.66455e+03	3.28583e+02	1.77722e+03	1.34372e+03	4.99048e+00	2.66100e+00	5.87265e+01	0.00000e+00
1.66859e+03	3.28778e+02	1.77553e+03	1.34376e+03	4.99259e+00	2.66248e+00	5.85645e+01	0.00000e+00
1.67263e+03	3.28974e+02	1.77385e+03	1.34379e+03	4.99470e+00	2.66396e+00	5.84024e+01	0.00000e+00
1.67667e+03	3.29171e+02	1.77216e+03	1.34383e+03	4.99681e+00	2.66543e+00	5.82401e+01	0.00000e+00
1.68071e+03	3.29368e+02	1.77048e+03	1.34386e+03	4.99892e+00	2.66691e+00	5.80784e+01	0.00000e+00
1.68476e+03	3.29565e+02	1.76880e+03	1.34390e+03	5.00103e+00	2.66838e+00	5.79174e+01	0.00000e+00
1.68880e+03	3.29763e+02	1.76712e+03	1.34394e+03	5.00314e+00	2.66985e+00	5.77570e+01	0.00000e+00
1.69284e+03	3.29960e+02	1.76544e+03	1.34397e+03	5.00525e+00	2.67133e+00	5.75973e+01	0.00000e+00
1.69688e+03	3.30157e+02	1.76377e+03	1.34401e+03	5.00735e+00	2.67280e+00	5.74379e+01	0.00000e+00
1.70092e+03	3.30356e+02	1.76209e+03	1.34404e+03	5.00946e+00	2.67427e+00	5.72777e+01	0.00000e+00
1.70496e+03	3.30556e+02	1.76042e+03	1.34408e+03	5.01156e+00	2.67574e+00	5.71182e+01	0.00000e+00
1.70901e+03	3.30755e+02	1.75875e+03	1.34411e+03	5.01366e+00	2.67721e+00	5.69593e+01	0.00000e+00
1.71305e+03	3.30954e+02	1.75708e+03	1.34415e+03	5.01577e+00	2.67867e+00	5.68011e+01	0.00000e+00
1.71709e+03	3.31153e+02	1.75541e+03	3.54959e+03	4.61566e+00	2.61122e+00	2.46695e+12	0.00000e+00
1.81038e+03	3.43475e+02	1.74083e+03	3.54959e+03	4.64385e+00	2.63219e+00	1.04659e+12	0.00000e+00
1.90297e+03	3.55697e+02	1.72625e+03	3.56702e+03	4.69464e+00	2.67152e+00	4.73523e+11	0.00000e+00
1.99532e+03	3.67817e+02	1.71168e+03	3.59802e+03	8.24570e+00	4.69599e+00	2.27068e+11	0.00000e+00
2.08776e+03	3.79837e+02	1.69710e+03	3.60873e+03	8.24897e+00	4.69500e+00	1.14764e+11	0.00000e+00
2.17974e+03	3.91755e+02	1.68252e+03	3.61021e+03	8.25213e+00	4.69396e+00	6.07514e+10	0.00000e+00
2.27102e+03	4.03573e+02	1.66795e+03	3.61168e+03	8.25522e+00	4.69290e+00	3.35162e+10	0.00000e+00
2.36159e+03	4.15290e+02	1.65337e+03	3.61312e+03	8.25825e+00	4.69183e+00	1.91951e+10	0.00000e+00
2.45146e+03	4.26906e+02	1.63879e+03	3.61455e+03	8.26118e+00	4.69072e+00	1.13727e+10	0.00000e+00
2.54063e+03	4.38421e+02	1.62422e+03	3.61595e+03	8.33827e+00	4.73242e+00	6.94963e+09	0.00000e+00
2.62908e+03	4.49836e+02	1.60964e+03	3.62340e+03	8.42035e+00	4.77694e+00	4.36832e+09	0.00000e+00
2.71698e+03	4.61149e+02	1.59506e+03	3.63126e+03	8.43761e+00	4.78408e+00	2.81824e+09	0.00000e+00
2.80432e+03	4.72363e+02	1.58049e+03	3.63378e+03	8.44012e+00	4.78274e+00	1.86221e+09	0.00000e+00
2.89097e+03	4.83475e+02	1.56591e+03	3.63508e+03	8.44260e+00	4.78139e+00	1.25765e+09	0.00000e+00
2.97689e+03	4.94488e+02	1.55133e+03	3.63637e+03	8.44500e+00	4.78002e+00	8.66613e+08	0.00000e+00
3.06209e+03	5.05399e+02	1.53676e+03	3.63763e+03	8.44736e+00	4.77866e+00	6.08364e+08	0.00000e+00
3.14656e+03	5.16210e+02	1.52218e+03	3.63888e+03	8.44968e+00	4.77729e+00	4.34492e+08	0.00000e+00
3.23031e+03	5.26921e+02	1.50760e+03	3.64012e+03	8.45195e+00	4.77592e+00	3.15314e+08	0.00000e+00
3.31333e+03	5.37532e+02	1.49303e+03	3.64134e+03	8.45419e+00	4.77455e+00	2.32255e+08	0.00000e+00
3.39563e+03	5.48042e+02	1.47845e+03	3.64254e+03	8.45637e+00	4.77317e+00	1.73462e+08	0.00000e+00
3.47719e+03	5.58452e+02	1.46387e+03	3.64373e+03	8.45852e+00	4.77180e+00	1.31238e+08	0.00000e+00
3.55803e+03	5.68762e+02	1.44930e+03	3.64491e+03	8.46064e+00	4.77042e+00	1.00501e+08	0.00000e+00
3.63814e+03	5.78971e+02	1.43472e+03	3.64607e+03	8.46271e+00	4.76905e+00	7.78392e+07	0.00000e+00
3.71751e+03	5.89081e+02	1.42014e+03	3.64721e+03	8.46477e+00	4.76768e+00	6.09312e+07	0.00000e+00
3.79616e+03	5.99090e+02	1.40557e+03	3.64835e+03	8.46676e+00	4.76632e+00	4.81742e+07	0.00000e+00
3.87408e+03	6.09000e+02	1.39099e+03	3.64947e+03	8.46875e+00	4.76496e+00	3.84473e+07	0.00000e+00
3.95126e+03	6.18810e+02	1.37641e+03	3.65057e+03	8.47070e+00	4.76360e+00	3.09567e+07	0.00000e+00
4.02772e+03	6.28520e+02	1.36184e+03	3.65167e+03	8.47261e+00	4.76225e+00	2.51342e+07	0.00000e+00
4.10344e+03	6.38130e+02	1.34726e+03	3.65275e+03	8.47450e+00	4.76091e+00	2.05681e+07	0.00000e+00
4.17843e+03	6.47641e+02	1.33268e+03	3.65382e+03	8.47636e+00	4.75957e+00	1.69573e+07	0.00000e+00
4.25268e+03	6.57052e+02	1.31811e+03	3.65487e+03	8.47820e+00	4.75825e+00	1.40792e+07	0.00000e+00
4.32621e+03	6.66364e+02	1.30353e+03	3.65592e+03	8.48000e+00	4.75692e+00	1.17678e+07	0.00000e+00
4.39900e+03	6.75576e+02	1.28895e+03	3.65695e+03	8.48179e+00	4.75561e+00	9.89844e+06	0.00000e+00
4.47106e+03	6.84689e+02	1.27438e+03	3.65797e+03	8.48353e+00	4.75431e+00	8.37623e+06	0.00000e+00
4.54239e+03	6.93703e+02	1.25980e+03	3.65897e+03	8.48527e+00	4.75302e+00	7.12875e+06	0.00000e+00
4.61298e+03	7.02618e+02	1.24522e+03	3.65997e+03	8.48697e+00	4.75173e+00	6.10016e+06	0.00000e+00
4.68285e+03	7.11434e+02	1.23065e+03	3.66095e+03	8.48866e+00	4.75045e+00	5.24710e+06	0.00000e+00
4.75198e+03	7.20151e+02	1.21607e+03	3.66192e+03	8.49031e+00	4.74918e+00	4.53568e+06	0.00000e+00
4.82038e+03	7.28769e+02	1.20149e+03	3.66288e+03	8.49195e+00	4.74793e+00	3.93925e+06	0.00000e+00
4.88805e+03	7.37289e+02	1.18692e+03	3.66383e+03	8.49356e+00	4.74668e+00	3.43668e+06	0.00000e+00
4.95499e+03	7.45710e+02	1.17234e+03	3.66477e+03	8.49516e+00	4.74545e+00	3.01116e+06	0.00000e+00
5.02119e+03	7.54033e+02	1.15776e+03	3.66570e+03	8.49672e+00	4.74422e+00	2.64922e+06	0.00000e+00
5.08668e+03	7.62258e+02	1.14319e+03	3.66661e+03	8.49828e+00	4.74302e+00	2.33998e+06	0.00000e+00
5.15143e+03	7.70385e+02	1.12861e+03	3.66752e+03	8.49980e+00	4.74181e+00	2.07466e+06	0.00000e+00
5.21545e+03	7.78414e+02	1.11403e+03	3.66841e+03	8.50131e+00	4.74062e+00	1.84611e+06	0.00000e+00
5.27875e+03	7.86346e+02	1.09946e+03	3.66929e+03	8.50280e+00	4.73945e+00	1.64845e+06	0.00000e+00
5.34132e+03	7.94180e+02	1.08488e+03	3.67016e+03	8.50427e+00	4.73828e+00	1.47687e+06	0.00000e+00
5.40317e+03	8.01916e+02	1.07030e+03	3.67102e+03	8.50572e+00	4.73713e+00	1.32740e+06	0.00000e+00
5.46430e+03	8.09556e+02	1.05573e+03	3.67187e+03	8.50715e+00	4.73599e+00	1.19675e+06	0.00000e+00
5.52471e+03	8.17099e+02	1.04115e+03	3.67271e+03	8.50856e+00	4.73486e+00	1.08217e+06	0.00000e+00
5.58439e+03	8.24545e+02	1.02657e+03	3.67354e+03	8.50996e+00	4.73374e+00	9.81352e+05	0.00000e+00
5.64336e+03	8.31894e+02	1.01200e+03	3.67436e+03	8.51134e+00	4.73264e+00	8.92384e+05	0.00000e+00
5.70162e+03	8.39148e+02	9.97420e+02	3.67517e+03	8.51269e+00	4.73155e+00	8.13639e+05	0.00000e+00
5.75916e+03	8.46305e+02	9.82843e+02	3.67597e+03	8.51403e+00	4.73047e+00	7.43745e+05	0.00000e+00
5.81599e+03	8.53367e+02	9.68267e+02	3.67676e+03	8.51536e+00	4.72941e+00	6.81538e+05	0.00000e+00
5.87212e+03	8.60334e+02	9.53690e+02	3.67754e+03	8.51666e+00	4.72836e+00	6.26026e+05	0.00000e+00
5.92753e+03	8.67205e+02	9.39113e+02	3.67830e+03	8.51796e+00	4.72732e+00	5.76363e+05	0.00000e+00
5.98225e+03	8.73982e+02	9.24537e+02	3.67906e+03	8.51922e+00	4.72630e+00	5.31824e+05	0.00000e+00
6.03627e+03	8.80665e+02	9.09960e+02	3.67981e+03	8.52386e+00	4.72724e+00	4.91786e+05	0.00000e+00
6.08959e+03	8.87254e+02	8.95383e+02	3.68113e+03	8.52991e+00	4.72906e+00	4.55711e+05	0.00000e+00
6.14223e+03	8.93749e+02	8.80807e+02	3.68275e+03	8.53622e+00	4.73087e+00	4.23138e+05	0.00000e+00
6.19419e+03	9.00152e+02	8.66230e+02	3.68447e+03	8.54266e+00	4.73266e+00	3.93665e+05	0.00000e+00
6.24548e+03	9.06461e+02	8.51653e+02	3.68627e+03	8.54877e+00	4.73428e+00	3.66940e+05	0.00000e+00
6.29611e+03	9.12679e+02	8.37077e+02	3.68768e+03	8.55455e+00	4.73574e+00	3.42660e+05	0.00000e+00
6.34608e+03	9.18805e+02	8.22500e+02	3.68871e+03	8.56019e+00	4.73710e+00	3.20557e+05	0.00000e+00
6.39537e+03	9.24840e+02	8.07923e+02	3.68953e+03	8.56561e+00	4.73862e+00	3.00397e+05	0.00000e+00
6.44401e+03	9.30785e+02	7.93347e+02	3.69171e+03	8.57086e+00	4.74017e+00	2.81976e+05	0.00000e+00
6.49200e+03	9.36640e+02	7.78770e+02	3.69435e+03	8.57596e+00	4.74169e+00	2.65116e+05	0.00000e+00
6.53937e+03	9.42406e+02	7.64193e+02	3.69722e+03	8.58143e+00	4.74281e+00	2.49658e+05	0.00000e+00
6.58612e+03	9.48084e+02	7.49616e+02	3.69770e+03	8.58690e+00	4.74382e+00	2.35463e+05	0.00000e+00
6.63223e+03	9.53674e+02	7.35040e+02	3.69773e+03	8.59231e+00	4.74475e+00	2.22403e+05	0.00000e+00
6.67771e+03	9.59178e+02	7.20463e+02	3.69753e+03	8.59711e+00	4.74650e+00	2.10367e+05	0.00000e+00
6.72255e+03	9.64596e+02	7.05886e+02	3.69900e+03	8.60167e+00	4.74846e+00	1.99259e+05	0.00000e+00
6.76680e+03	9.69930e+02	6.91310e+02	3.70086e+03	8.60612e+00	4.75047e+00	1.88993e+05	0.00000e+00
6.81046e+03	9.75181e+02	6.76733e+02	3.70277e+03	8.61167e+00	4.75176e+00	1.79491e+05	0.00000e+00
6.85355e+03	9.80350e+02	6.62156e+02	3.70433e+03	8.61802e+00	4.75251e+00	1.70684e+05	0.00000e+00
6.89609e+03	9.85437e+02	6.47580e+02	3.70565e+03	8.62444e+00	4.75320e+00	1.62509e+05	0.00000e+00
6.93807e+03	9.90446e+02	6.33003e+02	3.70695e+03	8.63016e+00	4.75382e+00	1.54910e+05	0.00000e+00
6.97952e+03	9.95377e+02	6.18426e+02	3.70838e+03	8.63293e+00	4.75436e+00	1.47835e+05	0.00000e+00
7.02046e+03	1.00023e+03	6.03850e+02	3.71039e+03	8.63551e+00	4.75484e+00	1.41241e+05	0.00000e+00
7.06091e+03	1.00501e+03	5.89273e+02	3.71244e+03	8.63789e+00	4.75526e+00	1.35086e+05	0.00000e+00
7.10089e+03	1.00972e+03	5.74696e+02	3.71452e+03	8.64128e+00	4.75642e+00	1.29332e+05	0.00000e+00
7.14043e+03	1.01436e+03	5.60120e+02	3.71512e+03	8.64532e+00	4.75807e+00	1.23947e+05	0.00000e+00
7.17954e+03	1.01894e+03	5.45543e+02	3.71471e+03	8.64929e+00	4.75975e+00	1.18898e+05	0.00000e+00
7.21823e+03	1.02345e+03	5.30966e+02	3.71420e+03	8.65321e+00	4.76144e+00	1.14157e+05	0.00000e+00
7.25655e+03	1.02790e+03	5.16390e+02	3.71359e+03	8.65889e+00	4.76320e+00	1.09700e+05	0.00000e+00
7.29453e+03	1.03229e+03	5.01813e+02	3.71518e+03	8.66500e+00	4.76498e+00	1.05502e+05	0.00000e+00
7.33223e+03	1.03663e+03	4.87236e+02	3.71729e+03	8.67118e+00	4.76680e+00	1.01542e+05	0.00000e+00
7.36972e+03	1.04092e+03	4.72660e+02	3.71944e+03	8.67742e+00	4.76864e+00	9.78023e+04	0.00000e+00
7.40703e+03	1.04517e+03	4.58083e+02	3.72164e+03	8.68184e+00	4.76824e+00	9.42628e+04	0.00000e+00
7.44423e+03	1.04938e+03	4.43506e+02	3.72293e+03	8.68584e+00	4.76728e+00	9.09067e+04	0.00000e+00
7.48138e+03	1.05356e+03	4.28930e+02	3.72401e+03	8.68984e+00	4.76623e+00	8.77176e+04	0.00000e+00
7.51855e+03	1.05771e+03	4.14353e+02	3.72510e+03	8.69383e+00	4.76509e+00	8.46802e+04	0.00000e+00
7.55584e+03	1.06186e+03	3.99776e+02	3.72618e+03	8.69816e+00	4.76671e+00	8.17802e+04	0.00000e+00
7.59334e+03	1.06599e+03	3.85200e+02	3.72733e+03	8.70270e+00	4.76983e+00	7.90038e+04	0.00000e+00
7.63118e+03	1.07014e+03	3.70623e+02	3.72851e+03	8.70729e+00	4.77306e+00	7.63380e+04	0.00000e+00
7.66949e+03	1.07430e+03	3.56046e+02	3.72971e+03	8.71196e+00	4.77643e+00	7.37696e+04	0.00000e+00
7.70844e+03	1.07850e+03	3.41470e+02	3.73093e+03	8.71543e+00	4.77821e+00	7.12861e+04	0.00000e+00
7.74821e+03	1.08276e+03	3.26893e+02	3.73212e+03	8.71743e+00	4.77806e+00	6.88746e+04	0.00000e+00
7.78902e+03	1.08709e+03	3.12316e+02	3.73329e+03	8.71940e+00	4.77786e+00	6.65223e+04	0.00000e+00
7.78902e+03	1.08709e+03	3.12316e+02	8.00000e+03	6.30194e+00	3.39260e+00	1.00000e+04	0.00000e+00
8.00393e+03	1.08830e+03	2.77615e+02	8.00513e+03	6.29992e+00	3.39152e+00	1.00000e+04	0.00000e+00
8.20302e+03	1.08950e+03	2.42913e+02	8.01011e+03	6.31428e+00	3.39837e+00	1.00000e+04	0.00000e+00
8.38876e+03	1.09071e+03	2.08211e+02	8.01495e+03	6.32743e+00	3.40464e+00	1.00000e+04	0.00000e+00
8.56551e+03	1.09192e+03	1.73509e+02	8.01968e+03	6.33959e+00	3.41044e+00	1.00000e+04	0.00000e+00
8.74141e+03	1.09313e+03	1.38807e+02	8.02429e+03	6.35107e+00	3.41591e+00	1.00000e+04	0.00000e+00
8.93383e+03	1.09434e+03	1.04105e+02	8.02879e+03	6.36251e+00	3.42136e+00	1.00000e+04	0.00000e+00
9.18696e+03	1.09554e+03	6.94036e+01	8.03315e+03	6.37520e+00	3.42743e+00	1.00000e+04	0.00000e+00
9.65369e+03	1.09675e+03	3.47018e+01	8.03727e+03	6.39248e+00	3.43573e+00	1.00000e+04	0.00000e+00
1.13694e+04	1.09796e+03	0.00000e+00	8.04073e+03	6.42583e+00	3.45185e+00	1.00000e+04	0.00000e+00
