P (MPa)		T (K)		r (km)		rho (kg m-3)	VP (km s-1)	VS (km s-1)	QS/gamma	KS (GPa)	GS (GPa)	k for 0.01 mol/kg MgSO4 (S m-1)	
0.00000e+00	1.10000e+02	2.63410e+03	9.31977e+02	3.87940e+00	1.96225e+00	3.09516e+04	9.24000e+00	3.58800e+00	0.00000e+00
1.92041e+00	1.35944e+02	2.63265e+03	9.31977e+02	3.88311e+00	1.96443e+00	3.85134e+03	9.24633e+00	3.59212e+00	0.00000e+00
3.84083e+00	1.68007e+02	2.63121e+03	9.32107e+02	3.88863e+00	1.96752e+00	7.13291e+02	9.25264e+00	3.59624e+00	0.00000e+00
5.76124e+00	2.07632e+02	2.62976e+03	9.32232e+02	3.89738e+00	1.97225e+00	1.82257e+02	9.25893e+00	3.60034e+00	0.00000e+00
7.68166e+00	2.56603e+02	2.62832e+03	9.32354e+02	3.91094e+00	1.97941e+00	6.04216e+01	9.26520e+00	3.60444e+00	0.00000e+00
9.60207e+00	2.56634e+02	2.62688e+03	9.32472e+02	3.91213e+00	1.98031e+00	6.03877e+01	9.27145e+00	3.60853e+00	0.00000e+00
1.15225e+01	2.56665e+02	2.62543e+03	9.32585e+02	3.91331e+00	1.98121e+00	6.03531e+01	9.27768e+00	3.61262e+00	0.00000e+00
1.34429e+01	2.56697e+02	2.62399e+03	9.32694e+02	3.91449e+00	1.98211e+00	6.03180e+01	9.28389e+00	3.61669e+00	0.00000e+00
1.53633e+01	2.56729e+02	2.62255e+03	9.32798e+02	3.91566e+00	1.98300e+00	6.02823e+01	9.29009e+00	3.62076e+00	0.00000e+00
1.72837e+01	2.56762e+02	2.62111e+03	9.32896e+02	3.91683e+00	1.98389e+00	6.02460e+01	9.29626e+00	3.62483e+00	0.00000e+00
1.92041e+01	2.56796e+02	2.61967e+03	9.32989e+02	3.91800e+00	1.98478e+00	6.02091e+01	9.30241e+00	3.62888e+00	0.00000e+00
2.11246e+01	2.56830e+02	2.61823e+03	9.33077e+02	3.91916e+00	1.98566e+00	6.01716e+01	9.30855e+00	3.63293e+00	0.00000e+00
2.30450e+01	2.56865e+02	2.61679e+03	9.33158e+02	3.92032e+00	1.98655e+00	6.01334e+01	9.31467e+00	3.63697e+00	0.00000e+00
2.49654e+01	2.56901e+02	2.61535e+03	9.33233e+02	3.92147e+00	1.98743e+00	6.00945e+01	9.32077e+00	3.64100e+00	0.00000e+00
2.68858e+01	2.56937e+02	2.61391e+03	9.33302e+02	3.92262e+00	1.98831e+00	6.00551e+01	9.32684e+00	3.64503e+00	0.00000e+00
2.88062e+01	2.56974e+02	2.61248e+03	9.33363e+02	3.92377e+00	1.98918e+00	6.00149e+01	9.33290e+00	3.64905e+00	0.00000e+00
3.07266e+01	2.57011e+02	2.61104e+03	9.33417e+02	3.92491e+00	1.99006e+00	5.99741e+01	9.33894e+00	3.65306e+00	0.00000e+00
3.26470e+01	2.57049e+02	2.60960e+03	9.33462e+02	3.92604e+00	1.99093e+00	5.99325e+01	9.34496e+00	3.65706e+00	0.00000e+00
3.45675e+01	2.57088e+02	2.60817e+03	9.33500e+02	3.92717e+00	1.99180e+00	5.98903e+01	9.35097e+00	3.66106e+00	0.00000e+00
3.64879e+01	2.57127e+02	2.60673e+03	9.33529e+02	3.92830e+00	1.99266e+00	5.98474e+01	9.35695e+00	3.66504e+00	0.00000e+00
3.84083e+01	2.57167e+02	2.60530e+03	9.33548e+02	3.92943e+00	1.99353e+00	5.98037e+01	9.36291e+00	3.66903e+00	0.00000e+00
4.03287e+01	2.57208e+02	2.60386e+03	9.33558e+02	3.93055e+00	1.99439e+00	5.97593e+01	9.36886e+00	3.67300e+00	0.00000e+00
4.22491e+01	2.57250e+02	2.60243e+03	9.33558e+02	3.93167e+00	1.99525e+00	5.97142e+01	9.37478e+00	3.67697e+00	0.00000e+00
4.41695e+01	2.57292e+02	2.60099e+03	9.33547e+02	3.93278e+00	1.99611e+00	5.96683e+01	9.38069e+00	3.68093e+00	0.00000e+00
4.60899e+01	2.57336e+02	2.59956e+03	9.33525e+02	3.93389e+00	1.99696e+00	5.96216e+01	9.38657e+00	3.68488e+00	0.00000e+00
4.80104e+01	2.57379e+02	2.59813e+03	9.33492e+02	3.93500e+00	1.99781e+00	5.95741e+01	9.39244e+00	3.68882e+00	0.00000e+00
4.99308e+01	2.57424e+02	2.59670e+03	9.33446e+02	3.93610e+00	1.99866e+00	5.95259e+01	9.39829e+00	3.69276e+00	0.00000e+00
5.18512e+01	2.57470e+02	2.59526e+03	9.33387e+02	3.93720e+00	1.99951e+00	5.94768e+01	9.40412e+00	3.69669e+00	0.00000e+00
5.37716e+01	2.57516e+02	2.59383e+03	9.33315e+02	3.93829e+00	2.00036e+00	5.94270e+01	9.40993e+00	3.70061e+00	0.00000e+00
5.56920e+01	2.57563e+02	2.59240e+03	9.33230e+02	3.93939e+00	2.00121e+00	5.93763e+01	9.41572e+00	3.70452e+00	0.00000e+00
5.76124e+01	2.57611e+02	2.59097e+03	9.33130e+02	3.94047e+00	2.00205e+00	5.93247e+01	9.42149e+00	3.70843e+00	0.00000e+00
5.95329e+01	2.57660e+02	2.58954e+03	9.33015e+02	3.94156e+00	2.00289e+00	5.92723e+01	9.42724e+00	3.71233e+00	0.00000e+00
6.14533e+01	2.57710e+02	2.58811e+03	9.32884e+02	3.94264e+00	2.00373e+00	5.92191e+01	9.43298e+00	3.71623e+00	0.00000e+00
6.33737e+01	2.57760e+02	2.58668e+03	9.32737e+02	3.94372e+00	2.00457e+00	5.91649e+01	9.43869e+00	3.72011e+00	0.00000e+00
6.52941e+01	2.57812e+02	2.58525e+03	9.32574e+02	3.94480e+00	2.00540e+00	5.91099e+01	9.44439e+00	3.72399e+00	0.00000e+00
6.72145e+01	2.57864e+02	2.58382e+03	9.32394e+02	3.94587e+00	2.00624e+00	5.90539e+01	9.45006e+00	3.72786e+00	0.00000e+00
6.91349e+01	2.57917e+02	2.58239e+03	9.32196e+02	3.94694e+00	2.00707e+00	5.89970e+01	9.45572e+00	3.73172e+00	0.00000e+00
7.10553e+01	2.57972e+02	2.58096e+03	9.31980e+02	3.94801e+00	2.00790e+00	5.89392e+01	9.46136e+00	3.73558e+00	0.00000e+00
7.29758e+01	2.58027e+02	2.57953e+03	9.31746e+02	3.94908e+00	2.00873e+00	5.88804e+01	9.46697e+00	3.73943e+00	0.00000e+00
7.48962e+01	2.58083e+02	2.57810e+03	9.31493e+02	3.95014e+00	2.00955e+00	5.88207e+01	9.47257e+00	3.74327e+00	0.00000e+00
7.68166e+01	2.58141e+02	2.57668e+03	9.31222e+02	3.95120e+00	2.01038e+00	5.87600e+01	9.47815e+00	3.74710e+00	0.00000e+00
7.87370e+01	2.58199e+02	2.57525e+03	9.30931e+02	3.95226e+00	2.01120e+00	5.86983e+01	9.48371e+00	3.75093e+00	0.00000e+00
8.06574e+01	2.58258e+02	2.57382e+03	9.30622e+02	3.95331e+00	2.01202e+00	5.86356e+01	9.48925e+00	3.75475e+00	0.00000e+00
8.25778e+01	2.58319e+02	2.57239e+03	9.30293e+02	3.95436e+00	2.01285e+00	5.85718e+01	9.49478e+00	3.75856e+00	0.00000e+00
8.44982e+01	2.58380e+02	2.57096e+03	9.29946e+02	3.95541e+00	2.01366e+00	5.85070e+01	9.50028e+00	3.76236e+00	0.00000e+00
8.64187e+01	2.58443e+02	2.56953e+03	9.29580e+02	3.95646e+00	2.01448e+00	5.84412e+01	9.50576e+00	3.76616e+00	0.00000e+00
8.83391e+01	2.58506e+02	2.56810e+03	9.29196e+02	3.95750e+00	2.01530e+00	5.83743e+01	9.51123e+00	3.76995e+00	0.00000e+00
9.02595e+01	2.58571e+02	2.56668e+03	9.28796e+02	3.95854e+00	2.01611e+00	5.83063e+01	9.51667e+00	3.77373e+00	0.00000e+00
9.21799e+01	2.58637e+02	2.56525e+03	9.28378e+02	3.95958e+00	2.01692e+00	5.82372e+01	9.52210e+00	3.77751e+00	0.00000e+00
9.41003e+01	2.65000e+02	2.56382e+03	9.27945e+02	3.96239e+00	2.01863e+00	5.20920e+01	9.52751e+00	3.78127e+00	0.00000e+00
9.72768e+01	2.65027e+02	2.56172e+03	1.04571e+03	1.53293e+00	0.00000e+00	0.00000e+00	2.45730e+00	0.00000e+00	6.30514e-02
1.00453e+02	2.65055e+02	2.55963e+03	1.04706e+03	1.53915e+00	0.00000e+00	0.00000e+00	2.48045e+00	0.00000e+00	6.32472e-02
1.03630e+02	2.65085e+02	2.55753e+03	1.04839e+03	1.54537e+00	0.00000e+00	0.00000e+00	2.50374e+00	0.00000e+00	6.34446e-02
1.06806e+02	2.65116e+02	2.55545e+03	1.04972e+03	1.55161e+00	0.00000e+00	0.00000e+00	2.52719e+00	0.00000e+00	6.36435e-02
1.09983e+02	2.65149e+02	2.55336e+03	1.05103e+03	1.55787e+00	0.00000e+00	0.00000e+00	2.55080e+00	0.00000e+00	6.38439e-02
1.13159e+02	2.65183e+02	2.55128e+03	1.05233e+03	1.56413e+00	0.00000e+00	0.00000e+00	2.57455e+00	0.00000e+00	6.40457e-02
1.16336e+02	2.65219e+02	2.54920e+03	1.05363e+03	1.57041e+00	0.00000e+00	0.00000e+00	2.59846e+00	0.00000e+00	6.42489e-02
1.19512e+02	2.65257e+02	2.54713e+03	1.05491e+03	1.57671e+00	0.00000e+00	0.00000e+00	2.62252e+00	0.00000e+00	6.44535e-02
1.22689e+02	2.65296e+02	2.54506e+03	1.05618e+03	1.58302e+00	0.00000e+00	0.00000e+00	2.64674e+00	0.00000e+00	6.46593e-02
1.25865e+02	2.65336e+02	2.54299e+03	1.05745e+03	1.58934e+00	0.00000e+00	0.00000e+00	2.67111e+00	0.00000e+00	6.48664e-02
1.29042e+02	2.65377e+02	2.54093e+03	1.05870e+03	1.59567e+00	0.00000e+00	0.00000e+00	2.69562e+00	0.00000e+00	6.50747e-02
1.32218e+02	2.65420e+02	2.53886e+03	1.05994e+03	1.60201e+00	0.00000e+00	0.00000e+00	2.72026e+00	0.00000e+00	6.52841e-02
1.35395e+02	2.65464e+02	2.53681e+03	1.06117e+03	1.60835e+00	0.00000e+00	0.00000e+00	2.74502e+00	0.00000e+00	6.54946e-02
1.38571e+02	2.65509e+02	2.53475e+03	1.06240e+03	1.61469e+00	0.00000e+00	0.00000e+00	2.76990e+00	0.00000e+00	6.57061e-02
1.41748e+02	2.65556e+02	2.53270e+03	1.06361e+03	1.62103e+00	0.00000e+00	0.00000e+00	2.79488e+00	0.00000e+00	6.59187e-02
1.44924e+02	2.65604e+02	2.53065e+03	1.06481e+03	1.62736e+00	0.00000e+00	0.00000e+00	2.81995e+00	0.00000e+00	6.61322e-02
1.48101e+02	2.65652e+02	2.52860e+03	1.06601e+03	1.63369e+00	0.00000e+00	0.00000e+00	2.84510e+00	0.00000e+00	6.63467e-02
1.51277e+02	2.65702e+02	2.52656e+03	1.06719e+03	1.64000e+00	0.00000e+00	0.00000e+00	2.87034e+00	0.00000e+00	6.65621e-02
1.54454e+02	2.65753e+02	2.52452e+03	1.06837e+03	1.64631e+00	0.00000e+00	0.00000e+00	2.89565e+00	0.00000e+00	6.67783e-02
1.57630e+02	2.65805e+02	2.52248e+03	1.06954e+03	1.65261e+00	0.00000e+00	0.00000e+00	2.92103e+00	0.00000e+00	6.69954e-02
1.60807e+02	2.65858e+02	2.52045e+03	1.07070e+03	1.65889e+00	0.00000e+00	0.00000e+00	2.94648e+00	0.00000e+00	6.72133e-02
1.63983e+02	2.65912e+02	2.51842e+03	1.07185e+03	1.66517e+00	0.00000e+00	0.00000e+00	2.97200e+00	0.00000e+00	6.74320e-02
1.67160e+02	2.65967e+02	2.51639e+03	1.07299e+03	1.67143e+00	0.00000e+00	0.00000e+00	2.99758e+00	0.00000e+00	6.76515e-02
1.70336e+02	2.66023e+02	2.51436e+03	1.07412e+03	1.67768e+00	0.00000e+00	0.00000e+00	3.02321e+00	0.00000e+00	6.78718e-02
1.73513e+02	2.66080e+02	2.51234e+03	1.07524e+03	1.68391e+00	0.00000e+00	0.00000e+00	3.04891e+00	0.00000e+00	6.80928e-02
1.76689e+02	2.66137e+02	2.51032e+03	1.07636e+03	1.69013e+00	0.00000e+00	0.00000e+00	3.07465e+00	0.00000e+00	6.83146e-02
1.79866e+02	2.66196e+02	2.50831e+03	1.07747e+03	1.69633e+00	0.00000e+00	0.00000e+00	3.10045e+00	0.00000e+00	6.85371e-02
1.83042e+02	2.66255e+02	2.50629e+03	1.07857e+03	1.70251e+00	0.00000e+00	0.00000e+00	3.12628e+00	0.00000e+00	6.87603e-02
1.86219e+02	2.66315e+02	2.50428e+03	1.07966e+03	1.70868e+00	0.00000e+00	0.00000e+00	3.15216e+00	0.00000e+00	6.89842e-02
1.89395e+02	2.66377e+02	2.50227e+03	1.08074e+03	1.71483e+00	0.00000e+00	0.00000e+00	3.17807e+00	0.00000e+00	6.92089e-02
1.92572e+02	2.66438e+02	2.50027e+03	1.08182e+03	1.72096e+00	0.00000e+00	0.00000e+00	3.20401e+00	0.00000e+00	6.94343e-02
1.95748e+02	2.66501e+02	2.49826e+03	1.08289e+03	1.72707e+00	0.00000e+00	0.00000e+00	3.22999e+00	0.00000e+00	6.96604e-02
1.98925e+02	2.66564e+02	2.49626e+03	1.08395e+03	1.73315e+00	0.00000e+00	0.00000e+00	3.25599e+00	0.00000e+00	6.98871e-02
2.02101e+02	2.66629e+02	2.49426e+03	1.08500e+03	1.73922e+00	0.00000e+00	0.00000e+00	3.28202e+00	0.00000e+00	7.01146e-02
2.05278e+02	2.66693e+02	2.49227e+03	1.08605e+03	1.74527e+00	0.00000e+00	0.00000e+00	3.30807e+00	0.00000e+00	7.03428e-02
2.08454e+02	2.66759e+02	2.49028e+03	1.08709e+03	1.75130e+00	0.00000e+00	0.00000e+00	3.33414e+00	0.00000e+00	7.05716e-02
2.11631e+02	2.66825e+02	2.48829e+03	1.08812e+03	1.75730e+00	0.00000e+00	0.00000e+00	3.36022e+00	0.00000e+00	7.08009e-02
2.14807e+02	2.66892e+02	2.48630e+03	1.08914e+03	1.76328e+00	0.00000e+00	0.00000e+00	3.38631e+00	0.00000e+00	7.10307e-02
2.17984e+02	2.66959e+02	2.48431e+03	1.09016e+03	1.76923e+00	0.00000e+00	0.00000e+00	3.41239e+00	0.00000e+00	7.12610e-02
2.21160e+02	2.67027e+02	2.48233e+03	1.09117e+03	1.77515e+00	0.00000e+00	0.00000e+00	3.43846e+00	0.00000e+00	7.14917e-02
2.24337e+02	2.67096e+02	2.48035e+03	1.09218e+03	1.78104e+00	0.00000e+00	0.00000e+00	3.46451e+00	0.00000e+00	7.17228e-02
2.27513e+02	2.67165e+02	2.47837e+03	1.09318e+03	1.78690e+00	0.00000e+00	0.00000e+00	3.49053e+00	0.00000e+00	7.19541e-02
2.30690e+02	2.67235e+02	2.47640e+03	1.09417e+03	1.79273e+00	0.00000e+00	0.00000e+00	3.51653e+00	0.00000e+00	7.21858e-02
2.33866e+02	2.67306e+02	2.47443e+03	1.09515e+03	1.79853e+00	0.00000e+00	0.00000e+00	3.54248e+00	0.00000e+00	7.24176e-02
2.37043e+02	2.67377e+02	2.47246e+03	1.09613e+03	1.80429e+00	0.00000e+00	0.00000e+00	3.56841e+00	0.00000e+00	7.26497e-02
2.40219e+02	2.67448e+02	2.47049e+03	1.09710e+03	1.81002e+00	0.00000e+00	0.00000e+00	3.59430e+00	0.00000e+00	7.28818e-02
2.43396e+02	2.67520e+02	2.46853e+03	1.09807e+03	1.81572e+00	0.00000e+00	0.00000e+00	3.62016e+00	0.00000e+00	7.31141e-02
2.46572e+02	2.67592e+02	2.46656e+03	1.09903e+03	1.82139e+00	0.00000e+00	0.00000e+00	3.64599e+00	0.00000e+00	7.33465e-02
2.49749e+02	2.67665e+02	2.46460e+03	1.09999e+03	1.82703e+00	0.00000e+00	0.00000e+00	3.67179e+00	0.00000e+00	7.35789e-02
2.52925e+02	2.67739e+02	2.46265e+03	1.10093e+03	1.83264e+00	0.00000e+00	0.00000e+00	3.69757e+00	0.00000e+00	7.38113e-02
2.56102e+02	2.67813e+02	2.46069e+03	1.10188e+03	1.83823e+00	0.00000e+00	0.00000e+00	3.72333e+00	0.00000e+00	7.40436e-02
2.59278e+02	2.67887e+02	2.45874e+03	1.10281e+03	1.84378e+00	0.00000e+00	0.00000e+00	3.74906e+00	0.00000e+00	7.42760e-02
2.62455e+02	2.67962e+02	2.45679e+03	1.10375e+03	1.84931e+00	0.00000e+00	0.00000e+00	3.77477e+00	0.00000e+00	7.45082e-02
2.65631e+02	2.68037e+02	2.45484e+03	1.10467e+03	1.85482e+00	0.00000e+00	0.00000e+00	3.80047e+00	0.00000e+00	7.47404e-02
2.68808e+02	2.68113e+02	2.45289e+03	1.10559e+03	1.86030e+00	0.00000e+00	0.00000e+00	3.82614e+00	0.00000e+00	7.49724e-02
2.71984e+02	2.68189e+02	2.45095e+03	1.10651e+03	1.86575e+00	0.00000e+00	0.00000e+00	3.85180e+00	0.00000e+00	7.52043e-02
2.75161e+02	2.68265e+02	2.44901e+03	1.10742e+03	1.87119e+00	0.00000e+00	0.00000e+00	3.87744e+00	0.00000e+00	7.54360e-02
2.78337e+02	2.68342e+02	2.44707e+03	1.10832e+03	1.87659e+00	0.00000e+00	0.00000e+00	3.90307e+00	0.00000e+00	7.56676e-02
2.81514e+02	2.68420e+02	2.44513e+03	1.10922e+03	1.88198e+00	0.00000e+00	0.00000e+00	3.92868e+00	0.00000e+00	7.58989e-02
2.84690e+02	2.68497e+02	2.44320e+03	1.11012e+03	1.88734e+00	0.00000e+00	0.00000e+00	3.95428e+00	0.00000e+00	7.61300e-02
2.87867e+02	2.68575e+02	2.44127e+03	1.11101e+03	1.89268e+00	0.00000e+00	0.00000e+00	3.97987e+00	0.00000e+00	7.63608e-02
2.91043e+02	2.68654e+02	2.43934e+03	1.11189e+03	1.89799e+00	0.00000e+00	0.00000e+00	4.00545e+00	0.00000e+00	7.65914e-02
2.94220e+02	2.68732e+02	2.43741e+03	1.11277e+03	1.90329e+00	0.00000e+00	0.00000e+00	4.03102e+00	0.00000e+00	7.68217e-02
2.97396e+02	2.68811e+02	2.43548e+03	1.11364e+03	1.90856e+00	0.00000e+00	0.00000e+00	4.05658e+00	0.00000e+00	7.70518e-02
3.00573e+02	2.68891e+02	2.43356e+03	1.11451e+03	1.91382e+00	0.00000e+00	0.00000e+00	4.08214e+00	0.00000e+00	7.72815e-02
3.03749e+02	2.68971e+02	2.43164e+03	1.11538e+03	1.91905e+00	0.00000e+00	0.00000e+00	4.10767e+00	0.00000e+00	7.75109e-02
3.06926e+02	2.69051e+02	2.42972e+03	1.11624e+03	1.92426e+00	0.00000e+00	0.00000e+00	4.13319e+00	0.00000e+00	7.77400e-02
3.10102e+02	2.69131e+02	2.42780e+03	1.11710e+03	1.92945e+00	0.00000e+00	0.00000e+00	4.15869e+00	0.00000e+00	7.79687e-02
3.13279e+02	2.69212e+02	2.42589e+03	1.11795e+03	1.93461e+00	0.00000e+00	0.00000e+00	4.18415e+00	0.00000e+00	7.81969e-02
3.16455e+02	2.69293e+02	2.42398e+03	1.11879e+03	1.93975e+00	0.00000e+00	0.00000e+00	4.20959e+00	0.00000e+00	7.84246e-02
3.19632e+02	2.69374e+02	2.42207e+03	1.11964e+03	1.94486e+00	0.00000e+00	0.00000e+00	4.23499e+00	0.00000e+00	7.86518e-02
3.22808e+02	2.69455e+02	2.42016e+03	1.12047e+03	1.94994e+00	0.00000e+00	0.00000e+00	4.26036e+00	0.00000e+00	7.88785e-02
3.25985e+02	2.69537e+02	2.41825e+03	1.12131e+03	1.95500e+00	0.00000e+00	0.00000e+00	4.28568e+00	0.00000e+00	7.91045e-02
3.29161e+02	2.69619e+02	2.41635e+03	1.12214e+03	1.96004e+00	0.00000e+00	0.00000e+00	4.31096e+00	0.00000e+00	7.93299e-02
3.32338e+02	2.69702e+02	2.41445e+03	1.12296e+03	1.96504e+00	0.00000e+00	0.00000e+00	4.33620e+00	0.00000e+00	7.95546e-02
3.35514e+02	2.69784e+02	2.41255e+03	1.12378e+03	1.97002e+00	0.00000e+00	0.00000e+00	4.36139e+00	0.00000e+00	7.97785e-02
3.38691e+02	2.69867e+02	2.41065e+03	1.12460e+03	1.97498e+00	0.00000e+00	0.00000e+00	4.38654e+00	0.00000e+00	8.00017e-02
3.41867e+02	2.69951e+02	2.40876e+03	1.12541e+03	1.97990e+00	0.00000e+00	0.00000e+00	4.41164e+00	0.00000e+00	8.02241e-02
3.45044e+02	2.70034e+02	2.40686e+03	1.12622e+03	1.98480e+00	0.00000e+00	0.00000e+00	4.43668e+00	0.00000e+00	8.04456e-02
3.48220e+02	2.70118e+02	2.40497e+03	1.12702e+03	1.98968e+00	0.00000e+00	0.00000e+00	4.46168e+00	0.00000e+00	8.06662e-02
3.51397e+02	2.70201e+02	2.40308e+03	1.12782e+03	1.99452e+00	0.00000e+00	0.00000e+00	4.48662e+00	0.00000e+00	8.08859e-02
3.54573e+02	2.70285e+02	2.40119e+03	1.12862e+03	1.99934e+00	0.00000e+00	0.00000e+00	4.51151e+00	0.00000e+00	8.11046e-02
3.57750e+02	2.70370e+02	2.39931e+03	1.12941e+03	2.00413e+00	0.00000e+00	0.00000e+00	4.53634e+00	0.00000e+00	8.13223e-02
3.60926e+02	2.70454e+02	2.39743e+03	1.13020e+03	2.00890e+00	0.00000e+00	0.00000e+00	4.56113e+00	0.00000e+00	8.15389e-02
3.64103e+02	2.70539e+02	2.39555e+03	1.13099e+03	2.01364e+00	0.00000e+00	0.00000e+00	4.58586e+00	0.00000e+00	8.17545e-02
3.67279e+02	2.70624e+02	2.39367e+03	1.13177e+03	2.01835e+00	0.00000e+00	0.00000e+00	4.61054e+00	0.00000e+00	8.19690e-02
3.70456e+02	2.70709e+02	2.39179e+03	1.13255e+03	2.02304e+00	0.00000e+00	0.00000e+00	4.63517e+00	0.00000e+00	8.21822e-02
3.73632e+02	2.70794e+02	2.38991e+03	1.13332e+03	2.02770e+00	0.00000e+00	0.00000e+00	4.65974e+00	0.00000e+00	8.23944e-02
3.76809e+02	2.70880e+02	2.38804e+03	1.13409e+03	2.03234e+00	0.00000e+00	0.00000e+00	4.68427e+00	0.00000e+00	8.26052e-02
3.79985e+02	2.70965e+02	2.38617e+03	1.13486e+03	2.03696e+00	0.00000e+00	0.00000e+00	4.70875e+00	0.00000e+00	8.28149e-02
3.83162e+02	2.71051e+02	2.38430e+03	1.13563e+03	2.04155e+00	0.00000e+00	0.00000e+00	4.73318e+00	0.00000e+00	8.30232e-02
3.86338e+02	2.71137e+02	2.38243e+03	1.13639e+03	2.04611e+00	0.00000e+00	0.00000e+00	4.75757e+00	0.00000e+00	8.32303e-02
3.89515e+02	2.71223e+02	2.38057e+03	1.13714e+03	2.05066e+00	0.00000e+00	0.00000e+00	4.78192e+00	0.00000e+00	8.34359e-02
3.92691e+02	2.71309e+02	2.37870e+03	1.13790e+03	2.05519e+00	0.00000e+00	0.00000e+00	4.80624e+00	0.00000e+00	8.36403e-02
3.95868e+02	2.71396e+02	2.37684e+03	1.13865e+03	2.05970e+00	0.00000e+00	0.00000e+00	4.83054e+00	0.00000e+00	8.38432e-02
3.99044e+02	2.71483e+02	2.37498e+03	1.13939e+03	2.06419e+00	0.00000e+00	0.00000e+00	4.85483e+00	0.00000e+00	8.40446e-02
4.02221e+02	2.71569e+02	2.37313e+03	1.14014e+03	2.06867e+00	0.00000e+00	0.00000e+00	4.87912e+00	0.00000e+00	8.42447e-02
4.05397e+02	2.71656e+02	2.37127e+03	1.14088e+03	2.07314e+00	0.00000e+00	0.00000e+00	4.90342e+00	0.00000e+00	8.44432e-02
4.08574e+02	2.71744e+02	2.36942e+03	1.14162e+03	2.07760e+00	0.00000e+00	0.00000e+00	4.92772e+00	0.00000e+00	8.46403e-02
4.11750e+02	2.71831e+02	2.36756e+03	1.14235e+03	2.08205e+00	0.00000e+00	0.00000e+00	4.95203e+00	0.00000e+00	8.48359e-02
4.14927e+02	2.71918e+02	2.36571e+03	1.14308e+03	2.08649e+00	0.00000e+00	0.00000e+00	4.97634e+00	0.00000e+00	8.50301e-02
4.18103e+02	2.72006e+02	2.36387e+03	1.14381e+03	2.09092e+00	0.00000e+00	0.00000e+00	5.00066e+00	0.00000e+00	8.52229e-02
4.21280e+02	2.72094e+02	2.36202e+03	1.14454e+03	2.09533e+00	0.00000e+00	0.00000e+00	5.02498e+00	0.00000e+00	8.54143e-02
4.24456e+02	2.72181e+02	2.36018e+03	1.14526e+03	2.09973e+00	0.00000e+00	0.00000e+00	5.04929e+00	0.00000e+00	8.56044e-02
4.27633e+02	2.72269e+02	2.35833e+03	1.14598e+03	2.10412e+00	0.00000e+00	0.00000e+00	5.07360e+00	0.00000e+00	8.57931e-02
4.30809e+02	2.72358e+02	2.35649e+03	1.14669e+03	2.10849e+00	0.00000e+00	0.00000e+00	5.09791e+00	0.00000e+00	8.59804e-02
4.33986e+02	2.72446e+02	2.35465e+03	1.14741e+03	2.11286e+00	0.00000e+00	0.00000e+00	5.12221e+00	0.00000e+00	8.61664e-02
4.37162e+02	2.72534e+02	2.35282e+03	1.14812e+03	2.11721e+00	0.00000e+00	0.00000e+00	5.14652e+00	0.00000e+00	8.63511e-02
4.40339e+02	2.72623e+02	2.35098e+03	1.14882e+03	2.12155e+00	0.00000e+00	0.00000e+00	5.17082e+00	0.00000e+00	8.65345e-02
4.43515e+02	2.72712e+02	2.34915e+03	1.14953e+03	2.12587e+00	0.00000e+00	0.00000e+00	5.19511e+00	0.00000e+00	8.67167e-02
4.46692e+02	2.72800e+02	2.34732e+03	1.15023e+03	2.13019e+00	0.00000e+00	0.00000e+00	5.21941e+00	0.00000e+00	8.68976e-02
4.49868e+02	2.72889e+02	2.34549e+03	1.15093e+03	2.13449e+00	0.00000e+00	0.00000e+00	5.24370e+00	0.00000e+00	8.70774e-02
4.53045e+02	2.72979e+02	2.34366e+03	1.15162e+03	2.13879e+00	0.00000e+00	0.00000e+00	5.26800e+00	0.00000e+00	8.72559e-02
4.56221e+02	2.73068e+02	2.34183e+03	1.15232e+03	2.14307e+00	0.00000e+00	0.00000e+00	5.29229e+00	0.00000e+00	8.74332e-02
4.59398e+02	2.73157e+02	2.34001e+03	1.15301e+03	2.14734e+00	0.00000e+00	0.00000e+00	5.31659e+00	0.00000e+00	8.76095e-02
4.62574e+02	2.73247e+02	2.33819e+03	1.15369e+03	2.15160e+00	0.00000e+00	0.00000e+00	5.34088e+00	0.00000e+00	8.77846e-02
4.65751e+02	2.73336e+02	2.33637e+03	1.15438e+03	2.15585e+00	0.00000e+00	0.00000e+00	5.36518e+00	0.00000e+00	8.79586e-02
4.68927e+02	2.73426e+02	2.33455e+03	1.15506e+03	2.16009e+00	0.00000e+00	0.00000e+00	5.38949e+00	0.00000e+00	8.81315e-02
4.72104e+02	2.73516e+02	2.33273e+03	1.15574e+03	2.16432e+00	0.00000e+00	0.00000e+00	5.41379e+00	0.00000e+00	8.83035e-02
4.75280e+02	2.73606e+02	2.33091e+03	1.15642e+03	2.16854e+00	0.00000e+00	0.00000e+00	5.43811e+00	0.00000e+00	8.84744e-02
4.78457e+02	2.73696e+02	2.32910e+03	1.15709e+03	2.17275e+00	0.00000e+00	0.00000e+00	5.46242e+00	0.00000e+00	8.86443e-02
4.81633e+02	2.73786e+02	2.32729e+03	1.15776e+03	2.17695e+00	0.00000e+00	0.00000e+00	5.48675e+00	0.00000e+00	8.88133e-02
4.84810e+02	2.73876e+02	2.32548e+03	1.15843e+03	2.18114e+00	0.00000e+00	0.00000e+00	5.51108e+00	0.00000e+00	8.89814e-02
4.87986e+02	2.73967e+02	2.32367e+03	1.15910e+03	2.18532e+00	0.00000e+00	0.00000e+00	5.53541e+00	0.00000e+00	8.91486e-02
4.91163e+02	2.74057e+02	2.32186e+03	1.15976e+03	2.18949e+00	0.00000e+00	0.00000e+00	5.55975e+00	0.00000e+00	8.93150e-02
4.94339e+02	2.74148e+02	2.32006e+03	1.16042e+03	2.19365e+00	0.00000e+00	0.00000e+00	5.58409e+00	0.00000e+00	8.94805e-02
4.97516e+02	2.74239e+02	2.31826e+03	1.16108e+03	2.19780e+00	0.00000e+00	0.00000e+00	5.60843e+00	0.00000e+00	8.96453e-02
5.00692e+02	2.74329e+02	2.31646e+03	1.16174e+03	2.20195e+00	0.00000e+00	0.00000e+00	5.63276e+00	0.00000e+00	8.98093e-02
5.03869e+02	2.74420e+02	2.31466e+03	1.16239e+03	2.20608e+00	0.00000e+00	0.00000e+00	5.65710e+00	0.00000e+00	8.99725e-02
5.07045e+02	2.74511e+02	2.31286e+03	1.16304e+03	2.21020e+00	0.00000e+00	0.00000e+00	5.68142e+00	0.00000e+00	9.01350e-02
5.10222e+02	2.74603e+02	2.31106e+03	1.16369e+03	2.21430e+00	0.00000e+00	0.00000e+00	5.70575e+00	0.00000e+00	9.02967e-02
5.13398e+02	2.74694e+02	2.30927e+03	1.16434e+03	2.21840e+00	0.00000e+00	0.00000e+00	5.73008e+00	0.00000e+00	9.04576e-02
5.16575e+02	2.74785e+02	2.30748e+03	1.16498e+03	2.22249e+00	0.00000e+00	0.00000e+00	5.75440e+00	0.00000e+00	9.06176e-02
5.19751e+02	2.74877e+02	2.30568e+03	1.16562e+03	2.22657e+00	0.00000e+00	0.00000e+00	5.77873e+00	0.00000e+00	9.07767e-02
5.22928e+02	2.74968e+02	2.30390e+03	1.16626e+03	2.23064e+00	0.00000e+00	0.00000e+00	5.80306e+00	0.00000e+00	9.09349e-02
5.26104e+02	2.75060e+02	2.30211e+03	1.16690e+03	2.23470e+00	0.00000e+00	0.00000e+00	5.82738e+00	0.00000e+00	9.10922e-02
5.29281e+02	2.75151e+02	2.30032e+03	1.16754e+03	2.23875e+00	0.00000e+00	0.00000e+00	5.85171e+00	0.00000e+00	9.12484e-02
5.32457e+02	2.75243e+02	2.29854e+03	1.16817e+03	2.24279e+00	0.00000e+00	0.00000e+00	5.87603e+00	0.00000e+00	9.14036e-02
5.35634e+02	2.75335e+02	2.29676e+03	1.16880e+03	2.24682e+00	0.00000e+00	0.00000e+00	5.90035e+00	0.00000e+00	9.15577e-02
5.38810e+02	2.75427e+02	2.29498e+03	1.16943e+03	2.25085e+00	0.00000e+00	0.00000e+00	5.92467e+00	0.00000e+00	9.17107e-02
5.41987e+02	2.75519e+02	2.29320e+03	1.17005e+03	2.25486e+00	0.00000e+00	0.00000e+00	5.94899e+00	0.00000e+00	9.18626e-02
5.45163e+02	2.75611e+02	2.29142e+03	1.17068e+03	2.25886e+00	0.00000e+00	0.00000e+00	5.97330e+00	0.00000e+00	9.20133e-02
5.48340e+02	2.75704e+02	2.28964e+03	1.17130e+03	2.26285e+00	0.00000e+00	0.00000e+00	5.99762e+00	0.00000e+00	9.21628e-02
5.51516e+02	2.75796e+02	2.28787e+03	1.17192e+03	2.26683e+00	0.00000e+00	0.00000e+00	6.02192e+00	0.00000e+00	9.23111e-02
5.54693e+02	2.75888e+02	2.28610e+03	1.17253e+03	2.27081e+00	0.00000e+00	0.00000e+00	6.04623e+00	0.00000e+00	9.24581e-02
5.57869e+02	2.75981e+02	2.28433e+03	1.17315e+03	2.27477e+00	0.00000e+00	0.00000e+00	6.07053e+00	0.00000e+00	9.26037e-02
5.61046e+02	2.76073e+02	2.28256e+03	1.17376e+03	2.27872e+00	0.00000e+00	0.00000e+00	6.09482e+00	0.00000e+00	9.27480e-02
5.64222e+02	2.76166e+02	2.28079e+03	1.17437e+03	2.28266e+00	0.00000e+00	0.00000e+00	6.11911e+00	0.00000e+00	9.28908e-02
5.67399e+02	2.76258e+02	2.27902e+03	1.17498e+03	2.28659e+00	0.00000e+00	0.00000e+00	6.14338e+00	0.00000e+00	9.30323e-02
5.70575e+02	2.76351e+02	2.27726e+03	1.17558e+03	2.29051e+00	0.00000e+00	0.00000e+00	6.16764e+00	0.00000e+00	9.31722e-02
5.73752e+02	2.76444e+02	2.27550e+03	1.17619e+03	2.29442e+00	0.00000e+00	0.00000e+00	6.19188e+00	0.00000e+00	9.33107e-02
5.76928e+02	2.76537e+02	2.27374e+03	1.17679e+03	2.29831e+00	0.00000e+00	0.00000e+00	6.21610e+00	0.00000e+00	9.34476e-02
5.80105e+02	2.76630e+02	2.27198e+03	1.17739e+03	2.30219e+00	0.00000e+00	0.00000e+00	6.24029e+00	0.00000e+00	9.35829e-02
5.83281e+02	2.76722e+02	2.27022e+03	1.17799e+03	2.30606e+00	0.00000e+00	0.00000e+00	6.26445e+00	0.00000e+00	9.37165e-02
5.86458e+02	2.76815e+02	2.26846e+03	1.17858e+03	2.30991e+00	0.00000e+00	0.00000e+00	6.28858e+00	0.00000e+00	9.38485e-02
5.89634e+02	2.76908e+02	2.26671e+03	1.17918e+03	2.31375e+00	0.00000e+00	0.00000e+00	6.31267e+00	0.00000e+00	9.39788e-02
5.92811e+02	2.77002e+02	2.26496e+03	1.17977e+03	2.31757e+00	0.00000e+00	0.00000e+00	6.33672e+00	0.00000e+00	9.41073e-02
5.95987e+02	2.77095e+02	2.26320e+03	1.18036e+03	2.32138e+00	0.00000e+00	0.00000e+00	6.36072e+00	0.00000e+00	9.42340e-02
5.99164e+02	2.77188e+02	2.26145e+03	1.18095e+03	2.32517e+00	0.00000e+00	0.00000e+00	6.38468e+00	0.00000e+00	9.43589e-02
6.02340e+02	2.77281e+02	2.25971e+03	1.18154e+03	2.32894e+00	0.00000e+00	0.00000e+00	6.40860e+00	0.00000e+00	9.44819e-02
6.05517e+02	2.77374e+02	2.25796e+03	1.18212e+03	2.33270e+00	0.00000e+00	0.00000e+00	6.43248e+00	0.00000e+00	9.46031e-02
6.08693e+02	2.77468e+02	2.25622e+03	1.18270e+03	2.33644e+00	0.00000e+00	0.00000e+00	6.45633e+00	0.00000e+00	9.47223e-02
6.11870e+02	2.77561e+02	2.25447e+03	1.18328e+03	2.34017e+00	0.00000e+00	0.00000e+00	6.48014e+00	0.00000e+00	9.48396e-02
6.15046e+02	2.77654e+02	2.25273e+03	1.18386e+03	2.34389e+00	0.00000e+00	0.00000e+00	6.50391e+00	0.00000e+00	9.49550e-02
6.18223e+02	2.77748e+02	2.25099e+03	1.18444e+03	2.34759e+00	0.00000e+00	0.00000e+00	6.52766e+00	0.00000e+00	9.50685e-02
6.21399e+02	2.77841e+02	2.24925e+03	1.18501e+03	2.35128e+00	0.00000e+00	0.00000e+00	6.55138e+00	0.00000e+00	9.51801e-02
6.24576e+02	2.77935e+02	2.24752e+03	1.18559e+03	2.35496e+00	0.00000e+00	0.00000e+00	6.57507e+00	0.00000e+00	9.52898e-02
6.27752e+02	2.78028e+02	2.24578e+03	1.18616e+03	2.35863e+00	0.00000e+00	0.00000e+00	6.59874e+00	0.00000e+00	9.53975e-02
6.30929e+02	2.78122e+02	2.24405e+03	1.18673e+03	2.36228e+00	0.00000e+00	0.00000e+00	6.62238e+00	0.00000e+00	9.55033e-02
6.34105e+02	2.78215e+02	2.24231e+03	1.18730e+03	2.36593e+00	0.00000e+00	0.00000e+00	6.64601e+00	0.00000e+00	9.56072e-02
6.37282e+02	2.78309e+02	2.24058e+03	1.18786e+03	2.36956e+00	0.00000e+00	0.00000e+00	6.66962e+00	0.00000e+00	9.57091e-02
6.40458e+02	2.78403e+02	2.23885e+03	1.18843e+03	2.37318e+00	0.00000e+00	0.00000e+00	6.69321e+00	0.00000e+00	9.58091e-02
6.43635e+02	2.78496e+02	2.23713e+03	1.18899e+03	2.37680e+00	0.00000e+00	0.00000e+00	6.71680e+00	0.00000e+00	9.59072e-02
6.46811e+02	2.78590e+02	2.23540e+03	1.18955e+03	2.38040e+00	0.00000e+00	0.00000e+00	6.74037e+00	0.00000e+00	9.60033e-02
6.49988e+02	2.78684e+02	2.23368e+03	1.19011e+03	2.38400e+00	0.00000e+00	0.00000e+00	6.76394e+00	0.00000e+00	9.60975e-02
6.53164e+02	2.78778e+02	2.23195e+03	1.19067e+03	2.38759e+00	0.00000e+00	0.00000e+00	6.78750e+00	0.00000e+00	9.61897e-02
6.56341e+02	2.78872e+02	2.23023e+03	1.19122e+03	2.39117e+00	0.00000e+00	0.00000e+00	6.81105e+00	0.00000e+00	9.62800e-02
6.59517e+02	2.78965e+02	2.22851e+03	1.19178e+03	2.39474e+00	0.00000e+00	0.00000e+00	6.83461e+00	0.00000e+00	9.63683e-02
6.62694e+02	2.79059e+02	2.22679e+03	1.19233e+03	2.39831e+00	0.00000e+00	0.00000e+00	6.85816e+00	0.00000e+00	9.64547e-02
6.65870e+02	2.79153e+02	2.22508e+03	1.19288e+03	2.40187e+00	0.00000e+00	0.00000e+00	6.88171e+00	0.00000e+00	9.65392e-02
6.69047e+02	2.79247e+02	2.22336e+03	1.19343e+03	2.40542e+00	0.00000e+00	0.00000e+00	6.90527e+00	0.00000e+00	9.66217e-02
6.72223e+02	2.79341e+02	2.22165e+03	1.19398e+03	2.40897e+00	0.00000e+00	0.00000e+00	6.92884e+00	0.00000e+00	9.67022e-02
6.75400e+02	2.79435e+02	2.21994e+03	1.19453e+03	2.41251e+00	0.00000e+00	0.00000e+00	6.95241e+00	0.00000e+00	9.67808e-02
6.78576e+02	2.79529e+02	2.21823e+03	1.19507e+03	2.41605e+00	0.00000e+00	0.00000e+00	6.97600e+00	0.00000e+00	9.68575e-02
6.81753e+02	2.79623e+02	2.21652e+03	1.19561e+03	2.41959e+00	0.00000e+00	0.00000e+00	6.99960e+00	0.00000e+00	9.69322e-02
6.84929e+02	2.79717e+02	2.21481e+03	1.19616e+03	2.42312e+00	0.00000e+00	0.00000e+00	7.02323e+00	0.00000e+00	9.70050e-02
6.88106e+02	2.79811e+02	2.21310e+03	1.19670e+03	2.42665e+00	0.00000e+00	0.00000e+00	7.04690e+00	0.00000e+00	9.70758e-02
6.91282e+02	2.79905e+02	2.21140e+03	1.19723e+03	2.43018e+00	0.00000e+00	0.00000e+00	7.07062e+00	0.00000e+00	9.71446e-02
6.94459e+02	2.80000e+02	2.20970e+03	1.19777e+03	2.43372e+00	0.00000e+00	0.00000e+00	7.09440e+00	0.00000e+00	9.72116e-02
6.97635e+02	2.80094e+02	2.20800e+03	1.19831e+03	2.43726e+00	0.00000e+00	0.00000e+00	7.11825e+00	0.00000e+00	9.72765e-02
7.00812e+02	2.80188e+02	2.20630e+03	1.19884e+03	2.44081e+00	0.00000e+00	0.00000e+00	7.14216e+00	0.00000e+00	9.73396e-02
7.03988e+02	2.80282e+02	2.20460e+03	1.19937e+03	2.44436e+00	0.00000e+00	0.00000e+00	7.16615e+00	0.00000e+00	9.74007e-02
7.07165e+02	2.80282e+02	2.20311e+03	1.36703e+03	4.44376e+00	2.28243e+00	1.30933e+02	1.74994e+01	7.12149e+00	0.00000e+00
7.10341e+02	2.80282e+02	2.20162e+03	1.36716e+03	4.44566e+00	2.28384e+00	1.30933e+02	1.75124e+01	7.13102e+00	0.00000e+00
7.13518e+02	2.80282e+02	2.20013e+03	1.36730e+03	4.44755e+00	2.28525e+00	1.30933e+02	1.75254e+01	7.14055e+00	0.00000e+00
7.16694e+02	2.80282e+02	2.19864e+03	1.36744e+03	4.44944e+00	2.28666e+00	1.30933e+02	1.75384e+01	7.15008e+00	0.00000e+00
7.19871e+02	2.80282e+02	2.19716e+03	1.36758e+03	4.45133e+00	2.28807e+00	1.30933e+02	1.75515e+01	7.15961e+00	0.00000e+00
7.23047e+02	2.80325e+02	2.19567e+03	1.36771e+03	4.45323e+00	2.28948e+00	1.30825e+02	1.75645e+01	7.16914e+00	0.00000e+00
7.26224e+02	2.80554e+02	2.19418e+03	1.36783e+03	4.45514e+00	2.29090e+00	1.30242e+02	1.75775e+01	7.17867e+00	0.00000e+00
7.29400e+02	2.80784e+02	2.19270e+03	1.36795e+03	4.45706e+00	2.29232e+00	1.29663e+02	1.75905e+01	7.18820e+00	0.00000e+00
7.32577e+02	2.81014e+02	2.19121e+03	1.36807e+03	4.45897e+00	2.29374e+00	1.29087e+02	1.76036e+01	7.19773e+00	0.00000e+00
7.35753e+02	2.81239e+02	2.18973e+03	1.36819e+03	4.46088e+00	2.29515e+00	1.28524e+02	1.76166e+01	7.20726e+00	0.00000e+00
7.38930e+02	2.81461e+02	2.18824e+03	1.36831e+03	4.46280e+00	2.29657e+00	1.27976e+02	1.76296e+01	7.21679e+00	0.00000e+00
7.42106e+02	2.81682e+02	2.18676e+03	1.36843e+03	4.46471e+00	2.29799e+00	1.27431e+02	1.76426e+01	7.22632e+00	0.00000e+00
7.45283e+02	2.81904e+02	2.18528e+03	1.36855e+03	4.46662e+00	2.29940e+00	1.26888e+02	1.76557e+01	7.23585e+00	0.00000e+00
7.48459e+02	2.82125e+02	2.18379e+03	1.36866e+03	4.46853e+00	2.30082e+00	1.26349e+02	1.76687e+01	7.24538e+00	0.00000e+00
7.51636e+02	2.82347e+02	2.18231e+03	1.36878e+03	4.47044e+00	2.30223e+00	1.25814e+02	1.76817e+01	7.25491e+00	0.00000e+00
7.54812e+02	2.82568e+02	2.18083e+03	1.36890e+03	4.47236e+00	2.30364e+00	1.25281e+02	1.76947e+01	7.26444e+00	0.00000e+00
7.57989e+02	2.82790e+02	2.17935e+03	1.36901e+03	4.47427e+00	2.30506e+00	1.24751e+02	1.77078e+01	7.27397e+00	0.00000e+00
7.61165e+02	2.83007e+02	2.17787e+03	1.36913e+03	4.47618e+00	2.30647e+00	1.24234e+02	1.77208e+01	7.28350e+00	0.00000e+00
7.64342e+02	2.83221e+02	2.17639e+03	1.36925e+03	4.47809e+00	2.30788e+00	1.23728e+02	1.77338e+01	7.29303e+00	0.00000e+00
7.67518e+02	2.83435e+02	2.17491e+03	1.36936e+03	4.48000e+00	2.30929e+00	1.23226e+02	1.77468e+01	7.30255e+00	0.00000e+00
7.70695e+02	2.83648e+02	2.17343e+03	1.36947e+03	4.48191e+00	2.31070e+00	1.22726e+02	1.77598e+01	7.31208e+00	0.00000e+00
7.73871e+02	2.83862e+02	2.17195e+03	1.36959e+03	4.48381e+00	2.31211e+00	1.22229e+02	1.77729e+01	7.32161e+00	0.00000e+00
7.77048e+02	2.84076e+02	2.17048e+03	1.36970e+03	4.48572e+00	2.31352e+00	1.21734e+02	1.77859e+01	7.33114e+00	0.00000e+00
7.80224e+02	2.84290e+02	2.16900e+03	1.36982e+03	4.48763e+00	2.31492e+00	1.21243e+02	1.77989e+01	7.34067e+00	0.00000e+00
7.83401e+02	2.84504e+02	2.16752e+03	1.36993e+03	4.48954e+00	2.31633e+00	1.20754e+02	1.78119e+01	7.35020e+00	0.00000e+00
7.86577e+02	2.84713e+02	2.16605e+03	1.37004e+03	4.49145e+00	2.31774e+00	1.20276e+02	1.78250e+01	7.35973e+00	0.00000e+00
7.89754e+02	2.84920e+02	2.16457e+03	1.37015e+03	4.49335e+00	2.31914e+00	1.19809e+02	1.78380e+01	7.36926e+00	0.00000e+00
7.92930e+02	2.85127e+02	2.16310e+03	1.37026e+03	4.49526e+00	2.32055e+00	1.19344e+02	1.78510e+01	7.37879e+00	0.00000e+00
7.96107e+02	2.85333e+02	2.16162e+03	1.37037e+03	4.49717e+00	2.32195e+00	1.18881e+02	1.78640e+01	7.38832e+00	0.00000e+00
7.99283e+02	2.85540e+02	2.16015e+03	1.37048e+03	4.49907e+00	2.32336e+00	1.18421e+02	1.78771e+01	7.39785e+00	0.00000e+00
8.02460e+02	2.85747e+02	2.15867e+03	1.37059e+03	4.50098e+00	2.32476e+00	1.17963e+02	1.78901e+01	7.40738e+00	0.00000e+00
8.05636e+02	2.85954e+02	2.15720e+03	1.37070e+03	4.50288e+00	2.32616e+00	1.17508e+02	1.79031e+01	7.41691e+00	0.00000e+00
8.08813e+02	2.86160e+02	2.15573e+03	1.37081e+03	4.50479e+00	2.32756e+00	1.17055e+02	1.79161e+01	7.42644e+00	0.00000e+00
8.11989e+02	2.86363e+02	2.15426e+03	1.37092e+03	4.50669e+00	2.32896e+00	1.16613e+02	1.79292e+01	7.43597e+00	0.00000e+00
8.15166e+02	2.86563e+02	2.15278e+03	1.37103e+03	4.50860e+00	2.33036e+00	1.16179e+02	1.79422e+01	7.44550e+00	0.00000e+00
8.18342e+02	2.86763e+02	2.15131e+03	1.37114e+03	4.51050e+00	2.33176e+00	1.15747e+02	1.79552e+01	7.45503e+00	0.00000e+00
8.21519e+02	2.86964e+02	2.14984e+03	1.37124e+03	4.51240e+00	2.33316e+00	1.15317e+02	1.79682e+01	7.46456e+00	0.00000e+00
8.24695e+02	2.87164e+02	2.14837e+03	1.37135e+03	4.51431e+00	2.33456e+00	1.14890e+02	1.79813e+01	7.47409e+00	0.00000e+00
8.27872e+02	2.87364e+02	2.14691e+03	1.37146e+03	4.51621e+00	2.33596e+00	1.14465e+02	1.79943e+01	7.48362e+00	0.00000e+00
8.31048e+02	2.87564e+02	2.14544e+03	1.37156e+03	4.51811e+00	2.33735e+00	1.14042e+02	1.80073e+01	7.49314e+00	0.00000e+00
8.34225e+02	2.87764e+02	2.14397e+03	1.37167e+03	4.52002e+00	2.33875e+00	1.13621e+02	1.80203e+01	7.50267e+00	0.00000e+00
8.37401e+02	2.87960e+02	2.14250e+03	1.37177e+03	4.52192e+00	2.34015e+00	1.13210e+02	1.80333e+01	7.51220e+00	0.00000e+00
8.40578e+02	2.88155e+02	2.14103e+03	1.37188e+03	4.52382e+00	2.34154e+00	1.12806e+02	1.80464e+01	7.52173e+00	0.00000e+00
8.43754e+02	2.88349e+02	2.13957e+03	1.37198e+03	4.52572e+00	2.34293e+00	1.12404e+02	1.80594e+01	7.53126e+00	0.00000e+00
8.46931e+02	2.88543e+02	2.13810e+03	1.37208e+03	4.52762e+00	2.34433e+00	1.12003e+02	1.80724e+01	7.54079e+00	0.00000e+00
8.50107e+02	2.88737e+02	2.13664e+03	1.37219e+03	4.52952e+00	2.34572e+00	1.11605e+02	1.80854e+01	7.55032e+00	0.00000e+00
8.53284e+02	2.88931e+02	2.13517e+03	1.37229e+03	4.53142e+00	2.34711e+00	1.11209e+02	1.80985e+01	7.55985e+00	0.00000e+00
8.56460e+02	2.89125e+02	2.13371e+03	1.37239e+03	4.53332e+00	2.34850e+00	1.10815e+02	1.81115e+01	7.56938e+00	0.00000e+00
8.59637e+02	2.89319e+02	2.13224e+03	1.37249e+03	4.53522e+00	2.34990e+00	1.10422e+02	1.81245e+01	7.57891e+00	0.00000e+00
8.62813e+02	2.89510e+02	2.13078e+03	1.37259e+03	4.53712e+00	2.35129e+00	1.10039e+02	1.81375e+01	7.58844e+00	0.00000e+00
8.65990e+02	2.89698e+02	2.12932e+03	1.37269e+03	4.53902e+00	2.35268e+00	1.09661e+02	1.81506e+01	7.59797e+00	0.00000e+00
8.69166e+02	2.89887e+02	2.12786e+03	1.37279e+03	4.54092e+00	2.35406e+00	1.09286e+02	1.81636e+01	7.60750e+00	0.00000e+00
8.72343e+02	2.90075e+02	2.12640e+03	1.37289e+03	4.54282e+00	2.35545e+00	1.08912e+02	1.81766e+01	7.61703e+00	0.00000e+00
8.75519e+02	2.90264e+02	2.12494e+03	1.37299e+03	4.54471e+00	2.35684e+00	1.08540e+02	1.81896e+01	7.62656e+00	0.00000e+00
8.78696e+02	2.90452e+02	2.12348e+03	1.37309e+03	4.54661e+00	2.35823e+00	1.08169e+02	1.82027e+01	7.63609e+00	0.00000e+00
8.81872e+02	2.90641e+02	2.12202e+03	1.37319e+03	4.54851e+00	2.35961e+00	1.07800e+02	1.82157e+01	7.64562e+00	0.00000e+00
8.85049e+02	2.90829e+02	2.12056e+03	1.37329e+03	4.55041e+00	2.36100e+00	1.07433e+02	1.82287e+01	7.65515e+00	0.00000e+00
8.88225e+02	2.91014e+02	2.11910e+03	1.37339e+03	4.55230e+00	2.36239e+00	1.07075e+02	1.82417e+01	7.66468e+00	0.00000e+00
8.91402e+02	2.91198e+02	2.11764e+03	1.37348e+03	4.55420e+00	2.36377e+00	1.06721e+02	1.82547e+01	7.67421e+00	0.00000e+00
8.94578e+02	2.91381e+02	2.11618e+03	1.37358e+03	4.55609e+00	2.36515e+00	1.06369e+02	1.82678e+01	7.68373e+00	0.00000e+00
8.97755e+02	2.91565e+02	2.11473e+03	1.37367e+03	4.55799e+00	2.36654e+00	1.06019e+02	1.82808e+01	7.69326e+00	0.00000e+00
9.00931e+02	2.91748e+02	2.11327e+03	1.37377e+03	4.55989e+00	2.36792e+00	1.05670e+02	1.82938e+01	7.70279e+00	0.00000e+00
9.04108e+02	2.91932e+02	2.11181e+03	1.37387e+03	4.56178e+00	2.36930e+00	1.05322e+02	1.83068e+01	7.71232e+00	0.00000e+00
9.07284e+02	2.92115e+02	2.11036e+03	1.37396e+03	4.56368e+00	2.37068e+00	1.04977e+02	1.83199e+01	7.72185e+00	0.00000e+00
9.10461e+02	2.92298e+02	2.10890e+03	1.37405e+03	4.56557e+00	2.37207e+00	1.04633e+02	1.83329e+01	7.73138e+00	0.00000e+00
9.13637e+02	2.92478e+02	2.10745e+03	1.37415e+03	4.56747e+00	2.37345e+00	1.04296e+02	1.83459e+01	7.74091e+00	0.00000e+00
9.16814e+02	2.92657e+02	2.10600e+03	1.37424e+03	4.56936e+00	2.37483e+00	1.03964e+02	1.83589e+01	7.75044e+00	0.00000e+00
9.19990e+02	2.92836e+02	2.10454e+03	1.37433e+03	4.57125e+00	2.37620e+00	1.03633e+02	1.83720e+01	7.75997e+00	0.00000e+00
9.23167e+02	2.93015e+02	2.10309e+03	1.37443e+03	4.57315e+00	2.37758e+00	1.03303e+02	1.83850e+01	7.76950e+00	0.00000e+00
9.26343e+02	2.93193e+02	2.10164e+03	1.37452e+03	4.57504e+00	2.37896e+00	1.02975e+02	1.83980e+01	7.77903e+00	0.00000e+00
9.29520e+02	2.93372e+02	2.10019e+03	1.37461e+03	4.57693e+00	2.38034e+00	1.02649e+02	1.84110e+01	7.78856e+00	0.00000e+00
9.32696e+02	2.93551e+02	2.09874e+03	1.37470e+03	4.57883e+00	2.38172e+00	1.02324e+02	1.84241e+01	7.79809e+00	0.00000e+00
9.35873e+02	2.93729e+02	2.09729e+03	1.37479e+03	4.58072e+00	2.38309e+00	1.02000e+02	1.84371e+01	7.80762e+00	0.00000e+00
9.39049e+02	2.93905e+02	2.09584e+03	1.37488e+03	4.58261e+00	2.38447e+00	1.01683e+02	1.84501e+01	7.81715e+00	0.00000e+00
9.42226e+02	2.94079e+02	2.09439e+03	1.37497e+03	4.58450e+00	2.38584e+00	1.01370e+02	1.84631e+01	7.82668e+00	0.00000e+00
9.45402e+02	2.94254e+02	2.09294e+03	1.37506e+03	4.58639e+00	2.38722e+00	1.01058e+02	1.84761e+01	7.83621e+00	0.00000e+00
9.48579e+02	2.94428e+02	2.09150e+03	1.37515e+03	4.58828e+00	2.38859e+00	1.00748e+02	1.84892e+01	7.84574e+00	0.00000e+00
9.51755e+02	2.94603e+02	2.09005e+03	1.37524e+03	4.59017e+00	2.38996e+00	1.00439e+02	1.85022e+01	7.85527e+00	0.00000e+00
9.54932e+02	2.94777e+02	2.08860e+03	1.37533e+03	4.59206e+00	2.39134e+00	1.00131e+02	1.85152e+01	7.86480e+00	0.00000e+00
9.58108e+02	2.94951e+02	2.08716e+03	1.37542e+03	4.59396e+00	2.39271e+00	9.98240e+01	1.85282e+01	7.87432e+00	0.00000e+00
9.61285e+02	2.95126e+02	2.08571e+03	1.37550e+03	4.59585e+00	2.39408e+00	9.95187e+01	1.85413e+01	7.88385e+00	0.00000e+00
9.64461e+02	2.95297e+02	2.08427e+03	1.37559e+03	4.59773e+00	2.39545e+00	9.92199e+01	1.85543e+01	7.89338e+00	0.00000e+00
9.67638e+02	2.95468e+02	2.08282e+03	1.37568e+03	4.59962e+00	2.39682e+00	9.89240e+01	1.85673e+01	7.90291e+00	0.00000e+00
9.70814e+02	2.95638e+02	2.08138e+03	1.37576e+03	4.60151e+00	2.39819e+00	9.86293e+01	1.85803e+01	7.91244e+00	0.00000e+00
9.73991e+02	2.95809e+02	2.07994e+03	1.37585e+03	4.60340e+00	2.39956e+00	9.83358e+01	1.85934e+01	7.92197e+00	0.00000e+00
9.77167e+02	2.95979e+02	2.07849e+03	1.37593e+03	4.60529e+00	2.40093e+00	9.80435e+01	1.86064e+01	7.93150e+00	0.00000e+00
9.80344e+02	2.96150e+02	2.07705e+03	1.37602e+03	4.60718e+00	2.40230e+00	9.77524e+01	1.86194e+01	7.94103e+00	0.00000e+00
9.83520e+02	2.96320e+02	2.07561e+03	1.37610e+03	4.60907e+00	2.40366e+00	9.74625e+01	1.86324e+01	7.95056e+00	0.00000e+00
9.86697e+02	2.96491e+02	2.07417e+03	1.37618e+03	4.61095e+00	2.40503e+00	9.71738e+01	1.86455e+01	7.96009e+00	0.00000e+00
9.89873e+02	2.96658e+02	2.07273e+03	1.37627e+03	4.61284e+00	2.40640e+00	9.68911e+01	1.86585e+01	7.96962e+00	0.00000e+00
9.93050e+02	2.96825e+02	2.07129e+03	1.37635e+03	4.61473e+00	2.40776e+00	9.66108e+01	1.86715e+01	7.97915e+00	0.00000e+00
9.96226e+02	2.96992e+02	2.06985e+03	1.37643e+03	4.61661e+00	2.40913e+00	9.63315e+01	1.86845e+01	7.98868e+00	0.00000e+00
9.99403e+02	2.97159e+02	2.06841e+03	1.37651e+03	4.61850e+00	2.41049e+00	9.60534e+01	1.86976e+01	7.99821e+00	0.00000e+00
1.00258e+03	2.97326e+02	2.06698e+03	1.37660e+03	4.62039e+00	2.41186e+00	9.57764e+01	1.87106e+01	8.00774e+00	0.00000e+00
1.00576e+03	2.97493e+02	2.06554e+03	1.37668e+03	4.62227e+00	2.41322e+00	9.55005e+01	1.87236e+01	8.01727e+00	0.00000e+00
1.00893e+03	2.97660e+02	2.06410e+03	1.37676e+03	4.62416e+00	2.41458e+00	9.52258e+01	1.87366e+01	8.02680e+00	0.00000e+00
1.01211e+03	2.97826e+02	2.06267e+03	1.37684e+03	4.62604e+00	2.41595e+00	9.49521e+01	1.87496e+01	8.03633e+00	0.00000e+00
1.01529e+03	2.97991e+02	2.06123e+03	1.37692e+03	4.62793e+00	2.41731e+00	9.46838e+01	1.87627e+01	8.04586e+00	0.00000e+00
1.01846e+03	2.98154e+02	2.05980e+03	1.37700e+03	4.62981e+00	2.41867e+00	9.44176e+01	1.87757e+01	8.05538e+00	0.00000e+00
1.02164e+03	2.98318e+02	2.05836e+03	1.37708e+03	4.63170e+00	2.42003e+00	9.41524e+01	1.87887e+01	8.06491e+00	0.00000e+00
1.02481e+03	2.98482e+02	2.05693e+03	1.37716e+03	4.63358e+00	2.42139e+00	9.38882e+01	1.88017e+01	8.07444e+00	0.00000e+00
1.02799e+03	2.98645e+02	2.05550e+03	1.37723e+03	4.63547e+00	2.42275e+00	9.36250e+01	1.88148e+01	8.08397e+00	0.00000e+00
1.03117e+03	2.98809e+02	2.05406e+03	1.37731e+03	4.63735e+00	2.42411e+00	9.33629e+01	1.88278e+01	8.09350e+00	0.00000e+00
1.03434e+03	2.98973e+02	2.05263e+03	1.37739e+03	4.63923e+00	2.42547e+00	9.31018e+01	1.88408e+01	8.10303e+00	0.00000e+00
1.03752e+03	2.99136e+02	2.05120e+03	1.37747e+03	4.64112e+00	2.42683e+00	9.28417e+01	1.88538e+01	8.11256e+00	0.00000e+00
1.04070e+03	2.99297e+02	2.04977e+03	1.37754e+03	4.64300e+00	2.42818e+00	9.25866e+01	1.88669e+01	8.12209e+00	0.00000e+00
1.04387e+03	2.99458e+02	2.04834e+03	1.37762e+03	4.64488e+00	2.42954e+00	9.23331e+01	1.88799e+01	8.13162e+00	0.00000e+00
1.04705e+03	2.99619e+02	2.04691e+03	1.37769e+03	4.64676e+00	2.43090e+00	9.20806e+01	1.88929e+01	8.14115e+00	0.00000e+00
1.05023e+03	2.99780e+02	2.04548e+03	1.37777e+03	4.64865e+00	2.43225e+00	9.18291e+01	1.89059e+01	8.15068e+00	0.00000e+00
1.05340e+03	2.99940e+02	2.04406e+03	1.37785e+03	4.65053e+00	2.43361e+00	9.15785e+01	1.89190e+01	8.16021e+00	0.00000e+00
1.05658e+03	3.00101e+02	2.04263e+03	1.37792e+03	4.65241e+00	2.43496e+00	9.13288e+01	1.89320e+01	8.16974e+00	0.00000e+00
1.05976e+03	3.00262e+02	2.04120e+03	1.37799e+03	4.65429e+00	2.43632e+00	9.10801e+01	1.89450e+01	8.17927e+00	0.00000e+00
1.06293e+03	3.00422e+02	2.03978e+03	1.37807e+03	4.65617e+00	2.43767e+00	9.08324e+01	1.89580e+01	8.18880e+00	0.00000e+00
1.06611e+03	3.00581e+02	2.03835e+03	1.37814e+03	4.65805e+00	2.43902e+00	9.05891e+01	1.89710e+01	8.19833e+00	0.00000e+00
1.06929e+03	3.00739e+02	2.03693e+03	1.37821e+03	4.65993e+00	2.44038e+00	9.03472e+01	1.89841e+01	8.20786e+00	0.00000e+00
1.07246e+03	3.00897e+02	2.03550e+03	1.37829e+03	4.66181e+00	2.44173e+00	9.01063e+01	1.89971e+01	8.21739e+00	0.00000e+00
1.07564e+03	3.01055e+02	2.03408e+03	1.37836e+03	4.66369e+00	2.44308e+00	8.98662e+01	1.90101e+01	8.22692e+00	0.00000e+00
1.07882e+03	3.01213e+02	2.03265e+03	1.37843e+03	4.66557e+00	2.44443e+00	8.96270e+01	1.90231e+01	8.23645e+00	0.00000e+00
1.08199e+03	3.01371e+02	2.03123e+03	1.37850e+03	4.66745e+00	2.44578e+00	8.93887e+01	1.90362e+01	8.24597e+00	0.00000e+00
1.08517e+03	3.01529e+02	2.02981e+03	1.37857e+03	4.66933e+00	2.44713e+00	8.91512e+01	1.90492e+01	8.25550e+00	0.00000e+00
1.08834e+03	3.01687e+02	2.02839e+03	1.37864e+03	4.67121e+00	2.44848e+00	8.89147e+01	1.90622e+01	8.26503e+00	0.00000e+00
1.09152e+03	3.01843e+02	2.02697e+03	1.37871e+03	4.67309e+00	2.44983e+00	8.86822e+01	1.90752e+01	8.27456e+00	0.00000e+00
1.09470e+03	3.01999e+02	2.02555e+03	1.37878e+03	4.67497e+00	2.45118e+00	8.84509e+01	1.90883e+01	8.28409e+00	0.00000e+00
1.09787e+03	3.02155e+02	2.02413e+03	1.37885e+03	4.67684e+00	2.45252e+00	8.82204e+01	1.91013e+01	8.29362e+00	0.00000e+00
1.10105e+03	3.02311e+02	2.02271e+03	1.37892e+03	4.67872e+00	2.45387e+00	8.79908e+01	1.91143e+01	8.30315e+00	0.00000e+00
1.10423e+03	3.02466e+02	2.02129e+03	1.37899e+03	4.68060e+00	2.45522e+00	8.77620e+01	1.91273e+01	8.31268e+00	0.00000e+00
1.10740e+03	3.02622e+02	2.01988e+03	1.37906e+03	4.68247e+00	2.45656e+00	8.75340e+01	1.91404e+01	8.32221e+00	0.00000e+00
1.11058e+03	3.02778e+02	2.01846e+03	1.37913e+03	4.68435e+00	2.45791e+00	8.73068e+01	1.91534e+01	8.33174e+00	0.00000e+00
1.11376e+03	3.02934e+02	2.01704e+03	1.37919e+03	4.68623e+00	2.45925e+00	8.70805e+01	1.91664e+01	8.34127e+00	0.00000e+00
1.11693e+03	3.03087e+02	2.01563e+03	1.37926e+03	4.68810e+00	2.46060e+00	8.68578e+01	1.91794e+01	8.35080e+00	0.00000e+00
1.12011e+03	3.03241e+02	2.01421e+03	1.37933e+03	4.68998e+00	2.46194e+00	8.66361e+01	1.91924e+01	8.36033e+00	0.00000e+00
1.12329e+03	3.03395e+02	2.01280e+03	1.37939e+03	4.69186e+00	2.46329e+00	8.64152e+01	1.92055e+01	8.36986e+00	0.00000e+00
1.12646e+03	3.03548e+02	2.01138e+03	1.37946e+03	4.69373e+00	2.46463e+00	8.61951e+01	1.92185e+01	8.37939e+00	0.00000e+00
1.12964e+03	3.03702e+02	2.00997e+03	1.37952e+03	4.69561e+00	2.46597e+00	8.59757e+01	1.92315e+01	8.38892e+00	0.00000e+00
1.13282e+03	3.03856e+02	2.00856e+03	1.37959e+03	4.69748e+00	2.46731e+00	8.57572e+01	1.92445e+01	8.39845e+00	0.00000e+00
1.13599e+03	3.04009e+02	2.00715e+03	1.37965e+03	4.69935e+00	2.46866e+00	8.55394e+01	1.92576e+01	8.40798e+00	0.00000e+00
1.13917e+03	3.04163e+02	2.00574e+03	1.37972e+03	4.70123e+00	2.47000e+00	8.53224e+01	1.92706e+01	8.41751e+00	0.00000e+00
1.14235e+03	3.04315e+02	2.00433e+03	1.37978e+03	4.70310e+00	2.47134e+00	8.51086e+01	1.92836e+01	8.42704e+00	0.00000e+00
1.14552e+03	3.04467e+02	2.00292e+03	1.37985e+03	4.70498e+00	2.47268e+00	8.48957e+01	1.92966e+01	8.43656e+00	0.00000e+00
1.14870e+03	3.04618e+02	2.00151e+03	1.37991e+03	4.70685e+00	2.47402e+00	8.46835e+01	1.93097e+01	8.44609e+00	0.00000e+00
1.15187e+03	3.04770e+02	2.00010e+03	1.37997e+03	4.70872e+00	2.47536e+00	8.44721e+01	1.93227e+01	8.45562e+00	0.00000e+00
1.15505e+03	3.04922e+02	1.99869e+03	1.38004e+03	4.71059e+00	2.47669e+00	8.42614e+01	1.93357e+01	8.46515e+00	0.00000e+00
1.15823e+03	3.05074e+02	1.99728e+03	1.38010e+03	4.71247e+00	2.47803e+00	8.40514e+01	1.93487e+01	8.47468e+00	0.00000e+00
1.16140e+03	3.05226e+02	1.99588e+03	1.38016e+03	4.71434e+00	2.47937e+00	8.38422e+01	1.93618e+01	8.48421e+00	0.00000e+00
1.16458e+03	3.05377e+02	1.99447e+03	1.38022e+03	4.71621e+00	2.48071e+00	8.36337e+01	1.93748e+01	8.49374e+00	0.00000e+00
1.16776e+03	3.05528e+02	1.99307e+03	1.38028e+03	4.71808e+00	2.48204e+00	8.34281e+01	1.93878e+01	8.50327e+00	0.00000e+00
1.17093e+03	3.05678e+02	1.99166e+03	1.38034e+03	4.71995e+00	2.48338e+00	8.32232e+01	1.94008e+01	8.51280e+00	0.00000e+00
1.17411e+03	3.05828e+02	1.99026e+03	1.38040e+03	4.72182e+00	2.48471e+00	8.30190e+01	1.94139e+01	8.52233e+00	0.00000e+00
1.17729e+03	3.05978e+02	1.98885e+03	1.38046e+03	4.72370e+00	2.48605e+00	8.28155e+01	1.94269e+01	8.53186e+00	0.00000e+00
1.18046e+03	3.06128e+02	1.98745e+03	1.38052e+03	4.72557e+00	2.48738e+00	8.26127e+01	1.94399e+01	8.54139e+00	0.00000e+00
1.18364e+03	3.06279e+02	1.98605e+03	1.38058e+03	4.72744e+00	2.48872e+00	8.24106e+01	1.94529e+01	8.55092e+00	0.00000e+00
1.18682e+03	3.06429e+02	1.98465e+03	1.38064e+03	4.72931e+00	2.49005e+00	8.22091e+01	1.94659e+01	8.56045e+00	0.00000e+00
1.18999e+03	3.06579e+02	1.98325e+03	1.38070e+03	4.73118e+00	2.49138e+00	8.20085e+01	1.94790e+01	8.56998e+00	0.00000e+00
1.19317e+03	3.06728e+02	1.98185e+03	1.38076e+03	4.73304e+00	2.49271e+00	8.18103e+01	1.94920e+01	8.57951e+00	0.00000e+00
1.19635e+03	3.06877e+02	1.98045e+03	1.38082e+03	4.73491e+00	2.49405e+00	8.16127e+01	1.95050e+01	8.58904e+00	0.00000e+00
1.19952e+03	3.07026e+02	1.97905e+03	1.38087e+03	4.73678e+00	2.49538e+00	8.14158e+01	1.95180e+01	8.59857e+00	0.00000e+00
1.20270e+03	3.07175e+02	1.97765e+03	1.38093e+03	4.73865e+00	2.49671e+00	8.12196e+01	1.95311e+01	8.60810e+00	0.00000e+00
1.20588e+03	3.07323e+02	1.97625e+03	1.38099e+03	4.74052e+00	2.49804e+00	8.10241e+01	1.95441e+01	8.61763e+00	0.00000e+00
1.20905e+03	3.07472e+02	1.97486e+03	1.38104e+03	4.74239e+00	2.49937e+00	8.08292e+01	1.95571e+01	8.62715e+00	0.00000e+00
1.21223e+03	3.07621e+02	1.97346e+03	1.38110e+03	4.74425e+00	2.50070e+00	8.06349e+01	1.95701e+01	8.63668e+00	0.00000e+00
1.21540e+03	3.07770e+02	1.97207e+03	1.38116e+03	4.74612e+00	2.50203e+00	8.04415e+01	1.95832e+01	8.64621e+00	0.00000e+00
1.21858e+03	3.07918e+02	1.97067e+03	1.38121e+03	4.74799e+00	2.50335e+00	8.02500e+01	1.95962e+01	8.65574e+00	0.00000e+00
1.22176e+03	3.08065e+02	1.96928e+03	1.38127e+03	4.74985e+00	2.50468e+00	8.00592e+01	1.96092e+01	8.66527e+00	0.00000e+00
1.22493e+03	3.08213e+02	1.96788e+03	1.38132e+03	4.75172e+00	2.50601e+00	7.98690e+01	1.96222e+01	8.67480e+00	0.00000e+00
1.22811e+03	3.08361e+02	1.96649e+03	1.38138e+03	4.75359e+00	2.50733e+00	7.96795e+01	1.96353e+01	8.68433e+00	0.00000e+00
1.23129e+03	3.08508e+02	1.96510e+03	1.38143e+03	4.75545e+00	2.50866e+00	7.94906e+01	1.96483e+01	8.69386e+00	0.00000e+00
1.23446e+03	3.08656e+02	1.96371e+03	1.38148e+03	4.75732e+00	2.50999e+00	7.93023e+01	1.96613e+01	8.70339e+00	0.00000e+00
1.23764e+03	3.08804e+02	1.96232e+03	1.38154e+03	4.75918e+00	2.51131e+00	7.91147e+01	1.96743e+01	8.71292e+00	0.00000e+00
1.24082e+03	3.08951e+02	1.96093e+03	1.38159e+03	4.76105e+00	2.51264e+00	7.89277e+01	1.96873e+01	8.72245e+00	0.00000e+00
1.24399e+03	3.09098e+02	1.95954e+03	1.38164e+03	4.76291e+00	2.51396e+00	7.87425e+01	1.97004e+01	8.73198e+00	0.00000e+00
1.24717e+03	3.09245e+02	1.95815e+03	1.38169e+03	4.76478e+00	2.51528e+00	7.85579e+01	1.97134e+01	8.74151e+00	0.00000e+00
1.25035e+03	3.09392e+02	1.95676e+03	1.38175e+03	4.76664e+00	2.51661e+00	7.83739e+01	1.97264e+01	8.75104e+00	0.00000e+00
1.25352e+03	3.09538e+02	1.95537e+03	1.38180e+03	4.76850e+00	2.51793e+00	7.81905e+01	1.97394e+01	8.76057e+00	0.00000e+00
1.25670e+03	3.09685e+02	1.95399e+03	1.38185e+03	4.77037e+00	2.51925e+00	7.80077e+01	1.97525e+01	8.77010e+00	0.00000e+00
1.25988e+03	3.09832e+02	1.95260e+03	1.38190e+03	4.77223e+00	2.52057e+00	7.78255e+01	1.97655e+01	8.77963e+00	0.00000e+00
1.26305e+03	3.09979e+02	1.95121e+03	1.38195e+03	4.77409e+00	2.52190e+00	7.76439e+01	1.97785e+01	8.78916e+00	0.00000e+00
1.26623e+03	3.10125e+02	1.94983e+03	1.38200e+03	4.77595e+00	2.52322e+00	7.74630e+01	1.97915e+01	8.79869e+00	0.00000e+00
1.26941e+03	3.10271e+02	1.94845e+03	1.38205e+03	4.77782e+00	2.52454e+00	7.72835e+01	1.98046e+01	8.80822e+00	0.00000e+00
1.27258e+03	3.10417e+02	1.94706e+03	1.38210e+03	4.77968e+00	2.52586e+00	7.71046e+01	1.98176e+01	8.81774e+00	0.00000e+00
1.27576e+03	3.10563e+02	1.94568e+03	1.38215e+03	4.78154e+00	2.52718e+00	7.69263e+01	1.98306e+01	8.82727e+00	0.00000e+00
1.27893e+03	3.10709e+02	1.94430e+03	1.38220e+03	4.78340e+00	2.52849e+00	7.67486e+01	1.98436e+01	8.83680e+00	0.00000e+00
1.28211e+03	3.10855e+02	1.94292e+03	1.38225e+03	4.78526e+00	2.52981e+00	7.65714e+01	1.98567e+01	8.84633e+00	0.00000e+00
1.28529e+03	3.11001e+02	1.94154e+03	1.38230e+03	4.78712e+00	2.53113e+00	7.63948e+01	1.98697e+01	8.85586e+00	0.00000e+00
1.28846e+03	3.11147e+02	1.94016e+03	1.38235e+03	4.78898e+00	2.53245e+00	7.62188e+01	1.98827e+01	8.86539e+00	0.00000e+00
1.29164e+03	3.11293e+02	1.93878e+03	1.38239e+03	4.79084e+00	2.53376e+00	7.60434e+01	1.98957e+01	8.87492e+00	0.00000e+00
1.29482e+03	3.11439e+02	1.93740e+03	1.38244e+03	4.79270e+00	2.53508e+00	7.58692e+01	1.99088e+01	8.88445e+00	0.00000e+00
1.29799e+03	3.11584e+02	1.93602e+03	1.38249e+03	4.79456e+00	2.53640e+00	7.56956e+01	1.99218e+01	8.89398e+00	0.00000e+00
1.30117e+03	3.11730e+02	1.93464e+03	1.38254e+03	4.79642e+00	2.53771e+00	7.55225e+01	1.99348e+01	8.90351e+00	0.00000e+00
1.30435e+03	3.11875e+02	1.93327e+03	1.38258e+03	4.79828e+00	2.53903e+00	7.53499e+01	1.99478e+01	8.91304e+00	0.00000e+00
1.30752e+03	3.12021e+02	1.93189e+03	1.38263e+03	4.80014e+00	2.54034e+00	7.51780e+01	1.99608e+01	8.92257e+00	0.00000e+00
1.31070e+03	3.12166e+02	1.93051e+03	1.38267e+03	4.80200e+00	2.54166e+00	7.50065e+01	1.99739e+01	8.93210e+00	0.00000e+00
1.31388e+03	3.12311e+02	1.92914e+03	1.38272e+03	4.80385e+00	2.54297e+00	7.48356e+01	1.99869e+01	8.94163e+00	0.00000e+00
1.31705e+03	3.12457e+02	1.92777e+03	1.38277e+03	4.80571e+00	2.54428e+00	7.46654e+01	1.99999e+01	8.95116e+00	0.00000e+00
1.32023e+03	3.12602e+02	1.92639e+03	1.38281e+03	4.80757e+00	2.54559e+00	7.44961e+01	2.00129e+01	8.96069e+00	0.00000e+00
1.32341e+03	3.12747e+02	1.92502e+03	1.38286e+03	4.80943e+00	2.54691e+00	7.43273e+01	2.00260e+01	8.97022e+00	0.00000e+00
1.32658e+03	3.12892e+02	1.92365e+03	1.38290e+03	4.81128e+00	2.54822e+00	7.41590e+01	2.00390e+01	8.97975e+00	0.00000e+00
1.32976e+03	3.13037e+02	1.92228e+03	1.38294e+03	4.81314e+00	2.54953e+00	7.39913e+01	2.00520e+01	8.98928e+00	0.00000e+00
1.33294e+03	3.13182e+02	1.92091e+03	1.38299e+03	4.81499e+00	2.55084e+00	7.38241e+01	2.00650e+01	8.99881e+00	0.00000e+00
1.33611e+03	3.13327e+02	1.91954e+03	1.38303e+03	4.81685e+00	2.55215e+00	7.36574e+01	2.00781e+01	9.00833e+00	0.00000e+00
1.33929e+03	3.13472e+02	1.91817e+03	1.38308e+03	4.81871e+00	2.55346e+00	7.34913e+01	2.00911e+01	9.01786e+00	0.00000e+00
1.34246e+03	3.13617e+02	1.91680e+03	1.38312e+03	4.82056e+00	2.55477e+00	7.33257e+01	2.01041e+01	9.02739e+00	0.00000e+00
1.34564e+03	3.13762e+02	1.91543e+03	1.38316e+03	4.82241e+00	2.55608e+00	7.31609e+01	2.01171e+01	9.03692e+00	0.00000e+00
1.34882e+03	3.13907e+02	1.91407e+03	1.38320e+03	4.82427e+00	2.55738e+00	7.29966e+01	2.01302e+01	9.04645e+00	0.00000e+00
1.35199e+03	3.14052e+02	1.91270e+03	1.38325e+03	4.82612e+00	2.55869e+00	7.28328e+01	2.01432e+01	9.05598e+00	0.00000e+00
1.35517e+03	3.14197e+02	1.91134e+03	1.38329e+03	4.82798e+00	2.56000e+00	7.26695e+01	2.01562e+01	9.06551e+00	0.00000e+00
1.35835e+03	3.14342e+02	1.90997e+03	1.38333e+03	4.82983e+00	2.56131e+00	7.25068e+01	2.01692e+01	9.07504e+00	0.00000e+00
1.36152e+03	3.14486e+02	1.90861e+03	1.38337e+03	4.83168e+00	2.56261e+00	7.23445e+01	2.01822e+01	9.08457e+00	0.00000e+00
1.36470e+03	3.14631e+02	1.90724e+03	1.38341e+03	4.83354e+00	2.56392e+00	7.21828e+01	2.01953e+01	9.09410e+00	0.00000e+00
1.36788e+03	3.14776e+02	1.90588e+03	1.38345e+03	4.83539e+00	2.56522e+00	7.20216e+01	2.02083e+01	9.10363e+00	0.00000e+00
1.37105e+03	3.14921e+02	1.90452e+03	1.38349e+03	4.83724e+00	2.56653e+00	7.18609e+01	2.02213e+01	9.11316e+00	0.00000e+00
1.37423e+03	3.15066e+02	1.90316e+03	1.38353e+03	4.83909e+00	2.56783e+00	7.17008e+01	2.02343e+01	9.12269e+00	0.00000e+00
1.37741e+03	3.15211e+02	1.90180e+03	1.38357e+03	4.84094e+00	2.56914e+00	7.15411e+01	2.02474e+01	9.13222e+00	0.00000e+00
1.38058e+03	3.15355e+02	1.90044e+03	1.38361e+03	4.84280e+00	2.57044e+00	7.13820e+01	2.02604e+01	9.14175e+00	0.00000e+00
1.38376e+03	3.15500e+02	1.89908e+03	1.38365e+03	4.84465e+00	2.57174e+00	7.12233e+01	2.02734e+01	9.15128e+00	0.00000e+00
1.38694e+03	3.15645e+02	1.89772e+03	1.38369e+03	4.84650e+00	2.57305e+00	7.10652e+01	2.02864e+01	9.16081e+00	0.00000e+00
1.39011e+03	3.15790e+02	1.89636e+03	1.38373e+03	4.84835e+00	2.57435e+00	7.09075e+01	2.02995e+01	9.17034e+00	0.00000e+00
1.39329e+03	3.15935e+02	1.89501e+03	1.38377e+03	4.85020e+00	2.57565e+00	7.07503e+01	2.03125e+01	9.17987e+00	0.00000e+00
1.39647e+03	3.16080e+02	1.89365e+03	1.38381e+03	4.85205e+00	2.57695e+00	7.05935e+01	2.03255e+01	9.18940e+00	0.00000e+00
1.39964e+03	3.16224e+02	1.89229e+03	1.38384e+03	4.85390e+00	2.57825e+00	7.04372e+01	2.03385e+01	9.19892e+00	0.00000e+00
1.40282e+03	3.16369e+02	1.89094e+03	1.38388e+03	4.85574e+00	2.57955e+00	7.02814e+01	2.03516e+01	9.20845e+00	0.00000e+00
1.40599e+03	3.16514e+02	1.88959e+03	1.38392e+03	4.85759e+00	2.58085e+00	7.01261e+01	2.03646e+01	9.21798e+00	0.00000e+00
1.40917e+03	3.16659e+02	1.88823e+03	1.38396e+03	4.85944e+00	2.58215e+00	6.99713e+01	2.03776e+01	9.22751e+00	0.00000e+00
1.41235e+03	3.16804e+02	1.88688e+03	1.38399e+03	4.86129e+00	2.58345e+00	6.98169e+01	2.03906e+01	9.23704e+00	0.00000e+00
1.41552e+03	3.16949e+02	1.88553e+03	1.38403e+03	4.86314e+00	2.58475e+00	6.96631e+01	2.04036e+01	9.24657e+00	0.00000e+00
1.41870e+03	3.17094e+02	1.88418e+03	1.38407e+03	4.86498e+00	2.58604e+00	6.95096e+01	2.04167e+01	9.25610e+00	0.00000e+00
1.42188e+03	3.17239e+02	1.88283e+03	1.38410e+03	4.86683e+00	2.58734e+00	6.93564e+01	2.04297e+01	9.26563e+00	0.00000e+00
1.42505e+03	3.17384e+02	1.88148e+03	1.38414e+03	4.86868e+00	2.58864e+00	6.92037e+01	2.04427e+01	9.27516e+00	0.00000e+00
1.42823e+03	3.17530e+02	1.88013e+03	1.38417e+03	4.87052e+00	2.58993e+00	6.90515e+01	2.04557e+01	9.28469e+00	0.00000e+00
1.43141e+03	3.17675e+02	1.87878e+03	1.38421e+03	4.87237e+00	2.59123e+00	6.88997e+01	2.04688e+01	9.29422e+00	0.00000e+00
1.43458e+03	3.17820e+02	1.87743e+03	1.38424e+03	4.87421e+00	2.59252e+00	6.87484e+01	2.04818e+01	9.30375e+00	0.00000e+00
1.43776e+03	3.17965e+02	1.87609e+03	1.38428e+03	4.87606e+00	2.59382e+00	6.85976e+01	2.04948e+01	9.31328e+00	0.00000e+00
1.44094e+03	3.18110e+02	1.87474e+03	1.38431e+03	4.87790e+00	2.59511e+00	6.84473e+01	2.05078e+01	9.32281e+00	0.00000e+00
1.44411e+03	3.18255e+02	1.87339e+03	1.38435e+03	4.87975e+00	2.59641e+00	6.82972e+01	2.05209e+01	9.33234e+00	0.00000e+00
1.44729e+03	3.18401e+02	1.87205e+03	1.38438e+03	4.88159e+00	2.59770e+00	6.81474e+01	2.05339e+01	9.34187e+00	0.00000e+00
1.45047e+03	3.18547e+02	1.87071e+03	1.38441e+03	4.88344e+00	2.59899e+00	6.79980e+01	2.05469e+01	9.35140e+00	0.00000e+00
1.45364e+03	3.18692e+02	1.86936e+03	1.38445e+03	4.88528e+00	2.60029e+00	6.78491e+01	2.05599e+01	9.36093e+00	0.00000e+00
1.45682e+03	3.18838e+02	1.86802e+03	1.38448e+03	4.88712e+00	2.60158e+00	6.77007e+01	2.05730e+01	9.37046e+00	0.00000e+00
1.46000e+03	3.18983e+02	1.86668e+03	1.38451e+03	4.88897e+00	2.60287e+00	6.75527e+01	2.05860e+01	9.37999e+00	0.00000e+00
1.46317e+03	3.19129e+02	1.86534e+03	1.38455e+03	4.89081e+00	2.60416e+00	6.74052e+01	2.05990e+01	9.38951e+00	0.00000e+00
1.46635e+03	3.19274e+02	1.86400e+03	1.38458e+03	4.89265e+00	2.60545e+00	6.72581e+01	2.06120e+01	9.39904e+00	0.00000e+00
1.46952e+03	3.19420e+02	1.86266e+03	1.38461e+03	4.89449e+00	2.60674e+00	6.71113e+01	2.06251e+01	9.40857e+00	0.00000e+00
1.47270e+03	3.19566e+02	1.86132e+03	1.38464e+03	4.89633e+00	2.60803e+00	6.69646e+01	2.06381e+01	9.41810e+00	0.00000e+00
1.47588e+03	3.19712e+02	1.85998e+03	1.38467e+03	4.89818e+00	2.60932e+00	6.68184e+01	2.06511e+01	9.42763e+00	0.00000e+00
1.47905e+03	3.19859e+02	1.85865e+03	1.38471e+03	4.90002e+00	2.61061e+00	6.66726e+01	2.06641e+01	9.43716e+00	0.00000e+00
1.48223e+03	3.20005e+02	1.85731e+03	1.38474e+03	4.90186e+00	2.61190e+00	6.65272e+01	2.06771e+01	9.44669e+00	0.00000e+00
1.48541e+03	3.20151e+02	1.85597e+03	1.38477e+03	4.90370e+00	2.61319e+00	6.63823e+01	2.06902e+01	9.45622e+00	0.00000e+00
1.48858e+03	3.20297e+02	1.85464e+03	1.38480e+03	4.90554e+00	2.61447e+00	6.62379e+01	2.07032e+01	9.46575e+00	0.00000e+00
1.49176e+03	3.20443e+02	1.85330e+03	1.38483e+03	4.90738e+00	2.61576e+00	6.60939e+01	2.07162e+01	9.47528e+00	0.00000e+00
1.49494e+03	3.20589e+02	1.85197e+03	1.38486e+03	4.90922e+00	2.61705e+00	6.59501e+01	2.07292e+01	9.48481e+00	0.00000e+00
1.49811e+03	3.20736e+02	1.85064e+03	1.38489e+03	4.91105e+00	2.61833e+00	6.58063e+01	2.07423e+01	9.49434e+00	0.00000e+00
1.50129e+03	3.20883e+02	1.84931e+03	1.38492e+03	4.91289e+00	2.61962e+00	6.56630e+01	2.07553e+01	9.50387e+00	0.00000e+00
1.50447e+03	3.21030e+02	1.84797e+03	1.38495e+03	4.91473e+00	2.62090e+00	6.55201e+01	2.07683e+01	9.51340e+00	0.00000e+00
1.50764e+03	3.21177e+02	1.84664e+03	1.38498e+03	4.91657e+00	2.62219e+00	6.53776e+01	2.07813e+01	9.52293e+00	0.00000e+00
1.51082e+03	3.21323e+02	1.84531e+03	1.38501e+03	4.91841e+00	2.62347e+00	6.52356e+01	2.07944e+01	9.53246e+00	0.00000e+00
1.51400e+03	3.21470e+02	1.84399e+03	1.38504e+03	4.92024e+00	2.62476e+00	6.50940e+01	2.08074e+01	9.54199e+00	0.00000e+00
1.51717e+03	3.21617e+02	1.84266e+03	1.38506e+03	4.92208e+00	2.62604e+00	6.49529e+01	2.08204e+01	9.55152e+00	0.00000e+00
1.52035e+03	3.21764e+02	1.84133e+03	1.38509e+03	4.92392e+00	2.62732e+00	6.48119e+01	2.08334e+01	9.56105e+00	0.00000e+00
1.52353e+03	3.21912e+02	1.84000e+03	1.38512e+03	4.92575e+00	2.62860e+00	6.46709e+01	2.08465e+01	9.57058e+00	0.00000e+00
1.52670e+03	3.22059e+02	1.83868e+03	1.38515e+03	4.92759e+00	2.62989e+00	6.45303e+01	2.08595e+01	9.58010e+00	0.00000e+00
1.52988e+03	3.22207e+02	1.83735e+03	1.38518e+03	4.92942e+00	2.63117e+00	6.43901e+01	2.08725e+01	9.58963e+00	0.00000e+00
1.53305e+03	3.22354e+02	1.83603e+03	1.38520e+03	4.93126e+00	2.63245e+00	6.42504e+01	2.08855e+01	9.59916e+00	0.00000e+00
1.53623e+03	3.22502e+02	1.83470e+03	1.38523e+03	4.93309e+00	2.63373e+00	6.41111e+01	2.08985e+01	9.60869e+00	0.00000e+00
1.53941e+03	3.22650e+02	1.83338e+03	1.38526e+03	4.93493e+00	2.63501e+00	6.39722e+01	2.09116e+01	9.61822e+00	0.00000e+00
1.54258e+03	3.22797e+02	1.83206e+03	1.38528e+03	4.93676e+00	2.63629e+00	6.38337e+01	2.09246e+01	9.62775e+00	0.00000e+00
1.54576e+03	3.22945e+02	1.83074e+03	1.38531e+03	4.93859e+00	2.63757e+00	6.36953e+01	2.09376e+01	9.63728e+00	0.00000e+00
1.54894e+03	3.23094e+02	1.82942e+03	1.38534e+03	4.94043e+00	2.63885e+00	6.35569e+01	2.09506e+01	9.64681e+00	0.00000e+00
1.55211e+03	3.23242e+02	1.82810e+03	1.38536e+03	4.94226e+00	2.64012e+00	6.34188e+01	2.09637e+01	9.65634e+00	0.00000e+00
1.55529e+03	3.23391e+02	1.82678e+03	1.38539e+03	4.94409e+00	2.64140e+00	6.32812e+01	2.09767e+01	9.66587e+00	0.00000e+00
1.55847e+03	3.23539e+02	1.82546e+03	1.38541e+03	4.94592e+00	2.64268e+00	6.31441e+01	2.09897e+01	9.67540e+00	0.00000e+00
1.56164e+03	3.23688e+02	1.82414e+03	1.38544e+03	4.94776e+00	2.64396e+00	6.30073e+01	2.10027e+01	9.68493e+00	0.00000e+00
1.56482e+03	3.23836e+02	1.82283e+03	1.38547e+03	4.94959e+00	2.64523e+00	6.28710e+01	2.10158e+01	9.69446e+00	0.00000e+00
1.56800e+03	3.23985e+02	1.82151e+03	1.38549e+03	4.95142e+00	2.64651e+00	6.27350e+01	2.10288e+01	9.70399e+00	0.00000e+00
1.57117e+03	3.24134e+02	1.82019e+03	1.38552e+03	4.95325e+00	2.64778e+00	6.25991e+01	2.10418e+01	9.71352e+00	0.00000e+00
1.57435e+03	3.24283e+02	1.81888e+03	1.38554e+03	4.95508e+00	2.64906e+00	6.24630e+01	2.10548e+01	9.72305e+00	0.00000e+00
1.57753e+03	3.24433e+02	1.81757e+03	1.38556e+03	4.95691e+00	2.65033e+00	6.23274e+01	2.10679e+01	9.73258e+00	0.00000e+00
1.58070e+03	3.24583e+02	1.81625e+03	1.38559e+03	4.95874e+00	2.65161e+00	6.21922e+01	2.10809e+01	9.74211e+00	0.00000e+00
1.58388e+03	3.24732e+02	1.81494e+03	1.38561e+03	4.96057e+00	2.65288e+00	6.20574e+01	2.10939e+01	9.75164e+00	0.00000e+00
1.58706e+03	3.24882e+02	1.81363e+03	1.38564e+03	4.96240e+00	2.65415e+00	6.19231e+01	2.11069e+01	9.76117e+00	0.00000e+00
1.59023e+03	3.25031e+02	1.81232e+03	1.38566e+03	4.96423e+00	2.65543e+00	6.17891e+01	2.11199e+01	9.77069e+00	0.00000e+00
1.59341e+03	3.25181e+02	1.81101e+03	1.38568e+03	4.96605e+00	2.65670e+00	6.16556e+01	2.11330e+01	9.78022e+00	0.00000e+00
1.59658e+03	3.25331e+02	1.80970e+03	1.38571e+03	4.96788e+00	2.65797e+00	6.15219e+01	2.11460e+01	9.78975e+00	0.00000e+00
1.59976e+03	3.25482e+02	1.80839e+03	1.38573e+03	4.96971e+00	2.65924e+00	6.13882e+01	2.11590e+01	9.79928e+00	0.00000e+00
1.60294e+03	3.25633e+02	1.80709e+03	1.38575e+03	4.97154e+00	2.66051e+00	6.12548e+01	2.11720e+01	9.80881e+00	0.00000e+00
1.60611e+03	3.25783e+02	1.80578e+03	1.38577e+03	4.97336e+00	2.66178e+00	6.11219e+01	2.11851e+01	9.81834e+00	0.00000e+00
1.60929e+03	3.25934e+02	1.80447e+03	1.38580e+03	4.97519e+00	2.66305e+00	6.09894e+01	2.11981e+01	9.82787e+00	0.00000e+00
1.61247e+03	3.26085e+02	1.80317e+03	1.38582e+03	4.97701e+00	2.66432e+00	6.08573e+01	2.12111e+01	9.83740e+00	0.00000e+00
1.61564e+03	3.26236e+02	1.80186e+03	1.38584e+03	4.97884e+00	2.66559e+00	6.07256e+01	2.12241e+01	9.84693e+00	0.00000e+00
1.61882e+03	3.26386e+02	1.80056e+03	1.38586e+03	4.98067e+00	2.66686e+00	6.05943e+01	2.12372e+01	9.85646e+00	0.00000e+00
1.62200e+03	3.26538e+02	1.79926e+03	1.38588e+03	4.98249e+00	2.66813e+00	6.04628e+01	2.12502e+01	9.86599e+00	0.00000e+00
1.62517e+03	3.26690e+02	1.79795e+03	1.38590e+03	4.98431e+00	2.66940e+00	6.03312e+01	2.12632e+01	9.87552e+00	0.00000e+00
1.62835e+03	3.26842e+02	1.79665e+03	1.38593e+03	4.98614e+00	2.67067e+00	6.02000e+01	2.12762e+01	9.88505e+00	0.00000e+00
1.63153e+03	3.26994e+02	1.79535e+03	1.38595e+03	4.98796e+00	2.67193e+00	6.00693e+01	2.12893e+01	9.89458e+00	0.00000e+00
1.63470e+03	3.27146e+02	1.79405e+03	1.38597e+03	4.98979e+00	2.67320e+00	5.99389e+01	2.13023e+01	9.90411e+00	0.00000e+00
1.63788e+03	3.27298e+02	1.79275e+03	1.38599e+03	4.99161e+00	2.67446e+00	5.98089e+01	2.13153e+01	9.91364e+00	0.00000e+00
1.64106e+03	3.27450e+02	1.79146e+03	1.38601e+03	4.99343e+00	2.67573e+00	5.96794e+01	2.13283e+01	9.92317e+00	0.00000e+00
1.64423e+03	3.27602e+02	1.79016e+03	1.38603e+03	4.99525e+00	2.67700e+00	5.95502e+01	2.13414e+01	9.93270e+00	0.00000e+00
1.64741e+03	3.27755e+02	1.78886e+03	1.38605e+03	4.99708e+00	2.67826e+00	5.94207e+01	2.13544e+01	9.94223e+00	0.00000e+00
1.65059e+03	3.27908e+02	1.78757e+03	1.38607e+03	4.99890e+00	2.67952e+00	5.92912e+01	2.13674e+01	9.95176e+00	0.00000e+00
1.65376e+03	3.28062e+02	1.78627e+03	1.38609e+03	5.00072e+00	2.68079e+00	5.91620e+01	2.13804e+01	9.96128e+00	0.00000e+00
1.65694e+03	3.28215e+02	1.78498e+03	1.38611e+03	5.00254e+00	2.68205e+00	5.90333e+01	2.13934e+01	9.97081e+00	0.00000e+00
1.66011e+03	3.28369e+02	1.78368e+03	1.38613e+03	5.00436e+00	2.68331e+00	5.89050e+01	2.14065e+01	9.98034e+00	0.00000e+00
1.66329e+03	3.28522e+02	1.78239e+03	1.38614e+03	5.00618e+00	2.68458e+00	5.87770e+01	2.14195e+01	9.98987e+00	0.00000e+00
1.66647e+03	3.28675e+02	1.78110e+03	1.38616e+03	5.00800e+00	2.68584e+00	5.86495e+01	2.14325e+01	9.99940e+00	0.00000e+00
1.66964e+03	3.28829e+02	1.77981e+03	1.38618e+03	5.00982e+00	2.68710e+00	5.85223e+01	2.14455e+01	1.00089e+01	0.00000e+00
1.67282e+03	3.28983e+02	1.77852e+03	1.38620e+03	5.01164e+00	2.68836e+00	5.83948e+01	2.14586e+01	1.00185e+01	0.00000e+00
1.67600e+03	3.29138e+02	1.77723e+03	1.38622e+03	5.01346e+00	2.68962e+00	5.82672e+01	2.14716e+01	1.00280e+01	0.00000e+00
1.67917e+03	3.29293e+02	1.77594e+03	3.44143e+03	8.49633e+00	4.90235e+00	2.68500e+12	1.38151e+02	8.27082e+01	0.00000e+00
1.75510e+03	3.37086e+02	1.76354e+03	3.44143e+03	8.49938e+00	4.90190e+00	1.59751e+12	1.38403e+02	8.27243e+01	0.00000e+00
1.83104e+03	3.44821e+02	1.75114e+03	3.44274e+03	8.50265e+00	4.90167e+00	9.76595e+11	1.38661e+02	8.27507e+01	0.00000e+00
1.90700e+03	3.52499e+02	1.73874e+03	3.44416e+03	8.50583e+00	4.90140e+00	6.12211e+11	1.38914e+02	8.27738e+01	0.00000e+00
1.98299e+03	3.60120e+02	1.72634e+03	3.44550e+03	8.50899e+00	4.90113e+00	3.92836e+11	1.39166e+02	8.27966e+01	0.00000e+00
2.05901e+03	3.67684e+02	1.71395e+03	3.44684e+03	8.51164e+00	4.90015e+00	2.57589e+11	1.39417e+02	8.27946e+01	0.00000e+00
2.13506e+03	3.75191e+02	1.70155e+03	3.44812e+03	8.51235e+00	4.89677e+00	1.72343e+11	1.39644e+02	8.26997e+01	0.00000e+00
2.21114e+03	3.82640e+02	1.68915e+03	3.44893e+03	8.51548e+00	4.89646e+00	1.17495e+11	1.39895e+02	8.27213e+01	0.00000e+00
2.28723e+03	3.90032e+02	1.67675e+03	3.45026e+03	8.51850e+00	4.89599e+00	8.15187e+10	1.40150e+02	8.27386e+01	0.00000e+00
2.36336e+03	3.97367e+02	1.66435e+03	3.45165e+03	8.52165e+00	4.89572e+00	5.74938e+10	1.40402e+02	8.27611e+01	0.00000e+00
2.43952e+03	4.04644e+02	1.65195e+03	3.45298e+03	8.52480e+00	4.89544e+00	4.11776e+10	1.40654e+02	8.27838e+01	0.00000e+00
2.51570e+03	4.11864e+02	1.63955e+03	3.45431e+03	8.52811e+00	4.89534e+00	2.99200e+10	1.40910e+02	8.28133e+01	0.00000e+00
2.59192e+03	4.19026e+02	1.62715e+03	3.45569e+03	8.52833e+00	4.89135e+00	2.20366e+10	1.41137e+02	8.26983e+01	0.00000e+00
2.66816e+03	4.26130e+02	1.61475e+03	3.45652e+03	8.53074e+00	4.89013e+00	1.64384e+10	1.41383e+02	8.26859e+01	0.00000e+00
2.74443e+03	4.33177e+02	1.60235e+03	3.45773e+03	8.53402e+00	4.89002e+00	1.24102e+10	1.41637e+02	8.27146e+01	0.00000e+00
2.82072e+03	4.40166e+02	1.58995e+03	3.45908e+03	8.53763e+00	4.89029e+00	9.47562e+09	1.41896e+02	8.27574e+01	0.00000e+00
2.89704e+03	4.47098e+02	1.57755e+03	3.46049e+03	8.54081e+00	4.89005e+00	7.31265e+09	1.42149e+02	8.27812e+01	0.00000e+00
2.97339e+03	4.53972e+02	1.56515e+03	3.46183e+03	8.54379e+00	4.88953e+00	5.70068e+09	1.42406e+02	8.27962e+01	0.00000e+00
3.04977e+03	4.60787e+02	1.55276e+03	3.46320e+03	8.54539e+00	4.88727e+00	4.48669e+09	1.42647e+02	8.27462e+01	0.00000e+00
3.12618e+03	4.67545e+02	1.54036e+03	3.46430e+03	8.54617e+00	4.88399e+00	3.56331e+09	1.42881e+02	8.26574e+01	0.00000e+00
3.20262e+03	4.74246e+02	1.52796e+03	3.46524e+03	8.54938e+00	4.88377e+00	2.85432e+09	1.43136e+02	8.26821e+01	0.00000e+00
3.27907e+03	4.80888e+02	1.51556e+03	3.46658e+03	8.55258e+00	4.88352e+00	2.30505e+09	1.43393e+02	8.27060e+01	0.00000e+00
3.35556e+03	4.87471e+02	1.50316e+03	3.46793e+03	8.55583e+00	4.88334e+00	1.87594e+09	1.43649e+02	8.27320e+01	0.00000e+00
3.43208e+03	4.93997e+02	1.49076e+03	3.46928e+03	8.55909e+00	4.88318e+00	1.53798e+09	1.43907e+02	8.27585e+01	0.00000e+00
3.50862e+03	5.00465e+02	1.47836e+03	3.47063e+03	8.56250e+00	4.88316e+00	1.26976e+09	1.44170e+02	8.27924e+01	0.00000e+00
3.58520e+03	5.06874e+02	1.46596e+03	3.47207e+03	8.56494e+00	4.88196e+00	1.05532e+09	1.44418e+02	8.27793e+01	0.00000e+00
3.66180e+03	5.13225e+02	1.45356e+03	3.47323e+03	8.56718e+00	4.88049e+00	8.82699e+08	1.44663e+02	8.27560e+01	0.00000e+00
3.73844e+03	5.19517e+02	1.44116e+03	3.47434e+03	8.57058e+00	4.88049e+00	7.42800e+08	1.44925e+02	8.27895e+01	0.00000e+00
3.81509e+03	5.25751e+02	1.42876e+03	3.47575e+03	8.57391e+00	4.88038e+00	6.28701e+08	1.45185e+02	8.28181e+01	0.00000e+00
3.89178e+03	5.31927e+02	1.41636e+03	3.47711e+03	8.57727e+00	4.88028e+00	5.35083e+08	1.45447e+02	8.28472e+01	0.00000e+00
3.96850e+03	5.38043e+02	1.40396e+03	3.47847e+03	8.58087e+00	4.88044e+00	4.57824e+08	1.45715e+02	8.28867e+01	0.00000e+00
4.04525e+03	5.44101e+02	1.39157e+03	3.47991e+03	8.58425e+00	4.88036e+00	3.93710e+08	1.45977e+02	8.29167e+01	0.00000e+00
4.12203e+03	5.50100e+02	1.37917e+03	3.48127e+03	8.58721e+00	4.87975e+00	3.40223e+08	1.46236e+02	8.29266e+01	0.00000e+00
4.19884e+03	5.56040e+02	1.36677e+03	3.48256e+03	8.58919e+00	4.87789e+00	2.95375e+08	1.46486e+02	8.28904e+01	0.00000e+00
4.27568e+03	5.61921e+02	1.35437e+03	3.48369e+03	8.59230e+00	4.87745e+00	2.57585e+08	1.46747e+02	8.29064e+01	0.00000e+00
4.35254e+03	5.67743e+02	1.34197e+03	3.48499e+03	8.59575e+00	4.87744e+00	2.25594e+08	1.47013e+02	8.29387e+01	0.00000e+00
4.42943e+03	5.73506e+02	1.32957e+03	3.48637e+03	8.59930e+00	4.87752e+00	1.98392e+08	1.47282e+02	8.29756e+01	0.00000e+00
4.50636e+03	5.79209e+02	1.31717e+03	3.48781e+03	8.60279e+00	4.87753e+00	1.75161e+08	1.47550e+02	8.30089e+01	0.00000e+00
4.58331e+03	5.84853e+02	1.30477e+03	3.48919e+03	8.60630e+00	4.87756e+00	1.55241e+08	1.47818e+02	8.30428e+01	0.00000e+00
4.66030e+03	5.90437e+02	1.29237e+03	3.49058e+03	8.60981e+00	4.87757e+00	1.38092e+08	1.48089e+02	8.30774e+01	0.00000e+00
4.73731e+03	5.95962e+02	1.27997e+03	3.49201e+03	8.61293e+00	4.87709e+00	1.23271e+08	1.48354e+02	8.30923e+01	0.00000e+00
4.81436e+03	6.01426e+02	1.26757e+03	3.49332e+03	8.61611e+00	4.87668e+00	1.10416e+08	1.48619e+02	8.31094e+01	0.00000e+00
4.89143e+03	6.06831e+02	1.25517e+03	3.49463e+03	8.61969e+00	4.87676e+00	9.92271e+07	1.48891e+02	8.31456e+01	0.00000e+00
4.96854e+03	6.12176e+02	1.24277e+03	3.49603e+03	8.62329e+00	4.87686e+00	8.94544e+07	1.49164e+02	8.31824e+01	0.00000e+00
5.04567e+03	6.17460e+02	1.23038e+03	3.49744e+03	8.62566e+00	4.87539e+00	8.08912e+07	1.49424e+02	8.31605e+01	0.00000e+00
5.12284e+03	6.22684e+02	1.21798e+03	3.49863e+03	8.66196e+00	4.90761e+00	7.33642e+07	1.50601e+02	8.45182e+01	0.00000e+00
5.20003e+03	6.27847e+02	1.20558e+03	3.50916e+03	8.67089e+00	4.91272e+00	6.67278e+07	1.51034e+02	8.47630e+01	0.00000e+00
5.27746e+03	6.32950e+02	1.19318e+03	3.51206e+03	8.67413e+00	4.91234e+00	6.08687e+07	1.51306e+02	8.47817e+01	0.00000e+00
5.35495e+03	6.37992e+02	1.18078e+03	3.51338e+03	8.67780e+00	4.91258e+00	5.56739e+07	1.51579e+02	8.48238e+01	0.00000e+00
5.43247e+03	6.42973e+02	1.16838e+03	3.51477e+03	8.68149e+00	4.91284e+00	5.10542e+07	1.51853e+02	8.48665e+01	0.00000e+00
5.51002e+03	6.47892e+02	1.15598e+03	3.51618e+03	8.68597e+00	4.91399e+00	4.69353e+07	1.52139e+02	8.49427e+01	0.00000e+00
5.58760e+03	6.52750e+02	1.14358e+03	3.51769e+03	8.68991e+00	4.91462e+00	4.32536e+07	1.52419e+02	8.50025e+01	0.00000e+00
5.66521e+03	6.57547e+02	1.13118e+03	3.51926e+03	8.69336e+00	4.91441e+00	3.99549e+07	1.52693e+02	8.50246e+01	0.00000e+00
5.74286e+03	6.62282e+02	1.11878e+03	3.52048e+03	8.69697e+00	4.91444e+00	3.69924e+07	1.52968e+02	8.50568e+01	0.00000e+00
5.82053e+03	6.66954e+02	1.10638e+03	3.52177e+03	8.70118e+00	4.91523e+00	3.43258e+07	1.53252e+02	8.51191e+01	0.00000e+00
5.89824e+03	6.71565e+02	1.09398e+03	3.52321e+03	8.70385e+00	4.91386e+00	3.19203e+07	1.53515e+02	8.50912e+01	0.00000e+00
5.97597e+03	6.76113e+02	1.08158e+03	3.52403e+03	8.70940e+00	4.91677e+00	2.97458e+07	1.53822e+02	8.52478e+01	0.00000e+00
6.05373e+03	6.80598e+02	1.06919e+03	3.52634e+03	8.71329e+00	4.91715e+00	2.77761e+07	1.54104e+02	8.52947e+01	0.00000e+00
6.13153e+03	6.85020e+02	1.05679e+03	3.52773e+03	8.71555e+00	4.91499e+00	2.59890e+07	1.54361e+02	8.52302e+01	0.00000e+00
6.20937e+03	6.89379e+02	1.04439e+03	3.52815e+03	8.72135e+00	4.91809e+00	2.43641e+07	1.54674e+02	8.53920e+01	0.00000e+00
6.28721e+03	6.93675e+02	1.03199e+03	3.53040e+03	8.72577e+00	4.91916e+00	2.28839e+07	1.54966e+02	8.54678e+01	0.00000e+00
6.36511e+03	6.97906e+02	1.01959e+03	3.53200e+03	8.72984e+00	4.91978e+00	2.15337e+07	1.55255e+02	8.55264e+01	0.00000e+00
6.44304e+03	7.02074e+02	1.00719e+03	3.53352e+03	8.73402e+00	4.92053e+00	2.02998e+07	1.55545e+02	8.55890e+01	0.00000e+00
6.52100e+03	7.06177e+02	9.94790e+02	3.53504e+03	8.73863e+00	4.92194e+00	1.91706e+07	1.55845e+02	8.56826e+01	0.00000e+00
6.59900e+03	7.10215e+02	9.82391e+02	3.53687e+03	8.74292e+00	4.92281e+00	1.81355e+07	1.56139e+02	8.57503e+01	0.00000e+00
6.67703e+03	7.14188e+02	9.69992e+02	3.53842e+03	8.74727e+00	4.92373e+00	1.71854e+07	1.56434e+02	8.58200e+01	0.00000e+00
6.75510e+03	7.18095e+02	9.57592e+02	3.53997e+03	8.75007e+00	4.92242e+00	1.63122e+07	1.56702e+02	8.57935e+01	0.00000e+00
6.83321e+03	7.21937e+02	9.45193e+02	3.54076e+03	8.75168e+00	4.91963e+00	1.55085e+07	1.56952e+02	8.57071e+01	0.00000e+00
6.91133e+03	7.25712e+02	9.32794e+02	3.54121e+03	8.75789e+00	4.92300e+00	1.47678e+07	1.57282e+02	8.58801e+01	0.00000e+00
6.98946e+03	7.29420e+02	9.20395e+02	3.54350e+03	8.76235e+00	4.92397e+00	1.40845e+07	1.57579e+02	8.59495e+01	0.00000e+00
7.06765e+03	7.33061e+02	9.07995e+02	3.54497e+03	8.76608e+00	4.92393e+00	1.34536e+07	1.57866e+02	8.59769e+01	0.00000e+00
7.14586e+03	7.36634e+02	8.95596e+02	3.54616e+03	8.76995e+00	4.92419e+00	1.28704e+07	1.58156e+02	8.60193e+01	0.00000e+00
7.22410e+03	7.40139e+02	8.83197e+02	3.54754e+03	8.77474e+00	4.92569e+00	1.23309e+07	1.58465e+02	8.61162e+01	0.00000e+00
7.30238e+03	7.43575e+02	8.70798e+02	3.54936e+03	8.77889e+00	4.92616e+00	1.18315e+07	1.58761e+02	8.61642e+01	0.00000e+00
7.38069e+03	7.46942e+02	8.58399e+02	3.55067e+03	8.78343e+00	4.92730e+00	1.13687e+07	1.59065e+02	8.62448e+01	0.00000e+00
7.45903e+03	7.50238e+02	8.45999e+02	3.55234e+03	8.79055e+00	4.93193e+00	1.09398e+07	1.59417e+02	8.64742e+01	0.00000e+00
7.53741e+03	7.53464e+02	8.33600e+02	3.55511e+03	8.79390e+00	4.93127e+00	1.05420e+07	1.59703e+02	8.64752e+01	0.00000e+00
7.61585e+03	7.56619e+02	8.21201e+02	3.55610e+03	8.79844e+00	4.93237e+00	1.01732e+07	1.60010e+02	8.65543e+01	0.00000e+00
7.69431e+03	7.59701e+02	8.08802e+02	3.55776e+03	8.80228e+00	4.93235e+00	9.83082e+06	1.60304e+02	8.65820e+01	0.00000e+00
7.77281e+03	7.62711e+02	7.96402e+02	3.55894e+03	8.80616e+00	4.93241e+00	9.51318e+06	1.60601e+02	8.66149e+01	0.00000e+00
7.85133e+03	7.65646e+02	7.84003e+02	3.56019e+03	8.81053e+00	4.93318e+00	9.21843e+06	1.60905e+02	8.66773e+01	0.00000e+00
7.92988e+03	7.68507e+02	7.71604e+02	3.56165e+03	8.81508e+00	4.93417e+00	8.94504e+06	1.61214e+02	8.67496e+01	0.00000e+00
8.00847e+03	7.71293e+02	7.59205e+02	3.56320e+03	8.81947e+00	4.93491e+00	8.69161e+06	1.61522e+02	8.68117e+01	0.00000e+00
8.08708e+03	7.74002e+02	7.46805e+02	3.56467e+03	8.82475e+00	4.93686e+00	8.45687e+06	1.61846e+02	8.69250e+01	0.00000e+00
8.16573e+03	7.76634e+02	7.34406e+02	3.56651e+03	8.82914e+00	4.93754e+00	8.23969e+06	1.62155e+02	8.69837e+01	0.00000e+00
8.24442e+03	7.79186e+02	7.22007e+02	3.56793e+03	8.83470e+00	4.93967e+00	8.03906e+06	1.62485e+02	8.71015e+01	0.00000e+00
8.32315e+03	7.81659e+02	7.09608e+02	3.56968e+03	8.83988e+00	4.94136e+00	7.85406e+06	1.62810e+02	8.72021e+01	0.00000e+00
8.40191e+03	7.84050e+02	6.97208e+02	3.57136e+03	8.84469e+00	4.94254e+00	7.68388e+06	1.63129e+02	8.72821e+01	0.00000e+00
8.48070e+03	7.86359e+02	6.84809e+02	3.57293e+03	8.84911e+00	4.94330e+00	7.52782e+06	1.63443e+02	8.73467e+01	0.00000e+00
8.55954e+03	7.88583e+02	6.72410e+02	3.57448e+03	8.85456e+00	4.94530e+00	7.38524e+06	1.63774e+02	8.74605e+01	0.00000e+00
8.63840e+03	7.90722e+02	6.60011e+02	3.57623e+03	8.85887e+00	4.94587e+00	7.25559e+06	1.64088e+02	8.75165e+01	0.00000e+00
8.71731e+03	7.92773e+02	6.47612e+02	3.57770e+03	8.86360e+00	4.94698e+00	7.13843e+06	1.64411e+02	8.75960e+01	0.00000e+00
8.79625e+03	7.94735e+02	6.35212e+02	3.57934e+03	8.86923e+00	4.94917e+00	7.03336e+06	1.64748e+02	8.77177e+01	0.00000e+00
8.87522e+03	7.96605e+02	6.22813e+02	3.58115e+03	8.87357e+00	4.94970e+00	6.94009e+06	1.65062e+02	8.77706e+01	0.00000e+00
8.95423e+03	7.98381e+02	6.10414e+02	3.58254e+03	8.87903e+00	4.95173e+00	6.85839e+06	1.65405e+02	8.78910e+01	0.00000e+00
9.03328e+03	8.00061e+02	5.98015e+02	3.58452e+03	8.88410e+00	4.95321e+00	6.78809e+06	1.65732e+02	8.79830e+01	0.00000e+00
9.11237e+03	8.01643e+02	5.85615e+02	3.58613e+03	8.88873e+00	4.95405e+00	6.72914e+06	1.66058e+02	8.80506e+01	0.00000e+00
9.19149e+03	8.03123e+02	5.73216e+02	3.58766e+03	8.89393e+00	4.95564e+00	6.68154e+06	1.66398e+02	8.81513e+01	0.00000e+00
9.27065e+03	8.04499e+02	5.60817e+02	3.58946e+03	8.89831e+00	4.95594e+00	6.64537e+06	1.66705e+02	8.81835e+01	0.00000e+00
9.34985e+03	8.05767e+02	5.48418e+02	3.59034e+03	8.90471e+00	4.95905e+00	6.62084e+06	1.67072e+02	8.83504e+01	0.00000e+00
9.42906e+03	8.06923e+02	5.36018e+02	3.59262e+03	8.91001e+00	4.96062e+00	6.60819e+06	1.67417e+02	8.84489e+01	0.00000e+00
9.50833e+03	8.07964e+02	5.23619e+02	3.59434e+03	8.91512e+00	4.96195e+00	6.60789e+06	1.67746e+02	8.85304e+01	0.00000e+00
9.58763e+03	8.08885e+02	5.11220e+02	3.59573e+03	8.91955e+00	4.96238e+00	6.62044e+06	1.68069e+02	8.85769e+01	0.00000e+00
9.66697e+03	8.09682e+02	4.98821e+02	3.59699e+03	8.92596e+00	4.96542e+00	6.64650e+06	1.68443e+02	8.87425e+01	0.00000e+00
9.74633e+03	8.10348e+02	4.86421e+02	3.59931e+03	8.93206e+00	4.96805e+00	6.68691e+06	1.68812e+02	8.88900e+01	0.00000e+00
9.82575e+03	8.10879e+02	4.74022e+02	3.60148e+03	8.94186e+00	4.97247e+00	6.74273e+06	1.69152e+02	8.90059e+01	0.00000e+00
9.90521e+03	8.11267e+02	4.61623e+02	3.59978e+03	8.94747e+00	4.97334e+00	6.81523e+06	1.69765e+02	8.91913e+01	0.00000e+00
9.98463e+03	8.11506e+02	4.49224e+02	3.60600e+03	8.96315e+00	4.98148e+00	6.90580e+06	1.70388e+02	8.94835e+01	0.00000e+00
1.00642e+04	8.11588e+02	4.36825e+02	3.60601e+03	8.97240e+00	4.98515e+00	7.01658e+06	1.71144e+02	8.97906e+01	0.00000e+00
1.00642e+04	8.11588e+02	4.36825e+02	4.65000e+03	4.15038e+00	0.00000e+00	1.00000e+04	8.00992e+01	0.00000e+00	0.00000e+00
1.03384e+04	8.12490e+02	3.88289e+02	4.65000e+03	4.15038e+00	0.00000e+00	1.00000e+04	8.00992e+01	0.00000e+00	0.00000e+00
1.06126e+04	8.13391e+02	3.39752e+02	4.65000e+03	4.18335e+00	0.00000e+00	1.00000e+04	8.13768e+01	0.00000e+00	0.00000e+00
1.08867e+04	8.14293e+02	2.91216e+02	4.65000e+03	4.21606e+00	0.00000e+00	1.00000e+04	8.26545e+01	0.00000e+00	0.00000e+00
1.11609e+04	8.15195e+02	2.42680e+02	4.65000e+03	4.24852e+00	0.00000e+00	1.00000e+04	8.39322e+01	0.00000e+00	0.00000e+00
1.14351e+04	8.16097e+02	1.94144e+02	4.65000e+03	4.28074e+00	0.00000e+00	1.00000e+04	8.52099e+01	0.00000e+00	0.00000e+00
1.17093e+04	8.16999e+02	1.45608e+02	4.65000e+03	4.31271e+00	0.00000e+00	1.00000e+04	8.64876e+01	0.00000e+00	0.00000e+00
1.19835e+04	8.17900e+02	9.70721e+01	4.65000e+03	4.34445e+00	0.00000e+00	1.00000e+04	8.77653e+01	0.00000e+00	0.00000e+00
1.22577e+04	8.18802e+02	4.85361e+01	4.65000e+03	4.37596e+00	0.00000e+00	1.00000e+04	8.90430e+01	0.00000e+00	0.00000e+00
1.25318e+04	8.19704e+02	0.00000e+00	4.65000e+03	4.40724e+00	0.00000e+00	1.00000e+04	9.03207e+01	0.00000e+00	0.00000e+00
