   0.0000000e+00   1.1000000e+02   2.6341000e+03   9.3217988e+02   3.9798936e+00   1.9655294e+00   3.0951647e+04
   4.9526480e+00   1.8664776e+02   2.6303794e+03   9.3217988e+02   3.9890748e+00   1.9700636e+00   3.4926589e+02
   9.9052960e+00   1.8670459e+02   2.6266545e+03   9.3248998e+02   3.9879087e+00   1.9694877e+00   3.4858235e+02
   1.4857944e+01   1.8676141e+02   2.6229337e+03   9.3277078e+02   3.9867443e+00   1.9689127e+00   3.4790074e+02
   1.9810592e+01   1.8681821e+02   2.6192170e+03   9.3301776e+02   3.9855826e+00   1.9683390e+00   3.4722107e+02
   2.4763240e+01   1.8687499e+02   2.6155043e+03   9.3322582e+02   3.9844245e+00   1.9677670e+00   3.4654333e+02
   2.9715888e+01   1.8693176e+02   2.6117954e+03   9.3338921e+02   3.9832709e+00   1.9671973e+00   3.4586751e+02
   3.4668536e+01   1.8698852e+02   2.6080902e+03   9.3350151e+02   3.9821227e+00   1.9666302e+00   3.4519359e+02
   3.9621184e+01   1.8704526e+02   2.6043884e+03   9.3355554e+02   3.9809806e+00   1.9660662e+00   3.4452158e+02
   4.4573832e+01   1.8710198e+02   2.6006899e+03   9.3354338e+02   3.9798457e+00   1.9655057e+00   3.4385146e+02
   4.9526480e+01   1.8715869e+02   2.5969943e+03   9.3345643e+02   3.9787186e+00   1.9649491e+00   3.4318323e+02
   5.4479128e+01   1.8721538e+02   2.5933015e+03   9.3328550e+02   3.9776003e+00   1.9643968e+00   3.4251687e+02
   5.9431776e+01   1.8727206e+02   2.5896111e+03   9.3302105e+02   3.9764915e+00   1.9638492e+00   3.4185238e+02
   6.4384424e+01   1.8732873e+02   2.5859228e+03   9.3265357e+02   3.9753930e+00   1.9633066e+00   3.4118974e+02
   6.9337072e+01   1.8738538e+02   2.5822361e+03   9.3217412e+02   3.9743054e+00   1.9627696e+00   3.4052895e+02
   7.4289720e+01   1.8744202e+02   2.5785507e+03   9.3157516e+02   3.9732296e+00   1.9622382e+00   3.3986999e+02
   7.9242368e+01   1.8749864e+02   2.5748660e+03   9.3085156e+02   3.9721662e+00   1.9617131e+00   3.3921286e+02
   8.4195016e+01   1.8755526e+02   2.5711817e+03   9.3000187e+02   3.9711158e+00   1.9611943e+00   3.3855755e+02
   8.9147664e+01   1.8761186e+02   2.5674973e+03   9.2902976e+02   3.9700791e+00   1.9606823e+00   3.3790404e+02
   9.4100312e+01   2.6500000e+02   2.5638123e+03   9.2794537e+02   3.9882463e+00   1.9696545e+00   5.2092016e+01
   9.7891200e+01   2.6500000e+02   2.5613092e+03   1.0459754e+03   1.5337957e+00   0.0000000e+00   0.0000000e+00
   1.0168209e+02   2.6500000e+02   2.5588111e+03   1.0475837e+03   1.5410707e+00   0.0000000e+00   0.0000000e+00
   1.0547298e+02   2.6500000e+02   2.5563179e+03   1.0491776e+03   1.5483549e+00   0.0000000e+00   0.0000000e+00
   1.0926386e+02   2.6500000e+02   2.5538296e+03   1.0507571e+03   1.5556497e+00   0.0000000e+00   0.0000000e+00
   1.1305475e+02   2.6500000e+02   2.5513460e+03   1.0523225e+03   1.5629568e+00   0.0000000e+00   0.0000000e+00
   1.1684564e+02   2.6500000e+02   2.5488671e+03   1.0538740e+03   1.5702777e+00   0.0000000e+00   0.0000000e+00
   1.2063653e+02   2.6500000e+02   2.5463930e+03   1.0554119e+03   1.5776144e+00   0.0000000e+00   0.0000000e+00
   1.2442742e+02   2.6500000e+02   2.5439234e+03   1.0569362e+03   1.5849672e+00   0.0000000e+00   0.0000000e+00
   1.2821831e+02   2.6500000e+02   2.5414585e+03   1.0584473e+03   1.5923327e+00   0.0000000e+00   0.0000000e+00
   1.3200919e+02   2.6500000e+02   2.5389981e+03   1.0599454e+03   1.5997071e+00   0.0000000e+00   0.0000000e+00
   1.3580008e+02   2.6500000e+02   2.5365422e+03   1.0614305e+03   1.6070853e+00   0.0000000e+00   0.0000000e+00
   1.3959097e+02   2.6500000e+02   2.5340908e+03   1.0629029e+03   1.6144618e+00   0.0000000e+00   0.0000000e+00
   1.4338186e+02   2.6500000e+02   2.5316438e+03   1.0643628e+03   1.6218312e+00   0.0000000e+00   0.0000000e+00
   1.4717275e+02   2.6500000e+02   2.5292012e+03   1.0658103e+03   1.6291903e+00   0.0000000e+00   0.0000000e+00
   1.5096363e+02   2.6500000e+02   2.5267630e+03   1.0672457e+03   1.6365368e+00   0.0000000e+00   0.0000000e+00
   1.5475452e+02   2.6500000e+02   2.5243290e+03   1.0686691e+03   1.6438686e+00   0.0000000e+00   0.0000000e+00
   1.5854541e+02   2.6500000e+02   2.5218993e+03   1.0700806e+03   1.6511840e+00   0.0000000e+00   0.0000000e+00
   1.6233630e+02   2.6500000e+02   2.5194738e+03   1.0714806e+03   1.6584815e+00   0.0000000e+00   0.0000000e+00
   1.6612719e+02   2.6500000e+02   2.5170525e+03   1.0728690e+03   1.6657598e+00   0.0000000e+00   0.0000000e+00
   1.6991808e+02   2.6500000e+02   2.5146353e+03   1.0742463e+03   1.6730181e+00   0.0000000e+00   0.0000000e+00
   1.7370896e+02   2.6500000e+02   2.5122222e+03   1.0756124e+03   1.6802552e+00   0.0000000e+00   0.0000000e+00
   1.7749985e+02   2.6500000e+02   2.5098133e+03   1.0769676e+03   1.6874698e+00   0.0000000e+00   0.0000000e+00
   1.8129074e+02   2.6500000e+02   2.5074083e+03   1.0783120e+03   1.6946602e+00   0.0000000e+00   0.0000000e+00
   1.8508163e+02   2.6500000e+02   2.5050074e+03   1.0796459e+03   1.7018255e+00   0.0000000e+00   0.0000000e+00
   1.8887252e+02   2.6500000e+02   2.5026104e+03   1.0809693e+03   1.7089654e+00   0.0000000e+00   0.0000000e+00
   1.9266341e+02   2.6500000e+02   2.5002173e+03   1.0822825e+03   1.7160798e+00   0.0000000e+00   0.0000000e+00
   1.9645429e+02   2.6500000e+02   2.4978282e+03   1.0835855e+03   1.7231693e+00   0.0000000e+00   0.0000000e+00
   2.0024518e+02   2.6500000e+02   2.4954430e+03   1.0848787e+03   1.7302344e+00   0.0000000e+00   0.0000000e+00
   2.0403607e+02   2.6500000e+02   2.4930615e+03   1.0861621e+03   1.7372755e+00   0.0000000e+00   0.0000000e+00
   2.0782696e+02   2.6500000e+02   2.4906839e+03   1.0874359e+03   1.7442912e+00   0.0000000e+00   0.0000000e+00
   2.1161785e+02   2.6500000e+02   2.4883101e+03   1.0887002e+03   1.7512798e+00   0.0000000e+00   0.0000000e+00
   2.1540873e+02   2.6500000e+02   2.4859400e+03   1.0899553e+03   1.7582385e+00   0.0000000e+00   0.0000000e+00
   2.1919962e+02   2.6500000e+02   2.4835737e+03   1.0912013e+03   1.7651628e+00   0.0000000e+00   0.0000000e+00
   2.2299051e+02   2.6500000e+02   2.4812111e+03   1.0924383e+03   1.7720484e+00   0.0000000e+00   0.0000000e+00
   2.2678140e+02   2.6500000e+02   2.4788521e+03   1.0936665e+03   1.7788902e+00   0.0000000e+00   0.0000000e+00
   2.3057229e+02   2.6500000e+02   2.4764967e+03   1.0948860e+03   1.7856828e+00   0.0000000e+00   0.0000000e+00
   2.3436318e+02   2.6500000e+02   2.4741450e+03   1.0960969e+03   1.7924224e+00   0.0000000e+00   0.0000000e+00
   2.3815406e+02   2.6500000e+02   2.4717969e+03   1.0972995e+03   1.7991094e+00   0.0000000e+00   0.0000000e+00
   2.4194495e+02   2.6500000e+02   2.4694523e+03   1.0984938e+03   1.8057445e+00   0.0000000e+00   0.0000000e+00
   2.4573584e+02   2.6500000e+02   2.4671113e+03   1.0996801e+03   1.8123305e+00   0.0000000e+00   0.0000000e+00
   2.4952673e+02   2.6500000e+02   2.4647737e+03   1.1008584e+03   1.8188713e+00   0.0000000e+00   0.0000000e+00
   2.5331762e+02   2.6500000e+02   2.4624397e+03   1.1020289e+03   1.8253710e+00   0.0000000e+00   0.0000000e+00
   2.5710850e+02   2.6500000e+02   2.4601092e+03   1.1031917e+03   1.8318311e+00   0.0000000e+00   0.0000000e+00
   2.6089939e+02   2.6500000e+02   2.4577820e+03   1.1043470e+03   1.8382526e+00   0.0000000e+00   0.0000000e+00
   2.6469028e+02   2.6500000e+02   2.4554583e+03   1.1054948e+03   1.8446364e+00   0.0000000e+00   0.0000000e+00
   2.6848117e+02   2.6500000e+02   2.4531380e+03   1.1066353e+03   1.8509833e+00   0.0000000e+00   0.0000000e+00
   2.7227206e+02   2.6500000e+02   2.4508211e+03   1.1077685e+03   1.8572938e+00   0.0000000e+00   0.0000000e+00
   2.7606295e+02   2.6500000e+02   2.4485075e+03   1.1088946e+03   1.8635679e+00   0.0000000e+00   0.0000000e+00
   2.7985383e+02   2.6500000e+02   2.4461973e+03   1.1100137e+03   1.8698050e+00   0.0000000e+00   0.0000000e+00
   2.8364472e+02   2.6500000e+02   2.4438904e+03   1.1111258e+03   1.8760054e+00   0.0000000e+00   0.0000000e+00
   2.8743561e+02   2.6500000e+02   2.4415867e+03   1.1122311e+03   1.8821731e+00   0.0000000e+00   0.0000000e+00
   2.9122650e+02   2.6500000e+02   2.4392864e+03   1.1133297e+03   1.8883130e+00   0.0000000e+00   0.0000000e+00
   2.9501739e+02   2.6500000e+02   2.4369893e+03   1.1144217e+03   1.8944310e+00   0.0000000e+00   0.0000000e+00
   2.9880827e+02   2.6500000e+02   2.4346954e+03   1.1155071e+03   1.9005342e+00   0.0000000e+00   0.0000000e+00
   3.0259916e+02   2.6500000e+02   2.4324047e+03   1.1165862e+03   1.9066291e+00   0.0000000e+00   0.0000000e+00
   3.0639005e+02   2.6500000e+02   2.4301173e+03   1.1176588e+03   1.9127142e+00   0.0000000e+00   0.0000000e+00
   3.1018094e+02   2.6500000e+02   2.4278330e+03   1.1187252e+03   1.9187831e+00   0.0000000e+00   0.0000000e+00
   3.1397183e+02   2.6500000e+02   2.4255519e+03   1.1197854e+03   1.9248295e+00   0.0000000e+00   0.0000000e+00
   3.1776272e+02   2.6500000e+02   2.4232739e+03   1.1208395e+03   1.9308469e+00   0.0000000e+00   0.0000000e+00
   3.2155360e+02   2.6500000e+02   2.4209990e+03   1.1218875e+03   1.9368292e+00   0.0000000e+00   0.0000000e+00
   3.2534449e+02   2.6500000e+02   2.4187273e+03   1.1229296e+03   1.9427728e+00   0.0000000e+00   0.0000000e+00
   3.2913538e+02   2.6500000e+02   2.4164586e+03   1.1239658e+03   1.9486774e+00   0.0000000e+00   0.0000000e+00
   3.3292627e+02   2.6500000e+02   2.4141930e+03   1.1249962e+03   1.9545427e+00   0.0000000e+00   0.0000000e+00
   3.3671716e+02   2.6500000e+02   2.4119305e+03   1.1260209e+03   1.9603680e+00   0.0000000e+00   0.0000000e+00
   3.4050804e+02   2.6500000e+02   2.4096710e+03   1.1270399e+03   1.9661522e+00   0.0000000e+00   0.0000000e+00
   3.4429893e+02   2.6500000e+02   2.4074145e+03   1.1280534e+03   1.9718946e+00   0.0000000e+00   0.0000000e+00
   3.4808982e+02   2.6500000e+02   2.4051610e+03   1.1290615e+03   1.9775950e+00   0.0000000e+00   0.0000000e+00
   3.5188071e+02   2.6500000e+02   2.4029105e+03   1.1300641e+03   1.9832538e+00   0.0000000e+00   0.0000000e+00
   3.5567160e+02   2.6500000e+02   2.4006630e+03   1.1310614e+03   1.9888711e+00   0.0000000e+00   0.0000000e+00
   3.5946249e+02   2.6500000e+02   2.3984185e+03   1.1320535e+03   1.9944475e+00   0.0000000e+00   0.0000000e+00
   3.6325337e+02   2.6500000e+02   2.3961769e+03   1.1330404e+03   1.9999834e+00   0.0000000e+00   0.0000000e+00
   3.6704426e+02   2.6500000e+02   2.3939383e+03   1.1340222e+03   2.0054794e+00   0.0000000e+00   0.0000000e+00
   3.7083515e+02   2.6500000e+02   2.3917025e+03   1.1349990e+03   2.0109361e+00   0.0000000e+00   0.0000000e+00
   3.7462604e+02   2.6500000e+02   2.3894697e+03   1.1359710e+03   2.0163543e+00   0.0000000e+00   0.0000000e+00
   3.7841693e+02   2.6500000e+02   2.3872398e+03   1.1369380e+03   2.0217353e+00   0.0000000e+00   0.0000000e+00
   3.8220781e+02   2.6500000e+02   2.3850127e+03   1.1379004e+03   2.0270805e+00   0.0000000e+00   0.0000000e+00
   3.8599870e+02   2.6500000e+02   2.3827885e+03   1.1388580e+03   2.0323909e+00   0.0000000e+00   0.0000000e+00
   3.8978959e+02   2.6500000e+02   2.3805672e+03   1.1398110e+03   2.0376676e+00   0.0000000e+00   0.0000000e+00
   3.9358048e+02   2.6500000e+02   2.3783487e+03   1.1407593e+03   2.0429119e+00   0.0000000e+00   0.0000000e+00
   3.9737137e+02   2.6500000e+02   2.3761330e+03   1.1417031e+03   2.0481247e+00   0.0000000e+00   0.0000000e+00
   4.0116226e+02   2.6500000e+02   2.3739202e+03   1.1426425e+03   2.0533074e+00   0.0000000e+00   0.0000000e+00
   4.0495314e+02   2.6500000e+02   2.3717101e+03   1.1435774e+03   2.0584622e+00   0.0000000e+00   0.0000000e+00
   4.0874403e+02   2.6500000e+02   2.3695029e+03   1.1445078e+03   2.0635929e+00   0.0000000e+00   0.0000000e+00
   4.1253492e+02   2.6500000e+02   2.3672984e+03   1.1454340e+03   2.0687034e+00   0.0000000e+00   0.0000000e+00
   4.1632581e+02   2.6500000e+02   2.3650967e+03   1.1463558e+03   2.0737959e+00   0.0000000e+00   0.0000000e+00
   4.2011670e+02   2.6500000e+02   2.3628977e+03   1.1472734e+03   2.0788714e+00   0.0000000e+00   0.0000000e+00
   4.2390759e+02   2.6500000e+02   2.3607015e+03   1.1481869e+03   2.0839308e+00   0.0000000e+00   0.0000000e+00
   4.2769847e+02   2.6500000e+02   2.3585080e+03   1.1490961e+03   2.0889731e+00   0.0000000e+00   0.0000000e+00
   4.3148936e+02   2.6500000e+02   2.3563172e+03   1.1500013e+03   2.0939973e+00   0.0000000e+00   0.0000000e+00
   4.3528025e+02   2.6500000e+02   2.3541292e+03   1.1509024e+03   2.0990029e+00   0.0000000e+00   0.0000000e+00
   4.3907114e+02   2.6500000e+02   2.3519438e+03   1.1517995e+03   2.1039896e+00   0.0000000e+00   0.0000000e+00
   4.4286203e+02   2.6500000e+02   2.3497612e+03   1.1526926e+03   2.1089576e+00   0.0000000e+00   0.0000000e+00
   4.4665291e+02   2.6500000e+02   2.3475812e+03   1.1535818e+03   2.1139062e+00   0.0000000e+00   0.0000000e+00
   4.5044380e+02   2.6500000e+02   2.3454039e+03   1.1544671e+03   2.1188346e+00   0.0000000e+00   0.0000000e+00
   4.5423469e+02   2.6500000e+02   2.3432292e+03   1.1553485e+03   2.1237419e+00   0.0000000e+00   0.0000000e+00
   4.5802558e+02   2.6500000e+02   2.3410572e+03   1.1562261e+03   2.1286278e+00   0.0000000e+00   0.0000000e+00
   4.6181647e+02   2.6500000e+02   2.3388878e+03   1.1570999e+03   2.1334921e+00   0.0000000e+00   0.0000000e+00
   4.6560736e+02   2.6500000e+02   2.3367211e+03   1.1579701e+03   2.1383349e+00   0.0000000e+00   0.0000000e+00
   4.6939824e+02   2.6500000e+02   2.3345570e+03   1.1588365e+03   2.1431568e+00   0.0000000e+00   0.0000000e+00
   4.7318913e+02   2.6500000e+02   2.3323955e+03   1.1596992e+03   2.1479586e+00   0.0000000e+00   0.0000000e+00
   4.7698002e+02   2.6511204e+02   2.3303955e+03   1.2527971e+03   4.2212313e+00   2.2066047e+00   1.2398759e+02
   4.8077091e+02   2.6535618e+02   2.3283970e+03   1.2533046e+03   4.2203766e+00   2.2061579e+00   1.2398759e+02
   4.8456180e+02   2.6559114e+02   2.3264000e+03   1.2538090e+03   4.2195276e+00   2.2057142e+00   1.2398759e+02
   4.8835268e+02   2.6582546e+02   2.3244044e+03   1.2543097e+03   4.2186853e+00   2.2052738e+00   1.2398759e+02
   4.9214357e+02   2.6605979e+02   2.3224103e+03   1.2548068e+03   4.2178496e+00   2.2048370e+00   1.2398759e+02
   4.9593446e+02   2.6629412e+02   2.3204176e+03   1.2553002e+03   4.2170206e+00   2.2044036e+00   1.2398759e+02
   4.9972535e+02   2.6652844e+02   2.3184263e+03   1.2557900e+03   4.2161982e+00   2.2039737e+00   1.2398759e+02
   5.0351624e+02   2.6676277e+02   2.3164365e+03   1.2562761e+03   4.2153824e+00   2.2035473e+00   1.2398759e+02
   5.0730713e+02   2.6699468e+02   2.3144482e+03   1.2567586e+03   4.2145730e+00   2.2031242e+00   1.2398759e+02
   5.1109801e+02   2.6721963e+02   2.3124612e+03   1.2572380e+03   4.2137694e+00   2.2027041e+00   1.2398759e+02
   5.1488890e+02   2.6744458e+02   2.3104757e+03   1.2577137e+03   4.2129725e+00   2.2022875e+00   1.2398759e+02
   5.1867979e+02   2.6766954e+02   2.3084916e+03   1.2581858e+03   4.2121820e+00   2.2018743e+00   1.2398759e+02
   5.2247068e+02   2.6789449e+02   2.3065089e+03   1.2586542e+03   4.2113981e+00   2.2014645e+00   1.2398759e+02
   5.2626157e+02   2.6811944e+02   2.3045276e+03   1.2591190e+03   4.2106207e+00   2.2010582e+00   1.2398759e+02
   5.3005245e+02   2.6834440e+02   2.3025477e+03   1.2595802e+03   4.2098498e+00   2.2006552e+00   1.2398759e+02
   5.3384334e+02   2.6856416e+02   2.3005692e+03   1.2600381e+03   4.2090849e+00   2.2002553e+00   1.2398759e+02
   5.3763423e+02   2.6878016e+02   2.2985921e+03   1.2604926e+03   4.2083260e+00   2.1998586e+00   1.2398759e+02
   5.4142512e+02   2.6899616e+02   2.2966164e+03   1.2609435e+03   4.2075735e+00   2.1994652e+00   1.2398759e+02
   5.4521601e+02   2.6921216e+02   2.2946421e+03   1.2613908e+03   4.2068274e+00   2.1990752e+00   1.2398759e+02
   5.4900690e+02   2.6942816e+02   2.2926691e+03   1.2618345e+03   4.2060877e+00   2.1986886e+00   1.2398759e+02
   5.5279778e+02   2.6964416e+02   2.2906976e+03   1.2622746e+03   4.2053543e+00   2.1983052e+00   1.2398759e+02
   5.5658867e+02   2.6986016e+02   2.2887274e+03   1.2627112e+03   4.2046273e+00   2.1979252e+00   1.2398759e+02
   5.6037956e+02   2.7006845e+02   2.2867586e+03   1.2631447e+03   4.2039058e+00   2.1975480e+00   1.2398759e+02
   5.6417045e+02   2.7027590e+02   2.2847911e+03   1.2635746e+03   4.2031905e+00   2.1971741e+00   1.2398759e+02
   5.6796134e+02   2.7048335e+02   2.2828250e+03   1.2640011e+03   4.2024814e+00   2.1968034e+00   1.2398759e+02
   5.7175222e+02   2.7069080e+02   2.2808603e+03   1.2644240e+03   4.2017786e+00   2.1964360e+00   1.2398759e+02
   5.7554311e+02   2.7089825e+02   2.2788969e+03   1.2648433e+03   4.2010819e+00   2.1960719e+00   1.2398759e+02
   5.7933400e+02   2.7110570e+02   2.2769349e+03   1.2652592e+03   4.2003915e+00   2.1957109e+00   1.2398759e+02
   5.8312489e+02   2.7131133e+02   2.2749742e+03   1.2656717e+03   4.1997070e+00   2.1953531e+00   1.2398759e+02
   5.8691578e+02   2.7151061e+02   2.2730149e+03   1.2660811e+03   4.1990279e+00   2.1949982e+00   1.2398759e+02
   5.9070667e+02   2.7170989e+02   2.2710568e+03   1.2664870e+03   4.1983550e+00   2.1946464e+00   1.2398759e+02
   5.9449755e+02   2.7190918e+02   2.2691002e+03   1.2668894e+03   4.1976881e+00   2.1942978e+00   1.2398759e+02
   5.9828844e+02   2.7210846e+02   2.2671448e+03   1.2672884e+03   4.1970272e+00   2.1939523e+00   1.2398759e+02
   6.0207933e+02   2.7230774e+02   2.2651908e+03   1.2676840e+03   4.1963724e+00   2.1936100e+00   1.2398759e+02
   6.0587022e+02   2.7250703e+02   2.2632381e+03   1.2680761e+03   4.1957235e+00   2.1932708e+00   1.2398759e+02
   6.0966111e+02   2.7270206e+02   2.2612867e+03   1.2684651e+03   4.1950801e+00   2.1929345e+00   1.2398759e+02
   6.1345199e+02   2.7289355e+02   2.2593367e+03   1.2688509e+03   4.1944422e+00   2.1926010e+00   1.2398759e+02
   6.1724288e+02   2.7308504e+02   2.2573879e+03   1.2692334e+03   4.1938103e+00   2.1922707e+00   1.2398759e+02
   6.2103377e+02   2.7327653e+02   2.2554405e+03   1.2696125e+03   4.1931841e+00   2.1919434e+00   1.2398759e+02
   6.2482466e+02   2.7346802e+02   2.2534943e+03   1.2699882e+03   4.1925638e+00   2.1916191e+00   1.2398759e+02
   6.2861555e+02   2.7365951e+02   2.2515495e+03   1.2703605e+03   4.1919493e+00   2.1912979e+00   1.2398759e+02
   6.3240644e+02   2.7385100e+02   2.2496060e+03   1.2707296e+03   4.1913405e+00   2.1909797e+00   1.2398759e+02
   6.3619732e+02   2.7407631e+02   2.2476637e+03   1.2710932e+03   4.1907410e+00   2.1906663e+00   1.2398759e+02
   6.3998821e+02   2.7430683e+02   2.2457227e+03   1.2714532e+03   4.1901478e+00   2.1903561e+00   1.2398759e+02
   6.4377910e+02   2.7453735e+02   2.2439535e+03   1.3943666e+03   4.5922981e+00   2.3708204e+00   1.4676354e+02
   6.4756999e+02   2.7476787e+02   2.2421847e+03   1.3943515e+03   4.5922384e+00   2.3707896e+00   1.4607948e+02
   6.5136088e+02   2.7499839e+02   2.2404163e+03   1.3943364e+03   4.5921787e+00   2.3707588e+00   1.4539975e+02
   6.5515176e+02   2.7522890e+02   2.2386483e+03   1.3943214e+03   4.5921190e+00   2.3707279e+00   1.4472432e+02
   6.5894265e+02   2.7547186e+02   2.2368807e+03   1.3943055e+03   4.5920607e+00   2.3706978e+00   1.4401706e+02
   6.6273354e+02   2.7576832e+02   2.2351134e+03   1.3942861e+03   4.5920082e+00   2.3706707e+00   1.4316038e+02
   6.6652443e+02   2.7606478e+02   2.2333466e+03   1.3942667e+03   4.5919557e+00   2.3706436e+00   1.4231062e+02
   6.7031532e+02   2.7636125e+02   2.2315802e+03   1.3942473e+03   4.5919032e+00   2.3706165e+00   1.4146770e+02
   6.7410621e+02   2.7665771e+02   2.2298141e+03   1.3942279e+03   4.5918507e+00   2.3705894e+00   1.4063158e+02
   6.7789709e+02   2.7695417e+02   2.2280485e+03   1.3942085e+03   4.5917983e+00   2.3705624e+00   1.3980216e+02
   6.8168798e+02   2.7725064e+02   2.2262833e+03   1.3941891e+03   4.5917459e+00   2.3705353e+00   1.3897940e+02
   6.8547887e+02   2.7754120e+02   2.2245184e+03   1.3941700e+03   4.5916928e+00   2.3705079e+00   1.3817941e+02
   6.8926976e+02   2.7782610e+02   2.2227540e+03   1.3941514e+03   4.5916392e+00   2.3704802e+00   1.3740109e+02
   6.9306065e+02   2.7811099e+02   2.2209900e+03   1.3941327e+03   4.5915856e+00   2.3704526e+00   1.3662875e+02
   6.9685154e+02   2.7839589e+02   2.2192265e+03   1.3941140e+03   4.5915320e+00   2.3704249e+00   1.3586231e+02
   7.0064242e+02   2.7868079e+02   2.2174633e+03   1.3940953e+03   4.5914784e+00   2.3703972e+00   1.3510172e+02
   7.0443331e+02   2.7896568e+02   2.2157006e+03   1.3940767e+03   4.5914249e+00   2.3703696e+00   1.3434693e+02
   7.0822420e+02   2.7925058e+02   2.2139383e+03   1.3940580e+03   4.5913713e+00   2.3703420e+00   1.3359789e+02
   7.1201509e+02   2.7952657e+02   2.2121764e+03   1.3940399e+03   4.5913169e+00   2.3703138e+00   1.3287768e+02
   7.1580598e+02   2.7980076e+02   2.2104150e+03   1.3940219e+03   4.5912622e+00   2.3702856e+00   1.3216741e+02
   7.1959686e+02   2.8007496e+02   2.2086539e+03   1.3940039e+03   4.5912076e+00   2.3702574e+00   1.3146231e+02
   7.2338775e+02   2.8034915e+02   2.2068934e+03   1.3939859e+03   4.5911530e+00   2.3702292e+00   1.3076234e+02
   7.2717864e+02   2.8062335e+02   2.2051332e+03   1.3939679e+03   4.5910984e+00   2.3702010e+00   1.3006746e+02
   7.3096953e+02   2.8089754e+02   2.2033735e+03   1.3939499e+03   4.5910438e+00   2.3701729e+00   1.2937761e+02
   7.3476042e+02   2.8117021e+02   2.2016143e+03   1.3939320e+03   4.5909891e+00   2.3701446e+00   1.2869655e+02
   7.3855131e+02   2.8143451e+02   2.1998555e+03   1.3939147e+03   4.5909335e+00   2.3701159e+00   1.2804109e+02
   7.4234219e+02   2.8169880e+02   2.1980972e+03   1.3938973e+03   4.5908780e+00   2.3700872e+00   1.2739019e+02
   7.4613308e+02   2.8196309e+02   2.1963393e+03   1.3938800e+03   4.5908224e+00   2.3700586e+00   1.2674380e+02
   7.4992397e+02   2.8222738e+02   2.1945818e+03   1.3938626e+03   4.5907669e+00   2.3700299e+00   1.2610190e+02
   7.5371486e+02   2.8249168e+02   2.1928249e+03   1.3938453e+03   4.5907114e+00   2.3700012e+00   1.2546444e+02
   7.5750575e+02   2.8275597e+02   2.1910683e+03   1.3938279e+03   4.5906559e+00   2.3699726e+00   1.2483139e+02
   7.6129663e+02   2.8301590e+02   2.1893123e+03   1.3938108e+03   4.5905999e+00   2.3699437e+00   1.2421303e+02
   7.6508752e+02   2.8327104e+02   2.1875567e+03   1.3937940e+03   4.5905435e+00   2.3699146e+00   1.2361017e+02
   7.6887841e+02   2.8352617e+02   2.1858016e+03   1.3937773e+03   4.5904871e+00   2.3698854e+00   1.2301131e+02
   7.7266930e+02   2.8378131e+02   2.1840470e+03   1.3937605e+03   4.5904307e+00   2.3698563e+00   1.2241642e+02
   7.7646019e+02   2.8403644e+02   2.1822928e+03   1.3937437e+03   4.5903743e+00   2.3698272e+00   1.2182547e+02
   7.8025108e+02   2.8429158e+02   2.1805391e+03   1.3937270e+03   4.5903179e+00   2.3697981e+00   1.2123842e+02
   7.8404196e+02   2.8454671e+02   2.1787859e+03   1.3937102e+03   4.5902616e+00   2.3697690e+00   1.2065525e+02
   7.8783285e+02   2.8479510e+02   2.1770332e+03   1.3936938e+03   4.5902045e+00   2.3697396e+00   1.2009120e+02
   7.9162374e+02   2.8504176e+02   2.1752810e+03   1.3936776e+03   4.5901473e+00   2.3697101e+00   1.1953462e+02
   7.9541463e+02   2.8528843e+02   2.1735292e+03   1.3936614e+03   4.5900901e+00   2.3696805e+00   1.1898158e+02
   7.9920552e+02   2.8553510e+02   2.1717780e+03   1.3936452e+03   4.5900330e+00   2.3696510e+00   1.1843204e+02
   8.0299640e+02   2.8578177e+02   2.1700272e+03   1.3936289e+03   4.5899758e+00   2.3696215e+00   1.1788598e+02
   8.0678729e+02   2.8602844e+02   2.1682770e+03   1.3936127e+03   4.5899187e+00   2.3695920e+00   1.1734338e+02
   8.1057818e+02   2.8627418e+02   2.1665272e+03   1.3935965e+03   4.5898615e+00   2.3695625e+00   1.1680623e+02
   8.1436907e+02   2.8651303e+02   2.1647780e+03   1.3935808e+03   4.5898036e+00   2.3695326e+00   1.1628737e+02
   8.1815996e+02   2.8675188e+02   2.1630292e+03   1.3935651e+03   4.5897457e+00   2.3695027e+00   1.1577167e+02
   8.2195085e+02   2.8699073e+02   2.1612810e+03   1.3935494e+03   4.5896878e+00   2.3694728e+00   1.1525911e+02
   8.2574173e+02   2.8722958e+02   2.1595333e+03   1.3935336e+03   4.5896299e+00   2.3694429e+00   1.1474967e+02
   8.2953262e+02   2.8746844e+02   2.1577861e+03   1.3935179e+03   4.5895720e+00   2.3694131e+00   1.1424332e+02
   8.3332351e+02   2.8770729e+02   2.1560394e+03   1.3935022e+03   4.5895142e+00   2.3693832e+00   1.1374004e+02
   8.3711440e+02   2.8794296e+02   2.1542932e+03   1.3934866e+03   4.5894561e+00   2.3693532e+00   1.1324645e+02
   8.4090529e+02   2.8817460e+02   2.1525476e+03   1.3934714e+03   4.5893975e+00   2.3693230e+00   1.1276417e+02
   8.4469617e+02   2.8840624e+02   2.1508025e+03   1.3934561e+03   4.5893390e+00   2.3692927e+00   1.1228471e+02
   8.4848706e+02   2.8863788e+02   2.1490579e+03   1.3934409e+03   4.5892805e+00   2.3692625e+00   1.1180806e+02
   8.5227795e+02   2.8886952e+02   2.1473139e+03   1.3934256e+03   4.5892220e+00   2.3692323e+00   1.1133419e+02
   8.5606884e+02   2.8910116e+02   2.1455703e+03   1.3934103e+03   4.5891635e+00   2.3692021e+00   1.1086308e+02
   8.5985973e+02   2.8933280e+02   2.1438274e+03   1.3933951e+03   4.5891050e+00   2.3691720e+00   1.1039472e+02
   8.6365062e+02   2.8955937e+02   2.1420849e+03   1.3933801e+03   4.5890460e+00   2.3691415e+00   1.0993923e+02
   8.6744150e+02   2.8978436e+02   2.1403430e+03   1.3933653e+03   4.5889869e+00   2.3691110e+00   1.0948948e+02
   8.7123239e+02   2.9000936e+02   2.1386017e+03   1.3933505e+03   4.5889278e+00   2.3690805e+00   1.0904226e+02
   8.7502328e+02   2.9023436e+02   2.1368609e+03   1.3933356e+03   4.5888687e+00   2.3690500e+00   1.0859755e+02
   8.7881417e+02   2.9045935e+02   2.1351206e+03   1.3933208e+03   4.5888097e+00   2.3690195e+00   1.0815535e+02
   8.8260506e+02   2.9068435e+02   2.1333809e+03   1.3933060e+03   4.5887506e+00   2.3689890e+00   1.0771562e+02
   8.8639594e+02   2.9090883e+02   2.1316418e+03   1.3932912e+03   4.5886915e+00   2.3689585e+00   1.0727936e+02
   8.9018683e+02   2.9112771e+02   2.1299032e+03   1.3932767e+03   4.5886319e+00   2.3689277e+00   1.0685632e+02
   8.9397772e+02   2.9134660e+02   2.1281652e+03   1.3932623e+03   4.5885722e+00   2.3688969e+00   1.0643557e+02
   8.9776861e+02   2.9156548e+02   2.1264277e+03   1.3932478e+03   4.5885126e+00   2.3688661e+00   1.0601711e+02
   9.0155950e+02   2.9178437e+02   2.1246908e+03   1.3932334e+03   4.5884530e+00   2.3688354e+00   1.0560092e+02
   9.0535039e+02   2.9200325e+02   2.1229545e+03   1.3932189e+03   4.5883935e+00   2.3688046e+00   1.0518699e+02
   9.0914127e+02   2.9222214e+02   2.1212188e+03   1.3932045e+03   4.5883339e+00   2.3687739e+00   1.0477529e+02
   9.1293216e+02   2.9243875e+02   2.1194836e+03   1.3931902e+03   4.5882741e+00   2.3687430e+00   1.0437007e+02
   9.1672305e+02   2.9265203e+02   2.1177491e+03   1.3931761e+03   4.5882140e+00   2.3687120e+00   1.0397319e+02
   9.2051394e+02   2.9286530e+02   2.1160151e+03   1.3931621e+03   4.5881539e+00   2.3686809e+00   1.0357839e+02
   9.2430483e+02   2.9307858e+02   2.1142816e+03   1.3931480e+03   4.5880939e+00   2.3686499e+00   1.0318567e+02
   9.2809572e+02   2.9329186e+02   2.1125488e+03   1.3931339e+03   4.5880338e+00   2.3686189e+00   1.0279500e+02
   9.3188660e+02   2.9350513e+02   2.1108166e+03   1.3931198e+03   4.5879738e+00   2.3685880e+00   1.0240638e+02
   9.3567749e+02   2.9371841e+02   2.1090849e+03   1.3931057e+03   4.5879138e+00   2.3685570e+00   1.0201978e+02
   9.3946838e+02   2.9392795e+02   2.1073539e+03   1.3930919e+03   4.5878534e+00   2.3685258e+00   1.0164193e+02
   9.4325927e+02   2.9413609e+02   2.1056234e+03   1.3930781e+03   4.5877929e+00   2.3684946e+00   1.0126851e+02
   9.4705016e+02   2.9434423e+02   2.1038936e+03   1.3930644e+03   4.5877325e+00   2.3684633e+00   1.0089699e+02
   9.5084104e+02   2.9455238e+02   2.1021644e+03   1.3930507e+03   4.5876720e+00   2.3684321e+00   1.0052736e+02
   9.5463193e+02   2.9476052e+02   2.1004357e+03   1.3930369e+03   4.5876116e+00   2.3684009e+00   1.0015960e+02
   9.5842282e+02   2.9496866e+02   2.0987077e+03   1.3930232e+03   4.5875511e+00   2.3683697e+00   9.9793697e+01
   9.6221371e+02   2.9517657e+02   2.0969803e+03   1.3930094e+03   4.5874907e+00   2.3683386e+00   9.9430053e+01
   9.6600460e+02   2.9538002e+02   2.0952535e+03   1.3929960e+03   4.5874299e+00   2.3683071e+00   9.9075981e+01
   9.6979549e+02   2.9558347e+02   2.0935273e+03   1.3929825e+03   4.5873690e+00   2.3682757e+00   9.8723655e+01
   9.7358637e+02   2.9578692e+02   2.0918018e+03   1.3929691e+03   4.5873082e+00   2.3682443e+00   9.8373064e+01
   9.7737726e+02   2.9599037e+02   2.0900768e+03   1.3929556e+03   4.5872474e+00   2.3682129e+00   9.8024197e+01
   9.8116815e+02   2.9619382e+02   2.0883525e+03   1.3929422e+03   4.5871866e+00   2.3681815e+00   9.7677044e+01
   9.8495904e+02   2.9639728e+02   2.0866288e+03   1.3929287e+03   4.5871258e+00   2.3681502e+00   9.7331595e+01
   9.8874993e+02   2.9659914e+02   2.0849058e+03   1.3929154e+03   4.5870649e+00   2.3681187e+00   9.6990512e+01
   9.9254081e+02   2.9679832e+02   2.0831834e+03   1.3929022e+03   4.5870038e+00   2.3680871e+00   9.6655589e+01
   9.9633170e+02   2.9699750e+02   2.0814616e+03   1.3928891e+03   4.5869426e+00   2.3680556e+00   9.6322268e+01
   1.0001226e+03   2.9719668e+02   2.0797405e+03   1.3928759e+03   4.5868815e+00   2.3680240e+00   9.5990542e+01
   1.0039135e+03   2.9739587e+02   2.0780200e+03   1.3928627e+03   4.5868204e+00   2.3679925e+00   9.5660400e+01
   1.0077044e+03   2.9759505e+02   2.0763002e+03   1.3928495e+03   4.5867593e+00   2.3679609e+00   9.5331833e+01
   1.0114953e+03   2.9779423e+02   2.0745810e+03   1.3928364e+03   4.5866983e+00   2.3679294e+00   9.5004832e+01
   1.0152861e+03   2.9799072e+02   2.0728625e+03   1.3928234e+03   4.5866369e+00   2.3678978e+00   9.4683765e+01
   1.0190770e+03   2.9818603e+02   2.0711446e+03   1.3928105e+03   4.5865755e+00   2.3678661e+00   9.4366132e+01
   1.0228679e+03   2.9838134e+02   2.0694273e+03   1.3927975e+03   4.5865141e+00   2.3678344e+00   9.4049977e+01
   1.0266588e+03   2.9857665e+02   2.0677108e+03   1.3927846e+03   4.5864527e+00   2.3678027e+00   9.3735294e+01
   1.0304497e+03   2.9877195e+02   2.0659949e+03   1.3927717e+03   4.5863914e+00   2.3677710e+00   9.3422073e+01
   1.0342406e+03   2.9896726e+02   2.0642796e+03   1.3927588e+03   4.5863301e+00   2.3677393e+00   9.3110306e+01
   1.0380315e+03   2.9916252e+02   2.0625651e+03   1.3927459e+03   4.5862688e+00   2.3677077e+00   9.2800067e+01
   1.0418224e+03   2.9935433e+02   2.0608512e+03   1.3927332e+03   4.5862071e+00   2.3676759e+00   9.2496702e+01
   1.0456132e+03   2.9954614e+02   2.0591380e+03   1.3927205e+03   4.5861455e+00   2.3676441e+00   9.2194716e+01
   1.0494041e+03   2.9973795e+02   2.0574254e+03   1.3927078e+03   4.5860839e+00   2.3676122e+00   9.1894100e+01
   1.0531950e+03   2.9992975e+02   2.0557135e+03   1.3926951e+03   4.5860223e+00   2.3675805e+00   9.1594847e+01
   1.0569859e+03   3.0012156e+02   2.0540024e+03   1.3926824e+03   4.5859607e+00   2.3675487e+00   9.1296949e+01
   1.0607768e+03   3.0031337e+02   2.0522919e+03   1.3926697e+03   4.5858992e+00   2.3675169e+00   9.1000399e+01
   1.0645677e+03   3.0050412e+02   2.0505821e+03   1.3926571e+03   4.5858376e+00   2.3674851e+00   9.0706814e+01
   1.0683586e+03   3.0069279e+02   2.0488729e+03   1.3926446e+03   4.5857758e+00   2.3674532e+00   9.0417735e+01
   1.0721495e+03   3.0088146e+02   2.0471645e+03   1.3926321e+03   4.5857140e+00   2.3674213e+00   9.0129938e+01
   1.0759404e+03   3.0107012e+02   2.0454568e+03   1.3926196e+03   4.5856522e+00   2.3673894e+00   8.9843416e+01
   1.0797312e+03   3.0125879e+02   2.0437497e+03   1.3926071e+03   4.5855905e+00   2.3673575e+00   8.9558162e+01
   1.0835221e+03   3.0144745e+02   2.0420434e+03   1.3925946e+03   4.5855288e+00   2.3673257e+00   8.9274170e+01
   1.0873130e+03   3.0163612e+02   2.0403378e+03   1.3925821e+03   4.5854671e+00   2.3672938e+00   8.8991431e+01
   1.0911039e+03   3.0182293e+02   2.0386329e+03   1.3925697e+03   4.5854052e+00   2.3672619e+00   8.8712692e+01
   1.0948948e+03   3.0200879e+02   2.0369287e+03   1.3925574e+03   4.5853433e+00   2.3672299e+00   8.8436592e+01
   1.0986857e+03   3.0219465e+02   2.0352252e+03   1.3925451e+03   4.5852813e+00   2.3671979e+00   8.8161688e+01
   1.1024766e+03   3.0238050e+02   2.0335224e+03   1.3925328e+03   4.5852194e+00   2.3671660e+00   8.7887976e+01
   1.1062675e+03   3.0256636e+02   2.0318203e+03   1.3925205e+03   4.5851576e+00   2.3671340e+00   8.7615448e+01
   1.1100583e+03   3.0275222e+02   2.0301190e+03   1.3925082e+03   4.5850957e+00   2.3671021e+00   8.7344098e+01
   1.1138492e+03   3.0293808e+02   2.0284183e+03   1.3924959e+03   4.5850339e+00   2.3670702e+00   8.7073920e+01
   1.1176401e+03   3.0312149e+02   2.0267185e+03   1.3924837e+03   4.5849719e+00   2.3670382e+00   8.6808433e+01
   1.1214310e+03   3.0330486e+02   2.0250193e+03   1.3924716e+03   4.5849098e+00   2.3670061e+00   8.6544146e+01
   1.1252219e+03   3.0348823e+02   2.0233209e+03   1.3924594e+03   4.5848478e+00   2.3669741e+00   8.6280981e+01
   1.1290128e+03   3.0367159e+02   2.0216232e+03   1.3924472e+03   4.5847859e+00   2.3669421e+00   8.6018934e+01
   1.1328037e+03   3.0385496e+02   2.0199262e+03   1.3924351e+03   4.5847239e+00   2.3669102e+00   8.5757996e+01
   1.1365946e+03   3.0403833e+02   2.0182300e+03   1.3924229e+03   4.5846620e+00   2.3668782e+00   8.5498164e+01
   1.1403855e+03   3.0422103e+02   2.0165345e+03   1.3924108e+03   4.5846000e+00   2.3668462e+00   8.5240361e+01
   1.1441763e+03   3.0440221e+02   2.0148398e+03   1.3923988e+03   4.5845379e+00   2.3668141e+00   8.4985786e+01
   1.1479672e+03   3.0458339e+02   2.0131458e+03   1.3923868e+03   4.5844758e+00   2.3667821e+00   8.4732273e+01
   1.1517581e+03   3.0476457e+02   2.0114525e+03   1.3923748e+03   4.5844138e+00   2.3667500e+00   8.4479816e+01
   1.1555490e+03   3.0494575e+02   2.0097601e+03   1.3923628e+03   4.5843518e+00   2.3667180e+00   8.4228410e+01
   1.1593399e+03   3.0512693e+02   2.0080683e+03   1.3923508e+03   4.5842898e+00   2.3666860e+00   8.3978049e+01
   1.1631308e+03   3.0530810e+02   2.0063774e+03   1.3923388e+03   4.5842278e+00   2.3666540e+00   8.3728729e+01
   1.1669217e+03   3.0548810e+02   2.0046872e+03   1.3923268e+03   4.5841657e+00   2.3666220e+00   8.3482066e+01
   1.1707126e+03   3.0566737e+02   2.0029977e+03   1.3923149e+03   4.5841036e+00   2.3665899e+00   8.3237393e+01
   1.1745034e+03   3.0584665e+02   2.0013090e+03   1.3923031e+03   4.5840415e+00   2.3665578e+00   8.2993724e+01
   1.1782943e+03   3.0602592e+02   1.9996211e+03   1.3922912e+03   4.5839794e+00   2.3665258e+00   8.2751052e+01
   1.1820852e+03   3.0620520e+02   1.9979340e+03   1.3922793e+03   4.5839174e+00   2.3664938e+00   8.2509373e+01
   1.1858761e+03   3.0638447e+02   1.9962476e+03   1.3922674e+03   4.5838554e+00   2.3664618e+00   8.2268681e+01
   1.1896670e+03   3.0656375e+02   1.9945621e+03   1.3922555e+03   4.5837934e+00   2.3664298e+00   8.2028971e+01
   1.1934579e+03   3.0674148e+02   1.9928773e+03   1.3922437e+03   4.5837313e+00   2.3663977e+00   8.1792288e+01
   1.1972488e+03   3.0691913e+02   1.9911932e+03   1.3922319e+03   4.5836691e+00   2.3663656e+00   8.1556679e+01
   1.2010397e+03   3.0709677e+02   1.9895100e+03   1.3922201e+03   4.5836071e+00   2.3663336e+00   8.1322020e+01
   1.2048306e+03   3.0727442e+02   1.9878276e+03   1.3922083e+03   4.5835450e+00   2.3663015e+00   8.1088306e+01
   1.2086214e+03   3.0745206e+02   1.9861459e+03   1.3921966e+03   4.5834830e+00   2.3662695e+00   8.0855533e+01
   1.2124123e+03   3.0762971e+02   1.9844651e+03   1.3921848e+03   4.5834210e+00   2.3662375e+00   8.0623696e+01
   1.2162032e+03   3.0780698e+02   1.9827850e+03   1.3921730e+03   4.5833590e+00   2.3662055e+00   8.0393266e+01
   1.2199941e+03   3.0798326e+02   1.9811057e+03   1.3921613e+03   4.5832969e+00   2.3661735e+00   8.0165058e+01
   1.2237850e+03   3.0815953e+02   1.9794273e+03   1.3921496e+03   4.5832349e+00   2.3661414e+00   7.9937758e+01
   1.2275759e+03   3.0833580e+02   1.9777496e+03   1.3921379e+03   4.5831728e+00   2.3661094e+00   7.9711362e+01
   1.2313668e+03   3.0851207e+02   1.9760728e+03   1.3921262e+03   4.5831108e+00   2.3660774e+00   7.9485864e+01
   1.2351577e+03   3.0868834e+02   1.9743967e+03   1.3921145e+03   4.5830488e+00   2.3660454e+00   7.9261260e+01
   1.2389485e+03   3.0886461e+02   1.9727215e+03   1.3921028e+03   4.5829869e+00   2.3660134e+00   7.9037547e+01
   1.2427394e+03   3.0904022e+02   1.9710471e+03   1.3920912e+03   4.5829249e+00   2.3659814e+00   7.8815557e+01
   1.2465303e+03   3.0921537e+02   1.9693735e+03   1.3920795e+03   4.5828629e+00   2.3659494e+00   7.8595023e+01
   1.2503212e+03   3.0939051e+02   1.9677007e+03   1.3920679e+03   4.5828009e+00   2.3659174e+00   7.8375355e+01
   1.2541121e+03   3.0956565e+02   1.9660288e+03   1.3920563e+03   4.5827390e+00   2.3658854e+00   7.8156549e+01
   1.2579030e+03   3.0974080e+02   1.9643576e+03   1.3920447e+03   4.5826771e+00   2.3658534e+00   7.7938600e+01
   1.2616939e+03   3.0991594e+02   1.9626873e+03   1.3920330e+03   4.5826152e+00   2.3658215e+00   7.7721504e+01
   1.2654848e+03   3.1009109e+02   1.9610179e+03   1.3920214e+03   4.5825533e+00   2.3657896e+00   7.7505256e+01
   1.2692757e+03   3.1026542e+02   1.9593492e+03   1.3920098e+03   4.5824914e+00   2.3657576e+00   7.7290853e+01
   1.2730665e+03   3.1043967e+02   1.9576814e+03   1.3919982e+03   4.5824295e+00   2.3657256e+00   7.7077379e+01
   1.2768574e+03   3.1061392e+02   1.9560145e+03   1.3919867e+03   4.5823676e+00   2.3656937e+00   7.6864734e+01
   1.2806483e+03   3.1078817e+02   1.9543483e+03   1.3919751e+03   4.5823058e+00   2.3656618e+00   7.6652913e+01
   1.2844392e+03   3.1096242e+02   1.9526831e+03   1.3919635e+03   4.5822440e+00   2.3656299e+00   7.6441912e+01
   1.2882301e+03   3.1113668e+02   1.9510186e+03   1.3919520e+03   4.5821822e+00   2.3655980e+00   7.6231727e+01
   1.2920210e+03   3.1131077e+02   1.9493550e+03   1.3919404e+03   4.5821204e+00   2.3655661e+00   7.6022542e+01
   1.2958119e+03   3.1148435e+02   1.9476923e+03   1.3919289e+03   4.5820586e+00   2.3655342e+00   7.5814777e+01
   1.2996028e+03   3.1165793e+02   1.9460304e+03   1.3919173e+03   4.5819968e+00   2.3655023e+00   7.5607811e+01
   1.3033936e+03   3.1183151e+02   1.9443694e+03   1.3919058e+03   4.5819351e+00   2.3654704e+00   7.5401639e+01
   1.3071845e+03   3.1200510e+02   1.9427093e+03   1.3918943e+03   4.5818734e+00   2.3654386e+00   7.5196258e+01
   1.3109754e+03   3.1217868e+02   1.9410500e+03   1.3918827e+03   4.5818117e+00   2.3654067e+00   7.4991664e+01
   1.3147663e+03   3.1235226e+02   1.9393915e+03   1.3918712e+03   4.5817501e+00   2.3653749e+00   7.4787853e+01
   1.3185572e+03   3.1252559e+02   1.9377340e+03   1.3918597e+03   4.5816884e+00   2.3653431e+00   7.4585117e+01
   1.3223481e+03   3.1269871e+02   1.9360773e+03   1.3918482e+03   4.5816268e+00   2.3653112e+00   7.4383392e+01
   1.3261390e+03   3.1287183e+02   1.9344214e+03   1.3918367e+03   4.5815652e+00   2.3652794e+00   7.4182435e+01
   1.3299299e+03   3.1304496e+02   1.9327665e+03   1.3918252e+03   4.5815036e+00   2.3652477e+00   7.3982241e+01
   1.3337208e+03   3.1321808e+02   1.9311124e+03   1.3918137e+03   4.5814421e+00   2.3652159e+00   7.3782809e+01
   1.3375116e+03   3.1339121e+02   1.9294592e+03   1.3918022e+03   4.5813806e+00   2.3651841e+00   7.3584133e+01
   1.3413025e+03   3.1356433e+02   1.9278069e+03   1.3917907e+03   4.5813191e+00   2.3651524e+00   7.3386211e+01
   1.3450934e+03   3.1373723e+02   1.9261555e+03   1.3917792e+03   4.5812576e+00   2.3651207e+00   7.3189292e+01
   1.3488843e+03   3.1391010e+02   1.9245050e+03   1.3917677e+03   4.5811962e+00   2.3650889e+00   7.2993152e+01
   1.3526752e+03   3.1408297e+02   1.9228553e+03   1.3917562e+03   4.5811348e+00   2.3650572e+00   7.2797753e+01
   1.3564661e+03   3.1425584e+02   1.9212065e+03   1.3917447e+03   4.5810734e+00   2.3650255e+00   7.2603092e+01
   1.3602570e+03   3.1442871e+02   1.9195587e+03   1.3917332e+03   4.5810120e+00   2.3649939e+00   7.2409164e+01
   1.3640479e+03   3.1460158e+02   1.9179117e+03   1.3917217e+03   4.5809507e+00   2.3649622e+00   7.2215966e+01
   1.3678387e+03   3.1477444e+02   1.9162657e+03   1.3917102e+03   4.5808894e+00   2.3649306e+00   7.2023508e+01
   1.3716296e+03   3.1494726e+02   1.9146205e+03   1.3916987e+03   4.5808282e+00   2.3648989e+00   7.1831825e+01
   1.3754205e+03   3.1512007e+02   1.9129762e+03   1.3916873e+03   4.5807669e+00   2.3648673e+00   7.1640863e+01
   1.3792114e+03   3.1529288e+02   1.9113329e+03   1.3916758e+03   4.5807057e+00   2.3648357e+00   7.1450616e+01
   1.3830023e+03   3.1546569e+02   1.9096905e+03   1.3916643e+03   4.5806446e+00   2.3648041e+00   7.1261082e+01
   1.3867932e+03   3.1563850e+02   1.9080489e+03   1.3916528e+03   4.5805834e+00   2.3647726e+00   7.1072257e+01
   1.3905841e+03   3.1581131e+02   1.9064083e+03   1.3916413e+03   4.5805223e+00   2.3647410e+00   7.0884139e+01
   1.3943750e+03   3.1598419e+02   1.9047686e+03   1.3916298e+03   4.5804612e+00   2.3647095e+00   7.0696651e+01
   1.3981659e+03   3.1615713e+02   1.9031299e+03   1.3916183e+03   4.5804002e+00   2.3646780e+00   7.0509798e+01
   1.4019567e+03   3.1633007e+02   1.9014920e+03   1.3916068e+03   4.5803392e+00   2.3646465e+00   7.0323641e+01
   1.4057476e+03   3.1650301e+02   1.8998551e+03   1.3915953e+03   4.5802782e+00   2.3646150e+00   7.0138179e+01
   1.4095385e+03   3.1667595e+02   1.8982191e+03   1.3915838e+03   4.5802173e+00   2.3645836e+00   6.9953408e+01
   1.4133294e+03   3.1684889e+02   1.8965840e+03   1.3915723e+03   4.5801564e+00   2.3645521e+00   6.9769324e+01
   1.4171203e+03   3.1702183e+02   1.8949499e+03   1.3915608e+03   4.5800955e+00   2.3645207e+00   6.9585925e+01
   1.4209112e+03   3.1719503e+02   1.8933167e+03   1.3915493e+03   4.5800347e+00   2.3644893e+00   6.9402935e+01
   1.4247021e+03   3.1736828e+02   1.8916844e+03   1.3915377e+03   4.5799740e+00   2.3644579e+00   6.9220573e+01
   1.4284930e+03   3.1754152e+02   1.8900531e+03   1.3915262e+03   4.5799132e+00   2.3644266e+00   6.9038889e+01
   1.4322838e+03   3.1771477e+02   1.8884227e+03   1.3915147e+03   4.5798525e+00   2.3643953e+00   6.8857879e+01
   1.4360747e+03   3.1788802e+02   1.8867933e+03   1.3915032e+03   4.5797919e+00   2.3643639e+00   6.8677540e+01
   1.4398656e+03   3.1806127e+02   1.8851648e+03   1.3914916e+03   4.5797312e+00   2.3643326e+00   6.8497869e+01
   1.4436565e+03   3.1823459e+02   1.8835372e+03   1.3914801e+03   4.5796706e+00   2.3643013e+00   6.8318782e+01
   1.4474474e+03   3.1840832e+02   1.8819106e+03   1.3914686e+03   4.5796101e+00   2.3642701e+00   6.8139945e+01
   1.4512383e+03   3.1858204e+02   1.8802850e+03   1.3914570e+03   4.5795496e+00   2.3642389e+00   6.7961771e+01
   1.4550292e+03   3.1875577e+02   1.8786603e+03   1.3914454e+03   4.5794891e+00   2.3642077e+00   6.7784256e+01
   1.4588201e+03   3.1892950e+02   1.8770366e+03   1.3914339e+03   4.5794287e+00   2.3641765e+00   6.7607398e+01
   1.4626110e+03   3.1910322e+02   1.8754138e+03   1.3914223e+03   4.5793683e+00   2.3641453e+00   6.7431192e+01
   1.4664018e+03   3.1927695e+02   1.8737921e+03   1.3914108e+03   4.5793080e+00   2.3641141e+00   6.7255637e+01
   1.4701927e+03   3.1945099e+02   1.8721712e+03   1.3913992e+03   4.5792477e+00   2.3640830e+00   6.7080415e+01
   1.4739836e+03   3.1962536e+02   1.8705514e+03   1.3913876e+03   4.5791875e+00   2.3640519e+00   6.6905506e+01
   1.4777745e+03   3.1979974e+02   1.8689325e+03   1.3913760e+03   4.5791273e+00   2.3640208e+00   6.6731243e+01
   1.4815654e+03   3.1997411e+02   1.8673146e+03   1.3913644e+03   4.5790671e+00   2.3639898e+00   6.6557623e+01
   1.4853563e+03   3.2014848e+02   1.8656976e+03   1.3913528e+03   4.5790070e+00   2.3639587e+00   6.6384643e+01
   1.4891472e+03   3.2032285e+02   1.8640817e+03   1.3913412e+03   4.5789469e+00   2.3639277e+00   6.6212301e+01
   1.4929381e+03   3.2049723e+02   1.8624667e+03   1.3913296e+03   4.5788869e+00   2.3638967e+00   6.6040593e+01
   1.4967289e+03   3.2067225e+02   1.8608527e+03   1.3913179e+03   4.5788269e+00   2.3638658e+00   6.5868879e+01
   1.5005198e+03   3.2084743e+02   1.8592397e+03   1.3913062e+03   4.5787670e+00   2.3638348e+00   6.5697647e+01
   1.5043107e+03   3.2102260e+02   1.8576276e+03   1.3912946e+03   4.5787072e+00   2.3638039e+00   6.5527046e+01
   1.5081016e+03   3.2119778e+02   1.8560166e+03   1.3912829e+03   4.5786473e+00   2.3637731e+00   6.5357073e+01
   1.5118925e+03   3.2137296e+02   1.8544065e+03   1.3912713e+03   4.5785875e+00   2.3637422e+00   6.5187726e+01
   1.5156834e+03   3.2154814e+02   1.8527975e+03   1.3912596e+03   4.5785278e+00   2.3637113e+00   6.5019001e+01
   1.5194743e+03   3.2172344e+02   1.8511894e+03   1.3912479e+03   4.5784680e+00   2.3636805e+00   6.4850778e+01
   1.5232652e+03   3.2189958e+02   1.8495824e+03   1.3912362e+03   4.5784085e+00   2.3636497e+00   6.4682374e+01
   1.5270560e+03   3.2207572e+02   1.8479763e+03   1.3912245e+03   4.5783489e+00   2.3636190e+00   6.4514591e+01
   1.5308469e+03   3.2225186e+02   1.8463713e+03   1.3912127e+03   4.5782894e+00   2.3635883e+00   6.4347425e+01
   1.5346378e+03   3.2242800e+02   1.8447672e+03   1.3912010e+03   4.5782299e+00   2.3635576e+00   6.4180875e+01
   1.5384287e+03   3.2260413e+02   1.8431642e+03   1.3911893e+03   4.5781704e+00   2.3635269e+00   6.4014936e+01
   1.5422196e+03   3.2278027e+02   1.8415622e+03   1.3911776e+03   4.5781110e+00   2.3634962e+00   6.3849608e+01
   1.5460105e+03   3.2295691e+02   1.8399612e+03   1.3911658e+03   4.5780517e+00   2.3634656e+00   6.3684419e+01
   1.5498014e+03   3.2313416e+02   1.8383612e+03   1.3911540e+03   4.5779925e+00   2.3634350e+00   6.3519270e+01
   1.5535923e+03   3.2331141e+02   1.8367622e+03   1.3911422e+03   4.5779333e+00   2.3634044e+00   6.3354729e+01
   1.5573832e+03   3.2348866e+02   1.8351642e+03   1.3911304e+03   4.5778741e+00   2.3633739e+00   6.3190794e+01
   1.5611740e+03   3.2366591e+02   1.8335673e+03   1.3911186e+03   4.5778150e+00   2.3633434e+00   6.3027462e+01
   1.5649649e+03   3.2384316e+02   1.8319713e+03   1.3911068e+03   4.5777559e+00   2.3633129e+00   6.2864731e+01
   1.5687558e+03   3.2402041e+02   1.8303765e+03   1.3910950e+03   4.5776969e+00   2.3632824e+00   6.2702597e+01
   1.5725467e+03   3.2419862e+02   1.8287826e+03   1.3910831e+03   4.5776380e+00   2.3632520e+00   6.2540175e+01
   1.5763376e+03   3.2437713e+02   1.8271898e+03   1.3910712e+03   4.5775791e+00   2.3632216e+00   6.2378093e+01
   1.5801285e+03   3.2455563e+02   1.8255980e+03   1.3910593e+03   4.5775203e+00   2.3631912e+00   6.2216609e+01
   1.5839194e+03   3.2473414e+02   1.8240072e+03   1.3910474e+03   4.5774615e+00   2.3631609e+00   6.2055719e+01
   1.5877103e+03   3.2491264e+02   1.8224175e+03   1.3910355e+03   4.5774028e+00   2.3631305e+00   6.1895421e+01
   1.5915011e+03   3.2509115e+02   1.8208288e+03   1.3910237e+03   4.5773441e+00   2.3631002e+00   6.1735713e+01
   1.5952920e+03   3.2526979e+02   1.8192411e+03   1.3910118e+03   4.5772854e+00   2.3630700e+00   6.1576475e+01
   1.5990829e+03   3.2544969e+02   1.8176545e+03   1.3909998e+03   4.5772269e+00   2.3630398e+00   6.1416700e+01
   1.6028738e+03   3.2562959e+02   1.8160690e+03   1.3909878e+03   4.5771685e+00   2.3630096e+00   6.1257515e+01
   1.6066647e+03   3.2580949e+02   1.8144845e+03   1.3909758e+03   4.5771101e+00   2.3629794e+00   6.1098917e+01
   1.6104556e+03   3.2598940e+02   1.8129010e+03   1.3909638e+03   4.5770517e+00   2.3629493e+00   6.0940904e+01
   1.6142465e+03   3.2616930e+02   1.8113186e+03   1.3909518e+03   4.5769934e+00   2.3629192e+00   6.0783474e+01
   1.6180374e+03   3.2634920e+02   1.8097372e+03   1.3909399e+03   4.5769351e+00   2.3628891e+00   6.0626624e+01
   1.6218283e+03   3.2652974e+02   1.8081569e+03   1.3909278e+03   4.5768769e+00   2.3628590e+00   6.0469797e+01
   1.6256191e+03   3.2671118e+02   1.8065777e+03   1.3909157e+03   4.5768188e+00   2.3628291e+00   6.0312773e+01
   1.6294100e+03   3.2689261e+02   1.8049995e+03   1.3909036e+03   4.5767608e+00   2.3627991e+00   6.0156331e+01
   1.6332009e+03   3.2707405e+02   1.8034224e+03   1.3908916e+03   4.5767028e+00   2.3627692e+00   6.0000467e+01
   1.6369918e+03   3.2725549e+02   1.8018464e+03   1.3908795e+03   4.5766448e+00   2.3627393e+00   5.9845180e+01
   1.6407827e+03   3.2743693e+02   1.8002714e+03   1.3908674e+03   4.5765869e+00   2.3627094e+00   5.9690466e+01
   1.6445736e+03   3.2761836e+02   1.7986975e+03   1.3908553e+03   4.5765290e+00   2.3626795e+00   5.9536322e+01
   1.6483645e+03   3.2780103e+02   1.7971246e+03   1.3908431e+03   4.5764713e+00   2.3626497e+00   5.9381707e+01
   1.6521554e+03   3.2798414e+02   1.7955528e+03   1.3908309e+03   4.5764137e+00   2.3626199e+00   5.9227295e+01
   1.6559462e+03   3.2816725e+02   1.7939822e+03   3.5481657e+03   4.6131205e+00   2.6107262e+00   2.8255290e+12
   1.7262037e+03   3.3839811e+02   1.7825794e+03   3.5481657e+03   4.6143704e+00   2.6102654e+00   1.3475469e+12
   1.7959815e+03   3.4857434e+02   1.7711767e+03   3.5492949e+03   4.6201776e+00   2.6135341e+00   6.7292080e+11
   1.8653012e+03   3.5869609e+02   1.7597740e+03   3.5531778e+03   8.1115853e+00   4.5925626e+00   3.5038286e+11
   1.9342150e+03   3.6876349e+02   1.7483713e+03   3.5626270e+03   8.1792354e+00   4.6450635e+00   1.8954132e+11
   2.0028271e+03   3.7877668e+02   1.7369686e+03   3.5862755e+03   8.2417112e+00   4.6932030e+00   1.0619208e+11
   2.0714022e+03   3.8873582e+02   1.7255659e+03   3.6080563e+03   8.2436139e+00   4.6921382e+00   6.1464411e+10
   2.1398886e+03   3.9864107e+02   1.7141632e+03   3.6090645e+03   8.2455196e+00   4.6910765e+00   3.6652264e+10
   2.2078792e+03   4.0849256e+02   1.7027605e+03   3.6100727e+03   8.2473405e+00   4.6899790e+00   2.2449358e+10
   2.2753727e+03   4.1829048e+02   1.6913578e+03   3.6110600e+03   8.2491150e+00   4.6888681e+00   1.4093894e+10
   2.3423671e+03   4.2803498e+02   1.6799551e+03   3.6120333e+03   8.2508251e+00   4.6877348e+00   9.0525458e+09
   2.4088605e+03   4.3772624e+02   1.6685524e+03   3.6129905e+03   8.2524801e+00   4.6865825e+00   5.9387055e+09
   2.4748511e+03   4.4736443e+02   1.6571497e+03   3.6139314e+03   8.2540922e+00   4.6854191e+00   3.9731327e+09
   2.5403369e+03   4.5694972e+02   1.6457470e+03   3.6148599e+03   8.2556366e+00   4.6842310e+00   2.7070450e+09
   2.6053162e+03   4.6648231e+02   1.6343443e+03   3.6157704e+03   8.3440389e+00   4.7330895e+00   1.8760087e+09
   2.6697868e+03   4.7596238e+02   1.6229416e+03   3.6238116e+03   8.3576347e+00   4.7388519e+00   1.3208568e+09
   2.7338734e+03   4.8539013e+02   1.6115389e+03   3.6256786e+03   8.4152813e+00   4.7699447e+00   9.4401119e+08
   2.7974608e+03   4.9476577e+02   1.6001362e+03   3.6311809e+03   8.4289914e+00   4.7757486e+00   6.8409828e+08
   2.8606100e+03   5.0408949e+02   1.5887335e+03   3.6330505e+03   8.4301786e+00   4.7743630e+00   5.0226673e+08
   2.9232531e+03   5.1336151e+02   1.5773308e+03   3.6338800e+03   8.4313153e+00   4.7729628e+00   3.7328481e+08
   2.9853699e+03   5.2258205e+02   1.5659281e+03   3.6346947e+03   8.4324160e+00   4.7715567e+00   2.8061265e+08
   3.0469581e+03   5.3175133e+02   1.5545254e+03   3.6354979e+03   8.4334747e+00   4.7701410e+00   2.1322659e+08
   3.1080157e+03   5.4086959e+02   1.5431227e+03   3.6362890e+03   8.4344926e+00   4.7687170e+00   1.6367093e+08
   3.1685404e+03   5.4993706e+02   1.5317200e+03   3.6370666e+03   8.4354741e+00   4.7672875e+00   1.2683737e+08
   3.2285300e+03   5.5895400e+02   1.5203173e+03   3.6378330e+03   8.4364129e+00   4.7658488e+00   9.9182821e+07
   3.2879823e+03   5.6792065e+02   1.5089146e+03   3.6385857e+03   8.4373195e+00   4.7644063e+00   7.8221144e+07
   3.3468949e+03   5.7683728e+02   1.4975119e+03   3.6393278e+03   8.4381829e+00   4.7629542e+00   6.2188586e+07
   3.4052655e+03   5.8570415e+02   1.4861092e+03   3.6400566e+03   8.4390161e+00   4.7615004e+00   4.9820766e+07
   3.4630916e+03   5.9452155e+02   1.4747065e+03   3.6407753e+03   8.4398048e+00   4.7600368e+00   4.0202261e+07
   3.5203709e+03   6.0328975e+02   1.4633037e+03   3.6414796e+03   8.4405667e+00   4.7585730e+00   3.2664031e+07
   3.5771008e+03   6.1200906e+02   1.4519010e+03   3.6421741e+03   8.4412824e+00   4.7570990e+00   2.6712708e+07
   3.6332789e+03   6.2067978e+02   1.4404983e+03   3.6428553e+03   8.4419742e+00   4.7556254e+00   2.1981347e+07
   3.6889024e+03   6.2930222e+02   1.4290956e+03   3.6435261e+03   8.4426206e+00   4.7541430e+00   1.8194804e+07
   3.7439688e+03   6.3787671e+02   1.4176929e+03   3.6441835e+03   8.4432403e+00   4.7526605e+00   1.5145163e+07
   3.7984754e+03   6.4640358e+02   1.4062902e+03   3.6448313e+03   8.4438187e+00   4.7511708e+00   1.2674136e+07
   3.8524193e+03   6.5488318e+02   1.3948875e+03   3.6454657e+03   8.4443668e+00   4.7496786e+00   1.0660367e+07
   3.9057978e+03   6.6331587e+02   1.3834848e+03   3.6460892e+03   8.4448794e+00   4.7481823e+00   9.0101745e+06
   3.9586078e+03   6.7170201e+02   1.3720821e+03   3.6467011e+03   8.4453580e+00   4.7466831e+00   7.6507769e+06
   4.0108466e+03   6.8004199e+02   1.3606794e+03   3.6473009e+03   8.4457990e+00   4.7451791e+00   6.5252731e+06
   4.0625109e+03   6.8833620e+02   1.3492767e+03   3.6478884e+03   8.4462057e+00   4.7436709e+00   5.5889131e+06
   4.1135976e+03   6.9658505e+02   1.3378740e+03   3.6484646e+03   8.4465775e+00   4.7421599e+00   4.8063015e+06
   4.1641036e+03   7.0478896e+02   1.3264713e+03   3.6490286e+03   8.4469115e+00   4.7406438e+00   4.1492879e+06
   4.2140256e+03   7.1294837e+02   1.3150686e+03   3.6495803e+03   8.4472189e+00   4.7391280e+00   3.5953655e+06
   4.2633600e+03   7.2106372e+02   1.3036659e+03   3.6501217e+03   8.4474827e+00   4.7376044e+00   3.1264487e+06
   4.3121036e+03   7.2913550e+02   1.2922632e+03   3.6506498e+03   8.4477173e+00   4.7360804e+00   2.7279334e+06
   4.3602525e+03   7.3716418e+02   1.2808605e+03   3.6511669e+03   8.4479057e+00   4.7345480e+00   2.3879716e+06
   4.4078033e+03   7.4515025e+02   1.2694578e+03   3.6516696e+03   8.4480719e+00   4.7330176e+00   2.0969078e+06
   4.4547520e+03   7.5309426e+02   1.2580551e+03   3.6521625e+03   8.4481873e+00   4.7314766e+00   1.8468387e+06
   4.5010949e+03   7.6099672e+02   1.2466524e+03   3.6526408e+03   8.4482770e+00   4.7299373e+00   1.6312687e+06
   4.5468277e+03   7.6885821e+02   1.2352497e+03   3.6531089e+03   8.4483210e+00   4.7283896e+00   1.4448368e+06
   4.5919464e+03   7.7667930e+02   1.2238470e+03   3.6535630e+03   8.4483319e+00   4.7268396e+00   1.2831019e+06
   4.6364466e+03   7.8446059e+02   1.2124443e+03   3.6540047e+03   8.4483036e+00   4.7252847e+00   1.1423706e+06
   4.6803240e+03   7.9220271e+02   1.2010416e+03   3.6544337e+03   8.4482368e+00   4.7237252e+00   1.0195602e+06
   4.7235740e+03   7.9990631e+02   1.1896389e+03   3.6548502e+03   8.4481314e+00   4.7221612e+00   9.1208886e+05
   4.7661918e+03   8.0757205e+02   1.1782362e+03   3.6552535e+03   8.4479796e+00   4.7205886e+00   8.1778673e+05
   4.8081726e+03   8.1520065e+02   1.1668335e+03   3.6556421e+03   8.4478018e+00   4.7190174e+00   7.3482426e+05
   4.8495113e+03   8.2279282e+02   1.1554308e+03   3.6560209e+03   8.4475685e+00   4.7174334e+00   6.6165392e+05
   4.8902027e+03   8.3034932e+02   1.1440280e+03   3.6563831e+03   8.4473014e+00   4.7158483e+00   5.9696272e+05
   4.9302413e+03   8.3787094e+02   1.1326253e+03   3.6567332e+03   8.4469875e+00   4.7142542e+00   5.3963330e+05
   4.9696215e+03   8.4535851e+02   1.1212226e+03   3.6570690e+03   8.4466326e+00   4.7126544e+00   4.8871209e+05
   5.0083376e+03   8.5281286e+02   1.1098199e+03   3.6573913e+03   8.4462331e+00   4.7110478e+00   4.4338299e+05
   5.0463834e+03   8.6023490e+02   1.0984172e+03   3.6576988e+03   8.4457878e+00   4.7094332e+00   4.0294568e+05
   5.0837528e+03   8.6762554e+02   1.0870145e+03   3.6579922e+03   8.4453026e+00   4.7078140e+00   3.6679758e+05
   5.1204391e+03   8.7498574e+02   1.0756118e+03   3.6582720e+03   8.4447589e+00   4.7061810e+00   3.3441894e+05
   5.1564358e+03   8.8231653e+02   1.0642091e+03   3.6585347e+03   8.4441805e+00   4.7045446e+00   3.0536031e+05
   5.1917356e+03   8.8961894e+02   1.0528064e+03   3.6587849e+03   8.4435414e+00   4.7028958e+00   2.7923209e+05
   5.2263314e+03   8.9689407e+02   1.0414037e+03   3.6590174e+03   8.4428591e+00   4.7012392e+00   2.5569582e+05
   5.2602155e+03   9.0414306e+02   1.0300010e+03   3.6592364e+03   8.4421265e+00   4.6995739e+00   2.3445673e+05
   5.2933801e+03   9.1136711e+02   1.0185983e+03   3.6594392e+03   8.4413363e+00   4.6978950e+00   2.1525760e+05
   5.3258167e+03   9.1856747e+02   1.0071956e+03   3.6596249e+03   8.4405007e+00   4.6962090e+00   1.9787346e+05
   5.3575170e+03   9.2574545e+02   9.9579290e+02   3.6597960e+03   8.4396001e+00   4.6945068e+00   1.8210716e+05
   5.3884718e+03   9.3290240e+02   9.8439020e+02   3.6599480e+03   8.4386500e+00   4.6927948e+00   1.6778555e+05
   5.4186718e+03   9.4003977e+02   9.7298750e+02   3.6600844e+03   8.4376399e+00   4.6910695e+00   1.5475629e+05
   5.4481072e+03   9.4715905e+02   9.6158479e+02   3.6602033e+03   8.4365687e+00   4.6893294e+00   1.4288508e+05
   5.4767678e+03   9.5426182e+02   9.5018209e+02   3.6603038e+03   8.4354427e+00   4.6875782e+00   1.3205330e+05
   5.5046429e+03   9.6134971e+02   9.3877939e+02   3.6603874e+03   8.4342424e+00   4.6858067e+00   1.2215599e+05
   5.5317213e+03   9.6842446e+02   9.2737668e+02   3.6604510e+03   8.4329849e+00   4.6840221e+00   1.1310012e+05
   5.5579913e+03   9.7548789e+02   9.1597398e+02   3.6604964e+03   8.4316601e+00   4.6822204e+00   1.0480308e+05
   5.5834406e+03   9.8254189e+02   9.0457127e+02   3.6605222e+03   8.4302666e+00   4.6804002e+00   9.7191408e+04
   5.6080563e+03   9.8958847e+02   8.9316857e+02   3.6605284e+03   8.4288038e+00   4.6785635e+00   9.0199660e+04
   5.6318249e+03   9.9662974e+02   8.8176587e+02   3.6605145e+03   8.4272604e+00   4.6767029e+00   8.3769437e+04
   5.6547322e+03   1.0036679e+03   8.7036316e+02   3.6604782e+03   8.4256464e+00   4.6748235e+00   7.7848557e+04
   5.6767633e+03   1.0107053e+03   8.5896046e+02   3.6604210e+03   8.4239520e+00   4.6729211e+00   7.2390314e+04
   5.6979025e+03   1.0177444e+03   8.4755776e+02   3.6603420e+03   8.4221797e+00   4.6709958e+00   6.7352849e+04
   5.7181332e+03   1.0247879e+03   8.3615505e+02   3.6602408e+03   8.4203239e+00   4.6690470e+00   6.2698592e+04
   5.7374382e+03   1.0318383e+03   8.2475235e+02   3.6601162e+03   8.4183725e+00   4.6670680e+00   5.8393770e+04
   5.7557990e+03   1.0388987e+03   8.1334965e+02   3.6599658e+03   8.4163428e+00   4.6650660e+00   5.4407992e+04
   5.7731963e+03   1.0459720e+03   8.0194694e+02   3.6597929e+03   8.4142112e+00   4.6630322e+00   5.0713864e+04
   5.7896098e+03   1.0530616e+03   7.9054424e+02   3.6595928e+03   8.4119817e+00   4.6609675e+00   4.7286671e+04
   5.8050178e+03   1.0601708e+03   7.7914154e+02   3.6593661e+03   8.4096595e+00   4.6588735e+00   4.4104079e+04
   5.8193975e+03   1.0673032e+03   7.6773883e+02   3.6591135e+03   8.4072249e+00   4.6567416e+00   4.1145889e+04
   5.8327248e+03   1.0744628e+03   7.5633613e+02   3.6588315e+03   8.4046817e+00   4.6545748e+00   3.8393806e+04
   5.8449741e+03   1.0816535e+03   7.4493342e+02   3.6585204e+03   8.4020226e+00   4.6523680e+00   3.5831242e+04
   5.8561183e+03   1.0888798e+03   7.3353072e+02   3.6581791e+03   8.3992472e+00   4.6501217e+00   3.3443141e+04
   5.8661285e+03   1.0961462e+03   7.2212802e+02   3.6578067e+03   8.3963492e+00   4.6478334e+00   3.1215823e+04
   5.8749743e+03   1.1034576e+03   7.1072531e+02   3.6574019e+03   8.3933177e+00   4.6454978e+00   2.9136843e+04
   5.8826230e+03   1.1108192e+03   6.9932261e+02   3.6569627e+03   8.3901544e+00   4.6431165e+00   2.7194871e+04
   5.8890401e+03   1.1182367e+03   6.8791991e+02   3.6564891e+03   8.3868418e+00   4.6406798e+00   2.5379583e+04
   5.8890401e+03   1.1182367e+03   6.8791991e+02   8.0000000e+03   6.1557829e+00   3.3218609e+00   1.0000000e+04
   5.9645480e+03   1.1194792e+03   6.1148436e+02   8.0072326e+03   6.1530021e+00   3.3203603e+00   1.0000000e+04
   5.7055060e+03   1.1207216e+03   5.3504882e+02   8.0147851e+03   6.1559717e+00   3.3216330e+00   1.0000000e+04
   5.0053820e+03   1.1219641e+03   4.5861327e+02   8.0234626e+03   6.1324938e+00   3.3100970e+00   1.0000000e+04
   3.6809318e+03   1.1232066e+03   3.8217773e+02   8.0355035e+03   6.0731490e+00   3.2811684e+00   1.0000000e+04
   1.3876159e+03   1.1244491e+03   3.0574218e+02   8.0687072e+03   5.9559134e+00   3.2238905e+00   1.0000000e+04
  -2.6141675e+03   1.1256916e+03   2.2930664e+02   8.0497642e+03   5.7768682e+00   3.1381752e+00   1.0000000e+04
  -1.0147807e+04   1.1269341e+03   1.5287109e+02   8.0442143e+03   5.4388663e+00   2.9765737e+00   1.0000000e+04
  -2.7589108e+04   1.1281766e+03   7.6435545e+01   8.0414443e+03   4.7338069e+00   2.6437359e+00   1.0000000e+04
  -9.8069749e+04   1.1294190e+03   0.0000000e+00   8.0369026e+03   2.4049446e+00   1.6287987e+00   1.0000000e+04
